-0.0617 0.9937
0.1677 0.1457
-1.2083 -0.3729
0.7206 0.3825
-0.0111 0.1699
-0.1865 -0.0083
0.1458 0.1586
-0.0577 0.1025
0.9661 0.0443
-0.5450 0.4554
-0.4175 0.2347
-3.0892 -0.2743
0.2481 0.3400
0.6622 -0.5196
0.5655 0.0598
0.1492 -0.0077
-0.5540 -1.2660
-0.0307 0.1534
0.9691 0.9862
0.1377 -0.7226
-1.8816 0.9700
2.1996 -0.4597
-0.7687 0.4632
0.0409 -0.1073
-0.2738 0.1532
-0.6305 0.2902
1.3864 0.6110
0.4475 -0.5271
-0.5973 0.0221
-0.0067 -0.0355
0.1846 0.0592
-0.0023 0.0339
-0.7205 0.6258
0.5569 0.0505
1.2924 0.8852
0.0021 0.0498
0.4957 -0.1266
-0.5937 -0.0161
0.2360 -0.1136
-0.1798 0.6377
0.1146 0.2244
0.7573 -0.4040
3.0526 0.9689
0.7446 -0.1007
-0.2524 -0.8828
-0.3061 0.0182
-0.5151 0.1591
-0.3874 0.6351
0.0717 -0.0926
0.1271 -0.0952
0.5077 -0.1977
-0.2888 0.0372
-0.0926 0.1004
-0.7727 -0.2667
-0.0115 0.1510
0.1086 -0.6719
-0.2790 0.8369
-0.7129 0.4420
-0.8785 -0.2304
3.0027 -0.7390
-0.8657 0.0491
-0.0812 -0.0373
1.4639 2.5303
0.5031 -0.2119
0.0963 -0.2400
-0.3959 0.0997
0.1702 0.5756
-0.5377 0.1868
0.1748 -1.0714
-0.3765 0.5855
0.1048 -0.7938
0.3081 0.1848
-0.6792 -0.6659
0.6553 -0.1670
0.0804 -0.4363
0.1286 -0.1800
0.0791 0.2640
0.1236 0.1538
0.1436 -0.1082
0.4217 -0.1864
-0.0095 0.1146
0.1686 0.4421
0.7435 0.4535
-0.6189 0.1910
-0.4668 -0.4362
0.3913 -0.1890
-0.1338 -0.2351
0.6169 0.1411
-2.1278 2.9913
-2.3580 -1.2391
0.6564 -0.2717
0.9367 -0.1956
-0.3680 -0.1760
-0.4625 -0.0018
-0.6619 0.2899
-0.0099 -0.9101
-1.4956 0.6250
0.6504 -0.6093
0.6937 -0.1862
-0.0690 0.1959
