-0.3820 0.6008
0.7532 0.1446
0.8635 -0.4131
-0.1384 0.0404
0.1558 0.0681
-0.0614 -0.7407
-0.0874 0.5720
-0.9758 -0.1578
0.9201 0.3115
-0.0363 -0.3462
0.0411 0.0041
0.0745 -0.1547
-0.7846 0.5241
-0.0283 0.3639
0.5045 -0.3128
-0.2855 -0.7693
1.1598 -0.3821
-0.2513 -0.1811
-0.0301 -0.0359
-0.2808 -0.8679
1.3819 0.4419
-0.1801 0.1476
0.1230 0.5797
0.0185 0.0606
-0.0481 0.2326
-0.7494 0.3248
0.2964 0.4362
0.0241 0.2878
-0.1884 -0.5469
-0.4225 1.2321
-0.3734 0.5844
-0.0395 -0.0669
0.5533 -0.1490
-0.0309 0.2112
0.1789 -0.3810
-0.3823 -0.0838
-0.0021 0.0048
0.0172 0.0038
0.9274 -0.1647
-0.3262 0.2093
-1.0351 -0.7215
0.1682 -0.7793
0.3868 -0.2994
1.5104 0.7264
0.3092 -0.7113
-0.3410 0.4096
0.7082 0.3367
0.0137 -0.5690
-0.1095 -0.4815
0.4053 0.4001
1.8429 -0.0263
2.4287 0.3275
3.1656 -0.4050
2.8562 -0.1654
2.5889 -0.1540
2.4993 -0.0375
2.2719 0.0170
2.8575 -0.2756
2.3974 -0.1473
3.0786 -0.2188
1.6420 0.0354
2.6935 0.3698
1.6090 -0.3536
2.0659 -0.0022
2.4720 -0.0242
1.9441 -0.1991
2.5062 -0.0053
3.1926 -0.0829
3.0888 0.5399
1.6073 0.4229
2.3695 -0.2380
2.5082 -0.1649
3.3473 -0.0593
2.7044 0.1959
2.5080 -0.0130
2.4196 0.0655
2.2558 -0.3203
2.2013 -0.3764
2.8462 0.3302
2.6993 0.3160
2.9418 -0.1088
1.8962 0.1332
3.0085 0.1205
2.2169 -0.0785
2.8464 0.0502
2.5427 -0.0020
2.3776 -0.1832
2.1349 -0.3621
2.4337 0.1613
3.3700 -0.4009
2.2473 -0.1944
1.6599 -0.3696
2.3896 0.1298
2.6458 -0.4750
2.6537 -0.1788
3.2767 -0.2606
1.7454 0.3645
2.5268 0.0657
2.6472 0.8622
2.1354 0.2224
