-0.8357 0.1354
1.2275 -1.0602
-0.0502 -0.0201
-0.0527 -0.0609
-0.1933 -0.2136
-0.1073 -0.0577
0.8117 -0.4063
0.2844 -0.2367
0.5923 0.7000
-0.5962 -0.0800
-0.0002 -0.9470
-0.3534 -0.4976
0.1087 -0.9664
-0.7443 -0.1805
-0.7983 -0.0348
-0.1665 -0.0848
0.0381 0.0062
0.2973 0.2749
0.6339 0.6175
-0.3007 -0.3692
0.2230 0.4033
-0.7910 0.7299
0.0359 -0.1440
0.5777 0.3275
0.2336 0.6436
-0.0150 0.0184
0.2800 -0.3823
-0.4395 0.3950
0.2575 -0.1818
-0.0933 1.5384
-0.0824 0.0594
-0.1141 -0.1861
-0.3985 0.1064
0.0838 -0.6486
-0.7597 -0.2717
0.0013 -0.0249
-0.5555 0.4230
0.3205 0.8305
0.3020 -0.1893
-0.1483 0.8729
-0.5053 -0.7622
-0.0694 -1.4949
-0.0584 -0.1253
-0.4345 -1.1153
-1.1364 1.1343
-0.1766 -0.2156
0.7297 -0.3601
0.5131 0.2038
1.2364 -0.3484
0.7039 -0.5170
