-1.3965 0.3712 0.1109
-0.0463 0.0125 0.0819
0.0789 -0.0150 0.0550
-0.0676 -0.4327 -0.8915
0.1850 -0.1943 0.3497
0.0256 -0.0012 -0.3303
0.0421 -0.0481 -0.3939
-0.1809 -0.3624 -0.6351
0.0008 -0.0001 0.1973
-0.0753 -0.1893 -0.0281
0.0731 -0.4455 0.1161
0.2182 -0.5703 -0.2913
-0.0363 0.0181 -0.0340
0.1222 -0.1871 0.2612
0.0705 -0.0579 -0.3318
-0.0301 -0.0794 0.1586
-0.0319 0.0796 -0.7876
-0.2937 -0.4336 -1.0794
0.1740 0.1535 -0.1903
0.2487 -0.1194 -0.5988
0.0798 0.0595 -0.7990
0.1540 -0.4925 0.2379
0.0231 -0.0084 -0.9633
0.0014 -0.0016 -0.4408
-0.0618 -0.5323 0.4611
0.0859 0.2346 -0.0372
0.0769 0.0097 0.0673
0.0147 0.0418 -0.4539
0.1946 -0.0030 0.1644
0.0324 -0.0149 0.9314
0.6621 0.4422 -0.2517
0.2497 -0.9011 0.0505
0.0379 -0.1676 0.4108
0.0426 0.0711 -0.4852
0.0415 0.7071 -0.4986
0.2227 0.3700 0.6181
0.0276 0.0061 -0.0408
-0.7065 -0.1942 -2.4192
0.0192 -0.0432 0.2429
0.0145 -0.0136 0.3152
0.5550 -0.4532 0.0030
0.2749 0.3933 -0.2765
0.2412 -0.2714 0.3448
0.0074 0.0200 -0.0348
-0.3554 0.1504 -0.0413
-0.2922 -0.4688 -0.7246
0.4397 0.7666 0.3352
0.1085 0.0484 0.8729
0.6311 0.5018 1.8730
0.2125 -0.1481 -0.6452
0.3845 0.1085 -0.5882
-0.3574 0.1203 -0.6288
-0.3341 -0.3871 0.3497
0.8910 -2.0577 0.9109
-0.1854 0.5189 0.2800
-0.5784 -0.3927 -2.4817
-0.0042 -0.0257 -0.0984
-0.0009 0.0038 -0.0122
-0.0248 0.3675 0.0534
0.0111 -0.0395 -0.0282
0.0977 -0.2282 -0.3554
-0.0558 -0.3890 -0.2182
-0.3006 0.3338 -0.7106
-0.0634 0.0837 0.4569
-0.1774 0.0099 0.8130
0.0409 -0.1131 -0.3814
0.2349 -0.0121 -0.1905
-0.2481 -0.2229 -0.2686
-0.2330 -0.9456 -0.1662
0.6331 -0.0416 -0.4127
-0.6126 -0.1388 -0.5191
0.0423 -0.0236 0.1689
-0.1018 0.0826 -0.0717
-0.5549 -0.2167 0.4279
0.3751 0.1189 2.8638
0.2849 -0.4328 0.5289
-0.7760 -0.0207 0.4386
0.1395 0.2428 -0.2323
0.0038 -0.0595 -0.0185
-0.1884 0.3210 0.4324
0.0921 0.6710 -0.4293
-0.0040 -0.3089 -0.2251
0.1347 -0.2731 -0.0102
0.5097 2.5354 0.6897
0.4222 -0.2084 0.0976
-0.1219 0.0647 0.4491
-0.1160 -0.0596 0.0991
0.2760 0.0218 0.2430
0.2290 0.4037 -0.1544
0.1877 -0.1207 -0.1403
0.0457 -0.0100 -0.0068
0.0378 -0.1863 -0.5481
-0.3989 1.7456 -1.6698
0.0001 0.0965 -0.1259
-0.2302 -0.2158 -0.0078
-0.1105 0.1273 -0.1042
-0.4754 -0.6582 0.0282
0.1106 -0.1554 -0.1024
-0.6863 -0.1805 -0.0400
0.0315 -0.1421 0.3258
4.1094 0.0307 0.7688
3.9247 -0.0865 -0.2456
4.0189 0.0033 0.0841
3.7088 -0.8004 0.2385
4.4323 0.5587 -0.5769
3.9788 0.0046 0.0047
3.8893 -0.0017 0.2596
3.9782 0.0471 -0.5133
3.5439 0.9646 -2.1852
4.0042 0.0030 0.0190
4.0757 -0.5520 0.0097
3.2553 0.1506 0.2805
4.1334 -0.0087 0.3956
4.1735 0.0052 0.0616
4.2879 -0.6188 -0.6408
3.2823 -1.7372 0.0839
3.6781 0.1181 0.0388
4.5424 -0.0674 -0.1627
4.0836 -0.1102 -0.1954
4.4581 -0.8949 -0.4443
4.6775 -0.1889 0.1263
3.9479 0.1070 0.1226
3.5905 0.0312 0.0484
4.2500 0.2050 0.8722
4.0079 0.0961 0.2299
3.9121 -0.3353 -0.3952
4.4579 0.3251 0.3465
4.0670 -0.1505 -0.1246
3.8874 -0.1699 -0.4013
3.9976 -0.0166 -0.0127
4.4672 -0.3790 -0.2925
4.3732 0.1211 -0.7406
3.9628 0.0509 0.1775
3.4232 0.1018 0.0957
4.0656 0.0709 -0.2938
4.0180 -2.4585 -0.1567
4.1884 0.0642 -0.0402
3.9999 -0.0005 -0.0584
3.5078 -0.1382 -0.4014
3.6543 0.0264 2.1790
4.0490 0.1817 -0.5313
4.1653 0.0410 0.0149
4.8041 -0.3673 -0.3211
4.0100 -0.0476 -0.7445
3.6327 -0.5732 -0.7106
3.7985 -0.0706 -0.6082
4.4360 0.5177 1.1446
4.2803 0.7808 2.4530
4.2658 0.0218 0.9526
3.9947 0.0060 -0.1136
4.3191 -0.1245 -0.1943
3.7135 -0.1026 0.0005
3.7302 -0.7168 -0.6211
4.0839 -0.0047 -0.1770
3.7594 0.0708 0.7216
4.0251 0.1237 0.3561
4.1860 -0.1038 0.1613
2.5468 -0.7633 -1.8504
3.8651 -0.1166 0.6389
3.9954 -0.0008 -0.0017
5.2755 0.9732 0.6681
3.8984 -0.1167 0.4208
3.1046 -0.2524 -0.0008
4.5735 -0.0605 -0.0914
4.7784 -0.9048 -1.6454
3.8256 0.0895 0.1333
4.0978 -0.0086 0.5232
4.8591 -0.3839 0.2657
4.6780 0.1478 0.0926
4.2372 -0.2484 -0.4865
4.1757 -0.0527 0.5854
4.1192 -0.2389 -0.2240
4.0718 -0.0239 0.1524
3.9484 -0.1935 -0.2890
3.6583 -0.0818 -0.0583
4.0332 -0.5346 0.5637
3.6490 -0.2502 -0.2499
4.2350 -0.1021 -0.3719
4.4105 0.4192 -0.0461
4.0631 -0.1178 0.0003
3.9226 -0.6922 0.6000
3.6755 -0.0280 0.1946
3.4198 0.0352 -0.2705
3.9667 0.1515 0.0496
4.3840 -1.1049 0.3959
4.0296 -0.1107 -0.2048
3.9501 -0.0469 -0.7034
3.5636 0.1030 -0.0425
4.0639 0.0101 0.0532
3.9686 -0.0311 -0.7672
4.1448 0.0094 -0.9684
4.4871 -0.2166 -0.3227
4.0615 0.0236 0.0427
4.6040 -0.4690 0.4869
4.0218 0.0098 -0.2831
4.1983 0.0669 0.7433
3.9822 0.0059 0.6996
4.1842 0.0331 -0.2229
3.9249 -0.0234 -0.5959
3.9699 0.0653 0.0441
