-0.0802 0.0606 0.2922
-0.0145 -0.1865 -0.0529
0.1400 -0.5079 0.1739
0.5025 1.1673 -1.2784
0.2601 0.3153 0.0466
0.0278 -0.0670 -0.4001
-0.2148 0.1676 0.1288
0.0025 0.0007 0.0449
0.1177 0.0191 -0.7124
-0.0162 0.6971 0.2341
0.1946 -0.0736 -0.2688
-0.0888 -0.0193 -0.3080
-0.2734 -1.7957 0.5119
0.1179 -0.1867 -0.0053
0.5911 -0.2919 -0.5076
0.0885 0.2854 0.7071
-0.7686 -0.1062 -0.0492
-0.2605 -0.2259 -0.0033
0.3981 0.5272 3.4798
0.4179 0.0263 0.0934
0.9089 -0.0985 -0.3255
0.0057 0.7261 -0.4531
-0.3438 0.1342 -0.1005
0.0855 -0.2655 -0.5508
0.0127 0.0364 0.0265
-0.0431 0.1290 0.0544
0.2683 0.2770 0.4439
0.3706 0.0413 -0.2656
0.0324 0.0102 0.1399
0.5011 0.4966 0.2548
0.2316 0.1591 -0.6941
0.4208 -0.2861 0.1953
-0.0307 -0.1393 -0.7597
0.0163 0.4095 0.1662
-0.5349 -1.0891 2.8584
-0.0026 0.0102 0.0484
-0.0714 0.0189 -0.2985
0.0879 0.8925 0.2676
-0.4227 0.4702 0.0874
0.0643 -0.5717 -0.7800
