0.1196 0.4525
0.1828 -0.8252
0.7777 -0.1192
0.7753 -0.6190
-0.4159 -0.2147
0.1250 1.8277
-0.1864 0.5062
0.2393 -0.7974
0.6287 -0.2533
0.6923 -0.1198
-0.0962 0.2298
0.4064 -0.6579
0.2346 -0.6274
-0.1235 -0.0119
1.5176 2.2260
0.2410 -0.6162
-0.1332 0.6753
-0.8649 0.3074
1.3003 1.6592
-0.3796 0.4822
0.5463 0.6916
0.1633 0.2899
-0.6921 -0.1953
0.5501 0.7844
0.4653 -0.1021
0.3932 -0.5994
-0.0444 -0.3769
-0.1674 0.4850
0.0349 -0.2419
0.0406 0.5901
-0.2096 0.5012
0.2356 0.1779
-0.0887 0.8400
-0.1915 -0.2023
-1.9409 0.2641
-1.9205 1.6488
-0.0233 0.0201
0.0584 -0.2101
0.0257 -0.1425
2.7329 1.6554
-0.5749 -0.0224
0.0806 0.6532
-0.4317 -0.4862
-0.0438 0.3649
1.0417 -1.4669
0.4252 -0.3287
-0.2974 -0.8793
0.4208 0.4830
0.1163 0.1686
-0.1356 -0.2510
-0.5833 -0.4084
0.0731 0.0511
0.3269 0.3189
-0.0021 -0.0637
0.9671 0.3006
-0.6122 0.0336
0.2366 -0.7332
-0.2957 0.3299
0.9444 -0.0473
0.9288 0.0418
0.0934 0.0411
-0.3137 0.6042
-0.5203 -0.4622
0.5704 -0.1253
0.0388 -0.4720
-1.6515 0.0614
-2.1117 -0.2815
-0.6030 -0.7542
-0.4751 0.5039
-0.1147 -0.4832
0.1753 -0.0166
0.2197 0.0739
-0.1070 -0.1431
0.8768 -0.3199
0.1241 0.0474
0.1028 -0.2223
-0.5319 -2.9502
0.8948 -0.2832
0.0686 0.2639
0.5585 0.5673
-0.0400 0.3938
-0.0426 0.1437
-0.2571 -0.2976
0.7046 0.2710
0.6724 0.4117
-0.8296 -0.3252
-0.0476 -0.0485
-0.6968 -0.5564
0.5292 -0.7202
-0.3261 -0.1027
0.7488 1.0383
0.0794 -0.0382
-0.4935 0.0063
-0.1754 -0.3166
-0.0131 -0.1270
-1.2708 0.5660
0.0769 0.3676
0.0929 -0.8020
0.2435 0.5657
0.0954 -0.4262
-0.0051 -0.1977
-0.2811 0.1992
-0.4678 0.3006
0.5412 -0.6206
-0.1148 -0.1480
0.0939 0.5684
0.8587 -0.1981
0.1431 -0.5055
0.1779 0.3891
-0.4837 -0.1809
0.0063 0.3362
0.3182 -0.2675
-0.0174 -0.0471
0.0470 0.1226
0.7697 2.3235
0.8522 0.2803
0.5126 -0.1973
-0.7069 1.5582
-0.6704 -0.6366
0.0552 0.2310
-0.3380 -0.1435
0.0897 0.9599
-0.3152 0.0503
0.7907 -0.2324
0.2849 -0.4951
0.3375 -0.1202
-0.4769 -0.3204
-0.9573 0.0524
-0.4757 0.4821
0.1024 0.1096
0.3580 -0.2947
-0.8997 -0.3640
-0.5055 -0.1183
0.2078 0.0539
-0.1341 0.2847
-0.0235 0.2775
0.3401 2.1365
-0.1803 -0.3036
0.6851 -0.2703
-0.0108 -0.0646
0.0316 0.9967
0.3733 -0.7446
-0.3611 -0.1842
-0.5655 0.6150
0.6016 0.4667
1.7843 -1.0282
-0.3559 0.2986
-0.8874 -0.2816
-0.4059 -0.4916
-0.2878 0.0615
-0.3246 -0.7986
0.3723 0.7000
0.3636 -0.8793
0.5053 -0.8062
1.5799 -0.2438
-0.9949 -2.5780
-0.5044 -0.5918
0.8871 -0.3771
0.2220 0.6838
-0.0226 0.1019
-0.2542 -0.0558
-0.1574 3.1201
-0.0329 0.0090
0.1555 -0.4657
0.3430 -0.1750
0.3964 0.6294
-0.4572 -0.8493
0.0369 -0.5972
0.1667 -0.8043
0.5977 0.3893
-0.5793 -0.5520
0.1304 -0.3138
0.4689 0.2283
0.0986 0.3918
-0.9086 0.1576
-0.1664 0.0679
-0.2492 0.3700
-0.6557 -0.4375
0.0555 -0.0494
0.1048 -0.4334
-0.5359 0.6409
0.5218 -0.7338
-0.1621 0.1721
0.1029 -0.8302
-0.0171 -0.0040
-0.0161 0.0214
-0.4002 0.0395
-0.7275 0.2156
0.0320 -0.2022
0.0922 -0.2010
-0.5269 0.5544
0.1963 -0.6215
0.0307 -0.0658
-0.5107 0.1416
-0.7593 -0.1542
0.1762 -0.1873
-0.1610 -0.1014
-0.5271 -0.2012
-0.2091 0.7572
0.3384 0.0753
