0.0762 0.2090
-0.1402 -0.1146
-0.0013 0.0812
-0.1722 0.1053
0.3907 -0.2647
0.0667 -0.0578
-0.4014 0.3200
-0.0858 -0.3331
-0.0097 0.2311
0.3564 -0.4657
-0.7522 -0.5172
-0.2000 -0.1297
0.0020 -0.0516
0.5671 -0.3911
-0.5306 0.5512
-0.0795 0.2541
-0.0269 0.1128
0.2944 -0.0661
0.3062 -0.0853
-0.6783 -0.2474
0.2421 -0.1630
0.8708 -0.1907
-0.1658 0.8846
-0.7404 0.0252
-0.4864 0.3563
-0.0569 0.2737
0.6457 0.6789
-0.0125 -0.1968
-0.1924 0.2317
0.7729 0.4777
-0.5440 -0.7736
0.0024 -0.0108
-0.3808 -0.7540
0.3169 -0.6577
-0.7386 0.0099
0.1553 0.0373
-0.8151 0.0719
-0.6844 -0.2538
-0.0170 0.3216
-0.3794 0.6557
-0.0011 -0.7225
0.0513 -0.1708
-0.1127 0.3550
-0.1727 -0.1239
-0.4815 -0.3943
0.5381 0.1042
0.5198 -0.0863
-0.8629 0.4718
-0.0028 -0.0245
-0.1338 -0.1767
-0.0051 0.0448
-0.2201 0.8153
-0.0798 0.0665
0.4759 -0.4844
-0.2919 -0.4333
-0.0974 -0.1498
0.5949 -0.6376
0.5766 0.2750
-0.8279 -0.3284
-0.0140 0.2555
-0.3894 -0.1514
-0.1084 0.0025
0.0115 -0.4073
0.1368 -0.2525
0.4333 -0.1660
-0.4156 -0.3659
-0.1895 0.7404
-0.0727 -0.0691
0.1154 0.3084
0.3658 -0.2628
0.8521 -0.2523
0.0615 0.3915
-0.1058 -0.0442
0.5253 0.0193
-0.7402 0.1906
0.1502 -0.8060
-0.1736 -0.7539
-0.1055 -0.2819
-0.3257 0.8040
0.2311 -0.3310
-0.4665 -0.1915
-0.0781 0.1436
-0.1638 0.3809
0.7916 -0.0758
-0.0411 0.0254
0.1867 0.1915
0.4849 -0.8599
0.4343 -0.3166
0.0003 -0.0002
-0.2704 -0.4304
-0.0063 -0.1381
-0.0529 0.0225
0.0694 -0.3236
-0.4355 -0.6897
0.7589 0.5493
-0.0224 -0.0267
0.2984 -0.8420
0.2495 0.2762
0.5361 -0.6951
-0.2205 -0.6005
0.0423 0.6118
-0.1548 0.0748
0.6017 0.7745
-0.0145 -0.6524
0.0477 0.0483
0.5625 -0.0547
0.0402 0.5180
0.1213 -0.1823
0.0115 -0.0664
-0.4037 0.1645
-0.5002 0.2241
-0.4514 -0.5879
-0.6049 -0.2378
0.8799 -0.2395
-0.2378 -0.5868
0.6425 -0.6905
-0.1739 -0.1305
0.1768 0.5119
0.5485 0.0518
0.0727 0.9802
0.0172 -0.0080
0.3485 -0.4037
-0.4143 0.2572
0.0515 -0.0129
-0.5818 -0.1153
0.4004 0.6900
0.2245 0.8832
0.5514 -0.3517
-0.6417 0.4079
0.7170 -0.1302
0.3596 -0.0984
-0.8157 -0.4080
0.1933 0.1133
0.1076 -0.0114
0.3575 -0.0430
-0.5283 0.3375
-0.6601 -0.6031
-0.0872 -0.3793
-0.5128 -0.1881
-0.0654 -0.0250
0.6656 -0.2868
-0.2749 -0.2199
-0.7710 -0.5382
0.0633 -0.2170
0.4903 -0.4165
-0.8331 -0.3237
0.2373 0.9004
-0.0163 0.0452
0.7430 0.2287
-0.3555 0.6063
0.1539 -0.6831
-0.8353 0.4343
0.0671 0.1516
0.6127 0.5931
-0.2453 -0.0441
0.0660 0.6945
0.1954 -0.9274
0.1463 -0.1444
-0.1957 -0.3174
0.1037 -0.8887
-0.5168 -0.1912
-0.0580 0.1686
0.0092 -0.1374
0.3817 0.0021
-0.4277 0.0456
0.2986 0.8247
-0.0546 0.3436
0.0107 0.0047
-0.5752 -0.3558
-0.0075 -0.0647
0.4392 0.1201
0.0653 -0.2114
-0.6288 0.1553
-0.5544 -0.7249
-0.5597 0.5753
-0.3281 -0.2777
-0.0081 -0.1785
0.1528 0.3948
0.0255 -0.2457
-0.1855 0.1066
0.4166 -0.1618
0.3742 0.1292
0.4485 -0.3037
0.0786 0.5282
0.3736 0.4657
0.4884 0.6230
-0.3038 0.7317
-0.0317 -0.0138
-0.0130 0.0055
-0.8508 -0.3552
0.4822 -0.7424
-0.2340 0.9700
0.1945 0.4382
0.0059 -0.0057
-0.0528 -0.1165
0.0577 -0.5426
-0.0581 0.2651
0.2700 0.0370
0.4917 0.5367
-0.3578 0.2582
