0.0583 0.0728 0.5003
-0.1713 -0.0681 -0.2234
0.2586 -0.4053 -0.3650
-0.7447 0.0850 -0.2120
-0.2301 -0.4530 -0.5587
-0.0271 0.0126 0.3769
-0.0290 0.0679 1.1064
0.4608 -0.8320 0.0304
-0.2640 -0.1609 3.4022
0.1772 0.1723 -0.1699
-0.1334 -0.3193 -0.7387
-0.0651 -0.0202 -0.7252
0.0434 0.1842 0.2110
0.0233 -0.0810 -0.0560
0.0637 0.0550 -0.0207
0.3664 0.0586 -0.4995
0.0219 -0.0836 0.0121
0.0136 -0.0067 -0.2585
0.0401 0.2246 0.7849
-0.0388 -0.6597 -0.0783
0.4114 0.3843 0.5755
0.0053 -0.0122 0.5722
0.6243 -0.3058 0.2616
0.1293 -0.5601 -0.2431
0.6513 0.1598 0.2255
0.3848 0.1719 -0.7874
0.4779 0.6901 -0.1006
-0.2891 0.0474 -0.8380
-0.0183 0.1496 -0.4940
-0.2888 0.0077 0.8613
-0.6038 -0.8541 0.5201
0.0222 -0.0010 -0.1604
0.0147 -0.0660 -0.3306
-0.0007 0.0102 0.0034
0.0937 0.3574 0.7578
-0.0169 0.2125 0.0647
-0.0989 0.2114 -0.2952
-0.5059 -0.0306 -0.4362
0.1786 -0.6368 0.1211
0.1259 0.1245 0.9414
0.5121 -0.0224 0.3986
-0.3788 0.2637 0.3307
0.0041 0.0075 -0.0122
-0.0813 -0.2487 0.2261
0.1231 1.3144 -0.5234
0.2221 1.0833 0.6853
-0.3796 0.3912 -0.9345
2.1569 -1.0963 2.0329
-0.1066 0.1946 0.7148
-0.0005 0.0109 0.2174
-0.0556 -0.2757 -0.6657
-0.5518 -0.4119 1.7230
0.0178 0.0117 0.0059
-0.0014 -0.2512 -0.8186
0.0183 0.0047 0.3444
-0.1658 0.1602 0.8070
-0.1248 -0.2972 -0.1314
-0.0900 0.4357 -0.8190
0.6068 -0.4425 -0.2217
-1.7575 -2.6155 1.4661
-2.6420 -0.2965 -0.8899
-0.0008 0.0009 -0.1623
-0.0935 -0.0128 -0.2619
-0.0150 0.3319 0.8313
-0.0463 0.0180 0.3007
0.4407 -0.4970 0.1146
0.0079 -0.0012 -0.0746
0.0514 0.1656 -0.0617
-0.1237 0.1400 0.9053
-0.0076 -0.1310 -1.8884
0.1146 0.5261 0.5589
0.0038 -0.1186 -0.0761
-0.0288 -0.3902 0.1047
-0.0023 0.1623 -0.0632
0.7348 2.1954 1.3216
0.6848 -0.6656 0.4747
-0.0956 0.0732 0.4938
0.0248 -0.0346 -0.7663
-0.0333 0.0160 0.3984
0.1955 0.1394 0.1557
-0.2104 0.2383 0.0269
0.0067 -0.0021 0.3843
0.4544 -0.5018 -0.6044
0.4508 0.0239 0.1949
-1.1607 0.5745 2.8372
0.1583 -0.1349 0.9303
0.1765 0.0849 -0.4490
-0.0474 -0.0408 -0.0440
0.0052 0.0022 0.0824
0.4293 0.2778 0.7693
0.0198 -0.0848 -0.0630
0.3168 -0.3574 0.2853
0.1445 0.1714 -0.1196
-0.4891 -0.4122 -0.0741
0.1228 -0.1072 -0.1791
0.0137 0.2364 0.0047
-0.0131 -0.0178 0.0755
0.0024 -0.0058 0.0573
-0.1611 0.1080 0.8261
-0.1480 -0.1943 -0.5155
2.1461 1.3635 -2.4197
0.6698 0.0549 0.1784
0.5408 0.0809 -2.2192
2.2009 1.5152 2.1023
0.2028 -0.0825 0.5419
-0.3065 0.5802 -0.2926
0.0988 -0.0506 0.0832
-0.2253 0.2861 0.0153
-1.8977 0.7016 1.3942
-0.2228 -0.1872 0.7497
0.0642 0.0724 -0.3425
-0.1100 -0.2520 -0.0307
0.1338 0.0728 0.0930
0.0001 -0.0001 0.0151
0.0350 -0.0529 -0.1531
0.0056 -0.0943 -0.2803
0.0812 -0.1923 0.3738
0.0210 -0.3337 -0.8389
0.0036 0.2025 0.4644
0.1156 -0.2110 -0.5089
0.2339 -0.2365 0.3653
0.0596 0.0752 -0.0743
0.0214 0.0283 -0.1906
-0.0008 0.0012 0.0278
0.6440 0.0308 -0.1955
-0.1451 -0.7243 -0.1109
-0.0086 0.0166 0.1833
-0.2510 0.1712 0.5672
0.5712 0.3213 -0.4866
-0.2528 0.0858 0.6179
0.1849 -0.3869 -0.5341
0.4857 0.7489 0.1738
0.0543 0.0310 -0.1057
-0.1326 -0.5333 -0.7981
0.1819 0.1940 -0.3832
0.0325 0.0116 -0.2549
-0.0083 0.2715 -0.5580
0.2005 -0.0636 -0.4493
0.9227 0.0804 0.1018
0.1095 -0.8044 -1.1499
-0.1019 0.0636 -0.1601
-0.1364 -0.6579 0.2132
-0.4876 -0.2146 0.1750
0.7615 1.8439 1.2098
0.7130 -0.0794 0.0287
0.2086 0.5705 -2.5084
-0.1930 -0.0556 0.6308
-0.0741 0.0577 0.3788
0.2891 0.4356 1.5992
-0.1718 -0.0485 -0.0505
-0.7047 0.4155 -0.0614
0.1153 -0.1560 -0.5848
-0.0216 0.0123 0.4235
0.7405 -1.5353 0.4874
0.0515 0.0239 2.3665
0.1054 0.6140 -0.1293
2.2200 2.4306 1.2464
-0.1522 0.2079 -0.0913
0.1939 -0.1222 -0.1387
0.2132 0.6326 -0.1833
-0.2974 -0.4533 0.3767
-0.1582 0.4787 0.1494
-0.1461 0.2789 0.3268
-0.1865 0.8517 -0.1429
-0.3412 0.4481 0.2192
-0.7106 -0.1332 0.0365
-0.5635 -0.0649 -0.3459
-0.3470 0.0351 -0.0893
0.0144 -0.1296 -0.1161
0.0344 0.0255 0.6370
0.2223 -0.1075 0.1078
0.1596 -0.0474 -0.3473
-0.1436 0.0027 0.7703
-0.0802 -0.2427 -0.2139
0.3063 -0.0064 -0.4955
0.0122 -0.1367 -0.0683
0.1461 0.4131 -0.3689
0.0062 0.0054 -0.9689
0.2061 0.5636 0.2686
2.9161 -1.0674 0.7705
0.0455 -0.8107 0.1271
-0.6705 -0.6394 -0.2205
-0.0181 0.0106 -0.1068
0.2968 -0.4856 -0.1992
0.1259 -0.0073 -0.4762
-0.4582 -0.5090 -0.4128
0.1472 -0.0889 0.9530
0.4036 0.2977 -0.6692
-0.0552 0.6219 -0.1940
-0.1595 -0.1909 0.3187
-0.1311 0.1316 -0.0221
0.1046 0.0543 0.3878
0.5720 0.2923 0.4486
0.4553 -0.1158 0.3746
0.2497 -0.4673 0.6678
0.8744 0.3121 0.0597
0.0034 0.0066 0.0034
-0.0183 0.0227 0.0735
-0.0002 -0.0001 -0.1156
0.0513 0.0165 -0.2490
-0.6719 -0.0234 1.4625
-0.0594 0.2180 -0.3845
-2.6115 0.4018 1.5972
0.3976 0.2544 0.3371
-0.3114 -0.1031 0.1496
-1.2071 0.4073 0.2826
-0.0438 -0.0185 -0.0015
0.0041 -0.0008 -0.0491
0.0514 0.0546 -0.0660
0.0913 0.1209 0.1154
-0.0425 0.0020 0.0112
0.0577 0.1760 -0.3770
-0.0024 0.0008 0.0625
-0.1825 -0.0555 -0.4841
-0.1277 0.0269 -0.0564
-0.1695 -0.6753 0.3406
0.1511 -0.0737 0.4755
-0.0544 0.2658 0.2984
0.1192 -0.0136 0.2376
-0.1499 0.0718 0.3877
-0.2331 -0.6906 -0.8635
1.0589 -1.5441 -0.6794
0.2291 -0.0912 0.0714
0.2744 0.1573 -0.0981
0.1397 -0.0903 0.1522
0.0383 0.1880 -0.2000
-0.2863 0.6067 -0.4886
-0.3025 -0.0400 0.6590
-0.3336 0.6446 -2.0268
0.4570 -0.2304 -0.0746
-2.8480 -0.5681 -0.6020
0.1083 0.5151 -0.7227
0.1500 -0.1719 -0.3487
-0.1650 0.0421 -0.4329
1.0876 1.2854 2.7566
0.1886 -0.3144 -0.1621
1.9252 2.2514 -1.2271
0.0547 0.3137 -0.1606
-1.9441 2.8450 0.1124
-0.4519 -0.5377 0.2387
0.6979 0.2634 1.2179
0.7293 -0.3021 0.0788
0.7847 -0.4425 0.3227
0.0444 -0.0674 0.9165
0.5456 0.4037 0.3869
-2.1880 -0.0928 -0.7667
-0.5374 -0.6674 -0.1349
-0.1576 0.6862 0.4068
0.0988 -0.1800 -0.9649
-0.2992 -0.5532 0.1752
-0.4347 -0.2882 -0.4439
-0.0212 0.0199 -0.1334
-0.2277 -0.5273 -0.5242
-0.4308 0.1404 0.1740
-0.0317 -0.0102 0.0471
0.0042 0.0543 -0.1237
0.1839 -1.0857 -0.6139
0.1665 0.2693 0.6328
-0.0010 0.0009 0.4026
-1.7330 -1.9209 0.5132
0.0633 -0.0638 0.6983
-1.7065 0.6756 1.7782
0.3600 0.3446 0.2812
0.1919 -0.1200 -0.4502
0.4675 0.5819 0.0557
-0.1358 -0.0656 0.8271
-0.0006 0.0007 -0.0078
0.9158 -1.1138 -2.8577
-0.5843 -0.5279 0.0252
-0.0728 0.1763 -0.3562
-0.5624 0.1033 -0.1149
-0.0352 -0.0755 -0.0821
0.0712 0.0091 -0.0315
1.1372 -0.0414 1.5575
-0.3626 -0.4499 -0.0960
0.5115 0.1076 0.5262
-0.1538 0.0210 -0.8256
-0.0714 0.5466 -0.7770
0.0093 -0.1422 -0.1719
-0.0325 -0.0820 0.0554
0.2987 -0.1414 0.2419
-0.1660 -0.0904 0.3256
-0.3293 0.5222 0.5507
0.4268 -0.4080 -0.5140
0.4909 0.3327 0.7879
0.0071 0.0497 0.0926
0.0128 0.3564 -0.4061
0.2027 0.6659 1.0080
0.2381 -0.9922 -2.7305
0.0375 0.0472 1.6240
-0.3690 0.0308 0.2465
0.0006 0.0389 -0.0170
-0.1915 -0.3235 0.1803
0.0499 -0.0099 0.2166
0.1910 -0.2206 0.8094
0.0413 -0.0189 1.3652
0.1408 -0.0061 0.7167
0.3173 -0.4575 -0.5326
1.8563 0.3752 -1.4585
-1.8282 -0.1682 1.3566
0.0047 0.1017 -0.1730
0.0357 -0.0210 0.9924
1.0284 -0.9997 2.7824
0.1583 -0.1938 -0.2789
-0.0060 0.0189 0.1401
0.8021 -0.3511 0.3734
0.0330 0.0074 0.7048
0.1756 0.1151 0.2659
0.4520 0.3028 -0.3894
-0.0206 -0.0119 0.5008
0.6975 -0.6285 -0.0916
-0.0041 0.0008 0.0989
0.0806 0.2846 -0.1337
0.5948 0.4063 -0.1305
0.5802 -0.2193 -0.2144
-0.1115 -0.4540 -0.6731
-0.0103 0.4225 0.1317
0.1958 0.9152 1.2009
0.0022 0.0037 0.4176
-0.2053 0.4865 -0.3132
-0.0497 -0.0356 0.0996
2.3343 0.9251 0.4247
-0.1016 -0.4670 -0.2031
-0.3092 -0.2913 -0.7185
0.2215 -0.2536 -0.8686
-0.3595 0.2136 0.8212
-0.1782 0.0627 -0.2294
0.0418 -0.0158 0.0499
0.3649 0.3981 -0.4641
-0.3904 -0.8067 -0.1997
-0.0465 -0.4264 -0.0110
-0.2223 0.0170 0.8063
-0.1325 -0.0264 -0.0707
0.0545 0.0025 -0.7868
0.0490 -0.2395 0.1313
-0.3670 -0.4666 0.0461
-0.0329 -0.2879 0.7699
0.0056 -0.0228 0.2076
0.0398 0.0110 0.5160
0.0317 -0.4293 0.1605
-0.0975 0.0062 -0.0417
-0.6784 -0.1233 -0.2081
-0.1185 -0.2706 0.1436
-0.4393 0.0710 0.4816
0.6874 -0.1301 0.1482
0.0172 0.0244 -0.3205
-0.2286 0.0149 -0.5132
0.1031 -0.0118 -0.2021
-0.9061 -0.6161 2.5183
0.3340 -0.1590 0.4456
-0.0419 -0.1483 -0.8330
-0.0363 -0.0599 -0.3166
0.2126 0.0713 -0.2183
0.1148 0.0833 0.0359
-0.0828 0.2168 -0.5178
-0.1869 0.2003 -0.1484
-0.0468 -0.0379 0.2272
0.4696 0.0922 -0.6019
-0.2725 0.6075 0.5551
-0.0699 0.0415 -0.5030
-0.0237 0.0051 0.0049
0.2159 -0.1065 0.0124
-0.5313 -0.1875 0.3952
-0.1367 0.3263 0.2873
3.3081 -0.3706 -0.7913
0.3026 0.2097 0.8025
1.9823 0.9704 1.6747
-0.0886 0.4121 0.8465
0.0077 -0.0229 0.0024
-0.3121 0.0211 -0.1968
0.4995 -0.5449 -0.5190
-0.5082 -0.3448 0.7736
0.0396 0.1342 0.3953
-0.0743 -0.1192 0.2280
0.0636 -0.1109 -0.0879
0.0860 -0.0013 0.0459
-0.7590 -2.7062 -1.4704
0.3573 1.4426 2.4494
-0.4030 0.5608 0.6877
-0.2059 -0.0117 -0.1572
0.0149 -0.4773 -0.7046
0.0995 0.0948 -0.7192
-0.0077 0.0258 -0.0172
-0.1417 0.3740 0.6997
-0.4006 0.7954 -2.2821
-0.5870 0.3389 -0.5449
0.1163 -0.1659 -0.1712
-0.2171 0.0648 -0.1215
0.3093 0.7860 0.5269
0.3124 0.2728 0.2574
0.5047 -0.2149 -0.4821
-0.5256 -1.1140 -0.5701
0.1348 -0.0755 -0.0326
-0.1489 -0.0586 0.1190
-0.1444 0.3040 0.2687
0.1871 0.2381 -0.7092
-0.0824 0.0772 -0.2013
0.0391 -0.1108 0.1453
-0.0036 -0.0013 0.0159
0.6877 -0.1971 -0.5993
0.0986 0.1188 0.0559
0.7509 -0.5345 -0.2839
0.1435 0.0182 0.3114
0.0731 0.0910 1.3247
1.3725 0.9807 -0.6387
-0.4099 0.3677 -0.1744
0.2263 -0.2182 -0.3798
-0.0418 -0.0063 -0.1714
-0.0408 -0.5221 -0.3363
0.7257 0.4538 -0.3431
-0.1084 1.4572 2.4885
0.0085 0.1744 0.9745
0.0775 -0.1112 0.2516
-0.3195 -0.4234 0.0153
-0.0627 0.1037 -0.1291
-0.1189 0.1526 0.0279
-0.5344 1.0237 -1.5960
0.0438 0.5006 0.4426
0.2302 -0.2952 0.5410
0.6849 0.5003 -1.6310
0.7077 -0.5212 -0.3992
0.0316 -0.4031 -0.2959
-0.2858 -0.7276 -0.4215
0.3612 -0.2551 -0.6740
-0.2323 0.3689 0.3769
-0.5196 3.0536 -0.5082
0.4742 -0.0391 -1.3947
0.0125 -0.1301 0.2033
-0.1455 -0.1774 -0.3250
-0.0620 0.1701 -0.6484
0.4764 -0.5011 -0.6502
-0.0397 -0.2080 -0.6393
0.0275 0.0076 0.0191
0.1382 0.4979 0.3967
-0.2580 -0.0857 0.1646
-0.2516 0.1410 0.6702
0.3371 -0.0993 -0.4142
-0.1560 -0.3391 -0.3769
-0.9592 2.6298 0.9502
0.1870 -0.0222 -0.4176
-0.3551 0.4760 0.5253
-0.2176 -0.5621 -0.2295
-0.0288 -0.0293 -0.0560
-0.6754 2.3876 -2.0575
0.0639 0.2388 -0.4116
-0.0604 0.3062 2.4849
-2.2757 0.9444 1.1482
-0.0104 0.0010 -0.0970
0.1722 0.0718 -0.9069
0.0028 0.0126 -0.0099
-0.2915 0.1176 0.1018
0.0335 0.0308 -0.0095
0.0756 -0.2741 0.9062
-0.0419 -0.0833 -0.5666
-0.0451 -0.0271 -0.1046
-0.0877 0.5086 -0.0179
-0.1498 0.0158 0.2124
0.0103 0.4647 -0.3842
0.1976 0.1857 0.0348
-0.5998 0.4441 0.0879
-0.0847 0.4610 0.2793
-0.1059 -0.1479 -3.5943
0.8149 0.2346 0.0342
-0.0477 -0.2333 0.1647
0.0161 -0.2998 -0.0521
-0.5382 0.0265 0.0749
-0.1950 -0.1534 0.7070
-0.1625 0.2531 -0.3474
-0.0197 -0.0268 0.1017
0.1899 -0.0501 -0.7326
0.2825 -0.0385 -3.1456
0.0780 -0.0678 -0.0865
-0.3323 -0.3061 0.2227
-0.5283 -0.4777 -0.1332
-0.2491 0.1113 0.2211
0.0962 -0.0153 -0.0705
0.4097 -0.1920 -0.2723
1.3548 -0.2138 -1.1384
-0.3197 -0.5533 0.2249
-0.0941 0.0121 -0.3071
0.0022 -0.1576 0.0834
-0.1568 0.1969 0.2429
0.0254 0.0137 -0.0008
0.6259 0.7072 -0.2516
-0.2823 0.1587 0.2886
-0.2593 -0.0792 -0.3553
-0.3872 -0.1401 -0.5755
-0.3085 -0.4268 0.0644
0.2605 0.7405 -0.1919
-0.0054 -0.0081 -0.0088
-0.3128 0.4192 -0.0111
-0.1121 -0.4135 0.3294
-0.2318 0.0132 0.0764
0.6307 -0.3326 -0.2175
1.2130 0.4953 -0.1871
-0.3076 0.2429 -0.0021
-0.0278 0.0094 0.2916
-0.7641 -0.1730 0.4342
-0.4381 -0.2476 0.7976
-1.2549 -1.6899 1.4159
