-0.0002 0.0107 0.0226
0.0053 -0.0163 -0.1778
0.0908 -0.5569 0.4961
0.5099 -0.8089 0.0745
-0.6502 -0.7300 -0.0385
0.3661 -0.1235 -0.1222
0.2301 -0.4021 0.4518
0.3339 0.3180 -0.2050
0.4009 -0.4735 0.0905
0.7395 0.3773 0.5178
-0.0390 -0.0101 0.0271
0.0206 -0.0898 0.5143
-0.1654 0.5877 0.2809
-0.0141 -0.0007 -0.5102
-0.0334 0.0628 -0.1394
0.1303 -0.0145 0.1549
-0.1288 0.0133 -0.6632
-0.1391 -0.2279 -0.9072
-0.0979 0.1239 0.0163
-0.0719 -0.1602 -0.6370
4.1688 -0.0142 -0.2155
3.9840 -0.0346 -0.8823
4.1132 0.1178 -0.0804
4.1594 0.3303 -0.3246
3.8181 -0.1460 0.5814
3.9860 0.3413 -0.8320
3.9067 0.0994 -0.0342
4.0564 -0.1943 0.8240
3.9348 -0.1166 0.0022
3.8966 0.2515 -0.5442
3.7789 0.1947 0.1820
4.0142 0.1187 -0.0052
4.0493 0.9803 0.1801
3.6690 0.3270 0.7067
3.7196 -0.4573 0.0635
4.1035 -0.1094 -0.2265
3.5916 -0.5161 0.1116
4.3279 0.0312 -0.9375
4.4321 -0.5047 0.4862
4.0043 -0.0044 0.4563
