-0.0613 -0.0650 -0.0217
0.1862 0.1469 -0.3024
0.4487 0.0986 0.0356
-0.2804 0.1171 0.0380
0.0487 -0.1259 -0.0503
0.0947 0.0121 0.0586
-0.1243 0.0891 0.3631
0.1858 0.1307 -0.1363
0.2579 -0.1624 -0.3048
-0.0693 -0.2955 0.1462
-0.0200 0.0727 0.7427
0.0289 0.1154 0.0144
-0.0353 0.0475 -0.2501
-0.0522 -0.0027 0.4393
1.2455 1.1181 -0.7055
2.0070 1.8282 0.7328
0.0474 0.4246 -0.8685
0.0598 -0.0134 0.2843
0.6053 -0.1209 0.4303
-0.1840 0.1084 -0.7564
0.2460 -0.0059 -0.3134
-0.3828 -0.5159 -0.0103
0.2828 0.2901 -0.0825
0.1049 0.1249 -0.8107
-0.7810 0.0523 0.0204
0.0093 -0.8941 -0.1471
-0.1656 -0.4297 -0.2772
1.7802 -0.3132 -2.4397
0.0063 -0.0202 -0.0313
-0.0255 0.0408 -0.5730
0.2311 -0.0455 0.2480
-0.0756 0.0349 0.0758
0.0331 0.0322 0.1032
0.0986 -0.0715 -0.0324
0.1254 -0.2325 -0.1566
-0.1329 0.0371 0.0624
0.2350 2.9815 0.4600
-0.3230 -2.3399 1.3101
-0.0017 -0.0243 -0.0311
-0.0478 0.0955 0.9654
-0.2411 0.0062 0.3996
-0.0102 -0.0490 0.0458
-0.1547 0.3661 0.7747
-0.4827 0.1845 -0.2388
0.0261 -0.1568 0.3390
-0.0376 0.0318 0.2567
0.0841 0.3040 0.1259
-0.0014 0.0033 -0.0049
0.3474 -0.2433 0.1502
-0.0231 -0.3804 -0.8135
-0.0399 -0.0752 -0.2293
-0.0973 -0.2043 -0.7466
-0.1833 0.1236 -0.9579
-0.0179 -0.2057 0.0805
-0.0428 0.4747 0.1303
-0.1709 -0.0320 0.1974
-0.0323 -0.2585 -0.8029
0.0034 0.1880 0.9145
0.1738 -0.0180 0.0096
-0.0908 0.1633 0.0566
0.5781 -0.0096 0.4312
-0.0059 -0.0712 0.3542
-0.3757 0.6631 -0.2848
-0.0793 0.1786 -0.0737
0.1412 0.0759 -0.0207
1.3414 -0.5078 -0.5630
0.7942 0.2375 -2.1470
0.3076 -0.1408 -0.1963
-0.2180 0.1044 -0.3172
-0.2657 0.4612 0.3762
-0.2410 -0.3032 -0.1158
0.0374 0.0008 -0.2518
0.4549 -0.6072 0.5976
-0.4416 0.0531 -0.1361
-1.8107 -0.8156 -3.0996
0.0004 0.0006 -0.1176
-0.2848 0.4485 0.4001
-0.1579 0.3620 -0.6495
0.6491 -0.0683 0.0378
-0.0568 0.1852 0.5237
-0.1112 -0.2413 -0.4701
-0.2462 -0.0396 -0.9167
-0.7923 0.0646 -0.5285
0.1199 0.1095 -0.2715
0.0007 0.0017 0.8138
0.1191 0.1598 -0.4841
-0.0212 0.1538 0.8215
-0.6245 -1.6000 3.2321
0.1253 -0.0782 -0.2431
-0.0063 0.0427 0.1252
0.1045 -0.0278 0.0731
-0.2093 0.6869 -0.2439
-0.3785 0.5581 0.5253
-0.0394 -0.0656 -0.7315
-0.3135 0.2337 -0.4261
0.0492 0.2419 -0.1941
0.1861 -0.3137 -0.4722
0.0169 -0.0443 -0.1330
0.1778 0.4171 0.5864
-0.0045 -0.0009 -0.6677
4.5250 0.2267 -0.0578
4.8952 0.2524 0.4907
4.4735 0.0182 0.9123
4.2780 -1.2110 1.9827
4.3390 0.3155 -0.7465
4.5091 0.2422 0.3721
4.5214 0.0159 -0.0317
3.9898 0.0204 0.0278
3.9643 -0.1006 0.6295
4.4382 0.2171 -0.4263
4.1902 -0.2777 -0.8040
4.5053 0.0612 -0.9322
4.6056 -0.2529 0.7818
4.5113 -0.0669 -0.0903
4.0678 -0.2587 -0.2906
4.4331 -0.0245 -0.1697
4.6258 0.1084 0.3333
5.0258 0.3108 -0.7547
5.1696 0.2859 0.1874
4.4084 -0.1205 -0.0716
4.5006 0.0011 -0.0144
4.4773 0.0260 -0.0918
5.1908 -0.1168 -0.1647
4.8326 -0.6818 -0.4060
4.4782 0.0110 0.6004
4.4514 -0.7578 0.2860
4.9324 2.4667 0.4592
4.2279 -0.6444 0.3299
4.5237 -0.0484 -0.0424
4.4699 0.0051 -0.0197
4.5142 0.0111 0.8825
4.4161 -0.4087 0.0056
4.3120 0.4077 -0.5292
4.7897 0.5044 0.5317
4.4690 -0.0611 0.1739
4.6168 -0.0790 0.5821
4.5003 -0.0001 0.2522
4.4585 -0.3630 -0.5311
4.6651 -0.0837 -0.2104
3.8076 -1.1802 -0.9492
4.8322 -0.3187 -0.6391
3.7037 -0.2949 0.5367
5.6218 -0.0592 -2.1453
4.5987 -0.1192 0.2321
4.4010 -0.1084 0.0277
4.2402 0.2019 0.0735
4.4985 -0.0420 -0.2146
4.8397 -0.0438 0.4907
4.3837 0.0510 0.2055
4.6696 0.0962 -0.4713
4.4025 0.0160 -0.0453
5.1314 -2.5723 -0.0044
3.9265 -1.7736 -2.1346
4.6499 -0.0072 0.2772
3.9882 -0.4056 0.0288
4.4948 0.0387 -0.0073
4.7736 -0.0971 0.2143
4.4171 -0.2000 0.1989
4.4850 -0.0027 -0.0703
4.1885 -0.3390 0.3726
4.9321 0.7282 -0.1117
3.8892 -0.1149 -0.4451
4.4920 0.0378 -0.0870
3.1498 -1.7286 1.0992
5.0520 -0.1377 0.2771
4.5179 0.3250 0.8775
4.2867 -0.0457 0.0096
4.7035 -0.3090 0.0818
4.2565 -0.1433 0.2374
4.4081 0.0435 0.3734
4.7274 0.0688 0.5908
4.3126 -0.0104 0.0670
4.5868 -0.1020 -0.0165
4.5971 0.0132 0.3938
4.5075 0.7421 0.5193
4.2130 -0.0564 -0.2719
4.5364 -0.5265 -0.0425
4.5530 0.0306 -0.1187
4.5333 -0.6645 -0.5165
4.3016 0.1459 -0.9389
4.4134 -0.0736 0.3474
4.5327 0.0478 -0.0366
4.2113 -0.1590 -0.5151
4.4409 -0.1018 -0.0180
4.6468 0.7730 -0.5038
4.5022 0.0003 -0.0015
4.1772 -0.0202 0.0900
4.5740 -0.0186 -0.7873
4.5551 0.1439 -0.1260
6.8646 -0.4075 -2.7565
3.6725 0.3555 0.3733
4.4926 0.0507 -0.4923
4.4475 -0.0193 1.0024
4.5119 0.4154 0.2185
4.4757 0.0377 0.1935
4.5620 0.0195 -0.1127
4.4962 0.0628 0.0814
4.3901 -0.4508 -0.3802
4.1258 0.3415 -0.2031
5.5579 1.5002 -1.1626
