-0.7956 0.3686
-0.3035 -0.0319
0.5291 -0.1653
0.1232 -0.1059
-0.6157 -0.1671
0.3319 0.3488
0.0003 -0.0499
-0.1513 -0.0037
0.6930 0.2072
-0.0091 -0.0096
-0.0157 0.0760
0.7846 -0.2715
-0.2238 0.0744
0.0692 -0.6703
0.1323 -0.1670
0.7398 0.0263
0.1039 -0.0252
-0.4885 -0.5522
0.5567 0.6811
-0.5734 -0.6576
-0.4420 -0.1080
-0.1070 -0.2846
-0.0165 -0.0892
-0.0871 -0.1363
-0.0524 0.0262
0.3098 0.0727
-0.2336 0.0245
-0.0136 0.0729
0.2387 -0.3167
0.0225 0.3095
-0.1536 0.0078
-0.0169 -0.0287
0.4044 0.7997
-0.0387 -0.1060
-0.2236 -0.8120
-0.7187 0.4689
-0.6778 -0.1837
-0.3283 -0.7863
0.1844 0.5280
0.1863 0.8285
-0.8396 0.4636
-0.4416 -0.2910
0.3815 0.6846
-0.1165 0.3810
0.6301 0.1846
0.3976 -0.6253
-0.7695 -0.1141
-0.7721 -0.2245
0.0397 -0.0480
0.0391 0.4628
0.4022 0.6151
-0.3349 -0.5042
0.6266 -0.2384
0.0400 0.1988
0.1169 0.0339
0.4572 -0.1322
-0.7299 -0.0906
-0.0019 -0.0674
0.3034 0.3266
-0.2537 -0.0270
-0.0633 -0.1459
0.3535 0.0581
0.0529 0.0276
0.0763 -0.2450
0.0464 0.1145
0.3216 0.3798
-0.2157 -0.9464
0.4226 0.4025
-0.2503 0.1771
-0.4924 0.4823
0.2243 -0.1373
0.0845 0.1163
-0.0153 0.0017
-0.4582 0.1788
-0.2113 0.1293
0.1006 -0.1142
0.0479 -0.0305
-0.0186 0.0127
-0.6443 0.6370
0.1387 0.1050
-0.2556 -0.3764
0.2419 -0.9538
-0.5234 0.3306
0.2379 0.3006
-0.5515 0.4245
0.1419 0.0147
-0.6806 -0.0559
-0.8270 -0.4436
0.1356 0.2201
0.6952 0.0445
0.8300 -0.4625
-0.0899 0.0931
-0.1038 -0.5556
-0.1498 -0.5290
0.0191 -0.1155
0.4388 0.4524
0.4079 -0.0750
-0.2858 -0.9476
0.1490 -0.5339
0.4816 -0.4434
0.0379 -0.3319
-0.0194 -0.6961
-0.4066 0.3946
-0.6939 0.2252
0.0087 0.0756
0.4237 0.1880
0.1764 0.2174
0.8676 -0.3119
-0.0668 0.1735
0.2564 0.2203
0.2215 -0.2835
0.2560 -0.2825
0.0443 0.2333
0.3520 -0.3822
-0.6936 0.2869
0.0138 -0.0423
0.3531 -0.1715
-0.6718 -0.1951
0.0059 0.3262
-0.0227 0.0229
0.0011 -0.0157
-0.0441 -0.0733
-0.3925 -0.0150
0.1641 0.5702
-0.5043 -0.0750
-0.5460 0.0510
-0.2200 -0.2628
0.3718 -0.2662
-0.0367 0.0707
-0.0466 0.2089
-0.6932 0.0529
-0.5139 0.7642
-0.5731 0.2206
-0.0181 0.4824
0.7236 0.4103
0.1964 0.0468
-0.3210 -0.3598
-0.0787 0.0675
-0.3900 -0.3517
-0.4304 -0.7524
-0.0123 0.1469
0.8491 -0.1847
0.5263 -0.7108
-0.1731 0.2916
-0.3167 0.0461
0.1388 -0.1902
-0.1330 0.0933
0.1760 -0.2121
-0.0563 0.0354
0.3946 0.3684
-0.9182 -0.0831
0.3478 -0.4040
-0.2715 -0.1663
0.5862 -0.0423
-0.6774 -0.6533
0.4785 0.0591
0.5836 -0.7757
-0.8833 -0.4419
0.1443 -0.0984
0.4205 -0.4369
-0.2269 -0.1447
-0.2663 0.1319
0.1446 0.2302
-0.1164 0.1942
0.4501 0.2419
0.3097 -0.2972
-0.2210 -0.2564
-0.1331 -0.5738
0.3220 0.8341
-0.0549 -0.0558
-0.1424 -0.0746
-0.6603 0.2672
0.0699 0.3845
0.1753 0.1128
-0.0349 0.3273
-0.0167 -0.3092
0.0886 -0.3309
0.5728 0.5832
0.4301 0.1198
0.5244 0.1346
-0.2596 -0.4966
0.5523 0.0421
-0.2594 -0.5150
0.4677 0.6088
-0.6467 0.3252
0.3730 -0.1334
0.1077 -0.0803
-0.0218 -0.0362
-0.0948 0.2124
-0.2417 -0.2935
-0.4562 0.0774
-0.3360 -0.7921
-0.5276 -0.8386
0.3706 0.0215
0.1038 0.7315
-0.4964 -0.3963
0.0681 -0.1827
-0.5923 -0.6585
0.8749 -0.1265
-0.8177 -0.5348
0.1122 -0.4831
-0.5528 0.7322
-0.1790 -0.1607
0.2844 0.2412
-0.0082 -0.6475
0.2037 -0.4648
-0.1296 0.1580
0.2298 -0.7492
-0.3945 -0.4276
-0.4860 0.4633
0.9087 -0.0821
-0.0173 -0.3940
-0.2388 -0.0410
0.0148 0.2594
-0.7419 0.3731
0.4652 -0.0034
-0.3908 -0.1226
0.0160 -0.0410
0.1022 -0.0127
-0.0579 -0.0543
0.3044 0.2900
0.4849 0.6233
0.0091 0.9310
0.0879 0.3440
0.0670 -0.6113
0.0403 0.3665
-0.3259 -0.2134
-0.8423 0.4750
0.1930 -0.1454
0.6105 0.1944
-0.8821 -0.1384
-0.0952 -0.0030
0.3847 -0.0698
-0.0621 0.0481
0.0938 0.8103
-0.0341 -0.1547
-0.2420 -0.2196
-0.6655 0.6259
0.0278 -0.0721
-0.0347 0.0376
0.1452 -0.2513
0.2503 -0.1887
0.3380 -0.1153
0.0515 -0.1874
0.7023 0.4860
0.2582 -0.2924
0.0517 0.0223
0.1103 -0.8026
0.7829 -0.2928
0.5125 0.7195
-0.1635 0.0364
-0.3268 0.0425
0.2187 0.2101
0.0186 0.2446
-0.0264 -0.9992
0.2472 -0.9646
-0.5292 -0.1850
-0.3357 -0.6853
0.8492 0.1634
-0.0739 0.3388
-0.4746 0.7375
0.0546 -0.0187
-0.0863 -0.1931
0.5846 -0.2919
0.5385 0.5492
0.3494 -0.4129
0.2176 0.2309
-0.2530 -0.5830
-0.3505 -0.1455
-0.6287 -0.1264
0.7995 0.0263
0.2477 -0.1258
0.1932 -0.1773
-0.1228 0.1799
-0.2842 -0.2923
-0.2738 -0.1548
0.2023 0.4162
-0.0894 0.7306
0.0144 0.0233
0.0288 -0.0092
0.8233 0.2968
-0.0187 0.0209
-0.1072 -0.1323
0.2668 0.4381
-0.1481 -0.0064
0.4222 0.0906
-0.1234 0.2290
0.2772 0.0355
0.7569 0.4356
0.6452 0.6388
0.6339 -0.3511
-0.0427 0.1337
0.0939 0.3472
-0.1296 0.1103
-0.1956 0.2853
-0.7206 0.4767
0.1539 -0.4919
-0.1614 -0.9260
-0.0737 -0.2721
0.1931 0.5447
-0.2365 -0.5461
0.4553 0.6185
0.0972 0.9261
-0.3188 -0.2967
0.0960 -0.0281
0.4375 -0.6250
-0.2171 0.8189
-0.0599 -0.2279
0.4652 -0.6653
0.7062 0.3444
0.0695 0.1181
0.3769 0.0484
-0.6373 -0.4336
0.5371 -0.2925
0.7970 -0.1842
0.1403 0.9110
0.2928 0.4296
0.0640 0.3609
0.7726 -0.6214
-0.6143 -0.6033
0.1003 -0.5279
0.8364 0.2161
-0.7612 0.0980
-0.0098 -0.0901
0.3379 0.4995
-0.0793 -0.0220
-0.2825 -0.3364
0.3394 0.2477
0.0193 0.0931
-0.0910 -0.0638
0.8303 -0.4172
0.5994 0.7876
-0.7491 0.4958
0.7999 0.0314
-0.3302 0.5005
-0.6373 -0.2014
-0.0752 -0.0060
0.2446 -0.2074
-0.2551 0.0374
-0.0503 0.6740
-0.2264 0.6679
0.4916 0.8311
0.3358 -0.1712
0.0099 -0.0609
0.0564 -0.0825
0.0875 0.8808
0.0944 -0.0361
-0.3398 -0.0369
-0.5044 -0.7250
-0.0000 0.0000
0.6347 -0.1693
-0.1525 -0.3292
0.2237 0.2346
-0.6414 0.3601
0.3471 0.4377
-0.6023 -0.0752
-0.5171 0.3714
-0.0194 -0.1531
-0.1655 0.1130
0.1975 -0.2171
0.0128 -0.0046
-0.0166 -0.0323
-0.5582 -0.5424
0.7401 -0.3129
0.1245 -0.4785
-0.7998 0.1387
-0.4156 -0.1500
-0.2741 -0.2554
-0.1260 0.4945
-0.4050 -0.1052
0.1954 -0.0717
0.7958 0.5731
-0.2064 0.4749
-0.0206 0.0145
0.2849 0.7364
-0.5145 -0.4900
-0.3127 -0.3430
-0.1123 0.3959
0.8913 0.4026
0.0660 0.3372
0.0441 -0.1212
0.4731 -0.2959
-0.2939 -0.8744
-0.3398 0.0292
-0.2879 -0.9527
-0.0036 -0.0056
0.0554 -0.1345
-0.0066 -0.0075
0.2268 0.0899
0.0454 -0.3051
-0.2076 -0.3601
-0.5360 0.2307
0.5351 0.3643
-0.3292 -0.1840
-0.1943 -0.5991
0.2140 0.2797
0.7820 0.1478
0.4054 -0.0832
-0.0618 0.3242
-0.2617 0.1434
-0.4027 0.5965
-0.2374 0.7977
-0.2731 -0.5629
-0.4180 -0.4989
-0.2969 -0.0533
0.0169 -0.2043
-0.1969 0.1838
-0.9817 0.0131
-0.8952 0.0332
0.0318 0.0117
-0.9202 0.0423
-0.1712 -0.3444
-0.2225 -0.4180
-0.1330 -0.0065
-0.2029 -0.4480
0.6591 -0.4716
0.0002 0.0010
-0.8594 -0.4343
-0.0861 0.4836
-0.1391 -0.0331
-0.4497 -0.3582
-0.0733 0.9121
-0.5668 0.3586
0.0314 0.0180
-0.1213 0.9749
0.4202 -0.7448
0.3390 -0.0527
0.3169 0.2031
-0.4103 0.4767
0.0395 -0.4350
-0.2294 0.1841
-0.2612 0.7819
-0.1018 -0.7471
-0.1082 0.3522
-0.3641 -0.4510
-0.3274 -0.3335
0.8251 0.3167
-0.6683 0.0791
0.7602 0.3803
0.0141 -0.8595
-0.5647 0.5936
0.0510 -0.2156
-0.7866 0.4368
-0.0646 -0.0517
-0.0218 0.8248
-0.2396 0.0136
0.3412 0.0834
-0.1967 -0.2117
-0.5721 -0.2668
-0.0741 0.7912
-0.6684 0.1960
0.5169 -0.3604
0.1880 -0.9569
-0.7921 -0.0190
0.2618 0.8572
0.3667 0.3365
-0.6457 0.0835
-0.0158 -0.1864
0.5731 0.1697
0.1350 -0.2013
-0.0230 -0.0237
-0.1332 -0.3487
0.1434 0.4212
-0.0699 -0.5291
-0.2878 0.3940
-0.9582 -0.0949
0.5511 -0.4001
0.7893 0.2869
-0.3354 -0.3480
-0.4107 0.0964
-0.0053 0.5526
-0.6124 -0.0759
-0.4551 0.1881
-0.7038 -0.4485
0.1185 -0.0185
-0.1107 0.0488
0.9455 -0.0363
-0.4502 0.4824
-0.2982 0.8253
-0.3186 -0.3163
0.0235 -0.0005
-0.1773 0.3493
-0.8625 0.3273
-0.0061 -0.8495
0.0431 0.2132
-0.0799 0.4988
0.5193 -0.0188
0.1147 -0.2967
0.0514 -0.1736
-0.0136 -0.3227
-0.3325 -0.0447
0.2075 -0.9057
0.1519 -0.4530
0.1569 0.0507
0.0559 0.0572
0.0331 -0.0929
-0.6888 -0.1848
0.0928 0.2215
-0.2897 0.3962
0.4178 0.4881
