0.1164 -0.5273 0.0858
0.1756 -0.1029 4.0601
0.1223 -0.0494 0.8390
0.0855 -1.1557 1.1598
-0.2594 -0.2922 -0.0056
0.1890 -0.1593 -0.0886
0.3287 0.3490 -0.1333
0.0237 0.0119 0.0738
-0.3087 -0.0100 0.1890
-0.4922 0.5560 0.0835
0.0921 -0.0259 0.4090
-0.4461 -0.2390 -0.0055
-0.1302 0.1202 -0.5122
0.0474 -0.0204 -0.3815
0.0008 0.1411 0.5742
0.0815 -0.3077 0.2207
0.2406 -0.1352 0.0060
1.3140 0.0344 0.0772
0.3751 0.1796 0.2047
-0.0631 -0.1391 -0.8724
-0.1981 0.1043 -0.0205
-0.3069 0.7508 -0.0647
-0.0489 -0.0273 0.3124
0.0535 -0.1323 -0.0778
0.0431 0.3141 0.4889
4.9118 0.1622 -0.3650
4.8565 -0.0807 -0.0608
5.4073 0.3122 0.5693
6.4087 -1.6617 0.0646
5.9675 -2.9061 -0.8464
4.9090 -0.0243 0.4533
5.3016 0.3922 -0.2044
4.8962 0.0039 0.5295
5.4433 -0.0305 -0.7921
4.2776 0.0828 -0.1095
4.9799 -0.1699 -0.0619
4.8605 0.0835 -0.5258
5.0797 0.1681 0.6862
5.1866 0.8925 1.7678
4.9896 -0.0032 0.1139
4.8352 0.0972 0.2299
4.9919 -0.0316 0.0439
4.9059 -0.0826 -0.5243
4.8814 0.3185 0.3301
4.6338 0.2496 -0.1918
5.0588 -0.5397 -0.1662
4.5736 -0.2403 0.0068
2.3191 -1.2732 -1.4990
4.7847 0.2283 0.0778
5.0777 0.1573 0.0577
