9.330582831966577340e-02 2.455073254928733240e-01
3.375228251290833814e-01 -1.146221467797430699e-01
2.975616641856835831e-01 -6.144330714233895430e-01
-8.933021531135743043e-02 1.925929880110650305e-01
-2.827187089693934396e-01 1.996985986733658680e-01
1.717697401053386308e-01 2.581408455336893157e-02
-5.900101715212876519e-01 -5.617962836723786740e-02
1.857983415078906797e-01 -1.222095534651763699e-03
2.193816263291891444e-01 -2.962229726006865294e-01
8.490349370959553443e-01 3.383693252999188661e-01
6.488647435002946606e-01 -5.205507809239028338e-01
-5.484380895878262496e-01 6.490229823368945938e-01
6.816163315402402889e-02 2.353799022256784779e-01
-2.264986717725325505e-01 -4.051417160882198609e-01
5.073016705958102168e-01 -2.938097904971538887e-01
-7.707274543634467373e-03 7.527513180326814157e-02
-7.447677112249071474e-01 -1.765862562398930191e-02
-2.660914745513554003e-01 -4.558436243724671155e-01
3.109319620688574901e-03 -5.302906323418948853e-01
2.246090852730068255e-01 -8.107875595872848784e-01
5.385062091061896400e-02 3.983215140513309688e-02
6.417183173632474702e-01 -7.211182027276799578e-02
-2.030117223216732630e-02 -2.273960182371063347e-03
-2.572937483227101529e-02 -2.708959772680874858e-02
1.695267639819386385e-01 -1.651511668684350065e-01
-2.056281174564039138e-01 -2.074988865043090602e-01
2.616112221061528964e-01 -1.313925266549353758e-02
-3.290504651141273884e-01 1.551180812400405618e-01
-1.011304572525429692e-02 1.286959039187103929e-02
6.390029016777887261e-01 -2.504086108452342474e-01
5.110833910636024546e-01 -3.038557443680307488e-02
7.083557678776680570e-04 9.075976263029248911e-03
-4.207376351215289662e-02 1.373394714944022044e-01
3.162996652007469822e-01 -8.468727278519485591e-01
7.327926632162983650e-03 -4.585163969203335382e-03
2.925023266114024634e-01 -6.886425877921099892e-02
2.845767702105340691e-01 -7.738644953618882827e-01
-7.072742048937529294e-03 3.340122539539124025e-02
-1.040657970307734895e-02 -9.513357032212702569e-01
5.536161882044988714e-01 -6.231944335203548624e-01
4.221213130409309788e-01 3.305373803740294103e-01
-6.237386236840845172e-02 -3.396287664075360868e-01
1.460374844920354354e-01 -6.656427548724008769e-01
1.343291517703968652e-01 9.114422266132790607e-02
9.289864994973376922e-01 -1.629340690325319918e-01
1.589229609683039390e-01 8.818057339986520304e-01
-3.464641593391383223e-01 -7.023695238470832880e-01
1.092291944053230129e-01 -3.008653010583623999e-01
-3.844581635157723332e-02 4.448688634555909016e-01
-9.702659538574807951e-02 -4.324742278080563884e-01
2.911073020423895041e+00 -6.117508623397199807e-01
3.360930416496350936e+00 -7.848909650727183829e-01
2.314778310016579965e+00 -6.846583219746019688e-01
3.404168688331273174e+00 -7.994182316935831700e-01
3.145600245235374182e+00 -2.442290033002053606e-01
3.389776538778219717e+00 -3.942151709825811312e-01
2.960255741898869086e+00 -5.901400832399575913e-01
2.965338052718739181e+00 -9.070726793858789883e-01
2.684452722891383480e+00 7.582544916331349083e-02
3.031836903007936623e+00 -2.560700920862460719e-02
2.710975100397424065e+00 -1.587812058120783576e-01
2.524976424898213612e+00 8.176915584495270117e-01
2.644213530125147038e+00 7.613088512902238536e-01
3.145215372095653716e+00 -2.266489894928972182e-01
3.230362854319541288e+00 8.963394344132796787e-01
3.834518685532406046e+00 2.489924009419996476e-01
3.045045981365621657e+00 6.374506732932280761e-02
3.332393813876615152e+00 -3.985523324377636678e-01
2.066102291832784044e+00 -1.924972306279907619e-01
2.514524066879887165e+00 2.229541247223528755e-01
3.446759856202156858e+00 5.921509362732072512e-01
3.645479247999156680e+00 -5.741135871876213992e-01
2.393424222628641296e+00 2.652019275497118356e-01
3.079354425128135286e+00 1.099891438507447222e-01
2.393860087319260366e+00 1.109857291895925135e-01
3.433066474729002948e+00 -8.270220291215993891e-01
2.862760755885838559e+00 1.256022794690586364e-01
3.234012562794731593e+00 3.425984997257737197e-01
3.500745295274673374e+00 -2.849673877987163317e-01
2.613981750564792428e+00 2.764290229894506012e-01
2.810449627876121070e+00 -9.884938918274752129e-02
3.223668463115727079e+00 -1.054572293154845825e-01
3.240917708452266233e+00 -9.292610188818140049e-01
3.251053601650939928e+00 -2.514924185842642990e-01
3.010874446523646331e+00 8.787266258457194622e-04
2.723670716676886538e+00 -5.225420053461168335e-01
3.118317945140903102e+00 1.690599743088634921e-01
2.529189666159119554e+00 2.578604824195944722e-01
2.248003796234550933e+00 4.842609298930163897e-01
3.493045166394974643e+00 1.008573533368429948e-01
3.912999288564817935e+00 8.484489637941509954e-02
3.771938068053717785e+00 -5.857744820491375126e-01
3.372891633242246279e+00 -8.376462161206240653e-01
3.779159691874782734e+00 5.361210503038740249e-01
2.700561277138771921e+00 -5.144069115555675031e-01
3.132240813551371961e+00 4.139664903412390573e-01
3.583171790623470354e+00 5.950774936609155574e-01
2.363027419636520854e+00 3.352800261183331298e-01
3.106819990954382327e+00 -5.998160393390923328e-01
3.408647988180389277e+00 1.484984951042653614e-02
