3.975032839462815937e-01 7.187969028777830838e-01
-3.224431162180382143e-02 4.836156463382931259e-01
3.289823937151213906e-01 7.815672467188339301e-01
-1.660614527273143737e-01 6.949270426463766137e-02
-3.432799728327233235e-01 -2.168386072134559917e-01
3.752272961371309612e-01 2.641918516752927298e-02
-4.172486499985405550e-01 2.724061357056569155e-01
-2.445308209195135307e-01 2.684087034262273574e-01
-7.899573315339999402e-01 5.307102801912348955e-01
2.809205160075763930e-01 8.164417452372338957e-01
-6.863113570070740466e-02 -4.407418962444419330e-01
-1.774010903898006752e-01 -7.525113610937745889e-01
5.165864434641121994e-01 7.627627881543061483e-02
5.771725727624824609e-01 -1.225625599536547539e-01
-4.397396730315827201e-02 -1.694565193446941342e-01
5.068065964200012541e-01 -7.575894196479010523e-02
-2.793955651287662878e-01 5.432230986531002559e-01
4.193644112403961954e-01 -3.776667597865484560e-01
-1.733915705280853481e-01 -3.117177480136358314e-01
-7.142918640002246522e-02 -7.201800861424102751e-02
-1.685433240649262809e-01 7.707977141898586515e-01
3.751857693660667903e-02 8.148199502148256723e-01
2.161085744223932847e-01 5.182041185077498335e-01
-8.926292170133300063e-02 3.016046904836824916e-01
4.891988664549952737e-01 6.458393323222509919e-01
9.730646794421048129e-02 1.112575097927160639e-01
-1.864039869115698481e-02 -1.346859319454545532e-02
-4.244431889083677412e-01 -1.908379648497732783e-01
-8.313812143185539405e-01 -4.829053200579515037e-01
8.927086618886617697e-02 8.877082907318382954e-02
5.891427858946794993e-01 6.905883988526630990e-01
2.319945732536521643e-01 5.100904188993760080e-01
2.748143939864629570e-01 -6.577803128828400014e-01
-9.083140909006265362e-01 -4.032924170688919063e-01
-3.375769116396445946e-01 3.238483724926935481e-01
2.525067167557457906e-04 -2.385365365051539312e-03
-6.718168189224794917e-02 -9.639200308813206108e-02
-8.639282918523926921e-03 -1.810693434493715892e-01
-8.978817695140938193e-01 -1.889242579538888689e-01
-4.149990401283144836e-02 -1.989239618266618326e-01
1.059208404802325088e-01 -2.402072930049041211e-01
-4.121052873250163340e-01 1.017390500106905848e-01
7.830465093292688916e-01 4.183221631718131439e-01
2.393404066468303171e-01 -4.572706243126944958e-01
3.326288171273257821e-01 7.722476345079857252e-01
6.966897704298129212e-02 -1.354706249135766427e-01
3.820972220233680439e-01 -8.449889052851780602e-02
4.256102969907616385e-01 -3.844134604152560919e-01
-1.352075547624133345e-02 9.185473728981834174e-02
-1.925195701311540886e-01 4.553136594222002009e-01
4.697713863207137130e+00 7.056842021589837533e-01
3.659168635714674434e+00 6.673088823901275335e-01
4.776731676387979242e+00 3.867324411348063151e-01
4.182613245619548614e+00 2.532788613563215496e-01
3.880784621348042140e+00 -3.871635555554109875e-01
3.998962948941065854e+00 6.999445596166092853e-02
4.031930327400974789e+00 -9.302059535225695175e-01
4.062407816293793772e+00 -3.662972136971551218e-01
3.367743050596568644e+00 -3.104059063791453354e-01
3.570520927378551423e+00 8.106163840223302719e-01
4.667417919552509176e+00 -7.328324617904692362e-01
4.475287141611323349e+00 3.802614800590269906e-01
3.804075232072849921e+00 -2.563738530042886654e-01
4.499087057843580872e+00 -2.982216568062021067e-01
4.715232400535077417e+00 -2.111128886163312068e-01
3.647552833565766317e+00 4.250299797322019124e-01
4.191859706147035070e+00 6.470937839844254080e-01
3.021131581539730160e+00 -1.924968002606278483e-01
4.306589178051614120e+00 -1.136894160754791661e-01
4.249395342200865677e+00 6.873867701252729390e-01
3.085409121819185252e+00 1.270732654824180408e-01
4.132963364508399629e+00 3.404001886628534312e-01
4.015731489212813976e+00 1.649254318038483880e-01
4.252756441439178303e+00 -1.204188005836099445e-01
4.174488742419208975e+00 1.475266136830221952e-01
4.142708230052862817e+00 2.984701991992359457e-02
3.908610831642112871e+00 8.239408790721287901e-02
3.982404160639850144e+00 -2.659817516589323416e-01
3.955751797220454780e+00 5.578574150289515865e-01
3.914928774942964207e+00 1.034850345353339057e-01
4.792791195824082529e+00 2.874771549077428934e-01
3.702876933465305775e+00 -2.797805388608044508e-01
4.518470563053554656e+00 3.714357589259222048e-02
3.809496264238543706e+00 -9.621074411933283610e-01
4.168957998323500114e+00 -3.148669892257889291e-01
3.569281160828306820e+00 1.979167533993931860e-01
3.870587081012648145e+00 1.120255454617207075e-01
3.801344718647644783e+00 3.733401260013712308e-01
4.419202530372796645e+00 1.727263184630444259e-01
4.142444494945631384e+00 8.120868244048576878e-01
3.732269414513365469e+00 1.523162855238033020e-01
4.063349911365380152e+00 8.418951840205526338e-01
3.342013531726053532e+00 5.815946558847955722e-02
4.237589808007166781e+00 -8.266168093228802860e-01
4.193182862435462788e+00 -3.489212894185648728e-01
4.034903439133268321e+00 -3.965367475403991371e-01
3.778132126482944386e+00 5.114963586222308622e-01
3.293973937209856206e+00 2.409133100370046687e-01
4.587296035277448780e+00 -5.942471301611153001e-01
3.992355256725335089e+00 -1.014900654462867757e-02
