-0.2297 0.0592
0.2891 0.4668
-0.1192 0.2132
0.0224 -0.5122
0.0767 0.0874
0.2399 0.4211
0.1938 0.5195
-0.6596 0.4221
-0.2821 -0.8690
0.5915 -0.3616
-0.2119 0.0096
2.1803 -0.5246
-0.1083 0.2007
-0.4257 -0.5740
-0.0249 -0.0427
0.3182 0.6859
-0.1110 0.1793
0.3734 0.5365
-0.8116 -0.3506
-0.0890 0.1060
-0.9265 -0.3627
0.0097 -0.0234
0.0105 -0.0597
-0.0621 -0.0138
0.4441 0.7490
3.0678 0.4712
3.3569 -0.2076
5.8338 -1.2926
4.0641 0.7865
3.8921 -0.0546
3.9497 0.4556
3.7024 0.0086
3.5030 -0.1828
3.3879 -0.2957
3.6192 -0.6269
3.2281 -0.2365
3.9422 -0.2172
4.9829 -0.3953
3.2682 -0.3980
1.5527 -1.4051
3.5699 0.1625
3.9585 0.4774
2.3924 -1.3816
3.5024 -0.0032
3.4856 -0.0007
2.7455 0.8340
3.9565 -0.1674
3.5213 -0.0062
3.2121 0.4255
2.2254 1.7081
