-0.4124 -0.7365
0.4853 0.7949
0.1119 -3.4850
0.9065 -0.1446
-0.4071 0.2457
0.8192 -0.4228
2.2629 1.4317
0.6670 -0.0580
0.7759 -0.5036
-0.1333 -0.2263
0.0836 0.4279
-0.0034 0.0444
0.2496 0.0920
0.0171 0.8045
0.0346 0.2205
-0.0328 0.0191
-0.7678 0.2065
-0.8423 0.0909
0.7134 0.4997
0.0230 0.0586
-0.3072 0.1163
-0.3759 -0.1024
0.7154 0.2856
-0.0041 -0.0134
-0.3514 0.0482
-0.4246 -0.1584
0.8028 -0.4833
-0.7964 0.4496
0.2790 -0.5825
0.2207 2.9038
0.2442 -0.1736
2.5359 -0.8311
0.3590 0.4100
-1.4576 0.9247
0.1573 0.1146
-0.5607 -1.7882
-0.0429 -0.0897
-0.1016 0.3767
-2.7524 -0.2998
-0.5779 0.3944
0.0648 0.3692
0.5680 0.5441
0.7816 0.3507
0.0121 0.2126
-0.1102 0.0418
0.2933 0.4738
-0.0138 -0.6935
-0.5781 0.4916
-0.2969 2.8985
0.9711 -0.1959
0.5132 0.2711
0.3241 -0.8095
-0.3431 0.4434
-0.2153 0.2642
0.4146 0.3079
3.0979 -1.7730
-0.4212 -0.6373
0.4203 -0.1727
2.9131 1.0383
-0.1503 -0.3969
-0.0410 0.0172
-2.5711 1.8323
-0.7251 0.6464
-1.9543 -0.7773
-0.0242 0.0055
0.1412 0.3259
0.3132 0.1594
1.2007 0.3836
0.4813 1.0941
-0.2885 0.1423
-0.0542 -0.0485
-2.8609 0.4424
0.0114 2.8874
0.2449 2.3236
-0.1114 0.1337
1.3249 -2.3681
1.4780 -0.2992
-0.3444 -0.0735
0.2395 0.5328
-0.2408 -0.4840
0.3705 0.0190
-0.0330 -1.0278
-1.5202 3.0388
0.0174 -0.0514
0.3713 -0.0226
0.0270 -0.7779
-0.6972 -0.3508
-0.5413 -0.8316
0.0131 0.1329
-0.0113 -0.2012
-0.3046 -0.6153
-0.0047 0.2593
-0.0953 -0.2206
0.5631 0.6982
2.4977 -1.0639
-0.0394 -0.4135
0.7153 0.6935
-0.3498 0.8218
0.7778 -0.1406
-0.0746 -0.2176
-0.1959 -0.0186
0.1728 -0.3865
-0.4610 0.5585
-0.9181 -0.2924
1.4383 0.8055
0.2990 0.6548
0.5611 0.6824
-0.4031 -0.4834
-0.0751 0.7387
-0.2357 0.2850
-0.1021 0.9102
0.0768 -0.1744
-0.0137 0.8812
0.4330 -0.3696
-0.3125 0.2101
-0.2180 -0.0451
0.0933 0.0196
-0.4107 -0.7136
-0.3918 -0.6168
-0.2109 0.1710
0.0192 0.1088
0.0141 0.0838
0.1705 0.2174
0.1735 2.9423
0.0348 0.3909
-0.3703 0.2818
1.5995 2.6437
-0.5266 0.0322
-0.0307 1.7948
-0.0643 0.8582
-3.0379 1.5286
-0.1424 0.7125
0.0489 0.1218
-0.6583 -0.5003
-0.6627 -0.2165
0.2463 -0.7023
-0.2627 -0.0273
-0.6615 -0.0033
0.1507 -0.9712
0.0868 -0.0056
-0.0896 -0.3246
0.0747 -0.0102
-0.1573 -0.3579
0.3972 -0.3666
-0.1058 -0.5720
0.4172 -0.4013
-0.5672 0.1046
0.0023 0.9028
0.3330 0.8613
-0.8876 -0.0255
0.6410 0.3488
-0.3989 0.4024
-0.3125 0.2409
-2.7221 0.2342
1.7853 -2.9006
-0.4176 0.3587
-0.3122 -0.2229
-0.7091 0.0029
0.0314 0.0379
0.0317 -0.0532
0.5424 0.2670
0.2174 -0.3451
-2.0038 0.4807
0.5696 -0.4639
0.0581 -0.6781
-0.0348 -0.5387
1.9262 2.8001
-0.1252 -1.6989
-0.4918 -0.1148
-0.1492 -0.1482
-0.3834 -0.2599
-0.0293 -0.0100
0.0374 -0.1238
0.1869 0.0274
1.5480 1.7281
0.9309 -0.0538
0.2204 -0.3876
0.0468 0.0840
-0.0498 0.3318
-0.7663 0.2401
-0.0586 0.7788
0.1577 0.9079
-0.4296 -0.1965
-0.0594 -0.6756
1.8080 -1.4730
0.1358 -0.0019
-0.1083 0.1078
-1.6692 -1.7703
-0.4769 -0.4700
0.9813 -3.3267
-0.2060 0.1999
2.2957 -1.0794
-0.0319 -0.0516
-1.0385 0.5555
-0.4283 0.8578
-0.5285 -0.6369
-0.2443 -0.0111
-0.1684 0.4908
0.0410 -0.1705
2.0794 -0.1897
-0.3800 0.7701
0.0139 0.1069
-0.2043 0.6132
0.8130 0.2058
1.7664 -3.2188
0.7466 -0.3535
-0.7560 -0.5295
0.0094 -0.0594
-0.0338 -0.0187
-0.7264 0.3201
0.7038 0.1601
0.8225 0.0935
-0.6924 0.5113
0.0028 0.1463
0.2276 0.2486
0.0298 0.0065
0.0262 -0.3041
0.0109 -0.0086
-0.0157 -2.3480
0.6688 -0.2605
-0.0348 0.7581
-0.2142 -0.7421
-0.6219 -0.6733
0.1857 0.8487
-0.0413 0.4982
0.2360 -0.2831
-1.9471 -0.1065
0.4905 -0.2970
-0.8303 0.0986
0.1280 -0.4374
2.2028 0.1170
0.8827 0.3362
0.3109 0.0539
0.4858 0.5111
0.0764 -0.5476
-0.2044 -0.1259
0.2998 -0.0677
0.2531 -0.2669
-0.6454 -0.5203
0.3899 -0.5437
0.2043 -0.2711
0.6915 -0.2905
0.2313 -0.5702
-0.8118 0.0445
-0.8644 0.1962
0.6351 0.0263
-0.1957 -0.5920
-0.2731 -0.0829
0.6324 -0.5514
-0.7651 0.3802
0.5579 -0.3493
-0.3039 -0.6480
-3.4652 -0.9272
0.6174 0.6740
0.1104 0.4923
0.7545 0.2632
-0.2280 -0.2831
0.0241 -0.0423
0.8365 -0.3494
-0.3691 -0.2094
0.0232 2.1021
0.1997 0.5532
-0.0276 -0.1007
0.0250 -0.0367
-2.2421 2.5560
0.0056 -0.0216
0.7098 0.6953
1.4074 -0.0127
-0.5223 0.6234
0.2412 0.0411
0.4270 -0.1709
0.4834 -0.6159
-0.5974 0.0385
-0.4708 0.2018
0.4939 -0.1931
0.0958 0.2096
0.2650 -0.3426
-0.1080 -0.0149
0.0524 1.1030
-0.5075 0.3149
-0.2978 -0.6685
-0.0129 0.0003
0.4199 -0.9256
0.8923 0.5706
-0.1335 -0.0932
-0.0355 0.1842
-0.4584 0.1880
-0.0617 0.2508
-0.4025 -0.2462
-0.0021 -0.0062
0.0237 0.0840
-1.3745 0.6540
-0.0046 0.0344
0.1221 0.0140
0.5715 -0.4660
0.1587 0.3963
0.1141 -0.7395
0.0081 0.0318
-0.3198 0.7981
0.0764 0.1503
-0.5492 0.2308
0.7850 -0.4619
0.2147 -0.3490
2.2326 -0.7940
-0.5584 -0.1036
0.0102 0.0019
0.3142 -0.6551
3.1403 0.7846
0.2202 0.1053
-0.0440 0.1145
0.1952 0.1035
-0.1084 0.0271
-0.1105 0.5966
0.4017 0.4006
-0.4966 -0.3358
0.4391 0.8906
-0.0049 -0.0922
0.3338 -0.1406
0.7898 -0.1335
-2.4198 0.0047
-0.0074 -0.0003
0.5645 -0.3484
-0.3722 0.0851
-0.1072 0.0609
-0.4374 -0.6412
0.2170 -0.5629
1.5474 2.8398
0.3782 -0.8625
0.2097 -0.6403
-2.5980 -0.4701
0.0211 0.6931
-0.5561 -0.2235
-0.0522 -0.0569
2.9699 1.7347
-0.2204 0.0348
-0.5874 -0.4482
0.5783 0.1524
0.0349 0.2034
0.0064 0.4508
-0.6170 0.2082
-0.0132 -0.2673
1.9773 2.4784
-0.0111 0.1644
-0.4848 -0.1891
0.8614 0.3745
-0.9476 -0.1873
-0.7086 -0.1809
0.2751 0.5598
-0.0062 -0.0032
-0.3561 0.9929
0.7522 0.0563
0.0020 0.0177
0.0485 0.2345
-0.1545 -1.1005
0.4857 -0.5804
0.4164 -0.3235
0.0317 0.0784
-0.0227 0.0432
-0.0199 -0.0544
-1.6024 0.2728
0.1965 0.0230
-0.1219 0.1310
-0.3042 0.0129
-0.4807 0.4620
-0.5657 -0.6714
0.7523 0.5153
0.0286 0.2996
0.4058 -0.1507
0.7562 0.4653
0.0680 -0.1042
-0.2924 -0.6775
-0.0166 -0.1438
1.2004 1.7947
0.0099 0.1595
0.8446 0.0351
-0.3752 0.1248
0.1748 0.0541
-0.3782 0.5652
0.1243 -0.1737
-0.2650 0.9230
-0.6294 0.1895
1.3997 -0.7524
0.1844 -0.3795
0.0027 -0.0206
0.3627 0.5244
-0.0089 -0.0933
0.1030 -0.3758
0.1350 0.3642
0.0151 0.0451
0.0473 -0.0373
-0.3015 -0.4753
-0.0144 -0.0582
0.3671 0.2829
0.0527 -0.0585
-0.0927 -0.7568
0.0420 0.1876
0.6235 0.7723
0.5640 0.6800
-0.1946 -0.7754
0.5926 -0.6639
1.2929 -0.4729
-0.1193 -0.0972
-0.0650 -0.0287
0.6186 -0.3996
0.6102 -0.7602
-0.4644 0.4657
0.2582 0.0516
-0.5829 0.3037
-0.2068 0.2226
-0.2812 -0.1071
-0.1422 0.1290
-0.4013 -0.0824
-0.3538 0.6833
-0.3711 0.8210
0.0105 -0.0035
-0.3353 -0.7123
-0.0104 -0.0709
-0.0109 -0.2082
-0.1582 0.0408
0.4958 0.7402
-0.3223 -0.3298
-0.3572 0.3185
0.1478 0.3986
-0.5390 0.2783
0.1402 0.9390
0.7352 -0.4526
0.1994 0.4417
-0.5093 0.6262
0.5744 0.3815
-1.3904 -2.1651
-0.0570 0.3731
-0.1679 -0.9369
0.3225 0.4937
0.7722 0.4947
0.3265 -0.1729
0.0037 -0.0038
0.6779 0.3403
-0.0789 0.0153
-0.5170 -1.3298
-0.2843 2.6765
-0.1852 0.0404
-0.0904 -0.1491
-0.1976 -0.2382
0.2632 -0.4482
-0.8430 -0.1365
0.6421 0.4432
-0.9048 0.5686
0.2927 0.2637
0.0975 -0.0834
0.7420 0.0782
-0.2882 -0.6178
-0.8334 0.4413
0.3292 -0.1125
-0.0229 -0.4386
0.0288 -0.0018
-0.6770 0.6805
-0.7035 1.4088
-0.0049 0.0009
1.5902 1.4629
-0.5292 -1.0876
-2.4960 1.4713
0.0152 0.2125
-0.0920 0.2968
-0.7769 -0.6126
0.3426 0.6308
-0.2089 -0.0447
-1.5125 0.7317
-0.0804 0.0528
-0.0563 0.6437
-0.0055 -0.0640
0.0791 0.0607
-0.0967 -0.7860
-0.1025 -0.2591
2.3560 -2.7545
0.1190 -0.2894
0.8864 0.1709
-0.2561 0.2043
0.8191 -0.0779
-0.1458 0.1022
-0.3086 0.3316
0.1547 -0.5958
-0.1967 0.4098
0.4073 -0.0055
-0.4032 0.1954
0.1358 -0.8445
0.0147 0.0290
-0.2317 0.3277
-0.0713 0.0003
0.0288 0.0076
0.3537 -0.1812
0.7566 0.5856
0.2456 -0.4228
-0.6720 3.2068
0.3822 -0.5304
-0.0153 -0.0792
-0.0495 0.9357
-0.2320 -0.1604
-0.0765 -0.2187
0.6793 -0.1226
-0.0124 -0.0085
