-0.4970 -1.4292 0.3607
-0.0104 -0.0137 0.0059
-0.0864 -0.6316 -0.6093
-0.1105 -0.1565 -0.9957
0.1448 -0.0501 0.0697
0.6102 -0.3759 0.1121
0.0624 0.0173 -0.3121
-0.0399 -0.0351 -0.0461
0.0680 -0.0778 -0.4870
-0.1491 -0.4073 -0.5997
-0.0699 0.0247 -0.3849
0.0051 0.0166 -0.0226
0.1452 0.3881 0.1202
0.1256 -0.0023 0.0282
0.2231 -0.1154 -0.7389
-0.0006 -0.0003 0.0018
-0.1710 -0.1432 -0.7032
-0.0445 -0.1022 0.5003
0.4814 0.2164 -0.3582
-0.0591 0.0780 -0.3519
0.4532 0.0215 0.9155
0.2121 -0.1549 1.0430
-0.1326 0.0121 0.8313
-0.0093 -0.0281 0.0426
0.3899 -0.0257 -0.3494
0.0179 0.1229 0.2787
-1.0695 0.1461 -0.3740
-0.0004 -0.0005 -0.0041
-0.3126 0.2561 0.3322
-0.2879 -0.2940 -0.8542
0.0574 0.0508 0.0168
0.1703 -0.0214 0.7232
0.6967 -0.0702 0.7084
0.1547 -0.0168 -0.2114
0.3478 0.0385 0.1694
-0.1915 -0.0286 0.2234
-0.0734 0.0152 0.5311
0.0016 0.2322 -0.3039
0.7224 -0.3183 0.3395
-0.2311 -0.1293 0.2535
0.9132 -0.0197 0.8242
0.1083 -0.7928 -0.3813
-0.1620 -0.0405 -1.6013
0.4411 0.0691 -0.3300
0.8634 -0.0010 -0.2531
0.0880 0.0688 -0.1685
-1.5079 -0.1100 0.4570
-0.3470 0.6546 0.0883
0.4848 0.0643 0.5282
-0.1611 0.0375 0.8154
2.4873 -0.0115 0.0057
2.6595 -0.3959 -0.2260
3.2544 0.3985 -0.1220
2.2210 -0.0927 -0.8130
2.7371 -0.6775 -0.6526
2.4850 0.1083 -0.1849
2.8077 0.1490 -0.3837
2.5000 0.0265 -0.0161
2.0544 0.1915 0.0098
2.3128 0.2024 0.0240
2.4875 0.1230 0.3825
2.4884 -0.0642 -0.1157
2.4449 -0.1208 0.5314
2.4561 -0.0269 0.0631
2.5613 -0.0140 -0.0677
2.4510 0.2439 1.2374
2.8300 -1.1647 0.2020
2.1897 0.2947 0.3182
2.6111 0.0074 -0.0910
2.2534 -0.0930 0.7602
2.4255 0.1450 -0.8618
2.4940 0.1024 0.9706
2.5511 0.2200 0.6422
2.2715 -0.0855 -0.3241
2.5120 0.0416 0.0563
2.4881 -1.4646 0.7907
1.6786 -0.2247 1.1720
2.5129 -0.0282 -0.0736
2.1248 0.0323 0.2458
2.0960 -0.4432 0.6697
2.2293 0.1719 -0.9554
2.0060 -0.0615 -0.4864
2.5052 0.0206 0.0815
2.2023 -0.0550 0.0536
2.7813 -0.3858 -0.1189
2.4596 0.1105 -0.5270
2.3300 -0.5303 1.0031
2.5732 -0.0140 0.0265
2.5057 -0.0392 -0.0041
3.1453 0.0994 0.3890
2.4601 0.0210 -0.1262
2.5828 -0.0325 0.1459
2.5075 0.0173 -0.7647
2.4773 0.0566 0.4823
3.3792 -0.4011 0.6665
2.5808 -0.5437 0.0210
2.5370 0.6839 -0.4665
2.5374 0.0751 0.2062
2.9017 -0.4459 -0.2762
2.4938 0.1121 0.0354
