0.2124 0.0046 -0.5770
0.4889 0.6929 -0.0059
-0.0181 0.0382 -0.1595
-0.1030 -0.0489 0.9868
0.0026 -0.0091 -0.2019
0.2851 -0.1932 0.2206
-0.4820 -0.2416 0.7520
-0.2960 -0.5526 -0.0566
-0.4519 -0.7237 -0.0381
0.3259 -0.1497 0.1799
-0.1450 0.2478 -0.5288
0.0192 -0.1051 0.3472
-0.0311 0.1098 -0.3962
-0.0900 0.0610 0.3967
0.0810 -0.2299 0.6333
0.0205 -0.0320 -0.6231
0.1734 -0.1491 -1.0421
-0.2836 0.2706 0.3087
0.0018 0.0070 0.1659
-0.0710 -0.9423 -1.3998
0.0352 -0.0397 0.1434
0.5748 0.7716 1.3958
-0.5875 -1.4417 0.6725
-0.0089 0.0027 0.3784
0.2122 -0.2154 -0.1131
-0.0429 -0.0008 0.0455
-0.0570 -0.1595 0.5323
-0.0266 0.4064 -0.1411
0.0009 0.0059 0.6663
0.5024 -0.2912 -0.3267
