0.2124 0.0046 -0.5770
0.4889 0.6929 -0.0059
-0.0181 0.0382 -0.1595
-0.1030 -0.0489 0.9868
0.0026 -0.0091 -0.2019
0.2851 -0.1932 0.2206
-0.4820 -0.2416 0.7520
-0.2960 -0.5526 -0.0566
-0.4519 -0.7237 -0.0381
0.3259 -0.1497 0.1799
-0.1450 0.2478 -0.5288
0.0594 -0.3257 1.0762
-0.0311 0.1098 -0.3962
-0.0900 0.0610 0.3967
0.0810 -0.2299 0.6333
0.0205 -0.0320 -0.6231
0.1466 -0.1260 -0.8810
-0.2836 0.2706 0.3087
0.0018 0.0070 0.1659
-0.0199 -0.2639 -0.3920
0.2859 -0.3226 1.1648
0.1100 0.1477 0.2672
-0.2704 -0.6635 0.3095
-0.0089 0.0027 0.3784
0.2122 -0.2154 -0.1131
-0.0429 -0.0008 0.0455
-0.0570 -0.1595 0.5323
-0.0266 0.4064 -0.1411
0.0023 0.0145 1.6346
0.5024 -0.2912 -0.3267
