9.005438936289766882e-01 -3.074795918415397858e-02
2.387125368843650008e-01 3.457928972861660233e-01
8.153788644112052175e-01 -3.792215164477797384e-01
1.738923216295776009e-01 -9.016978606820303943e-01
-5.656351698172141784e-01 3.785615398908631635e-01
-1.786503971957789649e-01 -6.209151840697885172e-01
-8.925823057401227612e-01 -3.854611819668870010e-01
-9.390554866053429234e-03 2.000066125321252331e-01
6.735528277022706511e-01 6.797503955309637247e-01
2.802387826872962395e-02 -7.061496284111624944e-02
3.947799161504304544e-01 -5.289898223523267218e-01
8.607476348328814419e-02 -1.524453121976445669e-01
-5.189720276487641559e-01 1.488698888107089502e-01
1.289970371528900706e-01 6.562900432083589308e-01
4.588241511495793623e-01 -1.930418500742173832e-02
2.833375278507682671e-01 9.202762767943312161e-02
-1.378954682702986656e-01 -9.859334083628629175e-02
2.076177217210590509e-01 -3.565669781906387614e-01
-7.338858988204115530e-01 3.049772544540981234e-01
-2.576390050067580151e-01 -3.317182492463088272e-01
1.207192910664336150e-01 -4.279035899319719866e-03
6.938127867560438533e-01 2.005460933933441436e-01
3.614730665680613436e-02 2.802635511203506735e-01
7.823577357281747968e-01 2.960352919050096565e-01
9.154827384326285067e-01 -5.535843091319344461e-02
-2.213018576751951960e-01 -2.425404066948557216e-02
6.215817438615843793e-01 6.320337232928353588e-01
-6.074849335232519465e-01 -1.805022045869631442e-01
1.648127230658909259e-02 2.382074173183963139e-01
-1.515346581068383880e-01 -5.751600986789883185e-01
1.706919515599058801e-01 6.026739242963794485e-01
-4.861317282889269231e-01 6.553352648964072720e-03
-1.561673701872146047e-01 1.702368008437883384e-01
9.194734075528536443e-02 2.476108543042556398e-01
-9.475658197037454267e-01 -1.278550511771948950e-01
4.528160692674517152e-01 -5.365264494865007450e-01
4.097532536079840915e-01 -6.572650437119581524e-02
5.583954001107603871e-01 -6.057837526261462546e-01
-5.199508162636993225e-01 -4.934026115204303564e-01
-3.142896072826432130e-01 8.160583461012584916e-01
5.087169339820750702e-01 -5.819605115156565311e-01
-1.612342132933509281e-02 5.692463565128178526e-01
9.547718843475156980e-01 -5.149780997375778130e-02
-8.469955530217055939e-01 -6.233524751901311015e-03
-1.064094238842851342e-01 1.132249521819853333e-01
-3.593773216894383671e-01 2.891322019890385508e-01
-7.510259444460026801e-02 3.010599296955011051e-01
8.757039501694473538e-01 2.534215642440274530e-01
-5.373994015769825022e-02 4.139478284479433667e-02
-5.516185615361195449e-01 -6.595037077029872741e-01
5.192179317316101717e+00 -2.154232609682161514e-01
3.881401661537001502e+00 -1.208817256050944144e-01
4.689774682687480656e+00 -3.490405099808224776e-01
4.196195441904053247e+00 3.821728283323196917e-01
5.183766097041802468e+00 -4.406600031061734812e-01
4.338165520366671579e+00 1.796127167444392658e-01
4.703109859189733122e+00 6.727699898957214542e-01
3.794510715947109869e+00 -2.837568656852435534e-01
4.600070546178528730e+00 2.967310621614871469e-01
4.622853348135776308e+00 -8.698866242444387026e-03
4.450866867836694496e+00 5.168769488509598886e-02
5.005192666421969250e+00 1.335798703664806686e-01
4.547735802038160635e+00 4.438503507950778970e-01
4.011942355977077490e+00 -7.351231745345181423e-01
5.223261172517145390e+00 3.819400479046484720e-01
5.025234269437978796e+00 8.354200130640140332e-01
4.297964081047393137e+00 -1.037648909618363036e-01
5.325606919562915209e+00 6.523858427211164102e-02
4.563135421726572716e+00 7.697847227105089618e-02
4.476022210385043110e+00 -1.857747089876833971e-02
3.696183656524678618e+00 3.464387525770378229e-01
4.687457116857748574e+00 -1.541777849685707080e-01
4.510445600575549996e+00 2.484704770430884446e-01
4.290069713741274882e+00 -1.627477257037365233e-01
4.351745623693633824e+00 -7.495036272429168589e-01
4.503228302715629461e+00 7.443880708512611803e-04
4.683405246273927958e+00 -3.789241636651584644e-01
4.555138925179527121e+00 6.910040238948025326e-01
4.668901937994418105e+00 -4.538830821736212773e-01
3.732102385859729310e+00 -5.933844466594301315e-01
4.406386614790169354e+00 -8.905383458650993900e-01
4.220561059084761091e+00 1.049387680666449552e-01
3.971101485019256305e+00 -2.888103562331681973e-01
4.667844419185452232e+00 3.929875741561342783e-01
4.770845835953826608e+00 2.497166182952896551e-01
4.837695611138107310e+00 2.466882365890350481e-01
5.117649973077250003e+00 3.944135234632139553e-01
5.213386502344560469e+00 -2.202210605665786969e-01
4.482122744392931679e+00 1.864513529853381868e-01
4.589465513040893896e+00 3.415876361634120340e-01
4.326102137228858169e+00 -4.120273734454776848e-01
3.805313125350164860e+00 -2.079870230162677303e-01
4.589004233070562933e+00 8.414989512314470232e-01
4.313147608928844079e+00 1.583203456209133220e-01
5.443181521860781302e+00 -2.534068510780004835e-01
4.252243515338263613e+00 -3.475342872545005620e-03
4.517201693550676467e+00 -1.449056888301399892e-01
4.517299759360613898e+00 1.047489396821592485e-02
4.073854163704718090e+00 -8.917039702495843656e-01
4.315812496478350191e+00 5.626965403407784873e-03
