-0.4738 0.5619
0.5924 -0.0534
1.2640 0.3989
-0.1840 -0.0710
-0.6259 -0.1737
-0.3525 -0.1339
-0.4672 -0.0256
0.9789 -0.6116
0.0540 -0.5110
0.0321 -0.0190
-0.3352 -0.0901
0.2519 -0.3454
-0.7724 -0.5192
-0.1280 -0.4722
0.7568 -0.8876
0.1515 -0.6750
0.0284 -0.1279
-0.3195 -0.7679
0.7366 0.6357
-1.2598 0.8477
-0.3696 -0.0771
0.0072 0.1747
0.4441 -0.2532
0.2079 -0.0405
0.2392 -0.2156
0.2009 -0.0596
-1.2945 0.0674
0.2655 -0.5486
-0.3943 0.3018
0.6871 -0.0191
0.1257 -0.0546
-0.0900 0.0176
0.0546 0.1782
-0.0281 -0.4750
-0.0232 -0.0598
-0.2174 -0.1645
-0.0057 -0.3508
0.0405 0.0421
0.0452 0.1094
0.3035 -0.3553
-0.2145 -0.8773
0.5068 0.6251
0.1700 0.2345
0.2322 -0.6338
0.0674 -0.2392
-0.0849 -0.2541
1.2293 -1.0663
0.5119 -0.0923
0.9387 -0.4822
-0.8570 -0.4993
-0.4350 -0.2854
0.1010 -0.4732
-0.4494 1.5986
0.1346 -0.3529
0.0224 0.2657
0.0690 -0.3419
0.7182 -0.3906
-0.6501 0.0259
-0.0000 -0.0005
-0.3299 1.4251
-0.1146 -0.9314
0.7959 1.2569
0.0803 -0.1142
-0.0846 0.0626
0.0650 0.3446
0.7174 0.0286
0.8331 -0.5355
-0.1957 -0.2282
-0.5599 -0.2798
-1.5618 -0.6172
0.2140 0.0766
0.2407 0.7880
-0.0137 -0.2028
0.0205 0.1587
-0.2341 0.9670
-0.4457 -0.4998
0.2538 -0.3342
-0.3201 -0.2766
0.1704 -1.6013
-0.7826 -0.2670
0.0125 0.0490
-0.4417 -0.6629
0.8842 0.3764
-0.0465 -0.5914
0.7844 0.2228
-0.0060 -1.0872
0.0110 -1.4243
-1.3506 -0.3336
0.3597 0.1717
0.5834 0.2068
-0.0962 -0.2868
-0.3759 0.6660
0.8938 -0.0617
0.1605 0.1770
-0.0989 -0.1232
-0.4833 -0.2475
-0.2239 0.1336
-0.6668 -0.6005
0.8193 -0.9615
-0.0051 0.0308
-0.2443 0.5518
0.9563 -0.4592
-0.1848 -0.6932
-0.0341 -0.1610
-0.2493 -0.9601
0.0624 -0.0363
0.9046 1.1029
0.0718 -0.6388
-0.1143 0.2842
0.2300 -0.1812
0.9658 -0.9707
-0.5238 -0.9934
-0.3130 0.1339
0.5731 0.0375
-0.0084 -0.2106
-1.4692 0.0697
0.2098 -0.8561
-0.0643 -1.0317
-0.0870 -0.7704
-0.0471 0.4867
-0.0654 0.1429
0.0794 0.0920
-0.7931 0.3663
0.2659 -0.4691
0.2081 0.4828
-0.3673 0.1267
-0.9064 -1.4360
-0.0096 -0.0222
-0.1769 -0.1668
-0.0481 -0.3976
-0.1745 -0.2263
-0.1530 0.1240
-0.0431 -0.4958
0.1411 -0.6079
0.2607 -0.2028
0.1208 -0.1610
0.0139 0.5489
0.2232 -0.2753
-1.4680 -0.1634
-0.5839 0.0546
-0.3934 0.4237
-0.0574 0.0059
0.8693 0.5624
-0.1233 0.9564
-0.0943 0.1693
0.3876 0.7192
0.4160 0.5221
0.6155 -0.6737
0.0645 -0.2707
0.2320 0.0213
-0.9000 0.1293
0.0214 0.2680
-0.0996 -0.1999
0.0354 0.0048
-0.5459 -0.0924
0.9191 -0.5885
1.4062 -0.9545
0.3824 0.7872
-0.8041 -0.7598
-0.4460 0.8904
0.0217 0.0305
-0.4853 0.0140
0.0312 -0.0512
0.3093 -0.1737
1.4588 -0.8435
-0.0658 -0.0639
-0.9440 -0.2417
0.2637 0.1407
-0.4530 0.1260
0.3954 -0.2099
-0.2052 -0.2034
0.2261 0.0431
0.0416 0.6945
0.7056 0.0021
-0.2184 -0.8533
1.2110 -1.0892
0.9800 -0.2714
0.1404 0.0125
0.1998 0.2514
-0.0568 0.1973
-0.4517 -0.7945
0.0676 -0.5855
0.1083 -0.0878
0.2842 0.1103
-0.0834 0.1337
0.7480 0.3586
-0.6475 -0.2472
0.3681 0.0542
0.2553 -0.2470
-0.0408 -0.2386
1.4357 -0.7922
0.9179 0.3190
-0.5070 -0.4188
0.5591 0.0950
-0.0152 0.0038
-0.0524 -0.7832
0.1840 -1.2495
-0.7800 -0.0972
-0.0454 0.4589
-0.3971 -0.2163
-0.0549 1.6952
0.0644 -0.3295
-0.0584 0.6739
0.2633 0.0133
-0.0161 0.0144
0.3234 0.5791
0.0609 0.0979
0.8787 0.3178
0.3586 -0.1400
-0.6570 0.2481
0.5878 -0.5913
-0.8115 0.5681
-0.0635 -0.1294
0.4136 -0.4599
-0.0608 -0.1561
0.7661 -0.4271
-0.0748 -0.1386
-0.2757 -0.1788
0.1845 -0.1344
-0.4688 -0.1748
-0.4378 -0.8486
0.1586 0.0381
0.3722 -0.7202
0.0131 -0.0534
-0.1874 0.1486
-1.0987 1.0616
-0.1756 0.1226
-1.3168 0.5532
-0.3788 -0.1144
0.9756 -0.7772
-1.3383 -0.0825
-0.3550 0.5600
0.0485 -1.4952
0.7044 0.5632
0.4058 0.5934
0.1762 0.8713
-0.6674 0.2669
0.4633 -0.4209
-0.1542 -0.4341
0.4710 -0.6059
0.0758 0.3418
0.5095 0.4106
-0.0348 0.1326
-0.8197 0.2595
-0.0301 0.0002
-0.4060 -0.5490
-0.4057 -0.4958
-0.1505 0.4970
0.0043 0.0402
1.1163 0.8973
-0.0776 0.0741
-0.3623 0.2723
0.6281 0.0757
0.0111 0.0028
-0.8923 -0.3501
0.8764 -0.2289
-0.1587 -1.0997
1.6387 -0.2554
0.0335 0.2198
-0.0970 -0.4597
-0.3670 -0.4270
0.1759 -0.7008
-0.2757 0.4032
-0.2225 0.2942
-0.2374 -0.9371
-0.0844 -0.2203
-0.1874 0.0437
-0.3380 1.3824
-0.3159 -0.1312
0.1884 -0.1342
-0.0122 0.0494
0.0404 0.0422
0.9592 -0.1588
-0.5460 1.2344
0.5445 0.5333
-0.3253 0.8910
-0.0820 -0.2618
0.5292 -0.7480
-0.2566 -0.1533
0.4338 -0.0914
0.1317 1.3312
0.5820 0.0488
0.3029 0.0032
0.5800 -0.0045
0.1487 0.2278
0.0751 -1.4500
-0.1950 0.5675
0.5777 0.9242
0.3572 -0.0067
-1.3857 0.2987
0.7492 0.7615
0.2659 0.0264
0.6295 0.5168
0.2457 -0.4957
0.0876 0.0393
-0.8715 1.3505
-0.0984 0.7715
-0.1451 -0.5116
-0.9091 -0.0219
0.1382 -0.2473
-0.1177 -0.3110
0.1596 0.2175
-0.0106 0.2821
-0.5426 0.9160
-0.2179 -0.3500
-0.4122 -0.3775
0.1423 0.1819
-0.2868 -0.6978
0.5180 0.5999
-0.0692 -0.0322
0.1690 0.0968
0.0689 0.2056
0.7252 0.6714
-0.0948 -0.0686
-0.0721 -0.0400
0.2874 0.8333
-0.3627 0.0784
0.2413 -0.5252
-0.1476 0.0957
-0.0175 -0.1280
0.9816 -0.1698
0.6368 0.7625
0.5310 0.6863
-0.0922 -0.2293
0.1361 0.0108
0.1666 0.3463
-0.0194 0.8071
-0.1538 0.2282
0.0034 0.2935
0.0138 0.0511
-0.2462 -0.2854
0.3797 -0.7505
0.2470 1.4754
-0.1383 -0.1777
0.0034 -0.0015
0.0159 0.0496
-0.8558 -0.0013
-0.3664 -0.1601
-0.4759 -0.5822
0.2772 0.6961
0.4087 -0.0182
0.0159 -1.1780
-0.2132 0.2484
-0.0548 -0.9732
-1.0146 -0.4301
0.7038 -0.1122
-0.3462 -0.0382
-1.0096 0.1184
0.0660 -0.2054
0.1501 -0.0816
0.0604 0.0680
-1.3361 -0.7881
-0.1180 -0.4847
0.3937 -0.3132
0.0369 -0.8328
-0.2412 -0.2297
0.2561 0.5608
-0.1986 -0.1116
-0.1976 0.0648
0.3882 0.6533
-0.1920 0.3628
-0.6633 -1.2003
1.5510 -0.1983
0.7519 0.1597
-0.7690 -0.2208
0.3808 -0.2415
-0.8922 -0.2161
-0.5797 -0.4335
0.0265 -0.3767
0.2560 -0.5717
0.2256 -0.6760
0.6124 -1.5552
-0.2156 0.6832
0.0800 0.1135
-0.5199 -0.3372
0.0971 0.1049
0.4239 0.0309
0.5696 -0.7958
0.5717 0.4761
0.0829 0.2320
-0.7491 -0.4543
0.6010 -0.0493
0.1780 -0.0312
-0.1365 -0.8529
0.7945 -0.5742
-1.4907 -0.2867
-0.3385 1.1669
-0.3279 -0.0476
-0.0815 -0.0302
0.5974 0.0193
0.0488 -0.5087
0.4390 0.6120
-0.0355 -0.5693
0.7276 -0.5573
-0.6460 0.6824
0.7786 -0.6207
0.2222 0.2374
0.2795 0.8156
0.0060 -0.0148
-0.0380 -0.1932
-0.1367 -0.2217
0.1775 0.3839
0.1955 0.5922
-0.6049 -0.9989
-1.1932 0.5383
0.2945 -0.1540
0.5141 -0.0957
-0.3778 1.3614
0.2912 0.0527
0.2078 -0.4528
-0.3814 -0.2100
-0.2201 0.2158
-0.3937 -0.4169
-0.4501 1.6171
-0.7254 0.6801
0.6993 -0.2312
-0.2085 0.3402
-0.8282 0.8270
0.7935 -0.3800
-0.4353 -0.2293
0.0608 0.0565
0.9370 0.9391
0.4747 -0.4900
-0.8835 0.1996
-1.5300 0.4571
-0.2425 0.7120
-0.5772 -0.0341
0.0056 -0.0017
0.1998 -0.0560
-0.9577 -0.0689
0.0034 0.0164
0.4081 0.1691
0.8505 0.4892
-0.3252 0.7227
1.1650 -0.0040
1.2240 -1.1791
0.1460 -0.1264
-0.4646 -0.7879
-0.0422 -0.0519
0.4412 -0.7821
0.0287 -0.1068
-0.7390 0.2721
0.4864 -0.1587
-0.8200 0.1925
0.5472 -0.5654
0.3258 0.1625
-0.0048 -0.0092
-0.3950 -0.5970
0.0189 1.1821
0.1244 0.3939
0.5650 0.5936
-0.5525 -0.3015
0.8235 -1.0084
0.5516 -0.7143
0.0323 0.0674
0.1656 0.2212
-0.1119 -0.3573
0.1635 -0.7133
-0.1195 -0.0811
0.2053 0.8599
-0.0866 -0.1888
0.1483 0.4620
-0.0935 0.0109
0.4878 0.6030
0.2415 0.0566
0.3269 -0.3969
-0.0070 0.6766
-0.1426 -0.2226
-0.6851 -0.2380
0.0287 -0.0996
0.3911 0.7512
0.4112 0.0072
-0.1211 -0.4296
0.3637 -0.6803
0.3154 0.1419
0.4393 -0.2447
0.1672 0.5795
0.0744 0.5744
1.4125 -0.1650
0.2130 0.2948
0.3779 0.1863
-0.1882 -0.4966
1.1702 -0.1744
0.4468 -0.4865
0.3191 0.0879
-0.3712 -0.1340
-0.2826 0.3522
-0.1413 -0.0561
-0.1960 0.2891
-0.4598 -0.2835
-0.5868 0.1289
0.2370 0.5190
0.4814 0.2505
-0.4680 0.5365
0.5453 0.7200
0.3349 -0.0907
-0.6610 0.7402
-0.4366 -0.0321
-0.2953 0.9531
-1.5406 0.1915
