1.1822 -0.7673 2.1216
1.7419 1.5425 2.1558
-0.0533 0.0702 0.0898
0.1687 -0.0086 -0.1762
-2.1649 0.8665 -0.2055
-0.1463 -0.3759 0.2233
-0.3063 -0.0755 0.1834
-0.1980 -0.6750 -0.5352
-0.4080 0.6015 1.3293
0.8309 0.0874 2.1854
-0.4691 -0.1947 0.0844
-0.5833 1.7326 -1.6961
-0.8415 -1.1112 -1.2432
0.0944 0.0577 0.1918
-2.6720 0.5832 -1.2190
-0.0364 0.4933 0.4201
0.0932 -0.1716 -0.2388
-0.0611 0.2873 0.5155
0.3611 -0.3203 0.6479
0.2678 0.4959 0.6472
-2.4843 0.4154 1.6830
0.0061 -0.0107 -0.4620
-0.2173 1.3467 -0.6401
0.3256 0.3080 0.0838
0.2972 0.0940 -0.1579
-0.2764 -0.2298 -0.8206
-0.0051 0.0063 -0.4542
-0.9992 -1.7606 1.0798
0.0943 -0.0358 0.0979
0.2238 -0.3805 0.8233
0.1479 -0.0121 0.0268
-0.4072 1.0111 0.2966
-0.0654 0.0808 -0.1621
0.3082 0.1402 0.7792
-0.0631 -0.0799 -0.4143
0.4620 0.4789 0.1495
0.0729 -0.0491 0.4000
-0.4996 0.5632 -0.2277
2.1668 0.8644 1.5115
0.0509 0.0667 -0.0288
0.6116 -0.1885 -0.3034
-0.1540 0.1352 -0.7204
-0.4554 -0.3610 -0.3011
0.5305 0.1140 0.7213
0.6323 0.1794 0.1239
0.0998 0.0163 0.6802
0.5477 0.2594 -0.1250
-0.0356 0.1037 -0.1287
-2.0768 1.3101 -2.0963
0.3377 -0.7864 2.9357
-0.0621 0.0419 -0.4388
-0.3142 0.1292 -0.8470
2.0804 -0.9207 2.1657
-0.0159 -0.0128 0.1278
-0.0536 0.0996 -0.0023
0.9990 1.3061 -2.3984
0.8675 1.4676 -0.5824
0.0197 -0.3904 -0.4280
0.0127 0.0567 -0.0319
-0.0052 -0.5307 0.6182
0.5649 0.1111 0.1657
-0.4086 -0.0666 0.7959
0.0003 -0.0095 -0.0044
0.0742 -0.2117 0.1724
0.7403 -0.2526 0.5726
1.6451 -0.8435 1.1779
0.0136 -0.1093 -0.6487
0.3162 -0.1200 -0.5440
-0.2256 0.0702 0.8876
0.2626 0.8926 0.2179
0.0559 0.0971 0.3279
-0.6116 -0.4766 -0.5782
-0.1749 -0.0993 -0.2701
-0.0340 -0.2481 0.2675
0.1241 0.2035 0.5121
-0.5306 -0.0915 -0.7915
0.3198 0.2307 0.5227
0.1082 -0.2561 -0.0565
-0.3145 -0.1678 -0.5567
-0.2355 0.4888 0.0641
1.2952 0.5704 -0.1463
-0.0412 0.1731 -0.8931
-0.1465 -0.0612 0.8824
-0.3803 -0.8011 0.3458
0.4115 0.4640 -0.2531
-0.0767 0.0031 0.0059
0.4749 -0.2681 0.6696
0.0010 0.0006 -0.0005
-0.2145 -0.1549 0.8272
-0.1625 0.0102 0.4122
0.3041 -0.5150 -0.6235
-0.0540 0.1637 -0.1072
2.1715 0.1688 -2.7194
-0.0152 0.0465 -0.1880
0.0294 -0.0440 0.4860
0.1651 0.0466 0.1271
0.9061 -0.3324 0.2276
0.6205 -0.3327 -0.2050
-0.0294 0.0138 0.0016
-0.1420 -0.0714 -0.3443
0.1072 0.3176 -0.2520
0.1940 0.2727 -0.4029
-0.2806 0.1397 0.3910
0.1356 -0.2907 -0.0394
0.0236 -0.1745 -0.1596
0.0995 -0.2617 -0.2221
-0.0348 0.1130 -0.8990
1.7718 -0.4696 -0.2722
-0.5205 0.5126 0.0373
0.6910 0.0245 -0.4135
0.9045 -0.0033 -1.5300
0.1879 0.1868 0.1015
0.0384 0.4176 -0.7179
0.1212 -0.0648 -0.1533
0.5654 0.1193 -0.7620
-0.0424 0.0449 -0.0354
0.5200 -0.4856 -0.6960
-0.4032 0.1001 0.0046
-0.0207 -0.0028 -0.4647
-0.0921 0.0381 -0.4956
0.0474 -0.1376 -0.3368
-0.5229 0.0951 -0.7308
-0.0577 -0.0234 0.0796
0.0162 -0.0075 0.1584
-0.0053 0.0428 0.1281
0.7358 -0.2915 -0.3076
0.7716 -0.2343 -0.4246
-0.0461 -0.0227 0.1217
-0.4875 -0.0691 0.1832
0.4536 -0.6885 -0.6385
-0.0122 0.0163 0.0173
-0.2695 -0.2034 -0.5187
0.0001 0.0092 -0.0197
0.0249 0.0590 0.0089
-0.2903 -0.1192 0.5845
-0.0021 -0.1649 -0.2165
-0.1321 -0.0180 -0.3746
0.3760 0.0422 -0.6690
-0.1155 0.1971 0.0225
-1.0315 0.5166 1.7490
0.0565 -0.0207 0.1196
0.8697 0.1260 -1.3538
0.1124 -0.3298 -0.2297
0.3216 -1.8200 0.5404
-1.1378 -0.6409 -3.0909
-0.1356 0.6289 0.0802
0.0572 -0.0772 0.9741
1.1261 -0.3637 0.1058
-0.0002 -0.0006 -0.3989
0.2546 0.0501 -0.3461
-0.0445 0.1451 -0.6913
0.3645 -0.7796 0.3440
-0.0391 0.1359 -0.0937
0.2234 -0.0453 0.7769
0.0786 0.2015 -0.6866
0.2829 0.1726 -0.2491
0.2979 -0.1302 -0.6368
-0.6541 0.0080 -0.5055
-0.0296 -0.0262 -0.8932
0.3350 0.2305 -0.0208
0.0023 0.0071 -0.0022
-0.1548 0.3276 -0.5593
-0.0344 -0.1335 0.9904
-0.4335 0.2376 -2.9340
0.0197 -0.0061 0.0648
-0.1265 0.2477 -0.1561
0.3819 -0.2628 -0.0754
0.3085 -0.3260 0.3972
-0.0894 -0.5254 0.5155
0.2097 0.2175 -0.3437
-0.4781 -0.2737 -0.5258
-0.5330 -0.7044 3.1974
0.0928 0.3188 0.0689
-0.3245 -0.7092 -1.6438
-0.2155 -0.8198 -0.4958
0.0024 -0.0018 -0.0252
-0.2593 -0.1140 -0.0270
0.6097 -0.5137 0.2593
0.3999 -0.2234 -0.8138
-0.0179 0.1542 -0.0631
0.1326 0.0699 -0.0238
0.1912 0.2544 0.6889
0.0096 0.0042 0.0133
-0.1280 0.0946 0.5742
-0.2356 0.3027 0.3210
0.4267 0.3022 0.0068
-0.1059 0.2638 -0.2915
-0.3675 -0.0790 -0.1100
-0.0202 -0.0586 0.2590
-0.3411 -0.2304 -0.4044
-0.0855 -0.0855 -0.1814
0.2125 -0.0693 -0.0497
0.8396 0.2393 0.2423
-0.0689 -0.0472 -0.6636
-0.5539 0.0231 0.1022
0.0013 -0.1605 -0.4568
-0.0634 0.1889 0.1101
0.0289 0.0607 -0.0643
-0.2161 -0.0590 0.5647
-0.0657 -0.6480 0.7260
-0.0036 0.1322 0.0074
0.0225 0.0645 0.0328
-0.0275 0.0027 -0.7231
-0.6873 -0.0237 0.0542
-1.9161 -2.1592 -1.6334
1.2505 -1.4285 0.3638
-0.0038 -0.0380 0.0989
0.0240 0.0029 -0.5249
0.0930 -0.1519 0.5166
-0.0049 0.0263 0.8355
-2.6869 0.1332 -0.6618
-0.0647 0.1315 -0.6698
-0.0555 -0.0626 0.6342
0.4405 0.5435 -0.7041
-0.2601 -0.0896 -0.2777
0.3004 -0.2542 0.4904
0.0339 0.0050 0.0671
-1.1797 -1.8785 0.1015
-0.0405 -0.0219 0.1701
-0.8995 0.1434 -0.8848
-0.0851 -0.5961 0.1081
-0.0028 0.0121 0.0137
-0.2990 0.9828 -0.5925
-0.0301 -0.2496 0.3057
-0.3066 -0.2202 0.3968
0.3261 -0.0236 -0.2128
-0.3456 -0.1235 -0.1359
-0.4064 0.0479 -0.0287
-0.0774 0.0841 0.0234
0.1819 0.4077 0.0875
0.2207 0.4887 0.4121
-0.1981 -0.2394 -0.7226
-0.0114 -0.0126 0.0889
0.1266 -0.1005 0.0597
0.0384 0.0726 -0.0635
0.6345 0.0974 -0.1864
-0.6457 0.1796 -0.4180
0.1230 0.0055 -0.1110
0.0504 -0.0131 -0.5016
-0.4430 -0.0452 -0.3818
-2.4254 0.3172 -0.0568
0.3636 0.2997 -0.4739
-0.4003 -0.6159 -0.6147
0.0980 0.0673 0.0273
0.0375 -0.1035 -0.1642
-0.2757 0.3047 0.4124
0.0285 2.4261 -1.7386
0.3467 -0.4648 -0.3331
0.5882 -0.3203 0.5849
-0.0176 -0.0428 -0.1946
4.5642 0.9279 0.2995
4.3971 -0.4236 1.2148
4.0264 -0.1508 0.5612
4.8541 0.2869 0.6495
3.6644 -0.6385 -0.6243
4.4983 -0.0039 -0.0206
4.7905 -0.4843 0.0498
4.5102 -0.1344 0.3629
4.4124 0.3521 -2.1720
5.0608 0.2622 -0.6227
5.3872 1.0717 0.2892
4.5149 0.0588 0.9805
4.4189 -0.1937 0.0742
4.1357 0.2700 0.0924
4.4946 0.2489 -0.4663
4.3569 0.3415 -0.2681
4.8530 -0.1600 0.2875
4.0158 -0.5223 -0.3142
4.5060 0.0040 0.4028
4.5678 0.0406 0.5539
5.0987 0.1643 -0.1640
4.4946 -0.0784 0.6109
4.8856 -0.1109 0.4486
4.7118 -0.5931 0.3535
5.8233 1.0033 0.1879
4.3346 -0.3010 -0.0466
4.1696 -0.1141 -0.6081
4.4402 0.4007 -0.0918
4.6738 -0.0651 -0.3572
6.8344 2.4870 -0.8129
4.0750 -0.5437 0.4892
4.4382 0.0904 -0.0989
4.5672 -0.0742 -0.3196
4.9165 0.3531 -0.2547
4.1358 -0.1089 -0.3163
4.5160 0.2925 -0.4905
4.6952 0.0280 -0.3310
4.5046 -0.5278 0.8063
4.4899 -0.0258 0.0112
6.1056 -0.0117 -1.2689
4.4872 0.1829 -0.6177
4.9565 0.3798 -0.4161
5.1319 0.5332 -0.5609
4.0120 -0.4426 0.2980
4.5635 0.0502 0.0291
4.7407 0.1544 -0.0094
4.5057 -0.0031 0.0191
4.5406 -0.0375 -0.0027
4.4696 -0.0032 -0.0819
4.6140 -0.3672 0.8225
4.7751 -0.2309 -0.4059
4.4567 0.0509 -0.0698
4.2731 0.1695 -0.0877
4.6060 0.1421 0.3190
5.7019 -1.4711 0.0614
4.3610 0.0953 -0.2489
4.2602 -0.3727 -0.8007
4.4507 -0.1739 0.9673
4.5325 -0.0531 0.1768
4.7475 2.2539 1.3095
5.2213 0.0849 0.1351
4.4157 0.1603 0.1051
4.2834 0.0172 0.5100
4.5556 -0.0594 -0.1691
4.1218 0.4990 -0.8843
4.3748 0.0081 -1.6576
4.2203 -0.0071 0.2648
4.3483 -0.7548 0.2563
5.3851 0.1535 0.0025
4.4357 0.1768 -0.0371
4.5659 0.5357 0.8004
4.0777 0.4827 0.6977
4.3881 -0.1177 -0.0160
4.5308 -0.0163 0.0230
4.0791 -0.0037 -0.8732
4.5971 -0.2731 0.5350
4.4200 -0.5217 0.2650
4.3293 -0.3770 -0.8579
4.5069 0.1194 0.0279
4.0278 -0.2442 0.0277
4.4397 0.0163 0.0822
4.6567 0.4705 0.0386
3.9248 -0.3376 0.0345
4.7010 -0.1527 0.4400
4.6559 -0.7826 -0.2261
4.4654 -0.0344 0.0598
4.5397 -0.3389 0.0162
4.2654 -0.3491 -0.0790
4.5187 0.1978 0.2683
4.2750 2.9326 0.2720
4.7941 0.1779 0.2333
4.6304 0.2445 0.0062
4.8031 0.7326 0.2493
4.5006 -0.0129 0.0202
3.9791 0.6139 0.3203
4.6720 -0.0743 -0.3488
4.4622 0.0403 0.0274
5.1088 1.2855 -0.0226
4.4691 -0.0113 0.0168
4.4997 0.0073 0.0166
3.8301 -0.4295 0.4086
3.7965 -0.3032 -0.1402
4.6384 -0.5571 0.2612
4.5432 0.6459 -0.6231
6.0014 0.9259 2.4119
4.4740 -0.0019 -0.0004
1.4265 -0.7635 -0.6697
4.5130 -0.5872 0.5397
4.8901 0.2982 -0.1327
4.7446 -0.2823 0.8031
4.2121 0.0823 -0.3106
3.9456 -0.1820 -0.1997
4.0517 -0.0738 0.1903
4.5235 0.0069 0.1028
4.5540 -0.4523 -0.6430
4.3578 -0.0265 0.8121
4.6575 -0.4252 0.4009
4.5896 -0.2810 0.0278
4.0250 -0.2119 -0.2501
4.7826 0.2645 0.1416
3.9415 0.7423 -2.2646
5.6299 -0.0036 2.2440
5.1858 -0.0127 -0.0750
4.2848 -0.2356 0.1935
4.5232 0.0698 0.4433
4.2766 -0.5947 -0.1199
4.5003 -0.3104 0.6136
4.6794 -0.1230 -0.0081
4.2298 -0.1820 0.4275
4.8136 0.3431 -0.6493
4.4864 0.1303 -0.1849
4.0134 -0.5979 -0.5663
4.6620 -0.1396 0.0288
4.1227 -0.6541 -0.1640
4.5002 0.0148 -0.0174
4.5979 0.0280 -0.1535
4.4953 0.0043 -0.0072
4.5527 0.0141 0.0572
4.3361 0.5948 0.1100
4.6695 -0.2640 0.6494
4.7963 0.1105 -2.5441
4.8803 -0.4935 -0.1561
4.4715 -0.0109 0.2161
4.6105 0.0888 0.0803
4.6134 -0.2125 0.5822
4.5948 -0.0443 0.1796
4.5877 0.3017 -1.0205
4.5803 0.0136 0.0385
4.5094 0.1050 0.0964
4.4579 0.8484 0.2808
4.4810 -0.0316 -0.0447
6.1453 -0.0328 1.5055
4.3525 0.2292 0.0015
5.0913 -0.4155 -0.2862
4.5402 0.9002 0.3705
5.0255 0.0523 -0.0830
4.7415 -0.6060 0.2886
4.5239 0.0465 -0.9588
5.1094 -0.5135 -0.0941
4.5872 -0.6543 -0.2303
4.5653 -0.5779 0.3096
4.5983 -0.0529 -0.1062
4.5000 0.0001 0.0000
3.8789 -0.0576 -0.0384
4.6863 -0.5062 -0.4544
4.3084 -0.3026 0.2460
4.3133 -0.4445 -0.4722
4.5297 0.0068 0.5792
6.1260 -0.8622 2.7130
4.3791 -0.1695 0.2837
5.0565 0.1805 0.9479
4.8297 -0.5215 0.2614
4.5322 -0.0085 -0.4472
5.3976 -0.3112 1.4870
4.0710 -0.4679 0.3639
4.1380 -0.0829 -0.5421
4.4224 0.1410 0.3887
4.4334 0.0146 -0.0344
4.5988 -0.0300 0.3468
4.6440 -0.0509 -0.1268
4.1369 -0.0017 -0.9034
4.6964 -0.0494 0.6240
4.7275 0.2522 -0.2176
4.4351 0.1865 0.3459
4.5595 0.1106 0.8710
4.0923 -1.6186 2.6183
4.4133 -0.0089 -0.1535
4.2417 -0.3391 -0.1282
4.4564 0.5002 -0.7216
4.4050 -0.0686 0.1381
4.5167 -0.0417 -0.0956
4.1228 -0.4935 -0.5032
4.5417 -0.1075 0.3559
5.1420 0.9056 2.4258
5.1603 0.3945 0.4926
4.4994 -0.0049 0.0046
4.4917 -0.0026 -0.1907
5.3653 0.8665 -3.1648
4.4431 0.0695 -0.0798
4.3409 -0.3464 -0.0454
4.7138 0.0052 0.4333
5.1525 0.3411 -0.4762
4.5072 -0.1922 0.5130
4.3589 -0.4059 -0.6811
4.6091 0.3036 0.3407
4.0213 0.2392 -0.4992
4.7179 -0.5637 -0.2202
3.9220 0.2415 -0.7246
4.5545 0.0910 -0.0334
5.3690 -0.0697 0.0822
4.2604 0.4261 -0.3333
4.4808 0.1330 -0.8824
3.9598 2.8609 -2.2203
5.0256 0.1610 -0.6854
5.5102 -0.1775 -1.7642
3.7959 0.2173 0.4633
3.8077 2.6766 2.2370
4.2639 0.4814 0.2280
4.6284 0.0354 0.0041
4.4089 0.3078 0.0726
7.7666 -0.8956 0.8834
4.3713 -0.2889 -0.1042
4.4147 0.1912 -0.2900
5.3674 -0.1106 0.3943
4.5198 0.1866 -0.8458
4.1247 0.6165 2.1927
4.2551 0.3035 0.7390
3.6222 -0.3835 0.2842
3.1405 0.6313 2.1822
3.8022 0.3622 -0.4171
4.0356 1.1931 -0.0541
3.3065 0.2789 1.4402
4.7140 -0.1997 -0.1623
4.1124 -0.4065 0.3158
4.4932 -0.1864 -0.1976
4.5105 0.0070 -0.0889
4.0525 -0.0443 -0.1064
5.1771 -0.2241 0.3574
4.3810 0.2299 0.4415
4.3353 -0.0757 -0.1465
4.6020 0.3745 -0.1857
4.4437 -0.2410 0.2029
4.5445 -0.0265 0.2000
4.4707 -0.0688 0.1303
4.4966 0.0063 0.1196
4.0140 -0.4384 -0.1289
4.7036 0.1922 0.1585
4.4539 -0.0234 0.0812
6.3621 0.1433 0.1328
4.2924 0.6627 -0.7079
