-0.7271 -0.3998
0.0377 -0.2882
-0.9610 2.1645
-0.1125 -0.1047
1.0741 -0.9330
-0.7360 0.2976
0.0462 -1.2843
1.4148 1.5366
-0.3154 1.3990
0.5743 0.1936
-0.0157 0.9275
-2.0149 -2.2805
1.8345 0.2121
0.3129 0.6929
-0.9759 -0.1951
0.7169 -0.4199
-0.4633 -0.3931
0.0554 0.0866
-1.1083 -1.1313
-0.3012 -0.0276
-0.0551 0.3066
-0.0043 -0.0254
0.0003 -0.8989
0.8333 0.5008
-0.3420 0.5886
-0.6189 0.2263
0.5781 -0.3626
-0.0329 0.7148
0.4356 0.2341
-0.0117 0.0103
0.0163 -0.2299
-0.3698 -0.2100
-0.6975 0.1167
1.9556 0.5763
-0.1988 -1.4522
-3.2835 0.2477
0.0461 0.6739
0.0247 -0.0065
0.0054 0.0716
-0.1215 -0.2630
0.0761 0.1146
0.1246 0.1276
-0.7650 0.0591
0.1338 -0.4652
0.0037 0.1566
0.2062 -0.3663
-0.0124 -0.0006
0.0273 -0.7743
0.2827 -0.3024
-0.4752 -0.1051
-0.2326 0.3704
0.3053 -0.5711
0.1321 -0.8547
0.4225 0.5111
1.5670 0.2033
-0.1640 0.1114
-0.4716 -0.5067
1.1072 -0.4325
0.4681 0.7731
-0.8561 -0.2765
-0.9379 -1.7611
-0.0935 0.1972
-0.8324 0.4335
-0.2734 -0.0100
0.3106 -0.2290
-0.4033 0.0247
-0.0033 -0.0030
0.6206 0.7074
0.0697 0.5579
-0.3563 0.6783
0.1743 0.3896
-0.2652 -0.3322
0.1220 0.8445
0.7273 -0.4576
0.6875 -0.3564
0.4999 0.7727
0.7903 0.4239
0.0908 -0.4029
0.3713 -0.0443
0.2042 0.5118
0.7299 -0.3414
-0.4052 0.1187
0.0881 0.3672
0.1733 -0.5890
0.0939 0.2660
0.4834 -0.3998
0.7444 0.2954
-0.1586 0.4102
-0.9414 0.2454
0.3722 0.7954
-0.6662 0.3270
0.7770 -0.4019
0.0805 0.1220
0.2878 -0.1948
-0.0938 -0.6104
1.8989 -1.3625
0.0514 0.0829
-0.3660 -0.1944
0.4050 -0.1796
0.1509 -0.6701
2.8992 -1.9493
4.8178 -0.0992
5.6237 -0.7259
5.2661 -0.1658
5.4121 0.1173
4.9242 -0.5984
3.8862 0.3869
4.8590 0.5103
4.3231 -0.0356
5.1737 0.5629
5.3090 0.4692
5.4547 0.0774
3.7116 0.5690
4.2542 -0.1567
4.2384 -0.0911
3.8029 0.3480
5.1993 0.2184
7.0253 0.6552
6.1568 2.6453
4.4597 -0.0649
4.4458 0.0346
2.5194 -1.0463
4.3699 0.2439
5.1463 0.0065
4.6155 -0.1693
5.4443 0.3090
4.1099 0.3784
4.9858 -0.1312
4.7843 -0.1309
4.1243 0.4884
4.3926 -0.2444
4.0177 0.6759
4.3701 -0.5670
4.8716 -0.5195
4.5556 -0.8531
3.8839 0.2675
4.5231 -0.2235
4.8802 0.0934
4.9621 -0.0891
4.3588 -2.1124
4.9898 -0.2227
5.9142 -2.5665
4.1818 -2.5328
4.6024 0.1620
4.8734 0.4516
4.0123 -0.2310
4.7604 -0.8238
3.8210 -0.1199
4.7063 0.1031
4.4925 -0.2687
3.7880 -0.5343
4.2691 -0.2058
4.8333 -0.1203
4.2486 -0.5601
4.2887 1.7265
4.2097 0.1591
4.7911 0.5537
4.9746 0.6658
4.1740 -0.1149
4.3291 -0.1059
4.5715 -0.0273
4.4993 0.0029
3.6550 -0.2319
5.0017 -0.4955
5.2251 -0.3203
4.3849 -0.2523
4.9082 0.1925
4.8478 1.1558
4.1499 -0.2412
4.3033 -0.5296
4.4364 -0.0505
4.6292 0.5064
4.6597 -0.1457
4.5656 -0.6989
4.2736 -0.4528
4.8639 -0.0983
6.6865 -0.1427
4.6738 0.0238
4.4603 0.0697
4.1725 -0.3733
2.7128 -0.7276
4.9521 0.0619
4.6406 -0.2313
4.7093 0.3655
4.5981 0.0512
4.3366 0.5413
3.5515 -0.2998
4.3058 -0.1726
4.8384 -0.1285
4.6515 -0.1759
4.0740 0.1250
4.4724 -0.0185
7.4188 -0.3977
4.6620 0.2704
4.6252 0.3714
4.2468 -0.2974
4.6027 0.4978
4.9649 -0.6115
5.2569 3.6032
5.7007 2.2257
