0.3764 0.0640 -0.5481
-0.2379 -0.2725 0.1128
0.5418 1.1106 2.1163
-0.7003 -0.1137 -0.0171
-0.2497 0.4210 0.6823
-0.3257 0.0714 0.8136
-0.9003 0.0069 -0.3551
0.1476 -0.2073 -0.8673
-0.0043 0.2206 0.0194
0.3361 0.5355 -0.6973
-0.0129 0.0247 -1.4746
0.0816 0.0215 0.0418
-0.3035 0.5349 -0.0491
-0.1920 -0.3949 -0.5552
0.0873 -0.0020 0.1321
-0.0516 -0.1069 0.2177
-0.0467 -0.0212 0.0705
0.4089 -0.1028 0.2156
-0.3622 -0.5012 0.3931
0.6437 0.4259 -0.1908
0.5418 -0.2960 0.7709
-0.0025 -0.0019 -0.1003
-0.2358 -0.3165 0.6094
0.0197 -0.0523 -0.8409
-0.6052 0.1503 -0.5337
0.3444 0.4224 -0.2543
-0.1843 0.0397 -0.0201
-0.1654 0.2100 0.6105
0.5651 -0.5398 0.3837
0.2968 -0.3280 -0.2980
0.0546 -0.1073 0.1133
0.0856 0.0663 -0.3852
-0.2184 -0.7858 -0.5158
-0.1527 -0.0971 0.4596
-0.1244 -0.2116 0.2970
0.4861 0.2333 -0.2871
-0.2432 0.1390 0.5659
0.4123 -0.3426 -0.2847
0.5202 0.6493 0.1507
0.1056 0.0123 0.3991
0.0057 0.1037 0.4193
-0.2075 -0.2891 0.5224
-0.1268 0.4695 1.7124
0.0962 -0.1363 -0.0266
0.0201 0.4458 2.3433
-0.5651 0.7072 -0.0967
0.0387 0.0601 0.1498
-0.0379 -0.0014 0.2292
-0.0051 -0.0140 -0.0335
-0.1957 0.0612 0.0050
-0.0231 0.2484 0.4388
-0.0571 0.0798 -0.1000
-0.3276 -0.0601 0.3113
0.0249 -0.0701 -0.2768
0.0004 -0.0061 0.1020
-0.6346 -0.0500 0.6201
-0.0016 0.0002 0.0054
0.0146 0.0007 0.8376
0.1550 -0.0965 0.5447
-0.1767 -0.2320 0.1913
-0.1830 0.2118 0.0093
0.4523 0.0648 0.0801
-0.0371 0.0211 0.8889
0.1282 0.0307 -0.1631
0.0360 0.2733 0.1656
-0.0651 -0.4600 0.2964
0.0012 0.0058 0.0036
0.0340 0.1356 -0.2732
-0.2175 0.3682 0.1950
0.4704 0.4109 -0.5716
-0.1268 0.1582 -0.4724
1.4236 -1.0883 2.1767
0.0007 -0.4247 0.6889
-0.6305 0.2256 -0.4901
0.6409 -0.2503 0.1498
0.1800 0.4951 -0.1988
0.1254 0.0548 -0.2545
-0.0334 0.1577 -0.3056
0.0631 0.2883 0.5692
-0.3828 -0.0419 -0.8119
-0.0263 -0.1001 -0.2139
0.0836 -0.1868 0.1712
-0.4696 -0.5776 -0.6456
0.1477 0.0134 0.5264
0.1168 0.1405 0.0911
0.6400 -0.2088 0.1001
-0.4957 0.1355 0.6436
-0.1868 0.0866 0.7007
0.2498 -0.1384 0.0753
0.3555 0.5124 -0.4881
-0.0464 0.1144 0.8118
-0.0083 0.0142 0.0817
-0.2756 0.0441 -0.3255
-0.0522 -0.0533 0.0306
0.0400 -0.0671 -0.9081
-0.5351 0.5659 -0.4294
-0.0350 0.0408 0.1982
0.3937 -0.2550 -1.3587
-0.4425 0.1505 0.5695
0.0560 0.0971 0.1812
0.0151 0.0090 -0.2741
-0.2278 -0.3449 -0.6583
0.0025 -0.1064 0.1886
0.1075 0.0389 0.3236
-0.1494 -0.0761 0.2443
1.0758 0.8461 1.1637
0.0844 0.7760 -0.5651
-0.2755 0.4661 0.2384
-0.0430 -0.0980 -0.8442
-0.0793 -0.1197 0.4189
-0.1956 0.4987 -0.3513
0.2291 -0.9915 1.4233
-0.1376 0.1901 -0.7488
-0.7324 -0.1532 0.0431
0.0345 -0.0372 0.1412
-0.7124 0.1235 -0.4127
-0.6771 -1.4266 -0.1406
0.2240 -0.4809 -0.0666
-0.3854 0.6447 -0.2762
0.0562 -0.0076 -0.0293
-0.0507 0.2088 0.7825
-0.6690 -0.6616 0.2764
0.1853 0.3310 -0.8890
-0.0175 0.1176 0.4393
-0.0370 -0.0058 0.0979
0.0365 -0.1546 0.2961
-0.0281 -0.0230 -0.0470
-0.5807 -0.1706 -0.2313
0.7474 0.0987 0.5227
-0.4513 0.0768 0.7070
0.1632 -0.6069 -0.4642
-0.0073 0.2081 0.1475
0.7464 0.3801 -0.2600
-0.0827 0.0190 -0.2300
0.0443 0.3900 -0.2901
0.2337 0.3167 0.6689
-0.0159 0.0682 0.2284
0.1322 -0.2265 0.4414
-0.1983 -2.4038 -1.2273
-0.0057 0.0049 -0.0785
0.4191 -0.2933 -0.3029
0.0337 -0.4324 0.1725
0.5953 -0.0410 -0.6375
-0.6731 -0.2965 0.1133
-0.0106 -0.0556 0.0015
-0.1033 0.1454 -0.0799
0.0171 0.0870 0.0590
-1.2404 -1.3174 1.2514
0.3578 -0.6545 0.5824
0.8426 0.0521 -0.0786
0.4869 0.5931 0.3079
-0.6557 0.2411 -0.5063
-0.0607 -0.0759 0.3172
-0.0044 0.0046 0.4665
-0.2405 0.2292 0.1998
0.0532 0.1140 -0.8410
0.3990 0.0865 0.1826
0.4975 0.9500 -2.3975
-0.1609 0.1030 -0.3347
-0.0579 -0.4170 0.7056
-0.3493 -0.1854 0.3005
-0.0015 0.0191 0.7235
0.0081 -0.0456 -0.0522
-0.4283 -0.2703 -0.0864
-1.5056 -0.3568 1.8035
0.1725 0.0890 0.1965
-0.0303 -0.0322 0.2609
0.1738 0.2377 0.7348
0.1585 0.0897 -0.4258
-0.4057 -0.1550 0.0046
0.0892 0.1303 -0.8403
-0.0218 -0.1363 -0.0361
0.4672 0.0671 0.2102
-0.0516 0.0940 -0.5802
-0.0453 -0.0125 0.0415
-0.0386 0.1100 -0.0535
-0.3722 0.0366 -0.5743
0.2297 -0.3735 0.0341
0.0227 0.1091 -0.4397
-0.0603 0.5977 -0.7696
0.4546 -0.0472 -0.1613
-0.2524 -0.1963 -0.2665
0.0468 0.1354 0.6709
0.0404 -0.0010 0.2453
0.1543 -0.5763 0.0321
-0.1903 0.1605 -0.6738
0.0293 0.0046 -0.1269
-0.0002 -0.0515 0.0977
-0.1371 0.4553 -0.4766
-0.5649 -0.1008 -0.2184
-0.0758 0.0822 0.4853
-0.2594 0.3043 0.5772
0.0772 -0.0658 -0.8375
-0.1358 -0.1077 0.8422
-0.0264 -0.2741 0.1810
-0.8389 -0.2953 0.0482
0.3561 0.3963 -0.3807
0.3221 -0.3445 -0.4366
0.4564 -0.1853 0.2898
0.0048 0.4112 0.6933
-0.0163 -0.0037 -0.4995
0.3275 -0.5520 0.1263
-0.1921 -0.0024 -1.1876
0.1796 -0.1348 0.4050
-0.1068 0.1464 0.0950
-0.0476 0.2705 -0.1466
-0.1797 -0.3622 -0.2278
0.2950 -0.6809 -1.1207
-0.1029 -0.0343 0.7169
-0.2087 -0.4021 -0.1990
0.1519 -0.2109 -0.3257
-0.1180 -0.1352 0.9413
0.0867 0.0537 -0.7474
-0.4745 0.6363 1.0876
-0.4752 -0.1211 -0.0768
0.2087 -0.0183 0.2469
-0.0967 0.5816 -0.3841
-0.2504 0.6077 -0.0046
0.0075 -0.2065 -0.9186
0.0240 0.0815 0.2126
0.0234 0.0524 0.1195
-0.0199 -0.5040 0.0318
-0.5847 0.0555 -0.2233
0.1160 -0.3700 -0.3986
-0.0036 0.0021 -0.0039
-0.0233 0.7411 0.4351
-0.3063 -0.4197 0.8540
-0.1872 -0.2370 -0.1869
-0.2741 -0.1215 0.4671
-0.0207 0.1948 -0.2100
-0.0653 -0.0005 -0.1225
-0.0116 -0.0039 -0.0522
0.1294 -1.1150 0.0788
0.5484 -0.6807 0.2653
-0.0160 -0.0004 -0.8113
-0.0367 0.3039 -0.1756
-0.2031 0.2745 0.3409
0.0872 -0.2165 -0.0404
0.3813 -0.1074 0.0149
-0.2208 -0.0790 0.4110
-0.0889 -0.1179 -0.2230
0.2118 0.3680 -0.0840
0.0429 -0.3861 0.4092
-0.0071 -0.0044 0.0067
-0.7840 0.5589 -0.1466
0.1909 0.2622 0.4447
0.0096 -0.0067 -0.2144
0.3689 0.3188 -1.5514
0.3255 0.3378 1.3227
-0.4298 0.4900 -0.2171
-0.3457 0.3252 -0.4459
-0.2430 0.0024 0.2372
-0.4955 0.3863 0.6534
0.2688 -0.3706 -1.5304
-0.0333 0.0135 -0.5367
-0.3779 0.2621 0.6862
-1.4158 -1.1832 1.4196
0.2963 -0.4202 0.4965
-0.5772 0.1053 0.2767
0.2848 -0.0057 0.6799
0.0025 -0.0568 -0.9337
-0.2875 0.7577 0.8812
-0.0088 0.0007 0.2583
-0.0959 -0.0175 0.0928
0.1045 0.2631 0.0760
0.5937 0.2524 0.6215
0.2697 -0.3297 -0.3666
-0.5629 -0.5563 -0.5447
-0.4455 -0.4139 -0.7054
-0.2718 -0.1099 0.0235
-0.1400 -0.0701 0.8599
-0.0038 -0.4708 -0.6472
-0.5473 0.1868 -0.2132
0.1900 -0.4426 -0.6233
0.2057 0.1161 -0.7572
-0.8120 0.2386 0.4958
-0.7358 0.3765 0.0740
0.0012 0.0521 1.7061
0.5050 0.1286 -0.0449
0.0819 -0.0160 -0.8239
0.0704 -0.5268 0.4282
0.0393 -0.0564 0.1471
0.5857 -0.6368 -0.3854
-0.3940 0.8591 -0.0145
0.2538 2.1081 -1.4944
-0.3215 -0.0485 -0.6107
-0.5116 -0.1731 0.7887
-0.1324 -0.0204 -0.3631
-0.1249 -0.5648 -0.7062
-0.0425 0.0011 0.1685
-0.0011 0.1159 -0.0294
-0.0608 0.1642 0.0770
0.0399 -0.0247 -0.5018
0.0194 0.0184 0.0104
0.0061 -0.0066 -0.1788
-0.0498 0.0934 0.3848
0.0005 -0.0002 -0.0016
0.0450 0.2862 -0.5445
0.3511 0.0062 0.4574
0.0296 -0.0267 -0.0187
0.1411 -0.1094 0.0578
0.6659 -0.2015 -0.5505
-0.1262 0.3237 0.6017
0.0003 -0.0730 0.1563
0.1588 0.1092 0.5565
0.0153 -0.0169 0.8232
0.2483 0.0488 -0.2401
-0.6994 1.8436 0.1077
0.2383 0.2135 0.1277
0.1406 -0.1950 -0.0643
-0.7986 -0.2070 -0.3320
-0.0290 -0.2043 -0.4418
-0.1200 0.3657 -0.3076
-0.3760 0.5815 0.2185
-0.1427 -0.0600 0.3011
-0.2064 -0.1497 0.9594
0.4091 0.1900 0.3501
-0.5667 -0.2331 -0.0471
0.0187 0.0132 0.0048
-0.9671 -0.5245 -0.5994
-1.7369 -1.7512 -0.8200
-0.2851 -0.3099 0.6023
0.0955 0.4322 -0.3215
-0.1852 0.6342 -0.2869
-0.8162 -0.0923 -0.3904
0.1473 0.0028 -0.3624
-0.1526 0.4989 0.2781
-0.2953 0.3355 -0.3580
-0.5542 -0.2873 0.1137
0.0694 0.0119 0.0294
-0.0749 -0.0149 -0.2146
0.0599 -0.2249 0.7665
0.4843 -0.6366 2.7925
0.1336 -0.0514 0.4271
0.2826 0.1529 -0.1328
-0.3374 -0.3193 -0.5207
0.5230 0.3933 -0.4734
0.1927 0.0557 0.6520
-0.0166 0.0387 -0.1036
0.0582 0.1707 -0.0772
-0.0273 0.0141 -0.1378
0.0251 0.3548 0.6672
-0.3964 0.1426 -0.6384
0.4537 0.1559 0.4270
0.3169 -0.2519 1.6789
-0.2132 -0.1646 0.4952
0.1073 0.5097 -0.1866
0.5874 0.0266 0.0734
0.0416 -0.0429 -0.0134
0.0303 0.0185 0.8079
0.2428 0.0246 -2.2094
0.0180 0.0482 -0.5468
-0.0750 0.5640 0.3636
-0.0084 0.0164 -0.1441
1.9925 -0.8187 -1.0561
-0.1061 0.0987 0.3884
-0.0231 -0.7992 -0.4510
-0.0553 0.0296 -0.0742
0.0167 0.0524 -0.4783
0.2458 -0.2970 -0.6689
0.1588 0.1209 0.2330
-0.0081 0.1357 -0.2435
0.0999 0.3343 -2.6175
-0.1760 -0.1187 0.6501
-0.1859 -0.1695 0.8892
-0.0345 -0.0364 0.1558
0.2098 0.3637 -0.1506
0.1578 0.0829 0.2306
-0.2416 0.2223 0.1031
-0.1643 -0.2988 -0.0888
0.0054 0.0121 0.3394
-0.6618 -0.5316 -1.8463
-0.1943 0.1001 -0.2997
0.1304 0.0806 -0.0174
0.0627 0.0009 -0.2369
-0.3960 0.2288 0.2030
-0.3459 0.3279 -0.6188
-0.0023 -0.0007 0.0068
0.1034 -0.0185 -0.4005
-0.3687 -0.0605 -0.0225
0.2565 0.2970 -0.8513
-0.2425 -0.6903 -0.1020
0.2816 -0.0631 -0.0517
-0.0100 -0.0081 -0.7605
0.0857 -0.0285 0.2399
-0.5776 -0.6290 0.3528
0.4743 0.1839 0.4036
0.1602 0.1178 -0.1295
0.4899 1.4433 0.9346
-0.0738 -0.1340 -0.4377
0.0972 0.0199 0.1098
-0.4213 -0.4009 0.2218
0.1971 -0.0889 0.0958
-0.0087 -0.0421 0.4609
-0.1525 0.6369 0.2053
-0.7113 0.3718 0.3515
-0.3891 -0.1338 0.2674
0.1992 0.3847 0.2978
0.3343 -0.0787 0.6721
-0.0198 0.0178 0.0022
-0.0688 -0.0202 -0.0890
-0.2976 -0.1264 -0.9322
0.2657 -0.0674 -0.1352
-0.0127 0.1225 0.0168
-0.4045 -0.1381 0.4434
-0.1266 -0.9397 -0.8142
0.0641 0.1417 0.5315
0.2508 0.1386 -0.8238
0.2635 -0.1109 0.0389
0.3846 -0.0499 0.3883
-0.4443 0.6285 -0.3404
0.2655 0.2161 0.1218
0.0819 0.1222 1.5125
0.0030 0.0083 -0.5648
-0.0372 -0.9085 0.7652
-0.7606 0.1314 0.2463
0.0803 0.0662 -0.0562
-0.1490 0.3903 0.1360
0.1481 0.6961 -3.1126
-0.0017 -0.0839 -0.7099
-0.4398 0.0435 -0.2232
-0.2044 0.1256 0.5598
0.0046 -0.0670 -0.0816
-0.0362 0.1077 -0.7367
-0.6049 0.4739 -3.0346
0.0179 0.0488 0.0539
0.0275 0.0300 -0.0797
-0.0303 -0.0335 -0.3341
0.0757 -1.8182 -1.9992
-1.7248 1.5202 2.1766
-0.3032 0.0729 0.0727
0.6203 -0.1350 -3.0336
2.4571 0.3888 -1.9444
-0.0031 0.0227 0.1673
-0.0010 -0.0075 -0.0004
0.1546 0.1087 -0.4092
-0.0780 0.3940 0.3438
-0.0023 0.0346 -0.1002
-0.3355 -0.3197 -0.3204
-0.1326 0.1189 -0.4697
0.2663 0.3918 0.7778
-0.1890 0.5285 0.4049
0.1528 0.0336 0.1972
-0.0270 -0.0616 -0.7080
-0.1773 0.2863 0.4561
-0.0313 -0.5194 -0.2506
0.0239 0.0039 0.8302
0.1710 -0.6738 0.6045
-0.4803 0.3618 -0.0261
0.0026 -0.0014 0.0720
0.1116 0.0241 0.0452
-0.5378 0.2120 0.4514
0.5047 0.3479 -0.6759
-0.3074 -0.7089 0.2434
0.1918 -0.1760 0.6988
-0.2938 -1.1520 0.4500
0.1234 0.1854 -0.9019
-0.5993 0.8813 -0.1219
-0.0739 -0.1542 0.6702
0.0778 0.4060 0.7104
0.0023 0.0007 0.0061
0.1970 -0.2416 -0.9273
-0.6693 -0.0474 0.4718
-0.0476 -0.0163 -0.2298
0.3202 0.6663 -0.7316
-0.8296 -0.1590 0.1347
0.1093 0.2238 -0.1767
-0.0592 0.0140 2.0826
-0.1720 -0.1833 -0.2820
-0.0239 -0.2740 0.0006
0.3091 0.3470 0.3528
-0.3483 0.0809 -0.3850
1.8788 0.6448 -2.3380
0.3617 0.0326 0.7993
-0.4209 0.1330 0.7183
-0.0739 0.2159 -0.3133
-0.0529 0.0973 -0.1343
-0.2485 -0.0929 0.9187
0.3596 -0.0075 -0.3370
-0.0662 0.2311 0.0171
-0.0485 -0.3339 -0.1664
-0.2885 0.7341 -0.3404
-0.2920 0.0874 -0.8805
0.1490 0.5607 -0.1036
-0.6916 0.4178 -0.3813
0.1614 -0.2405 0.6504
0.3222 -0.0243 -0.3581
-0.0603 0.2511 -0.1066
-0.0758 -0.0277 2.7772
0.0293 0.0323 -0.5680
0.0769 -0.0640 -0.9235
-0.5167 -0.1863 0.2100
0.2553 -0.5610 -0.1637
0.5743 -0.2458 -0.2929
0.3727 1.2947 -0.2178
0.0254 0.1156 0.6668
-0.3136 0.2123 0.0085
0.0254 0.1208 -0.5180
0.0754 -0.1992 0.1422
0.4181 -0.0022 0.6315
