-0.1138 -0.4627
-0.1102 0.3785
-0.2249 0.0589
-0.5755 0.2238
-0.1614 -0.5324
1.0578 0.3771
0.5559 -0.2495
0.2307 -1.1592
0.4909 -0.4199
-0.0421 -0.1486
-0.0423 0.3355
0.0102 0.0122
-0.3776 -0.6014
0.5067 0.4087
-0.5060 -0.6569
0.0723 0.0904
1.0250 0.1825
0.2644 1.0990
-0.1263 0.9685
-0.0352 -0.1023
-0.4128 0.6887
0.1032 -0.0225
0.4993 -0.2786
0.1263 0.1512
0.1830 0.7494
0.0081 0.1069
0.0741 0.0412
-0.0304 -0.7324
-0.6689 -0.3048
0.0631 0.1669
-0.4057 -0.7779
-0.0569 -0.0182
-0.6317 0.0377
-0.0387 -0.6987
0.0136 0.1401
-0.8002 -0.4345
-0.1858 -0.5066
0.9411 0.2244
0.0196 -0.0087
-0.6190 -0.7458
-0.3717 -0.7235
-0.0547 -0.1092
-0.2713 0.2582
0.1832 1.0780
-0.9184 0.5049
0.1149 0.0209
0.0859 0.4159
-1.1170 -0.1718
0.0243 -0.7308
0.0515 -0.3406
-0.2319 -1.0901
-0.0601 -0.5612
-0.1381 -0.0167
-1.1217 0.0144
-0.8273 -0.1406
-0.3525 0.9846
0.0092 0.6671
0.7437 0.3696
0.4756 0.0471
-0.3323 -0.3736
0.2177 0.1763
-0.7076 -0.1422
-0.0182 -0.0516
0.1732 0.5472
0.2298 -0.0973
0.4952 0.5356
-0.5171 0.7853
0.5619 -0.5919
0.3308 0.2033
0.0324 1.0963
-0.1015 -0.2526
0.4083 -0.5940
0.4089 -1.0802
-0.0170 -0.5564
0.1251 -0.1369
-0.0204 0.0044
0.6525 -0.3312
-0.0687 0.6518
0.5868 -0.1758
-0.3867 0.1237
-0.9182 0.6782
0.4327 0.8271
0.1460 0.7351
0.0853 -0.0681
0.4075 0.7609
-0.5253 0.9434
0.9721 0.5311
-0.0829 -0.7022
-0.7201 0.1866
0.0970 0.1115
-0.1643 0.6750
0.0554 0.0064
0.1090 -0.7413
-0.7547 -0.0120
-0.1416 1.0122
-0.4170 0.1369
-0.2852 -0.4141
0.0306 0.0431
0.1406 0.4598
0.0105 0.9268
2.1473 0.0594
2.2063 0.1765
2.7439 -0.2481
2.3318 0.0009
2.9857 -0.1077
2.2757 0.0047
1.6310 0.8220
1.8352 -0.3553
2.7240 0.8450
1.7204 0.6524
1.1569 0.0801
1.8068 -0.1353
2.9303 -0.7071
1.5168 -0.3102
0.9884 0.2914
1.5324 0.3001
1.8965 0.0093
1.8046 -0.2471
1.9320 -0.6048
2.7004 0.2470
1.7869 0.6493
1.9528 0.5494
2.2042 1.1688
1.5292 -1.1002
1.6648 -0.0561
1.8272 0.4207
1.9282 -0.1619
1.7398 -0.5365
2.0430 -0.0671
2.3396 0.4807
2.4276 0.4062
1.9912 -0.1475
2.2761 0.8632
1.6564 -0.2128
2.5250 -0.3284
1.5388 -0.8502
1.2452 0.4548
1.9472 -0.4980
1.6623 -0.3595
1.3949 -0.0471
2.4054 0.3333
2.1262 -0.9113
1.4261 -0.7070
1.9350 -0.4054
1.7708 0.4474
2.4537 -0.5249
1.1168 -0.2499
1.9150 -0.0637
1.4707 -0.4721
1.4443 0.5023
2.3353 -0.5411
2.9994 0.0931
1.5733 0.8669
2.0484 0.5953
2.0943 -0.5883
1.9544 0.4043
1.6883 0.8035
1.9862 -0.0049
2.9580 0.3690
1.7752 -1.1319
2.0879 -0.1844
2.5431 0.1651
1.6893 -0.1144
1.5122 -0.3765
2.0614 0.8205
2.2333 1.1023
2.1470 -0.0821
1.3006 -0.9100
1.6271 -0.6114
1.3338 -0.2294
1.2288 -0.5711
2.0961 -0.0409
2.1028 -0.2327
2.0082 0.0399
2.2644 0.3334
1.5054 -0.2414
2.6188 0.0945
2.3376 -0.2706
1.8005 0.1057
1.6604 0.0738
1.6902 0.4993
1.8556 1.1627
2.6654 -0.3655
1.7989 -0.6010
0.8846 -0.1147
1.9825 -0.0076
1.9239 0.6962
1.9899 -0.0529
1.9899 -0.0227
2.1604 -0.6192
2.0308 0.3416
2.6209 -0.9063
2.5722 0.7771
1.7661 -0.4221
2.2463 0.6831
2.2018 -0.3483
1.6801 0.2828
1.6294 -0.0140
3.0963 -0.2900
1.8732 0.0323
