-0.6555 0.6875
1.1630 -0.0141
-0.8411 -0.4648
-0.1446 -0.3876
0.5398 0.5558
-0.1955 -0.3625
0.1442 0.0661
-0.5785 0.7803
-1.4686 -0.2861
0.2572 0.0451
0.0596 0.2472
0.0075 -0.0069
0.0660 0.0867
-1.1205 0.6061
0.3317 -0.4319
-0.0493 0.0340
-0.6690 -0.5641
-0.0080 0.1400
0.4476 0.4118
-0.1411 0.1571
-0.0013 -0.0031
0.9520 0.1261
-2.7567 1.2670
-0.4023 -0.2100
0.2134 -0.1671
0.6343 0.4770
-0.6807 -0.4818
2.4561 1.9595
-0.6538 -0.4524
0.5498 -0.2956
-0.0189 0.0208
0.0488 -0.4373
-0.7213 0.3755
0.6779 0.1898
-0.1038 0.0649
-0.1567 0.4187
-0.1166 -0.9588
0.4604 2.4832
-0.4026 0.3574
0.7071 -0.5932
