0.0904 -0.1944
0.6915 -0.3536
-0.8677 -0.0102
0.0098 0.0010
-0.0111 -0.0089
0.5130 0.1054
0.4191 0.1419
-0.0162 0.0007
-0.0705 -0.7675
-0.6941 -0.0218
-0.1257 -0.4444
0.0658 -0.7681
0.9879 0.1407
-0.6620 -0.5805
-0.4373 0.0091
0.0491 0.3482
0.1528 -0.2853
-0.0917 0.0715
-0.0250 -1.0604
1.4136 0.5884
2.3033 0.2971
0.6913 0.0027
-0.3800 2.2061
0.7025 -0.2911
-0.2311 0.6077
0.5147 -0.0731
-0.4141 0.7010
0.1085 0.0333
-0.1337 0.0863
-0.8734 -0.2924
-0.6622 0.6070
0.7016 0.1720
-0.6767 -0.3175
-0.1464 0.2304
-2.4430 0.4045
0.0370 -0.6185
0.0174 0.0486
0.5082 2.1772
0.1583 -0.1533
0.2253 0.7457
