-0.0183 0.0634 -0.9204
0.0547 0.5591 0.6964
-0.3891 -0.0429 -0.4930
-0.5378 -0.0565 -0.6502
0.1272 0.1132 0.2065
-0.5592 0.2344 0.7328
-0.0759 0.0786 0.0381
-0.0151 -0.1227 0.1070
0.1712 0.3917 0.7272
-0.3939 0.1837 -0.9091
-0.1230 -0.1704 -0.6675
0.1761 -0.0295 0.5902
-0.2843 0.8252 0.6300
0.0579 -0.5606 0.7315
0.0462 0.0088 0.5691
-0.0664 -0.6476 0.0864
0.8015 -0.5058 -0.1285
-0.1741 -0.1392 -0.9737
0.4611 -0.3141 -0.1385
0.0949 -0.2131 -0.2338
0.0890 0.0013 -0.0793
0.0699 -0.3230 0.1642
0.0174 0.2658 0.3213
0.1003 0.2053 0.1015
0.1606 -0.0120 -0.2211
-0.0042 -0.0087 0.0290
0.1177 0.1620 -0.6663
0.2281 -0.3887 0.0804
-0.8850 0.1767 0.3502
0.0010 -0.0188 -0.0305
-0.0230 -0.0691 -0.0462
-0.1600 -0.2446 -0.1887
-0.1146 0.0272 0.4329
-0.0041 0.0162 -0.0086
0.3106 -0.6654 0.6785
0.0685 0.0452 -0.0280
0.0332 -0.1781 0.2769
-0.2094 0.2765 0.5478
0.1352 -0.0172 0.0713
0.1786 -0.1833 0.1263
