0.0743 0.0320 0.0349
0.5258 0.5875 -0.2557
0.2673 0.3491 -0.0020
-0.1579 -0.1088 0.8364
-0.2965 0.7721 0.0998
-0.3510 0.0587 -0.1353
0.4799 -0.0142 0.0116
-0.0716 0.3989 -0.6933
0.0671 0.0238 0.9403
-0.1425 0.1638 0.0908
0.3679 0.4782 -0.5513
1.5144 -0.2408 -1.0168
0.0481 0.4754 -2.1369
0.3468 1.0699 -1.1515
-0.6664 -0.1998 -0.5160
-0.8119 -0.2269 -0.1108
-0.0364 0.0148 -0.2389
-0.3537 0.5584 -0.2533
0.0030 0.0792 -0.1045
-0.0877 0.1880 0.7780
0.2019 -0.3305 0.3157
0.3002 0.6232 0.5840
0.2735 -0.2130 0.9349
0.1507 -0.2540 -0.7877
0.0289 0.2572 0.2335
-0.2482 -0.0750 -0.0116
-0.0295 -0.0675 0.6402
0.0348 -0.8788 -0.3300
-1.9510 0.7603 -0.1918
0.0114 -0.0228 1.4800
-0.3563 -0.3872 0.0506
0.1640 0.2814 -0.1611
-0.1625 -0.0374 0.1710
-0.1401 -0.5379 -0.0353
-0.2993 0.8340 0.2409
1.5588 0.0055 -0.1395
-0.0196 0.0134 -0.0188
-0.8434 0.0181 -0.4065
0.1435 -0.6554 0.1502
0.1274 -0.1231 -0.7936
