0.1196 0.4525
0.1828 -0.8252
0.7777 -0.1192
0.7753 -0.6190
-0.4159 -0.2147
0.0804 1.1755
-0.1864 0.5062
0.2393 -0.7974
0.6287 -0.2533
0.6923 -0.1198
-0.0962 0.2298
0.4064 -0.6579
0.2346 -0.6274
-0.1235 -0.0119
0.0183 0.0269
0.2410 -0.6162
-0.1332 0.6753
-0.8649 0.3074
0.5450 0.6953
-0.3796 0.4822
0.5463 0.6916
0.1633 0.2899
-0.6921 -0.1953
0.5501 0.7844
0.4653 -0.1021
1.5403 -2.3482
-0.0444 -0.3769
-0.1674 0.4850
0.0349 -0.2419
0.0406 0.5901
-0.2096 0.5012
0.2356 0.1779
-0.1471 1.3928
-1.9073 -2.0150
-0.4784 0.0651
-0.0234 0.0200
-0.0233 0.0201
0.0584 -0.2101
0.0257 -0.1425
0.5382 0.3260
-0.5749 -0.0224
0.0806 0.6532
-0.4317 -0.4862
-0.0438 0.3649
0.0155 -0.0218
1.0724 -0.8291
-0.2974 -0.8793
0.4208 0.4830
0.1163 0.1686
-0.1356 -0.2510
-0.5833 -0.4084
0.0731 0.0511
1.4682 1.4322
-0.0021 -0.0637
0.3711 0.1153
-0.6122 0.0336
0.2366 -0.7332
-0.2957 0.3299
0.9444 -0.0473
0.9288 0.0418
0.0934 0.0411
-0.3137 0.6042
-0.5203 -0.4622
0.5704 -0.1253
0.1689 -2.0562
-0.6601 0.0245
-0.3516 -0.0469
-0.6030 -0.7542
-0.4751 0.5039
-0.1147 -0.4832
1.1783 -0.1114
0.2197 0.0739
-0.1070 -0.1431
0.8768 -0.3199
0.1241 0.0474
0.1028 -0.2223
-0.1874 -1.0392
0.8948 -0.2832
0.0686 0.2639
0.8326 0.8458
-0.0400 0.3938
-0.0426 0.1437
-1.2319 -1.4260
0.7046 0.2710
0.6724 0.4117
-0.8296 -0.3252
-0.0476 -0.0485
-0.6968 -0.5564
0.7783 -1.0591
-0.3261 -0.1027
0.1901 0.2636
1.3945 -0.6711
-0.4935 0.0063
-0.1754 -0.3166
-0.0131 -0.1270
-0.4618 0.2057
0.0769 0.3676
0.0929 -0.8020
0.7670 1.7821
0.0954 -0.4262
-0.0345 -1.3332
-0.2811 0.1992
-0.4678 0.3006
1.0707 -1.2278
-0.1148 -0.1480
0.0939 0.5684
0.8587 -0.1981
0.1431 -0.5055
0.1779 0.3891
-0.4837 -0.1809
0.0063 0.3362
0.3182 -0.2675
-0.0174 -0.0471
0.0470 0.1226
0.2512 0.7583
0.8522 0.2803
0.5126 -0.1973
-0.0713 0.1571
-0.6704 -0.6366
0.0552 0.2310
-0.3380 -0.1435
0.0897 0.9599
-0.3152 0.0503
0.7907 -0.2324
0.2849 -0.4951
0.3375 -0.1202
-2.5444 -1.7098
-0.9573 0.0524
-0.4757 0.4821
0.1024 0.1096
0.3580 -0.2947
-0.8997 -0.3640
-0.5055 -0.1183
0.2078 0.0539
-0.1341 0.2847
-0.0235 0.2775
0.0682 0.4282
-1.6170 -2.7225
0.6851 -0.2703
-0.0108 -0.0646
0.0583 1.8356
0.3733 -0.7446
-0.3611 -0.1842
-0.5655 0.6150
0.8747 0.6785
0.5206 -0.3000
-2.3208 1.9477
-0.8874 -0.2816
-0.4059 -0.4916
-2.0192 0.4312
-0.3246 -0.7986
0.3723 0.7000
0.3636 -0.8793
0.5053 -0.8062
0.8867 -0.1368
-0.2351 -0.6092
-0.5044 -0.5918
0.8871 -0.3771
0.2220 0.6838
-0.0226 0.1019
-0.2542 -0.0558
-0.0404 0.8014
-0.0329 0.0090
0.1555 -0.4657
0.3430 -0.1750
0.3964 0.6294
-1.1948 -2.2193
0.0657 -1.0624
0.1667 -0.8043
0.5977 0.3893
-1.9222 -1.8319
0.1304 -0.3138
0.4689 0.2283
0.0986 0.3918
-1.3828 0.2399
-0.1664 0.0679
-0.2492 0.3700
-0.6557 -0.4375
0.0555 -0.0494
0.1048 -0.4334
-0.5359 0.6409
0.5218 -0.7338
-0.1621 0.1721
0.1817 -1.4657
-0.0171 -0.0040
-0.0161 0.0214
-0.4002 0.0395
-0.7275 0.2156
0.2054 -1.2971
0.0922 -0.2010
-0.5269 0.5544
0.1963 -0.6215
0.7313 -1.5654
-0.5107 0.1416
-2.1089 -0.4281
0.1762 -0.1873
-0.1610 -0.1014
-0.5271 -0.2012
-0.2091 0.7572
0.3384 0.0753
