-0.0457 -0.0617 -0.0216
-0.1782 0.2418 0.5697
0.1798 0.1275 1.2606
-1.2710 -1.4824 -0.6952
0.1953 1.2508 0.6732
-0.9928 -0.6391 -0.0541
-0.0270 -0.0661 -0.8674
1.5308 -1.4976 0.0272
0.7595 0.1352 -0.2761
0.0197 0.1023 0.3423
-0.0628 0.0901 -0.8806
0.1062 -0.1172 -0.2051
0.1565 0.0948 0.1992
0.0280 -0.0595 -0.8900
0.2943 0.0341 0.5930
0.9652 -0.6081 1.4632
0.7263 -0.2582 -0.4372
0.3517 -0.1638 0.3252
-0.0143 -0.0145 0.4041
0.1067 0.0878 -0.0053
0.1749 0.0810 0.2091
-0.0378 0.0639 -0.0564
-0.0081 0.2869 -0.0367
0.3218 -0.1962 -0.0930
-0.3693 -0.6338 0.8238
-0.0005 0.0448 -0.4276
0.6569 0.4011 -0.5918
0.0210 0.0456 0.2814
0.2507 0.7501 0.5626
0.2024 0.2206 -0.1399
0.0018 -0.0092 0.0364
2.1212 0.0529 1.1958
0.1721 -0.0742 -0.2235
-0.2594 -0.8137 -0.3841
0.0015 -0.0021 0.0161
0.0564 -0.0633 1.0740
-0.0177 -0.0228 -0.0115
-0.0139 0.0226 0.3297
-0.0279 0.0570 0.0197
0.0441 0.1275 -0.3918
-0.2554 -0.8371 0.8242
0.0675 0.0274 0.2671
-0.0301 0.1210 -0.1849
0.3036 0.3995 -0.3326
0.1008 0.4918 0.0555
0.0100 -0.0011 -0.0991
-0.1043 0.0536 0.0232
-0.0191 -0.0142 -0.5202
0.0012 -0.0046 0.0140
0.2196 0.0779 -0.0126
-0.2245 -0.8051 -0.1614
-0.0339 -0.0443 -0.1519
0.3209 0.5881 0.6603
-0.1436 -0.1900 0.3626
0.0492 -0.4022 1.6497
0.0078 -0.0063 0.0182
0.0288 -0.0020 0.0497
-0.0532 0.1197 -0.5037
0.5310 0.0244 0.3401
0.1133 0.5008 -0.0486
0.6218 -0.2265 -0.4000
-0.0838 0.1087 0.9053
0.8773 -0.8667 -1.8620
0.0083 -0.0487 0.0257
-0.2467 -0.0435 -0.3304
-0.1070 0.1030 0.7414
-0.2338 0.3054 0.1293
-0.3248 -0.5516 0.4751
0.6119 0.0898 -0.0395
0.0958 0.4459 0.0954
-1.0102 -0.1317 0.2548
-0.0213 0.0187 0.3669
0.0604 -0.1187 0.0927
-0.0057 -0.0380 -0.0733
0.9322 0.1301 -0.1983
-0.3683 0.1177 -0.6044
-0.2305 -0.0078 -0.5367
0.0466 0.5091 1.6172
-0.2039 -0.4392 -0.7227
0.2135 -0.5074 -0.2252
-0.0008 -0.1346 0.1287
0.0472 -0.0493 0.5444
0.0058 -0.0077 0.1097
0.3355 -0.4582 0.2706
0.2496 0.7741 0.4067
-0.0462 0.2463 -0.3452
-0.2856 0.4639 -0.4370
-0.0903 0.3793 -0.5763
-0.1785 0.1012 0.3339
-0.1688 -0.1413 0.9410
-0.6805 -0.9133 -1.9699
-0.1962 0.2613 -0.4491
-0.3419 0.0214 0.5001
1.6229 0.1657 -0.4807
0.0029 -0.0104 -0.3118
0.0424 0.0670 0.1062
0.0623 0.1057 0.7361
-0.0008 -0.0784 -0.2017
-0.6631 0.9000 -2.1126
0.1634 0.2545 -0.3763
-0.0309 0.0195 0.0459
-0.2518 -0.9692 1.0602
0.0506 0.0345 0.1105
-0.0278 0.0851 0.2470
-0.3817 0.1234 -0.7779
-0.6028 0.2899 0.4357
0.8929 -0.0547 -0.2925
0.1956 -0.4455 -0.4133
-0.2009 -0.9145 0.5438
0.0013 0.0094 0.2295
-0.0193 0.0053 0.0307
0.0037 -0.0647 -0.2122
-0.2037 -0.2523 0.0888
0.0551 0.0671 0.0519
-0.1688 -0.0234 -0.1283
0.7732 0.4677 -0.0665
0.6800 0.1821 -0.4303
0.1318 -0.1921 -0.0569
-0.0082 -0.2807 0.3939
0.6189 0.5731 0.4917
0.0360 -0.0228 0.0606
-0.1031 0.0071 -0.2695
-0.1014 -1.4381 -1.1501
-0.3497 0.3132 -0.1638
-0.2340 -0.2381 -0.7995
-0.0520 -0.5165 0.2408
-0.0014 -0.0069 0.1415
0.0272 0.0163 -0.0188
-0.4726 1.1789 0.1062
0.4385 0.2364 0.0095
-0.1168 -1.6803 -1.4717
-0.6813 1.3256 1.7338
0.1326 -0.1598 -0.1368
-0.2741 0.6314 -1.8747
0.3359 0.4411 -2.3134
0.0129 -0.0363 0.0240
0.1569 -0.1802 0.3940
0.0058 -0.0119 0.0034
-0.0260 0.0076 0.9041
-0.2371 0.6927 -0.5990
0.0303 -0.1959 -0.9316
0.5037 -0.4211 0.1010
0.0311 -0.0196 -0.4310
-0.0928 0.4047 0.4720
0.1956 0.0504 -0.3845
-0.0479 -0.0133 -0.0915
0.0426 0.0582 -0.7006
0.0202 -0.0277 -0.2051
-0.0088 -0.0203 -0.0301
0.0062 -0.1338 1.6957
-0.0626 0.0769 1.0831
-0.0497 0.0563 0.1718
0.0954 0.1783 -0.1230
-0.0009 -0.0261 -0.8796
0.0771 0.0318 -0.7835
-0.0574 0.0712 -0.5766
-0.1374 -0.0893 -0.3422
0.3935 -0.1075 0.3872
0.4985 -0.0657 0.3303
0.3787 -0.8627 -0.1559
0.0126 -0.0062 0.0052
-0.0723 -0.3499 -0.0476
0.0058 0.0395 -0.0247
-0.0225 0.2337 -0.7988
0.1092 0.0022 0.6001
0.8464 -0.0407 -0.3963
0.2038 -0.6356 -0.4139
0.1563 -0.0566 -0.3865
0.3055 0.6137 0.1536
0.0281 -0.8584 -1.1797
-0.1966 -0.6509 -2.0780
-0.0874 -1.9080 -1.3296
0.0665 -0.0007 2.2937
0.3936 0.2720 0.0397
0.0760 -0.0327 -0.2166
-0.0320 0.0455 0.0640
-0.2122 0.4775 0.7964
-0.2465 0.5417 0.8439
0.6574 0.1889 -0.3214
-0.1119 -0.4104 -0.5193
-2.0673 -0.9403 0.1842
0.3645 0.7440 0.2757
0.0644 -0.2800 0.7774
0.0681 -0.0256 -0.0840
-0.4845 -0.2475 0.2386
-0.4231 -0.3901 0.4755
0.0079 0.0316 0.6862
-0.0998 0.7578 0.5073
-0.4107 0.5471 -0.1760
-0.0347 0.0165 0.1848
-0.1605 0.0181 -0.0077
0.1944 -0.2066 0.7675
-0.0255 0.1244 -0.8231
0.0210 -0.0173 0.2553
0.7611 0.2259 -0.5882
0.6511 0.3361 0.4389
-0.0335 -0.1066 -0.0026
-0.0436 0.1169 -0.1981
0.0091 -0.0130 0.7841
-0.0615 -0.0356 0.1055
-0.0212 0.1769 -0.0312
0.0724 0.5189 -0.2244
0.1943 -0.0931 0.2891
0.1127 -0.2954 0.1885
0.0441 -0.0715 -0.0804
-0.3216 -0.4077 1.7997
0.9561 -0.4888 0.3568
-0.5292 -0.0677 0.5304
0.3198 0.0650 -0.2054
0.4460 0.6237 0.3802
0.6394 -0.4266 0.1721
-0.0081 -0.0162 0.3660
0.0395 0.0133 -0.1784
-0.4088 0.4172 -0.7676
0.4332 -0.3030 0.4970
-0.2171 0.1317 0.0638
0.0040 -0.0011 -0.0188
-0.0101 -0.0114 0.1860
0.1270 -0.0696 0.4487
0.6998 -0.1827 0.3259
0.0345 0.1116 0.1060
-0.5651 -0.7694 -0.1953
-0.0863 0.1111 -0.2087
0.1285 0.2479 0.0070
0.0448 0.0107 0.6929
0.2444 0.4848 0.3632
-0.0180 -0.0218 0.4145
-0.6855 -1.5116 -1.2102
0.0297 -0.2178 -0.7248
0.1354 -0.0519 0.0391
-0.1260 -0.3685 -0.7131
-0.0147 0.0030 0.0392
0.5841 -0.0500 0.2565
-0.3114 0.4727 -0.0235
1.6632 -0.0675 -1.2317
0.2192 0.2353 0.1291
-0.6252 0.1491 -0.5917
0.5543 1.3761 0.7819
-0.0170 -0.1111 -0.3474
0.0549 0.0322 0.1949
-0.1815 -0.3069 -0.2527
-0.0249 0.1803 0.9410
-0.3621 0.0017 -0.7981
0.0335 0.0655 -0.0639
0.4096 -0.4073 2.2977
0.0031 0.0001 0.0623
-0.0054 -0.0023 -0.2082
-0.3676 0.0335 1.0644
-0.0045 0.0418 -0.0316
0.1409 -0.1196 0.1055
3.7467 -0.2619 0.5987
2.6179 0.4270 -0.1762
3.2855 -0.0209 0.9379
3.4883 0.2354 0.8692
3.5878 0.0066 0.8198
3.8826 -0.9910 0.2156
2.8988 -0.2740 -0.1761
3.7310 -0.0544 0.0915
3.4994 0.0142 0.2099
3.5300 -0.0223 -0.0801
3.5726 -0.0622 0.4263
4.0941 -0.3976 0.4575
3.1951 -0.1297 -0.2488
3.4970 -0.2072 -0.0979
3.3539 0.2147 -0.1985
3.3669 0.6744 1.0080
1.7531 0.9123 -0.0985
3.4782 -0.6311 0.1393
3.4824 0.0053 0.1119
3.3193 0.1002 0.2396
3.4923 0.0456 0.2567
3.1045 -0.5095 0.2591
3.5139 0.0089 0.2497
3.5436 -0.0774 0.6028
3.7741 0.1078 -0.7717
2.8845 0.1170 0.0528
3.6889 0.0162 -0.1519
3.6043 0.0787 -0.3746
3.4148 -0.1114 0.0435
4.0228 0.4036 -0.0641
3.2034 -0.1894 0.9109
3.4419 -0.2007 -0.9361
3.4063 0.0734 0.2162
3.1767 -0.2762 0.3488
3.1655 0.6232 -0.1173
3.6165 0.0691 0.1262
3.3893 0.1558 0.0564
3.0813 -0.1995 -0.3887
3.4984 0.0012 -0.0161
2.5489 0.1974 0.1857
3.4542 -0.0641 -0.1719
3.5633 -0.2751 0.2054
3.1780 -0.1550 -0.7389
3.1729 0.1553 -0.7575
3.4234 0.3219 -0.4756
1.9403 1.2452 -1.3431
3.6815 -0.1325 -0.1025
3.4458 -0.1206 -0.0017
4.3276 0.1893 0.2747
3.2444 0.0011 0.3572
2.7015 -0.0177 -1.3986
3.7937 0.1700 0.5450
3.6064 -0.0114 0.0744
3.6238 -0.5993 0.5674
3.6062 -0.0857 0.1170
3.4336 0.0188 -0.3614
2.4740 0.2488 -1.7105
3.4519 0.2258 0.0511
3.7084 -0.1935 0.4686
3.8880 0.0401 0.0703
3.4784 0.0155 -0.1447
3.5115 0.5109 0.6206
3.7492 0.2898 0.1583
3.4975 0.0116 -0.6941
3.4054 -0.0977 -0.1666
5.8919 0.0567 0.7868
3.5563 -0.1373 -0.3233
2.6481 1.6767 0.4663
3.5787 0.2448 0.4201
3.4850 0.1878 0.2579
3.3003 0.2337 -0.2038
3.7932 -0.0941 0.0650
4.6135 -0.2168 1.5311
2.3225 0.7596 1.6549
3.7629 0.6829 0.1465
3.4922 -0.0032 -0.2382
3.8526 -0.1264 -0.5378
3.3377 0.4803 0.7624
3.8516 0.1570 0.2181
4.9398 1.3249 1.8551
3.1333 -0.9046 -2.3085
3.3524 0.4239 0.2666
2.9638 -0.0216 0.4676
3.5255 0.0512 -0.0806
3.5036 -0.0061 0.0741
3.5504 0.0875 -0.2182
3.6362 -0.1034 0.8794
3.5017 0.1111 -0.3289
3.4820 -0.0387 -0.3973
3.5000 0.0000 0.0005
3.6227 -0.1764 0.0069
3.8663 -0.5506 -0.5939
3.4453 0.0791 -0.7812
3.4618 0.0290 -0.0181
3.5401 -0.0031 -0.0756
4.5139 -0.3486 0.3632
3.3124 0.1049 0.3309
3.5582 -0.0844 0.2038
3.5973 0.2555 -0.4576
3.8698 0.1622 0.5804
3.5540 0.4786 -0.0633
3.6286 -0.0505 -0.0671
3.5123 0.3610 -0.1793
3.6218 -0.3642 -0.2269
3.2924 -0.9975 -0.1102
3.1264 -0.4475 0.3484
3.9314 -0.4523 -0.7118
3.4980 0.0031 0.1481
5.4762 0.6144 0.1906
3.6096 0.2022 0.5632
3.4553 0.0232 -0.0036
3.4587 0.0003 -0.0586
3.0162 0.0644 0.1719
3.6185 -0.1091 -0.0814
3.2985 -0.4673 -0.1751
3.5708 -0.6126 -0.1435
3.0858 -0.2661 0.8022
3.5186 0.1107 -0.2000
3.4754 0.0027 -0.0981
3.4787 0.0645 -0.1227
3.1058 0.4713 -1.7097
3.7401 -0.0162 -0.1766
3.4820 0.0193 -0.1745
3.5117 0.0319 -0.0523
3.2688 0.3569 -0.7387
3.5637 0.1761 -0.1126
3.1994 0.1275 -0.2177
3.5292 0.1650 -0.0292
3.4607 -0.0298 0.1125
3.4062 -0.1181 0.5751
3.2536 0.1689 0.2129
3.5063 -0.5323 -0.0425
3.2494 -0.1322 -0.2698
3.1725 -0.8363 -2.0967
3.3671 0.0354 -0.1231
3.4507 0.1015 0.1426
2.4576 -0.9075 2.0620
3.3962 -0.2555 -0.1990
2.9661 -0.0389 -0.5793
3.5133 0.0103 0.3156
3.1775 0.2022 0.1176
4.8799 0.8198 1.5716
3.6851 0.1845 -0.5682
2.7890 -0.3841 0.2866
3.8050 0.3467 -0.2269
3.4042 -0.0026 0.1274
3.6949 0.1816 -0.1424
3.2636 0.7295 0.9716
3.5904 0.1967 -0.1100
3.7961 0.3626 -0.1705
2.9798 -0.2159 -0.0680
3.9357 -0.5362 0.0563
3.7500 0.2000 -0.7567
3.8766 0.4711 0.4123
4.0332 -0.1994 -0.3111
3.7490 0.6174 -0.0524
3.7033 -0.0567 -0.9625
3.5280 0.1395 0.0313
3.5955 -0.1553 -0.4681
3.6928 -0.0587 -0.8707
3.5140 0.0379 -0.6399
3.5024 0.0182 0.4871
3.4479 0.0390 -0.5474
3.6815 0.1129 0.0301
3.4340 0.1331 -0.5383
3.4824 0.0107 -0.3619
3.4940 0.0064 0.0359
3.2946 -0.0337 -0.1174
3.4863 0.0001 0.0121
4.1329 -0.5437 0.2247
3.5855 0.0899 -0.1065
3.5017 -0.0006 -0.0041
3.3461 0.0256 0.2210
5.5650 -0.1100 0.3951
3.4995 -0.0547 -0.1049
3.5290 -0.7948 -0.0685
3.5213 0.0602 -0.6691
4.0611 0.1643 -0.5304
3.5004 0.0085 -0.0693
3.6204 0.0719 -0.5105
3.3217 -0.5767 0.2147
3.4742 0.0052 0.0513
3.3655 -0.2604 -0.4292
3.4141 0.0362 0.1734
3.7843 -0.6321 0.0049
3.1357 0.4984 1.9612
3.3801 0.5648 -0.1406
3.6671 -0.3183 0.5698
4.1639 0.1566 0.5567
3.5277 0.0410 0.2767
3.5075 -0.0034 2.0218
3.4953 0.0169 -0.0295
4.0737 -0.1440 -0.5555
3.2875 -0.2005 -0.0124
2.9658 0.5269 0.3330
3.5125 -0.0048 0.0026
3.5493 0.1453 0.2406
5.1159 0.7213 -1.6518
3.2113 0.3038 0.0428
3.3807 -0.3542 -0.9008
2.8141 0.0685 -0.0884
3.4457 0.4512 -1.1710
3.4163 0.0846 0.0066
3.1618 0.7955 -0.4544
3.4971 0.0009 -0.1099
3.6036 -0.0057 -0.0426
3.7091 -0.0062 -0.3815
3.1424 -0.1378 1.0105
3.5653 0.4862 0.0274
3.3506 -0.4092 2.3561
3.4905 -0.0069 -0.4247
3.6062 -0.6847 -0.3204
3.6138 0.1738 0.4067
3.6249 -0.0086 -0.1949
3.4597 0.4011 0.1382
4.7583 -1.2564 -1.1465
3.6411 -0.0447 -0.4144
3.8069 -0.3881 0.0507
4.5730 0.5019 -0.8538
3.4942 -0.1414 -0.0522
3.8456 -0.0704 0.9038
1.6375 -0.1971 0.5553
2.7094 0.6638 -0.9752
3.4233 0.2372 -0.2628
3.3991 0.0754 0.1322
3.9654 -0.7722 -0.6790
3.4526 0.3034 0.3370
3.1621 -0.2497 0.2408
3.1168 -0.0967 -0.0019
3.9237 -0.3504 -0.5461
3.5731 -0.0909 0.3771
1.7565 0.9105 -0.9934
3.3840 -0.1061 -0.5284
3.5487 0.2184 -0.2205
3.5923 -0.0008 0.3908
3.4337 0.3157 0.4523
3.5904 0.0140 0.6156
4.1200 -0.1814 0.0655
3.5012 0.0801 -0.5969
3.5831 -0.1752 -0.0891
3.5047 -0.0001 0.0554
3.5031 -0.1011 -2.1935
3.5157 0.0728 0.0349
3.9949 0.2423 0.1322
3.6224 -0.0513 1.2597
3.2971 -0.1010 -0.5059
3.5548 0.1483 -0.3171
2.8504 0.1634 0.6824
4.1145 0.1664 0.5519
3.5011 0.0013 0.0023
