-0.0459 0.1821 0.7485
0.3838 0.1458 -0.3505
-0.1441 -0.4530 -0.0683
0.2804 0.2462 -0.3826
0.0749 0.0169 -0.1104
-0.8074 0.9824 0.7517
-0.0404 -0.0939 -0.9743
0.0088 -0.0100 -0.0690
-0.0506 -0.2069 1.0500
-0.0096 0.0149 -0.0032
-0.0046 0.2209 0.7073
0.0111 0.0032 -0.0100
0.0006 0.0003 0.2066
0.2005 0.0608 -0.7727
0.2163 -0.9376 -0.1214
-0.3967 0.1093 -0.2019
0.2961 -0.0997 0.4050
-0.3498 0.8607 0.0361
0.0711 0.4060 0.1382
-0.2355 -0.2741 -0.3798
0.0699 0.0917 0.6442
0.5776 0.0588 0.2778
0.3136 -0.1150 0.3331
0.3066 -0.0748 0.2854
-0.4920 -0.2726 -0.1548
0.0476 0.0056 1.9772
-0.0166 0.3117 -0.1784
-0.2378 -0.2357 0.7436
0.0649 -0.1317 0.6563
0.6939 0.1493 0.5459
-0.0847 0.2969 0.6278
0.0062 0.0185 0.0089
0.0675 0.3352 0.4132
-0.5127 0.1467 0.2164
1.1459 -2.8644 -0.4813
-0.0844 0.2279 -0.4140
-0.0074 -0.3649 0.0851
-0.5580 0.2300 -0.5973
-0.2746 -2.2129 -0.2159
-2.1473 -1.0986 0.1042
