-0.2132 -0.2425 -0.3052
-0.3389 0.4783 -0.3148
-0.4480 0.3848 0.2465
-0.1208 -0.1046 0.1237
-0.0004 -0.0014 -0.0187
0.3368 0.6286 0.5823
0.2872 -0.5372 -0.0680
0.2030 -0.2554 0.9414
-0.1228 -0.3229 -0.2325
-0.6539 -0.4923 -0.2419
-0.0052 0.0036 -0.0091
0.0473 0.0014 0.2804
0.2955 0.0357 -0.0687
-0.4260 -0.4420 0.5768
0.3520 -0.3791 -0.0555
-0.0276 -0.6778 0.8915
-0.0603 0.5019 -0.9732
-0.1233 -0.1548 0.0445
0.3197 -0.1298 0.4772
-0.0065 -0.8539 0.6041
0.1543 -0.2787 0.2051
0.2331 0.3447 0.4145
-0.2662 -0.8271 0.3738
0.3907 -0.5876 -0.7248
-0.1460 0.0967 -0.1745
-0.1101 0.0275 -0.2512
-0.3236 0.6168 -0.6768
0.3018 0.1974 -0.2282
-0.0532 -0.5852 -0.6227
0.0238 0.0505 -0.5690
0.0588 0.0655 -0.2246
-0.4729 -0.2318 -0.0395
0.1775 -0.1808 0.2162
0.1955 -0.1130 -0.0936
0.1282 -0.2548 0.3269
-0.0826 -0.2599 -0.4974
-0.0083 -0.0674 0.2002
-0.1346 -0.1163 0.1919
0.0295 0.2759 0.3909
-0.3562 0.1167 0.1069
