1.3657 -0.0726
0.7723 0.0868
0.1993 0.3497
0.7125 0.1368
-0.0648 0.0386
-0.0893 0.5445
2.1006 0.2727
0.0226 -0.2423
-1.5164 0.7650
-0.5242 0.6361
0.6630 0.5707
-0.7683 -0.1309
0.2085 -0.2994
0.0050 0.0215
0.5098 0.6018
0.0677 0.5719
-0.3366 -0.2779
-0.1518 0.2844
-0.2257 0.9619
0.0703 -0.0000
0.3473 -0.2136
-0.1659 -0.1557
-0.0768 0.4311
-0.3613 -0.3427
-0.2589 -0.0876
0.0587 -0.0701
0.3697 -0.2913
-0.8498 -0.0618
0.0365 0.0390
-0.1585 2.4972
0.3357 -0.2151
0.8385 0.3404
0.1297 -0.3475
0.4799 0.0208
-0.3747 -0.3955
-1.5197 0.0830
0.4061 -0.3005
-0.4351 0.7090
-0.8998 -0.3048
-0.0489 0.5987
0.5212 0.3857
-0.0334 -0.0525
1.8600 0.1941
-0.0459 -0.0763
-0.6914 -0.3233
0.8763 -0.4124
0.8396 -0.5192
-0.6482 -0.2468
-0.0586 0.0598
-0.2505 -0.3978
2.7055 -1.4867
-2.4232 -2.0881
-0.8533 -0.1903
0.3376 1.1344
-0.2288 -0.1151
0.2892 0.8662
-1.7579 0.5670
0.2378 0.1785
-0.4641 0.6365
0.0887 -0.0946
-1.7484 -1.4579
-0.0744 0.0372
0.3813 0.1264
-0.0411 0.0098
0.1293 1.1650
0.1785 0.3844
-0.3970 -0.0770
-0.1172 0.8449
0.9977 -2.6379
-1.1064 0.7765
-0.0846 0.3521
-0.7260 2.5620
-0.8451 -0.3590
-0.2666 -0.2295
0.0044 0.0351
0.0053 0.1952
0.4418 -0.8775
0.9917 -1.0549
-0.2255 0.4378
0.2663 0.3808
-0.6191 -0.7579
0.4003 -0.0311
0.3206 -0.0254
-1.4670 0.6601
0.1724 -0.0752
0.0845 -0.1670
-0.3744 0.8942
0.2369 0.1389
0.4442 0.3135
0.3200 -0.5639
0.9193 0.2235
-0.4864 0.5024
0.0098 0.9587
-0.3936 -2.4889
0.0402 -0.0724
-0.2626 0.1286
-0.3901 0.1451
0.6548 -2.3954
-0.8180 2.2196
0.3724 0.1616
4.1288 -0.0347
4.3640 -0.1025
0.8701 -0.2985
3.8019 0.0571
3.5030 -0.2984
3.7176 0.3721
2.8002 -0.0740
3.6644 -0.2042
4.1512 -0.3534
3.1646 -0.1696
4.8178 0.4442
4.0964 -0.0758
4.2307 -0.1837
3.5556 -1.8771
3.9994 -0.0366
4.0932 -0.7640
4.4450 0.2106
3.9668 0.2653
3.7247 -0.3619
4.1066 0.1510
4.1681 0.6749
5.9712 -2.3018
3.5408 0.3331
4.1319 -0.1497
4.0716 0.0040
4.9376 -0.1238
4.0056 -0.0026
3.9943 -0.9170
4.0004 0.0077
3.7312 -0.5105
4.6251 0.5914
4.0928 -0.1179
4.4135 -0.4418
3.5954 0.1432
5.3253 -0.3971
4.5664 0.3414
3.1808 0.1914
3.7597 -0.0792
2.1320 0.5901
3.1802 0.0923
3.4256 0.4716
3.8256 0.0915
4.2498 -0.9254
4.2467 -0.1974
3.4139 0.3046
1.3445 -0.4886
3.9848 -0.0698
4.0155 -0.0439
4.2538 -0.1741
3.5334 0.3304
3.4144 -0.6119
4.0645 0.8642
3.7444 -0.5515
3.9690 2.4147
4.6407 0.1658
4.4659 -0.3320
4.6828 -0.1848
3.3594 -0.1168
4.1866 -0.7950
4.0754 0.7692
4.2226 1.7420
4.0962 0.8724
3.8218 0.4512
4.0343 0.4417
4.5847 0.6786
4.3247 0.0362
3.5963 0.9038
3.7685 0.8422
3.1912 -0.2401
3.3000 -0.0454
4.3809 0.1421
4.7208 -0.2380
3.3148 -0.6575
3.5711 0.8009
3.6831 -0.6187
3.7130 -0.0051
4.2738 0.3471
3.9138 0.6835
4.8240 0.5113
4.6695 0.4070
4.0348 0.1305
3.2359 0.9721
3.7486 0.0645
3.9228 0.3775
3.6356 0.2590
3.0733 0.0291
4.1646 -0.6822
3.6596 -0.0317
3.6185 -0.2261
4.7363 0.6141
4.0702 0.0262
4.2098 0.1815
4.8219 0.4862
3.3551 -0.5844
4.0668 0.0518
4.6802 -0.3613
3.9430 0.0908
3.8975 0.1166
4.1240 -0.5691
4.4479 0.2841
