-0.4645 0.0927 0.1705
-0.0420 0.0017 0.0159
-0.1158 -0.6828 0.0122
-0.0103 -0.0115 -0.0442
0.6748 -0.3528 -0.4858
-0.6695 0.6712 0.1013
-0.0685 -0.0303 -0.2228
0.2833 0.4732 0.2258
-0.4405 -0.1839 0.0187
-0.0047 -0.0550 0.7399
-0.0691 -0.0997 -0.3675
0.3977 -0.3897 -0.3809
-0.0159 0.0349 -0.3716
-0.3377 0.1981 0.0307
-0.0175 -0.0336 0.9423
0.0464 -0.0673 -0.2061
0.4943 -0.3514 -0.7478
0.0225 0.0116 0.7536
0.7387 0.3392 -0.4471
0.5393 -0.3683 0.4719
-0.0388 -0.3000 -0.8602
-0.2161 -0.5386 0.5647
0.1822 0.1850 -0.6645
-0.2398 -0.0583 0.4997
-0.1984 -0.2454 -0.1944
-0.0079 -0.0121 -0.2280
0.0713 -0.0772 0.0785
0.0730 -0.1664 -0.9123
0.0144 0.0487 0.0196
-0.0138 -0.0077 0.1945
0.0104 0.0084 0.0124
0.3464 0.1337 -0.3535
-0.0831 -0.0534 0.4457
-0.0094 -0.0325 -0.3107
0.0921 -0.0209 0.6343
-0.0765 -0.0656 -0.1610
0.1992 0.5525 0.6299
0.3866 -0.0094 -0.1574
-0.8119 -2.4829 1.6700
-0.0334 0.0242 -0.3108
-0.5523 0.1243 0.3874
0.3489 0.5796 0.0669
-0.0660 0.1485 -0.2170
0.1909 -0.1532 0.9413
0.3039 -0.1680 0.3758
-0.6690 -0.4026 -0.4014
-0.0784 0.2804 -0.0040
-0.3347 0.0995 -0.2633
1.6027 0.2929 -1.8763
-0.4477 -0.4555 -0.1388
