-0.2890 0.6578
-0.0629 0.1322
0.2737 -0.3344
0.4214 -0.6050
-0.1169 -0.6234
0.6460 -0.0118
0.6014 -0.7602
-0.2641 0.5846
0.7366 0.4326
0.0306 -0.0342
-0.7257 0.3586
-0.3427 0.0505
-0.7059 0.3585
-0.3276 0.5563
0.9859 -0.0902
-0.1003 0.3777
-0.1119 0.2308
-0.0442 -0.0076
0.1228 -0.1002
-0.6700 -0.0943
3.1335 0.0935
3.1397 2.0527
2.6693 0.3847
3.0964 0.0100
2.5009 0.3515
2.9360 -0.0231
3.7800 0.0110
3.3995 0.0110
2.7067 -0.5321
2.2019 -0.3217
3.8717 0.1597
3.7989 -0.2970
4.1623 1.4035
2.9396 -0.3586
2.8833 -0.2331
3.3477 -0.9494
3.1976 0.7409
1.6613 -0.4031
2.9712 0.0043
2.7991 -0.0290
