-0.0244 -0.3925 -0.7102
0.0503 -0.2957 -0.2296
0.5646 0.1849 -0.3070
0.6037 -0.1371 0.4628
0.0014 0.0237 -0.3492
-0.3856 0.0367 0.3672
-0.0529 0.0615 0.3186
-0.0362 -0.0298 -0.0100
-0.0254 0.0917 0.0595
0.0618 0.0165 -0.4589
-0.3346 0.0642 0.0725
-0.6839 -0.4184 0.0679
-0.3237 -0.0428 0.5470
0.8568 -0.0292 0.4903
-0.1956 -0.0421 -0.5107
0.3541 0.2671 -0.7719
-0.3836 -0.0701 -0.5178
0.7017 -0.0812 -0.4572
-0.7135 -0.3596 0.3732
0.2766 -0.0958 0.1595
-0.0496 -0.2372 -0.8529
-0.1340 -0.0077 0.6820
-0.7735 0.1814 -0.1380
-0.0496 -0.0657 -0.7510
0.4618 0.7042 0.5033
0.0817 -0.5267 0.0338
-0.2457 -0.0620 -0.1401
-0.5578 -0.2164 0.1738
-0.0004 0.0025 -0.0085
0.0203 0.0924 -0.1732
-0.0031 -0.0014 0.0001
-0.0005 0.0030 0.0254
-0.2840 0.1557 -0.5975
0.3791 0.1041 -0.0657
-0.2292 0.0025 0.2358
-0.3474 -0.2991 -0.6605
-0.4368 0.1195 0.2163
-0.3120 0.0517 -0.0754
-0.0911 -0.1356 -0.2607
-0.0124 0.7950 0.3251
-0.2535 -0.6049 0.7281
-0.0376 -0.0123 -0.0414
0.5764 -0.2185 0.3860
0.0011 0.0861 0.0757
-0.1544 0.0185 -0.3288
0.0145 0.1052 -0.5476
-0.1296 -0.3436 0.7122
-0.2264 0.0778 0.7040
-0.2265 0.0784 0.8548
-0.1735 0.2681 -0.1349
0.0702 0.4661 0.4710
-0.5323 -0.5070 0.0412
0.2397 -0.4540 -0.1958
0.0856 0.0773 0.0471
-0.3435 0.5606 -0.0710
0.1906 -0.4097 0.3097
-0.5308 0.1021 0.0815
-0.0124 -0.0550 -0.8532
-0.0094 -0.0153 0.5968
-0.0243 0.0269 0.5511
-0.0967 0.1478 -0.0340
-0.0427 -0.3288 0.2932
-0.4109 -0.4759 0.0940
0.1614 0.0151 0.1992
-0.4223 0.0742 0.8804
-0.0990 0.4434 -0.5594
-0.2142 0.1273 0.1428
-0.1527 0.2547 0.0250
0.0071 -0.0023 0.0103
-0.1271 -0.0160 0.0155
-0.0463 0.0670 0.5026
-0.1538 0.0997 0.2432
0.0193 0.0092 -0.0981
0.0483 -0.0030 0.0812
-0.1507 0.2769 -0.0449
0.0494 0.1334 -0.2616
-0.1191 -0.0529 -0.0518
-0.0229 -0.0494 -0.4485
-0.0837 -0.5187 -0.1278
-0.0005 0.0053 0.0462
-0.3669 -0.0845 0.3632
-0.0137 -0.0617 0.2921
-0.0547 0.0906 -0.0656
-0.1540 0.5048 -0.6896
0.1391 0.3782 0.1270
-0.2629 -0.1316 -0.3704
0.0280 -0.0365 0.0831
0.4870 -0.0722 -0.3567
0.7895 0.1010 0.0838
-0.0544 -0.2090 0.8836
0.4906 0.0060 -0.1867
0.0684 0.0006 0.6971
0.0314 0.4585 0.1661
-0.2826 0.0986 0.5219
0.0174 -0.0042 -0.3554
-0.2931 -0.1898 0.1614
0.0003 -0.0020 0.0179
-0.7275 -0.0086 0.3049
-0.1167 0.2676 -0.6521
-0.0368 0.0098 0.0276
0.0283 -0.0462 0.4841
-0.0474 0.3796 0.2328
-0.3452 -0.7435 0.3298
0.0004 0.0001 0.0004
0.0197 0.0166 -0.0435
-0.0598 -0.0310 -0.1414
-0.4628 0.4493 -0.0378
0.3985 0.3200 -0.1410
0.0288 0.0039 -0.2875
-0.0287 -0.0038 -0.0132
0.5447 -0.2480 -0.4672
-0.0049 -0.0071 0.0174
-0.0005 -0.0001 -0.0297
-0.3575 0.1575 0.7976
-0.1189 -0.0636 -0.0453
-0.2551 -0.1867 -0.1978
0.0133 -0.1112 -0.2209
0.0015 -0.0009 -0.4590
-0.1879 -0.2141 0.1176
-0.4028 -0.5776 -0.3630
-0.2848 0.1445 0.7864
0.0892 0.5528 0.1516
-0.5265 -0.5806 -0.1321
0.0780 0.0955 0.7877
0.3579 -0.2665 0.3852
0.2214 0.2578 -0.6676
0.1638 0.3728 -0.1057
-0.1453 -0.3553 0.0831
-0.4402 0.0301 -0.2303
-0.0996 -0.2792 0.0121
0.6251 0.2795 -0.2474
-0.0269 0.2198 0.0588
0.0046 -0.0253 -0.1443
-0.2722 -0.5911 -0.7079
0.0405 0.0954 -0.2971
-0.0109 -0.0001 -0.7470
-0.7083 0.3322 0.1266
0.0125 0.0681 0.1034
0.4017 0.0325 -0.1673
-0.0494 0.0349 0.2817
0.7322 0.3910 -0.4643
0.2073 -0.1449 -0.4713
0.0124 0.0739 -0.9356
-0.2650 -0.7395 0.2245
-0.4802 0.4926 -0.6832
-0.0735 0.7466 0.3169
0.4932 -0.7383 -0.4386
-0.1032 0.1391 -0.2929
0.0838 -0.0496 0.7428
0.0008 -0.0009 -0.0041
0.3765 0.6508 -0.2276
-0.1860 -0.1276 0.4570
0.1082 -0.2692 -0.5507
-0.0174 -0.0109 -0.5203
0.5317 0.3712 -0.5284
0.0053 -0.2543 0.1272
-0.0299 0.0975 -0.0512
-0.3301 0.2013 0.7021
-0.0412 -0.2271 0.4789
-0.0187 0.0171 -0.0629
0.3104 0.2785 0.6285
0.6727 -0.2305 0.2667
-0.2869 0.6126 0.1581
-0.2010 -0.0195 0.1228
-0.1699 -0.2642 0.6146
0.3863 0.2968 -0.6113
0.0010 -0.0009 -0.2756
0.1780 0.0584 0.1327
0.1566 -0.0618 -0.7015
-0.4622 -0.2201 0.1514
-0.1774 -0.6552 0.0913
-0.2344 -0.6534 -0.2656
-0.0581 -0.1006 0.6431
0.0273 0.4389 0.8796
-0.0910 0.9102 -0.0636
0.0417 0.0700 0.2892
0.3827 0.0044 0.2769
0.1094 -0.0533 0.2801
0.2746 0.2730 0.0198
0.2462 0.1662 0.3662
0.6680 -0.3518 -0.1510
-0.0207 -0.0467 0.0286
-0.5482 0.3168 0.6005
-0.1831 -0.0896 0.1219
0.2252 0.3362 -0.3658
0.0541 0.1739 0.0680
-0.1359 0.1879 -0.7138
0.1712 0.2360 -0.3772
0.1602 0.1490 0.0120
0.2032 0.2196 -0.0663
0.2109 0.0327 0.8377
0.1884 -0.0877 0.0119
0.0421 0.0354 -0.1372
-0.5980 -0.4656 0.1301
-0.0037 -0.0963 -0.6430
-0.0330 -0.1131 -0.3950
-0.0088 0.0027 -0.2431
-0.4147 0.0889 0.0847
0.1033 0.0121 -0.0865
-0.3759 0.3593 -0.0188
-0.1687 -0.0318 -0.4102
-0.1150 -0.2780 0.1039
-0.0402 -0.0088 -0.0285
0.0018 0.0419 0.1701
-0.6628 0.1260 0.0833
0.1580 0.0842 -0.1740
0.0298 0.2118 0.2339
0.0026 0.0005 -0.0033
-0.0610 -0.1264 0.0957
-0.1918 0.4330 -0.6945
0.0235 0.0122 -0.0099
0.3877 -0.2847 0.4461
-0.5736 0.2136 0.4455
-0.1666 -0.1422 0.1050
0.5021 -0.3429 -0.1581
0.2542 0.1019 -0.3036
-0.0101 0.0003 0.0063
-0.0009 0.3551 0.4330
-0.3701 0.4279 0.4018
0.0153 0.0462 0.0145
-0.2784 0.8103 0.0845
0.2837 0.1865 -0.5787
0.3649 -0.1761 -0.4227
-0.0347 -0.1709 -0.4840
-0.2190 0.4333 0.3088
-0.5708 -0.1350 -0.4987
0.3412 -0.4533 -0.2697
0.0037 0.0545 -0.5065
-0.0495 0.1827 0.1442
-0.2467 0.0173 0.2789
-0.0241 -0.0135 0.4404
0.0086 -0.0121 -0.0104
0.4233 0.4257 0.5340
-0.3148 -0.1626 -0.3582
0.6558 0.4548 0.2570
-0.4361 -0.0320 0.6812
0.5753 -0.7221 0.1513
-0.0647 -0.1473 0.0491
-0.7930 0.5490 -0.2077
-0.2343 0.1387 0.6513
0.6052 0.4043 -0.3737
0.1397 -0.4538 0.6132
-0.0119 -0.1103 0.0412
-0.0484 0.1807 0.0560
0.4449 0.1561 0.4083
-0.3235 -0.0329 0.8076
-0.7431 0.1125 0.0242
-0.0004 0.0046 -0.0161
-0.2435 -0.6211 -0.6510
0.1394 0.2993 0.7609
4.3369 0.0866 -0.1811
4.5036 0.0065 -0.0012
3.9658 0.4532 0.6151
4.5989 -0.6304 0.0193
4.6832 -0.2599 0.6077
4.5045 -0.0094 -0.7085
4.6012 0.1277 0.3999
4.5439 -0.1492 0.0335
4.4462 0.0112 -0.0598
4.5393 0.0192 0.0218
4.4618 -0.0064 0.0064
4.6052 -0.1367 -0.1678
4.5133 -0.0304 -0.1254
4.5816 0.1116 -0.0611
4.3799 0.0437 0.3254
4.6749 -0.0707 -0.5865
4.5005 0.0178 0.2572
4.5576 0.1003 0.7798
4.9815 0.1676 0.2563
4.4319 -0.3081 0.0435
4.5634 0.0315 -0.6864
4.3869 -0.0662 -0.0898
4.4572 0.3914 0.7928
4.4572 0.0283 -0.1635
4.2576 -0.1696 -0.1886
4.5812 0.0828 -0.4551
4.5039 -0.0398 0.0015
4.5691 0.0222 0.1826
4.5062 -0.0130 0.0033
4.1089 0.2554 0.2479
4.7884 -0.2146 -0.4648
4.5245 -0.0006 -0.0733
4.0926 0.7368 -0.3032
4.6509 -0.6375 -0.7487
4.3477 0.0837 0.1867
5.1758 0.2462 -0.3182
4.4334 -0.0562 -0.0013
4.5581 0.0049 0.0764
4.9943 0.0024 0.0118
4.4464 -0.4006 -0.3351
4.4506 0.2261 0.2758
4.4059 0.0744 0.2101
4.2004 -0.4328 0.4742
4.7393 0.0872 -0.1632
5.1185 -0.0297 0.2385
5.1677 -0.0996 0.5842
4.1777 0.7551 0.5189
4.4881 0.0044 0.9558
4.5846 0.1571 -0.8433
4.5983 -0.3195 0.3786
4.8207 0.6001 -0.1310
4.5009 0.0202 -0.2274
4.4748 -0.3160 0.8970
4.4355 -0.2669 0.7394
4.5801 0.6181 0.0263
4.9991 -0.6091 0.4934
4.4163 0.0919 0.5094
4.4340 -0.0490 -0.3415
4.2643 -0.0793 -0.0643
4.4525 -0.0160 -0.0953
4.4934 -0.0136 0.0061
4.2817 -0.2598 -0.2679
4.8794 0.3426 0.3536
4.7385 0.1520 0.1445
4.5584 -0.1994 0.3564
3.8210 -0.6340 -0.0526
5.4707 -0.0622 0.0683
4.8611 -0.0828 0.2651
4.4782 0.0293 -0.1978
4.4701 0.0501 0.2739
4.4970 -0.0065 -0.0068
4.6922 0.5883 0.2549
4.8999 -0.0291 -0.5236
4.3491 -0.2043 0.5970
4.4072 -0.5458 -0.7404
4.4178 -0.1033 -0.8315
3.8087 0.0308 0.1741
4.3861 0.7747 0.4283
4.4183 0.0912 0.2763
4.1849 -0.4367 0.5191
4.8202 -0.1182 0.2418
4.3342 0.0880 -0.0443
4.3146 -0.5845 0.1333
4.4186 -0.0850 0.0699
4.4905 -0.0078 0.0090
4.4660 0.4830 -0.4088
4.4808 -0.5121 -0.4868
5.3559 -0.2605 0.0212
4.4826 0.2319 -0.0205
4.4397 -0.1057 0.0350
4.4510 -0.1824 -0.7278
4.3264 -0.2302 -0.1204
4.5038 -0.0021 -0.0169
4.7006 0.0306 -0.4427
4.4967 0.2190 -0.5395
4.3958 -0.0498 -0.5736
4.5110 0.0159 0.0758
4.1438 0.1589 -0.0445
4.5177 0.1039 -0.6743
3.9414 0.3262 0.5528
4.2396 0.0585 0.5067
4.5219 -0.0164 -0.0060
4.4927 -0.0296 0.0441
4.0605 0.2686 0.5475
4.3229 0.4640 0.0201
4.5016 0.0123 -0.0471
4.7221 0.3705 0.6863
3.9240 0.3778 0.4637
4.6677 -0.1774 0.3467
4.5786 -0.0134 0.2767
4.4412 0.0047 -0.1921
4.5316 0.0062 0.0327
4.3363 0.0970 -0.1213
3.7625 0.4464 0.2088
4.0836 0.5858 -0.4252
4.5036 -0.0094 -0.1820
5.0354 -0.6054 -0.4247
4.4439 0.1165 -0.2026
4.8668 -0.2904 -0.2614
4.3133 0.2243 -0.0552
4.9207 0.1287 -0.1815
4.4783 0.1067 -0.1910
5.0972 0.4439 0.1495
4.6809 0.0391 0.4322
4.4118 -0.0241 -0.0918
4.5696 -0.1197 0.1336
4.4600 -0.0233 -0.1784
4.5793 -0.5922 0.0064
4.3667 0.2456 0.2782
4.4401 -0.0352 -0.8167
4.0495 0.0870 -0.6826
4.5223 -0.0014 0.0676
4.5208 -0.0533 0.0214
4.2975 -0.1761 -0.0584
4.6780 0.0215 0.5422
4.7648 0.2316 -0.2888
4.6638 -0.0448 0.1928
5.0137 -0.0932 -0.5085
4.7791 0.6749 0.1021
4.5066 0.0135 -0.9847
4.3741 -0.4312 0.5540
4.5452 -0.0412 0.0375
5.4476 -0.1966 -0.0562
4.5967 0.1437 -0.1269
4.9258 0.2485 -0.2324
4.4488 0.0868 0.7504
4.5672 0.0334 0.0272
4.2383 0.2003 -0.9022
5.2557 -0.1943 0.3491
4.2542 0.7890 -0.2925
4.3033 0.8636 0.1790
3.9877 -0.7754 -0.0640
4.5193 -0.2286 -0.0154
4.8247 0.2944 -0.8824
4.2483 0.7689 -0.2999
4.5105 -0.0345 0.0135
4.5373 0.0379 -0.0573
3.7116 0.1525 0.1369
4.5523 -0.0982 0.9180
4.5790 0.0825 0.8310
4.4814 -0.1874 0.0571
4.5000 0.0001 -0.0334
4.3797 0.2758 0.1252
4.1760 -0.4053 -0.0877
4.7458 0.4655 -0.3849
4.5194 -0.0042 0.0815
4.5832 0.0035 -0.0146
5.0809 -0.4495 0.4953
4.4431 0.0392 0.1167
4.2983 0.2529 -0.1166
4.4544 -0.1848 0.1682
4.4147 -0.0097 0.9652
4.5487 0.2497 -0.1678
3.9248 -0.2320 0.1158
4.5003 0.0106 0.3425
4.4454 -0.3354 0.1677
4.5009 0.1238 0.5281
4.2887 0.0604 0.3548
4.1626 -0.2027 -0.8895
5.2145 -0.5289 0.2682
4.8290 0.2365 0.1500
4.3360 -0.2583 -0.3592
5.1463 -0.0562 0.6577
4.4947 0.0077 -0.8392
4.5044 -0.0226 0.0263
4.5557 0.3492 0.0353
4.5180 0.3695 0.1422
4.4280 0.0970 -0.8589
4.9796 -0.3746 0.5827
4.5021 0.0010 0.0075
4.4855 0.0048 -0.1433
4.5068 0.0284 -0.0606
4.7254 -0.0961 0.1109
5.2805 -0.3717 -0.2788
4.4653 0.0571 0.5048
5.3798 0.1013 -0.2311
4.0092 -0.0001 -0.7322
4.4955 0.0038 -0.0015
4.9692 -0.1393 -0.8612
4.4914 0.0034 -0.0551
4.1649 -0.3725 0.0854
4.4297 -0.4729 -0.1301
4.7378 -0.1535 0.1621
4.3229 -0.3356 0.9229
4.4995 -0.0002 -0.0381
4.3734 -0.0881 0.4051
4.4563 -0.4590 -0.8645
4.5251 -0.0195 0.1189
4.3843 -0.0314 -0.0033
4.2161 0.4339 0.2913
4.4523 -0.1684 -0.7310
4.6719 0.1257 -0.0259
4.5156 -0.2049 0.4392
4.2636 0.0631 0.3299
4.5089 -0.0152 -0.0079
4.5167 0.3105 -0.3212
4.6333 -0.1123 0.1135
4.6323 0.4684 0.0406
4.2225 0.4060 -0.4627
4.5675 -0.4364 -0.6497
4.7370 0.2129 -0.0176
4.4095 -0.1013 -0.0865
4.7302 0.0468 0.4213
4.3115 0.2418 0.7849
3.9043 -0.1098 0.6275
3.9748 0.2204 0.1980
4.3591 0.0156 -0.5960
4.4801 0.0006 -0.3327
5.4720 -0.1439 0.1154
4.3594 0.3553 0.2466
4.3109 0.5256 -0.7945
4.6431 0.8342 0.1049
4.5799 -0.0784 -0.2159
4.8739 0.0465 -0.4643
4.4259 0.0748 0.7208
4.6032 0.1652 0.8078
4.5949 -0.1392 -0.7947
4.5003 -0.0025 -0.2131
4.4880 0.0302 0.1548
4.5836 0.0727 0.5282
4.4224 0.0555 -0.1379
3.8053 0.1039 -0.6871
4.3773 0.1633 -0.0566
4.1631 -0.1667 -0.1985
4.2528 -0.1709 0.4748
4.5360 -0.6287 -0.4168
4.2801 0.8002 -0.0468
4.4811 0.1858 -0.8640
4.9355 0.3058 -0.7322
4.9711 -0.4326 0.4925
