-0.2526 -0.0787
0.1459 -0.0624
-0.0103 0.0370
0.5636 0.1866
0.9419 0.6171
-0.2943 -0.5523
0.1239 0.4606
0.0624 -0.1696
-0.8011 -0.0054
-1.4023 0.4754
-0.1534 -0.1801
-0.5081 0.6395
0.3045 -0.0989
-0.0416 0.2487
0.5143 -0.4102
-0.2324 -0.3162
-0.1945 0.0116
-0.0491 0.3355
0.0233 0.1445
0.4792 -0.2028
0.0005 -0.1728
-0.1736 -0.7707
-0.5702 -0.3205
0.0863 0.7070
-0.4524 -0.7889
0.9877 -0.0431
-0.5592 0.3682
0.0856 0.0737
-0.9131 -0.1162
-1.3207 -0.8326
0.0008 0.1262
-0.6557 0.2133
0.1098 -0.0317
-0.4572 0.6605
-0.3096 0.6962
0.0122 0.0239
1.4229 0.2347
-0.3799 -0.2772
0.9001 -0.3362
0.5453 -0.4521
-0.2257 1.4404
-0.3959 0.4648
-0.2405 0.5560
0.6188 -0.1658
0.9562 0.7717
0.0441 -0.1306
-0.6179 -0.6750
-0.8175 -0.7823
-0.2442 0.5185
-0.9288 -1.1328
0.4236 -0.4744
-0.4381 -0.0597
0.0710 0.0131
-0.0115 0.0016
-0.0627 0.0621
0.1222 0.7007
0.1308 0.3111
0.1115 0.1520
0.6760 0.2183
-0.0103 0.0165
0.0934 0.8763
0.4366 -0.2564
-0.1238 0.6586
-0.8786 -1.2312
-0.0430 -0.1151
0.1631 1.5658
-0.0411 -0.1839
0.1406 0.6306
-0.0143 -0.0591
0.3938 -0.2857
-0.1962 -0.3058
0.0314 0.0950
0.4644 -0.4959
0.6210 0.2061
-0.1166 0.0256
-0.4633 0.4019
-0.4212 -0.2603
-0.9443 0.3084
-0.1429 -0.2452
0.1087 -0.4476
0.1851 -0.3150
-0.2130 0.4752
-0.3438 -0.4125
-0.0635 -0.1971
-0.2786 0.2568
-0.4367 0.0154
0.3005 0.7481
0.3914 -0.0547
-0.2334 0.4885
-0.1647 -0.4487
0.0744 0.0042
-0.0285 -0.2571
-0.5184 -0.8445
-0.4779 0.2044
0.0719 -0.0132
0.4028 -0.2854
-0.1440 0.8340
0.3405 -0.1224
-0.0053 -0.1058
0.3206 0.1773
-0.8578 -0.0792
0.6047 0.2689
0.2361 -1.1850
0.0270 -0.1869
0.0810 -0.0637
0.0331 0.5055
-0.6757 0.7546
1.2554 0.6681
-0.0047 -0.0568
-0.2317 -0.3263
-0.8931 -0.2815
-0.0611 0.4998
-0.4286 0.3293
0.1197 -0.1688
-0.0203 -0.4964
-0.1976 -0.2286
0.6909 -0.0228
-0.0493 -0.1721
1.0074 -0.4983
0.0831 -0.1848
0.2809 0.4109
-0.4808 -0.8118
0.6255 -0.4747
0.0346 0.0002
-1.1520 0.8406
-0.1439 0.2583
-1.2038 1.1750
0.8447 0.0132
0.3012 0.1059
0.1116 -0.7624
0.0365 0.0502
0.4418 -0.8201
0.0136 -0.3461
-0.0099 0.2939
0.3650 0.2908
-0.5478 -0.3506
0.2161 -0.3443
0.3718 0.3674
1.2577 0.4524
-0.0136 0.4821
-0.0134 -0.0034
-0.8371 0.5186
0.5106 0.7540
0.2094 -0.2407
0.9241 -0.7244
0.4230 0.8510
0.0574 0.1317
-0.0319 -0.0165
-0.1867 0.8453
0.4906 -0.5677
0.6533 -0.0420
0.4778 0.3487
0.0307 -0.0157
-0.6409 0.0934
-0.3168 0.8462
-0.1007 -0.1939
-0.8201 0.4454
-1.3054 0.9469
-0.0045 0.0181
0.0707 -0.5392
0.3759 -0.1993
0.0617 -0.0026
-0.1847 0.2602
1.0140 -0.5096
0.0264 0.5298
-0.6139 -0.4771
-0.4448 -0.7683
-0.5071 1.5095
-0.6950 -1.3085
1.2726 -0.9889
0.8137 -0.0159
0.2697 -0.6012
-0.0238 0.0864
-0.1058 -0.6310
0.2270 0.9916
0.7488 -0.5809
-0.2010 0.0379
0.7007 -1.4962
1.0756 1.1972
0.0181 0.0573
0.0806 -0.4586
-0.4478 0.3575
0.2933 -0.0180
0.3079 -0.6519
-0.3431 -0.0120
-0.2031 -0.7040
0.2410 0.2324
0.0999 0.0839
-0.1293 -0.5875
0.4532 0.4976
-0.2020 -0.0662
-0.1583 0.9470
0.0785 0.1013
0.2738 0.7762
-0.1346 -0.7033
-0.3725 -0.2147
0.0831 0.2200
-0.0054 -0.0039
-0.8751 -1.4496
0.5564 0.3546
-0.1553 -0.0303
0.1627 -0.0151
0.3728 0.6359
-0.0442 0.5337
-0.5195 0.2921
-0.4582 0.1704
-0.7836 0.1166
-0.4700 -0.7279
-0.8057 -0.4368
-0.3649 -0.6519
-0.7296 0.2460
0.0743 -0.0492
-1.1656 0.5284
0.5344 0.4946
-0.3957 0.4906
-0.0952 -0.2962
0.0213 0.0142
0.3738 -0.0274
-0.3494 -0.0719
-0.0124 -0.1582
0.6763 0.3392
-0.5885 0.0574
0.1653 -0.2758
-0.8981 0.2757
0.7031 1.2869
0.9385 0.2702
0.6663 -0.1817
1.3057 -0.2031
-0.1969 1.2080
0.9086 -1.2977
0.0565 -0.2195
0.0132 0.0500
0.1995 0.0265
0.0318 0.0108
0.1961 -0.9054
0.1703 -0.2826
-0.0680 -0.2879
1.2330 0.1791
0.0736 0.3059
-0.1513 0.4653
-0.7642 -0.2603
0.7900 0.2105
-0.3086 0.5652
-0.4876 0.1913
-0.0097 -0.0276
0.1839 0.2434
1.1707 -0.2807
-0.4311 -0.3204
0.0788 0.0606
0.6215 0.0832
2.4463 0.3446
2.6315 0.8057
2.6068 0.3312
2.6121 -0.0649
3.6976 0.0373
2.8420 -0.2691
3.0093 -0.5108
2.2190 0.3848
2.4733 0.1243
2.4521 0.0349
1.7891 -0.4778
2.0842 -0.6106
2.5923 0.1217
2.4590 0.1914
1.9029 -0.0233
2.4695 0.2849
2.5248 -0.6007
2.8604 -0.3558
2.7306 -0.9737
1.4293 0.2630
2.6241 0.4872
2.6276 0.3603
2.4687 0.2628
1.4306 -0.6370
2.0046 -0.6890
2.8206 -0.1451
1.1143 -0.4684
2.9207 -0.0972
2.2431 -0.6142
2.0869 -0.2297
2.5000 0.0002
3.3633 -0.8338
2.4718 -0.3248
1.7496 0.5019
2.4970 -0.0024
2.0321 -0.8329
1.9040 -0.6103
3.2644 -0.6271
2.4910 0.1344
2.8837 0.0242
2.5307 0.1542
2.1651 -0.0680
2.3177 -0.0888
3.0430 0.7358
1.9997 0.8544
2.6531 -0.7981
1.8558 -0.5290
2.1676 0.0588
1.6937 0.0290
2.5349 -0.6922
2.4937 0.2837
2.7131 0.6498
2.3419 0.5720
3.2797 -0.5521
2.7879 0.4282
2.8947 -0.3321
2.4114 0.1361
2.8496 0.2763
2.9849 0.7832
3.0970 -0.4224
2.4286 0.3802
2.7333 0.0193
1.7603 -0.0480
2.4607 -0.0136
2.9954 -0.2439
1.6285 -0.4071
2.5145 0.0138
2.0825 -1.1061
2.5746 -0.0210
2.4250 -0.0267
2.6377 -0.7202
3.5970 0.8198
2.9187 -0.4436
1.8869 -0.0298
1.5115 -0.0523
2.4683 0.1184
2.4415 0.8493
3.0765 -0.5836
2.4274 0.0365
3.8070 -0.3635
2.5246 -0.7082
2.6835 1.4296
2.1203 0.1222
1.9132 0.2415
2.5861 0.0082
3.8341 0.5541
2.5805 0.1677
2.3290 1.4313
3.4573 0.3260
2.5376 0.3972
1.9473 0.6688
1.7168 0.1224
2.3095 0.1841
2.8432 0.1833
2.7162 -0.1550
1.9466 0.3736
2.2250 -0.8127
2.4490 0.1322
2.5527 -1.0465
3.0227 0.1392
2.4563 -0.1811
3.3439 0.9274
3.3500 0.2613
1.7089 0.5012
1.8701 -0.2485
2.4348 -0.9089
2.7559 0.0551
2.4353 0.3956
1.4715 -0.0973
2.4664 0.8693
2.2536 0.9688
2.4750 -0.0215
2.5004 0.1004
1.9891 0.2189
2.2116 1.2236
2.7684 0.1982
3.1535 -0.0537
2.6092 0.4933
2.4292 0.3660
2.5361 -0.2536
2.6943 0.0898
2.8852 -0.7428
2.1323 0.5000
3.6243 -0.6008
2.3834 -0.3564
2.6837 0.3584
1.6726 -0.2514
2.9249 0.4219
2.5168 0.0105
1.8997 -0.4872
2.1241 0.2188
2.4616 -0.9308
2.5325 -0.1157
2.3272 0.2179
1.7062 0.1958
2.4407 0.5764
3.0440 -0.7799
3.1627 1.4274
2.5067 -0.1636
2.6032 -0.2149
2.4825 -0.0172
2.4950 0.0301
3.1435 -0.0939
2.5310 -0.0457
1.5614 -0.0684
1.7451 -0.6726
3.3229 -0.0694
2.3285 -0.5280
3.1924 0.4679
2.7703 -0.1624
2.7921 -0.5387
2.2889 -0.1754
2.8501 -0.6051
2.4406 0.4199
2.8726 0.7856
2.7411 -0.0216
2.5380 -0.1254
2.6431 -0.4661
2.0984 0.5303
2.5036 -1.3444
2.4043 0.4938
3.0046 0.7193
2.2938 -0.1366
3.9591 -0.6469
2.7095 0.3009
2.1121 -0.6850
3.1413 -0.3256
2.5118 -0.0098
1.0823 0.7206
2.7590 0.0472
3.4082 0.2334
3.4249 0.7508
2.0066 -0.2322
3.0652 0.0996
2.5573 -0.1015
1.9926 -0.4289
2.2446 0.3356
2.3082 0.3993
2.8236 -0.0087
2.3545 0.8936
2.7404 0.8824
2.4754 0.0061
2.5991 0.0399
3.2521 -0.7984
3.3800 -1.4478
3.4774 -0.1616
1.9116 -0.0579
2.3427 -0.3750
2.4079 0.6728
2.3663 -1.1849
2.5623 0.1290
2.5809 0.5854
2.0248 -1.5094
2.5680 0.2076
3.4055 0.0862
3.3548 -1.0290
2.5834 0.2887
2.4709 -0.0362
3.3173 0.1593
2.3940 -1.6199
1.7270 0.3959
1.4866 0.3094
2.7981 0.2571
2.3943 0.3792
2.0077 -0.3578
2.7229 -0.1005
2.3339 0.5196
2.6640 0.0505
1.8885 -0.4672
3.0718 -0.5676
2.4912 0.0217
3.1642 1.2875
2.9272 -0.0212
2.1402 0.7569
1.9492 0.4669
1.9113 0.4694
2.3280 -0.2639
2.6533 0.0126
2.2014 -0.0151
1.9251 1.2920
2.5936 0.3515
3.1572 -1.2422
3.0905 -0.0072
3.4778 0.1121
3.6320 0.0652
2.8732 -0.5846
1.5978 0.2128
2.9728 -0.6554
2.4553 -0.5784
2.2723 -0.6772
1.1239 0.1220
1.9937 1.3360
3.3053 -0.6389
2.1859 -0.5527
3.0893 0.0988
2.5929 0.5590
2.4414 -0.0145
3.6823 0.0228
2.4499 -0.0759
2.4681 -0.3351
2.4866 0.0169
2.7801 0.0335
1.9502 0.0381
2.6289 -0.1137
3.5551 0.7100
2.6798 -0.3943
2.5055 -0.0488
1.5955 -0.3088
2.1065 1.3861
2.5882 -0.3731
