-0.0013 0.0220
-0.4437 0.5024
-0.1038 -0.7610
0.1808 0.1105
-0.0869 0.0373
-0.3913 0.2944
0.4177 0.7720
-0.0504 1.1680
0.1601 0.2806
0.0494 -0.1892
-0.7450 -0.2875
3.2083 1.5873
0.5042 0.6098
0.3146 0.1973
0.2723 0.1574
0.2823 0.1496
0.2494 -0.3921
-0.1715 0.0131
0.5768 0.5645
-0.1168 0.0068
0.0347 0.4968
0.1366 -0.1161
0.0226 0.0101
-0.4467 -0.1656
-0.2561 0.7957
0.4375 0.6951
-0.2506 -0.3520
-0.4535 0.6793
-0.4731 -0.0111
3.2377 -0.0322
-0.3429 -0.1924
-0.0714 -0.4563
-0.4489 0.7602
-0.1196 -0.0530
0.5502 -0.5773
0.4958 0.1909
-0.1701 -0.5913
0.2594 -1.2119
-0.3296 -0.6962
0.6984 -0.0537
0.5044 0.6736
-0.3498 -0.1370
0.5899 -0.7597
-0.1216 -0.0790
-0.1188 0.1887
0.6391 -0.5857
0.2477 0.1735
2.2808 -1.4304
0.1663 -0.1871
-0.1345 0.2361
-0.1339 0.1823
-0.3201 -0.1442
0.2753 0.0751
-0.7635 0.1183
0.4399 -0.5166
-0.0765 0.0544
-0.1565 -0.6311
-0.5067 -0.3252
-0.2897 -0.0113
0.2875 0.4397
0.0480 -0.0030
0.2186 0.0351
2.9875 0.6959
0.3325 -1.3157
1.0976 -1.3065
0.4238 0.1111
-0.3728 -0.0269
-0.2597 -1.3959
0.4149 0.3756
-0.5641 0.3602
0.1695 -0.3204
0.8824 -0.1558
-0.2642 0.6437
0.1273 -0.0117
-0.8534 0.1398
0.5868 -0.1128
0.0853 -0.0291
0.1002 -0.1510
-0.1180 -0.2569
-0.0196 -0.0552
0.1380 -0.3294
0.4559 -0.3324
0.3774 0.4371
0.1387 0.5609
-0.5000 -0.6914
0.1071 -0.0455
0.9283 0.1065
0.0541 -0.1430
0.5556 -0.3819
0.0098 -0.1913
-0.7963 0.5373
0.0920 -1.9961
0.2244 0.2474
-0.4800 0.4154
0.1639 -0.1624
-0.4400 -0.0388
-0.2781 -0.2134
-0.1267 0.4821
0.0592 0.2262
-0.8995 0.1183
1.0859 -0.9650
0.3530 0.7153
-0.0894 0.1576
-0.6495 0.1026
0.7984 -0.1441
0.0947 0.4362
0.0935 -0.0701
-1.8602 1.9303
0.2495 0.1359
-0.4174 0.7944
-0.2279 0.7047
0.1757 0.8459
0.0041 -0.0238
0.2705 -0.1353
0.3039 -0.3306
-0.7531 0.3206
-1.8602 -0.3357
-0.0380 0.7655
0.6255 -0.4054
0.6646 -0.0248
0.5574 -0.4959
-0.1620 -0.0034
-0.3924 -0.3210
-0.0201 -0.0236
-0.7660 0.5216
-0.3451 -0.7016
-0.5757 -0.2219
0.1567 -0.0856
-2.8843 1.3567
0.2991 -0.3608
-0.5296 0.4519
0.1103 0.9711
0.6044 0.2048
-0.1014 0.2534
0.1256 0.2639
0.2653 -0.8465
0.3671 -0.1714
-0.4649 -0.3053
-0.2160 -0.4840
0.4365 0.5885
-0.9327 0.1942
-0.0796 0.0796
-0.4773 0.0329
0.8166 -0.6025
-0.1056 -0.9432
-0.2665 0.5363
-0.0704 0.1514
-0.3537 0.2130
0.0772 0.1393
-0.2931 0.3714
0.2292 0.2214
0.0032 0.0219
-0.4468 -0.1360
-0.1696 0.7085
0.8091 0.0936
0.0724 -0.1563
-0.0772 -0.3859
0.8647 -0.1818
-0.0674 -0.0613
0.0203 -0.1950
0.7835 -0.2823
-0.0581 0.4533
-0.3686 -0.4517
-0.6753 -0.1080
-0.1523 0.0954
-0.4585 -0.6186
-0.2213 0.8894
-0.4846 0.7935
-0.0721 0.0380
0.0356 -0.0489
-0.7864 -0.4774
-0.8881 0.0888
-0.4346 -0.5029
0.6951 -0.6988
0.3173 0.5971
-0.9600 0.0690
0.6088 0.4488
-0.0776 -0.1339
0.0071 0.0170
-0.1407 -0.0733
-0.2885 0.7357
-0.7418 -0.4333
-0.5956 -0.7721
-0.3471 -0.4507
0.2265 0.0705
-0.5575 -0.0709
-0.0229 -0.0121
0.4852 -0.2744
0.1205 -0.6394
0.3276 0.1332
0.0520 -0.2654
-0.1175 0.5310
-0.6585 0.5337
0.2944 0.4996
0.9581 2.7825
0.0167 -0.1371
0.1732 0.8842
0.0767 -0.6296
0.3499 0.7856
0.0004 0.0188
0.8146 0.3797
0.0703 0.1420
-0.4288 -0.7231
-0.1018 0.0377
0.1152 0.5740
0.1058 -0.1374
-2.8075 -0.3146
-0.6976 -0.2905
-2.6036 -2.1130
-0.4923 0.2522
0.5201 0.3342
-0.1700 -0.4238
-0.6220 -0.2541
0.4060 -0.1721
0.0276 1.8000
1.8762 2.9539
0.6997 -0.5948
0.3956 2.5064
-0.5112 -0.4012
-0.1275 0.3157
0.4944 -0.1156
-0.4208 0.3538
-0.0127 0.0269
0.7863 -0.4316
-0.5160 -0.3029
-1.4041 1.9927
0.4650 -0.2121
-0.0021 -0.0123
0.2190 0.4779
-0.4903 -0.3192
-0.4472 0.0790
-0.6510 0.1945
-0.2905 0.6937
-0.1025 0.0209
0.2637 0.4748
0.1823 -0.3624
1.5559 -0.0719
-0.2990 0.0705
-0.4936 0.2887
-0.1666 0.0441
0.5551 -0.1942
-0.1062 2.0667
-0.5155 0.1062
-0.0027 -0.0015
-3.1749 1.1413
0.5376 0.6509
0.1834 0.2916
0.1883 0.2143
0.0631 -0.2954
0.1561 0.1658
0.2613 0.7482
0.1194 -0.9894
-0.0465 0.3216
0.8902 -0.2892
-0.2997 0.0285
0.0240 0.0303
0.0328 0.0108
0.0739 -0.0280
-0.0106 -0.0179
-0.2524 0.2524
-0.3173 -0.7018
-0.8174 0.5298
0.3047 0.4470
0.0412 0.2793
-0.3415 0.0217
0.8502 0.3897
-0.9410 0.0186
-0.8533 0.3279
0.8614 -0.1889
0.1481 -0.0808
0.2548 3.0767
-0.0235 0.2605
0.2313 -0.0440
-0.1376 -0.5603
0.3289 -0.6253
-0.1010 -0.4506
-0.0331 -0.1459
0.8484 -0.2485
0.2325 0.0335
0.1509 -0.3139
0.0654 -0.0178
0.6125 -0.2854
0.3233 0.5494
-0.0586 0.0480
0.0213 -0.1055
-0.8399 -0.0478
0.1658 2.9407
-0.0026 0.9331
0.2462 0.1619
-0.4197 0.3588
-0.4104 -0.4165
-0.1478 0.1515
1.3438 2.5359
-0.0204 0.1185
0.9314 0.0325
0.4549 -0.4762
-0.0424 -0.0269
-0.2813 -0.2810
0.7475 0.1381
-0.0932 0.0648
0.0452 0.8285
-0.3134 0.0477
1.3559 -0.0463
-0.4742 0.3784
0.7750 1.0690
-1.0309 0.0253
-0.2384 -0.6912
-0.6954 0.5110
0.2016 0.6207
0.1076 -0.1973
0.0532 -0.1852
-0.7241 0.3012
-0.0818 -0.4599
-0.0177 0.1030
0.4987 -0.4302
0.1569 0.3811
-0.6827 -0.1870
0.2523 -0.5468
0.1366 0.2144
0.2883 -0.9042
0.1500 0.5489
-0.0397 -0.0470
0.2820 0.9579
-0.1291 0.8201
0.7707 0.1348
-0.3662 0.0206
0.2163 0.8164
0.2763 0.1912
0.0470 0.0331
-0.0001 -0.0008
-0.7369 -0.9969
0.2635 0.1406
0.1131 -0.0929
-0.0310 0.0299
0.8299 -0.3249
0.1336 -0.2645
0.2603 -2.8053
-0.2709 0.0232
-0.0980 0.1045
0.0997 -0.3117
0.5473 -0.4244
0.2041 0.4016
0.1269 0.0259
0.1399 -0.5441
-0.6868 -0.4353
0.5833 0.0976
0.0629 0.8075
0.5540 -0.3139
-0.3974 0.7268
0.2511 0.2148
0.5881 -0.4768
-0.5987 0.2177
0.2922 -0.9076
0.4306 -0.4794
-0.1336 0.0719
-0.1154 -0.0952
0.7511 -0.3299
-0.7882 -0.0356
0.1247 -0.1086
0.0648 -0.3691
0.4334 -0.0201
-0.0971 -0.0093
-0.4647 -0.1592
-0.0176 0.2699
0.2832 0.3535
0.2670 0.1161
-0.2085 -0.3810
-0.6683 -0.6471
3.3273 -1.5546
0.3103 -0.2418
0.0650 -0.3029
-0.4792 0.0531
0.5692 -0.5572
0.0160 -0.3174
-0.0754 0.1181
0.0644 -0.7539
-0.0120 0.3006
2.0030 -1.5231
-0.6444 -0.5192
0.5777 0.6931
-2.5804 -0.4242
-0.0942 -0.2117
0.1138 0.0558
-0.4577 0.0380
0.1503 0.0392
0.3133 0.1407
-0.8681 -0.4773
0.7476 -0.2351
0.5289 -0.2074
-0.2082 0.1092
0.0665 -0.1044
-0.4221 0.7238
0.0452 0.3355
0.4340 -0.1782
-0.1721 0.3351
-0.8023 -0.2688
-0.0995 -1.6897
0.7932 0.1214
0.1566 0.9359
0.0466 -0.0417
0.6833 -0.1115
-0.4202 -0.8050
-0.0295 0.0162
-0.0817 -0.4202
0.2032 0.2334
-0.7177 -0.5291
0.7709 -0.2553
-0.0500 -0.0157
0.2061 -0.2821
0.3653 2.4672
-0.2331 -0.5223
0.3185 0.1522
-0.6573 -0.1615
-0.0006 0.0016
-0.0422 -0.1022
0.1044 -0.0595
-0.3895 -0.3326
0.1609 -0.2841
-0.4139 0.2280
-0.1593 -2.4288
-0.5592 -0.6667
0.1081 0.4065
0.0145 -0.0175
-1.8600 2.1815
-0.2669 -0.4018
0.0055 -0.7159
1.4396 -1.3333
-0.1299 0.3784
-0.2308 0.3819
0.6549 -0.6844
0.2815 -0.6106
-0.1095 -0.8739
-1.6699 -1.2784
0.2894 -0.1679
0.6338 0.2271
-3.1999 -1.1152
-0.8948 0.1664
-0.2428 0.4551
0.1222 0.2927
-0.0406 -0.3504
-0.3655 0.0884
-0.5492 0.6570
-0.5971 0.7291
-0.1460 0.3726
-0.1313 -0.8760
0.2712 -0.4601
-0.2606 1.8334
0.0580 -0.2131
-0.4169 -0.4419
-0.2081 -0.2795
-0.3099 0.3167
-0.0399 -0.0246
0.1995 -0.5118
-0.6171 -0.6749
-0.0051 -0.3397
-0.1836 0.0131
0.0177 0.1121
0.5211 -0.3500
-0.0037 -0.0253
1.1678 1.1602
-0.2531 0.1866
-0.2574 0.5843
-0.2761 0.1039
-0.1210 0.0427
0.0546 -0.1282
0.8313 1.0511
-0.8849 -0.3359
0.9830 -0.0657
0.0648 -0.1790
0.0756 0.0038
-0.0276 -0.6759
-1.7423 2.4464
-0.8932 -0.3229
-2.8736 1.5118
0.4380 -0.6835
0.5232 -0.0162
0.5812 0.2784
-2.7385 -1.6984
-0.5270 0.2493
0.3364 -0.5899
-0.4941 -0.2453
-0.7602 0.1284
0.5306 0.0539
-0.4399 0.8130
-0.1565 -0.1550
-0.0077 -0.0087
-0.9176 -1.4336
0.7741 -0.3737
-0.0950 -0.6739
0.3556 -0.7122
0.1838 0.3129
-0.1292 -0.0406
0.4301 -0.2250
-0.2606 -0.3553
-0.3431 0.8962
-0.4704 -0.2303
0.3186 0.2431
0.7123 0.4035
0.8011 -0.3048
0.4835 -0.7105
