-0.0495 0.1094
0.0147 -0.0029
0.1561 -0.4290
-0.0091 0.1583
-0.0158 -0.1277
0.5851 0.0084
0.8884 -0.0304
-0.0338 -0.1871
-0.0893 -0.0266
0.1905 -0.0947
0.0152 0.0009
-0.2285 -0.8729
-0.5820 -0.1089
-0.2597 0.0088
0.4993 0.7439
-0.7209 -0.0714
-0.5665 -0.6247
-2.1961 0.8365
-0.7001 -0.1397
-0.4204 -0.5520
0.0133 -0.1130
-0.3200 0.7562
0.1229 0.0305
-0.9206 -0.1253
2.0725 1.7111
-0.4476 -0.2878
0.2861 -0.3295
-0.1055 -0.7916
-0.0662 0.0752
-0.7594 0.2629
-0.2528 0.1300
-0.2188 -0.0545
-0.3485 0.6151
0.4172 -0.2938
-0.5025 -0.6837
0.0620 0.0927
-0.0837 -0.0805
-0.7498 -0.0018
0.3878 -0.4347
0.5574 -0.3141
-3.2211 0.7519
0.5411 0.1225
-0.1736 0.1317
-0.2386 -0.2319
-0.0002 -0.0001
0.3042 -0.5590
-0.6581 0.4629
0.1600 -0.8432
-0.1694 0.4058
-0.2431 0.3687
-0.3998 0.5267
0.5666 0.1066
0.6023 0.0350
-0.7569 -0.1915
0.2988 -0.1169
0.2455 -0.5353
-0.1951 -0.1082
0.3986 -1.1524
-0.3274 -0.2603
-0.0506 1.1651
0.1435 0.6579
0.1114 0.0390
-0.5299 0.6876
0.0301 -0.0224
-3.0041 -0.3708
-0.3883 0.4382
0.2370 0.0430
-0.2466 -0.0205
0.6683 -0.5750
-0.2988 -0.6688
0.8412 -0.1992
0.2673 -0.9587
0.0856 -1.0526
-0.4402 -0.4840
0.2462 2.0280
0.1953 -0.5816
-0.2562 -0.2332
-0.0335 0.1553
-0.4708 0.2297
0.7974 0.0304
-0.6200 -0.1673
0.0089 -0.0139
0.2353 -0.1312
0.1698 -0.6120
0.0041 -0.2747
0.9126 0.1931
-0.4106 0.7791
-1.6545 1.8349
0.2950 0.8376
0.0244 -0.6767
0.6179 0.3732
0.8585 0.1549
0.0470 -0.1443
0.9863 0.0148
0.2989 -0.8765
1.6139 0.8007
-0.0141 0.0203
-0.1965 -0.7857
-0.4609 0.3507
-0.5926 -0.0972
5.7027 0.3474
8.7792 -0.5608
4.3423 -0.0234
5.5425 -0.0498
5.0270 0.0193
9.1413 0.1873
5.0354 -0.3582
5.7501 0.4912
4.7444 -0.3532
5.3552 0.9081
4.8030 0.2346
5.3867 -0.1318
5.4594 -0.5000
4.0820 -0.1322
5.0518 -0.1706
4.5631 -0.8740
5.0512 -0.9801
4.5778 -0.0469
4.4342 0.7778
4.9321 -0.5206
5.7508 0.5865
4.9819 -0.1759
5.1739 -0.4124
4.3493 0.2552
5.2100 -0.3958
3.6833 1.7394
5.0126 0.0029
5.1559 -0.4056
5.1326 0.2277
4.9861 0.0538
6.4922 1.5309
4.8012 0.3982
4.9522 0.1223
4.9935 -0.1075
4.6785 0.2014
5.0238 -0.1202
5.2111 0.2237
5.1933 -0.3592
4.8057 0.1366
4.8960 0.0495
4.7183 -0.3527
8.1485 0.5452
4.4117 0.7907
4.9529 -0.1336
4.7808 -0.2869
5.3235 -0.6055
5.1983 -0.3614
2.2147 -2.7330
4.4929 -0.4141
4.3172 0.4630
4.5432 -0.3325
5.2936 -0.1032
5.1144 0.1834
4.9715 0.2309
5.3290 0.7653
4.9648 0.0294
4.8447 0.0679
5.1722 0.4452
5.3038 -0.0484
4.6023 -0.1677
5.4432 0.4344
4.8001 -0.2525
5.1915 0.4540
5.1781 -0.5725
4.6435 0.7193
2.9696 -1.9658
5.2895 -0.2557
4.6242 0.7701
4.5105 0.4994
4.9814 0.0941
4.8774 -0.4588
4.9503 -0.1363
4.9513 -0.0243
5.8554 0.0575
5.8066 -0.2987
4.5955 -0.5864
4.5083 0.8182
4.8240 -0.5974
4.8631 -0.0180
5.1925 0.2832
7.1956 3.1079
5.6490 -0.6724
5.0712 0.0407
5.1692 0.3265
4.1569 -0.4910
4.7254 0.0997
4.5708 -0.6675
4.6435 1.3577
4.9958 0.6981
4.7287 0.1487
4.9795 -0.1862
5.3332 -0.2336
5.3979 0.1846
5.0693 -0.5083
4.9425 -0.3023
4.8432 0.9788
5.6499 -0.0091
5.1278 1.3848
5.4218 0.2480
4.4272 -0.5935
