-0.0022 0.1900 0.3163
-0.8917 0.3983 0.0623
0.0575 -0.1379 -0.1888
-0.1754 -0.2929 0.4037
0.8794 0.1010 0.1747
-0.5806 -0.6319 -0.5090
-0.0004 -0.0001 0.0069
-0.2460 -0.1417 0.5642
-0.4372 0.9568 -0.9856
0.3315 -0.5724 -0.2227
0.1007 0.0166 0.5622
0.3318 -0.0544 -0.1946
0.0371 0.3568 -0.1807
0.5939 -0.3758 -0.0489
0.3936 -0.0906 -0.6283
-0.2647 -0.1529 -0.4209
-0.0031 0.0067 0.0789
0.0123 0.1208 -0.7019
-0.1692 0.4076 0.3413
-0.1312 0.1190 0.2815
-0.0476 -0.9414 0.2565
-0.0051 -0.0129 -1.2988
0.0039 0.0040 -0.0250
0.8417 -1.2460 -0.5223
0.0798 0.1123 0.2234
-0.0792 -0.2548 -0.5240
-0.1241 0.0797 -0.1114
-0.0345 0.0807 -0.1294
0.0690 0.2578 -0.2469
0.5530 -0.4297 0.0522
-0.2738 -0.5185 -0.5792
0.6162 0.0861 -0.1850
0.2269 0.1799 0.4598
-0.2080 0.0173 -0.8235
-0.3257 -0.1375 0.9752
0.4948 0.7500 -0.3694
-0.0061 -0.0043 0.1126
0.0010 0.0009 0.0006
0.2678 -0.0161 -0.1172
-0.7818 -0.2920 -0.9057
0.0143 -0.6825 0.2116
-0.0056 0.0108 0.3377
0.0116 0.0044 0.4508
-1.0233 0.7024 -0.7386
0.2000 -0.2710 -0.4819
-0.0668 0.0953 -0.2056
-0.3395 -0.1378 -0.0785
0.0183 0.0040 1.0065
0.8617 -0.4673 -0.0301
-0.1642 -0.1272 0.0824
