0.0682 -0.1249 -0.0217
-0.0893 0.0127 -0.0108
0.5051 0.5346 0.3415
0.0294 -0.0565 -0.2116
-0.0928 -0.7067 -0.5908
-0.5611 -0.0405 2.2191
0.4515 -0.1348 -0.2436
-0.2562 -0.1947 -0.4794
0.1401 0.4484 -0.6796
0.1998 -0.5240 -0.2007
-0.1787 0.2418 0.8726
0.0507 -0.0171 -0.2279
0.5507 1.9779 3.5493
0.9813 0.1177 -1.1414
0.6478 0.5427 0.1051
-0.0089 -0.0918 0.0895
0.0769 0.0039 -0.7175
-0.4800 -0.3448 -0.5949
0.2866 -0.6782 0.5575
-0.1043 -0.0014 -0.1857
0.0770 -0.0037 0.1613
0.6820 0.2237 1.5269
0.1670 -0.0641 -0.3959
-0.0004 -0.0001 -0.7470
0.2478 -0.2218 0.9010
-0.2131 0.4109 -0.7493
-0.4774 -0.6446 0.0695
0.0495 0.0288 -0.1708
-0.0207 0.0184 0.0175
0.0009 0.0004 0.0026
0.4932 -0.1940 0.8205
-0.2396 -0.1464 0.3031
-0.0062 0.0001 -0.9585
3.2801 -2.1579 0.8285
-0.3678 -0.5211 -0.1721
0.0026 -0.1469 0.1837
0.0014 -0.0118 -0.1156
0.1183 0.2855 -0.1154
0.4555 -0.1590 -0.5257
0.4140 -0.6995 0.0587
0.1438 -0.1195 -0.2560
-0.0296 -0.0289 -0.0400
-0.1487 0.3607 -0.2956
0.5048 -0.1940 0.1282
-0.0398 -0.0413 0.4781
1.7750 1.3758 -0.3301
0.1028 -0.1808 0.1074
0.3343 0.5289 -0.4732
-0.0969 0.0188 0.1051
0.1019 -0.1671 -1.5936
-0.0421 0.6737 -0.1126
-0.3662 0.2092 -0.1589
0.0617 0.1878 0.1112
-0.1729 0.1526 0.3753
-0.0017 0.0010 0.0024
0.0068 0.3964 -0.7538
-0.1775 0.9451 0.1301
-0.1009 -0.0747 0.4125
0.0643 -0.2072 -0.9316
-0.1467 0.0702 0.0958
0.4702 -0.3073 -0.2268
-0.0104 -0.0220 -0.0756
1.1472 0.7984 -0.7908
-0.0019 -0.0010 0.1318
0.0125 -0.0508 -0.1203
0.1045 -0.1152 -0.3912
0.2102 -0.4283 0.4250
-0.0002 -0.0005 -0.0164
0.5056 -0.7181 0.3133
-0.0557 0.0175 -0.4325
-1.7121 -2.2603 0.8073
0.7312 -0.0607 -3.2743
-0.0281 0.0247 -0.0456
-0.3276 0.2926 0.8214
0.0422 -0.0297 -3.2164
0.0122 -0.2935 0.0821
-0.0464 -0.6094 0.1495
0.0152 -0.0393 0.2619
0.4425 -0.5886 1.7344
0.1414 -0.2927 -0.0639
0.0009 -0.0014 -0.0882
-0.4563 0.2495 0.0627
-0.0392 0.1764 -0.1197
0.0543 -0.1489 0.3410
0.3797 0.8296 -3.4058
0.4086 0.7065 -0.3289
0.8934 -0.0131 -0.3673
-0.2261 -0.0487 0.0080
-0.4175 -0.7025 -0.0578
0.0642 -0.1405 0.0212
0.0729 0.2244 -0.4620
-0.0442 -0.0353 -0.0926
-0.1844 -0.1401 0.0035
-0.1927 -0.1384 -0.6413
-0.2354 -0.6245 -0.3502
0.0063 0.0191 0.0325
0.2822 -0.1107 -0.2917
0.3788 2.1296 -2.0846
-0.4833 0.0186 -3.7408
-0.6759 -0.5468 0.3050
