-0.0364 -0.0076
0.4995 0.6157
-0.0551 -0.8252
0.2299 0.2070
1.7365 0.5900
-0.2622 1.5229
-0.0239 -0.3579
-0.3523 0.4209
0.0526 0.9221
-0.1481 0.3221
-0.7813 0.4228
-0.2508 -0.2755
-0.0643 0.2169
1.7971 -0.5797
1.4562 -0.5975
0.1462 0.2384
0.3061 -0.5922
-0.4963 -0.4491
0.4529 0.4778
0.6445 0.0949
3.0357 -0.6185
1.8143 -0.8364
2.1438 -0.1231
3.1361 0.1697
2.4516 0.2367
3.0534 0.0284
2.2974 0.0171
3.5073 0.3287
3.0748 -0.5980
3.1775 -0.8578
2.8059 0.0389
2.9923 0.0205
2.3043 -0.0490
3.1496 -0.6297
2.7184 -2.0071
3.7102 -0.2986
3.0896 -0.1127
3.1024 0.1313
3.0630 -0.9310
3.4638 -0.1784
