0.0063 0.0418
0.6321 0.3260
-0.0460 0.1259
0.1285 -0.0653
-0.5802 -0.1808
0.3228 0.5652
-0.0817 -0.0417
-0.3119 -0.0273
-0.3458 0.8396
0.7097 0.5429
0.8069 -0.1782
-0.5034 -0.3233
0.6048 0.7082
2.9036 -1.0489
0.5417 0.2963
0.0432 -0.0310
-0.2549 0.6598
-0.9820 -0.4522
0.1838 -0.3472
0.4744 -0.3393
0.4587 0.0864
-0.2010 -0.1290
0.5847 0.3956
-0.3252 0.4876
-0.6734 -0.0614
-0.0032 0.0534
-0.0578 0.0232
-0.0822 -0.0749
0.1500 0.6883
-1.7829 -0.1425
-0.4816 -0.7410
-0.4394 0.2328
-0.1768 0.6284
1.2807 2.6548
-0.4757 0.2822
0.1956 -0.8094
0.2110 0.5293
3.5070 -0.5237
-0.5279 0.7750
0.9979 2.4360
-0.0684 0.0561
2.0816 -0.7359
-2.6242 -1.4515
0.3454 -0.0386
-1.5177 1.8801
0.0221 -0.3638
0.5367 -0.2870
-0.8605 0.2422
0.0179 -0.0282
0.4208 0.0008
-0.1166 -0.4154
0.1188 -0.0831
-0.2526 0.2148
-1.5742 1.6426
0.5569 -0.6179
0.4298 -0.4049
0.1559 0.3364
-1.0727 -0.4201
-0.0048 0.1730
1.8995 -2.5756
0.5275 -0.0450
0.2806 0.0827
0.0065 0.0097
0.2253 -0.0060
0.0110 -0.1775
0.8432 0.2282
0.1430 0.1830
-0.2036 0.4349
-0.0180 -0.0758
-0.3068 0.1979
0.5736 0.1515
0.2203 0.9575
-0.0309 -0.0037
-0.0990 -0.1464
-0.8634 -0.6539
0.0253 -0.5085
1.3731 0.0575
-0.0461 -0.0637
-0.5489 0.1241
1.7749 0.2231
-0.8765 -0.2447
-0.6403 0.2792
1.0769 1.2512
-0.9470 2.9645
-0.6718 -0.2760
0.4880 0.0208
0.4961 0.3727
-0.3148 -0.0517
1.7983 2.2440
-0.3251 -0.4592
0.3479 0.1058
-0.5791 0.2663
0.4490 0.1833
0.7049 -0.0813
-0.5872 0.6010
0.0515 -0.0561
-2.3990 -0.4088
0.2016 -0.0069
0.0481 -0.1496
-0.4504 1.0545
1.1531 0.0204
-0.4494 0.5916
0.5892 0.5730
-0.6206 -0.0888
0.0012 -0.0004
-0.0320 -0.6726
0.8233 -0.4854
0.8688 -0.2642
0.1437 -0.1732
-0.2019 -0.0445
0.0007 -0.0350
-0.3752 0.6870
0.1576 0.4464
0.0614 -0.3775
-0.6839 0.1782
-0.2292 -0.5428
0.0254 0.0547
-0.2131 -0.2114
0.5806 0.1997
1.9511 -1.1449
-0.2817 1.3655
0.6672 0.4348
0.2498 0.1133
0.1931 -0.1830
-0.4211 -0.3313
0.0277 -1.1678
-0.9518 2.5447
-0.5346 0.1517
0.0032 0.1708
0.2406 0.0435
2.8061 0.2261
0.3383 0.2758
0.0027 -0.0096
0.3415 0.1155
-0.4551 0.1287
0.2683 0.0331
-0.3015 0.8666
-0.1172 0.3787
0.1036 0.1916
-0.0352 0.5307
-0.0849 -0.2927
0.0746 -0.0945
0.5112 0.8096
-0.1404 0.5950
0.5716 0.0889
1.2141 -1.1394
-0.3449 0.8278
-0.0599 -0.2295
-0.4094 -0.1838
2.1966 0.2254
0.6446 0.0596
2.1498 2.7366
0.1968 -0.1792
-1.5018 -0.6956
0.6858 0.4288
0.6444 0.4916
-0.7178 -0.0455
-0.5131 -0.2073
0.3021 0.2224
-0.7973 -0.0664
0.8007 -0.1444
-0.4069 -0.6819
-0.6362 0.5697
0.4833 -0.4713
-0.5524 -0.7623
-0.1113 -0.5402
-0.7706 -0.2288
0.1902 -0.6738
-0.0035 -0.0035
0.9124 0.3462
-0.4409 -0.3166
-0.4169 -0.0102
-0.8194 -0.2860
0.3856 -0.4471
-0.5024 0.4650
-0.5153 0.4566
0.5246 0.0682
-0.3925 -0.5148
0.1701 0.0364
-0.3755 -1.1618
0.5389 -0.6021
0.2719 0.9382
0.4650 0.6427
0.9340 -0.2565
-0.0298 0.0068
0.3055 0.0633
-0.0667 0.2752
-0.1949 -0.3432
-0.0686 0.8685
-0.2087 0.3858
-0.7015 -0.5149
0.0191 -0.0068
0.2967 -0.0304
0.8872 0.4255
1.7735 2.3976
0.0855 -0.1675
0.0000 0.0000
-0.0939 -0.9867
0.2419 -0.0275
-0.2608 2.8311
-0.6610 0.4917
0.7981 0.2572
0.5237 -2.8980
-0.1531 0.4877
-0.2215 -0.6273
-0.0126 0.0860
-0.1529 -0.6971
0.0952 0.3180
-0.3845 0.1212
-0.0623 -0.1531
-0.0477 0.0528
0.2596 0.1710
0.4497 0.3611
0.2394 -0.8089
-0.0731 -0.3731
-0.2075 0.2715
-0.3431 0.5733
1.0229 2.3669
0.5651 0.1396
-0.4213 0.8187
-0.1697 -0.2715
-0.3130 0.0122
0.0056 0.0249
0.4113 0.0299
-0.1272 0.0558
-0.0301 0.7735
-0.0795 -0.2133
2.0012 -3.1026
-0.6264 0.6557
0.1472 -0.1943
0.7739 -0.5064
0.2594 0.5372
-0.1568 0.3011
-0.1832 -0.0333
0.0180 -0.2015
0.4814 -0.5210
-0.3060 -0.8719
-0.1337 -0.7651
-0.1547 -0.0387
1.3927 -0.2719
-0.0208 0.1680
-0.7846 -0.1783
0.2051 -0.1436
-0.0336 -0.0518
0.9653 -2.5917
0.0456 0.4848
0.4131 0.3411
0.4781 0.2016
0.9027 -1.1533
0.2335 0.2365
4.2649 -0.3251
6.3991 -2.9787
4.7347 -0.1236
4.3620 -0.3786
2.3922 -0.1338
5.2320 0.6546
4.4047 -0.1837
4.7338 -0.1795
4.8389 -0.5510
4.5700 -0.2590
4.3667 -0.3223
4.9889 -0.3244
4.8233 0.0675
6.8180 -0.5747
5.1694 0.1015
3.6627 0.1716
4.1914 0.2927
3.6893 0.0642
4.4816 -0.0115
5.0256 -0.4282
4.0674 0.1885
4.6323 0.7294
4.2167 -0.2222
3.7724 0.2061
5.2561 -0.4791
4.1308 0.3718
4.6330 -0.8052
4.3602 0.1195
4.5665 0.3025
2.5578 -2.5422
4.7659 0.3953
4.4897 0.2115
4.5825 -0.1505
4.8835 -0.3718
5.0616 -0.1613
5.1993 0.3362
4.7596 0.4641
4.5920 0.1946
4.6009 0.0198
4.2941 -0.0204
4.4600 -0.1173
5.3326 -0.1134
4.5111 0.0254
4.0683 -0.2412
4.4983 0.0262
3.8825 -0.0166
4.4241 0.0590
3.8185 -0.4187
3.8977 0.1297
4.3687 -0.0658
5.7557 0.6189
4.0946 0.6606
3.7986 -0.6750
4.1682 -0.4526
4.7197 0.5446
3.8576 -0.0988
4.1156 -0.5300
4.4152 -0.0264
5.3667 0.1063
4.4285 0.0417
7.3239 -0.8478
1.6442 0.7713
4.4789 0.4934
4.9919 0.4993
4.2471 0.8806
4.7759 -0.4120
4.2502 -0.1851
4.0053 0.1025
4.3676 -0.5768
4.3363 -0.8156
1.5444 -1.4335
4.9260 0.4314
5.1994 -0.3087
4.1491 -0.7713
4.6312 -0.9387
6.8626 1.9525
4.4339 0.0812
4.3628 0.5818
5.0903 -0.2417
3.9723 -0.2983
4.2424 -0.5440
3.8740 -0.2451
4.3208 0.2681
5.0518 -0.0359
4.2364 -0.1467
5.6883 2.6068
5.0053 0.7176
3.3905 -1.9893
3.8983 0.2192
5.0215 0.2586
4.8900 -0.0086
4.1630 0.0960
3.6658 0.1771
4.3370 0.3404
4.0596 -0.6140
3.8344 0.2047
2.9764 0.4105
4.0402 -0.3500
5.3390 0.0122
4.6203 0.4576
4.1935 -0.1038
4.8078 0.4140
5.1891 0.1285
3.7162 1.1442
5.1202 -0.0730
3.7420 -0.4759
4.1736 0.2328
4.5339 0.1903
4.5661 -0.1412
4.5495 0.4356
4.9193 -0.1364
4.1324 -0.1707
4.5058 0.3041
4.3328 -0.6259
4.0451 -0.5861
4.8211 -0.8186
4.6029 -0.3185
3.7935 -0.6416
4.4553 0.5704
4.5637 0.4500
7.0262 -1.3622
4.8828 -0.2206
4.5130 0.0542
4.5942 0.0319
4.1907 -0.0250
4.5918 -0.2126
2.4456 -1.0884
3.9190 -0.5094
4.4196 0.1374
4.5166 -1.9156
3.8980 -0.1894
3.9002 0.1038
3.9759 0.2256
4.8570 -0.4712
3.9362 0.3769
4.6465 -0.4483
4.4747 0.5793
7.2941 1.3360
4.5277 0.2936
4.5090 0.9357
4.1756 -0.8962
3.9067 0.4476
4.3332 0.1234
4.7739 0.8654
4.4889 0.6873
5.6551 -2.9649
4.5212 -0.0501
4.5710 0.0762
4.4479 0.0322
5.0403 0.7035
5.0546 -0.7091
5.2795 -0.4123
4.5783 0.1430
4.8425 -0.2675
5.4437 0.2048
3.6931 -0.3100
3.0927 1.2214
4.3529 -0.0556
4.9382 -0.2708
4.2586 -0.5844
4.3819 0.4838
5.7756 0.3960
4.7555 0.9075
7.6974 -1.5078
4.3070 -0.1893
4.1459 0.4218
5.1915 0.1144
5.3216 0.4645
4.4278 -0.0854
4.5932 -0.3003
4.6155 -0.4289
3.3086 -2.4754
3.6428 -0.2597
4.7743 0.1346
4.5214 0.7772
5.0176 0.2851
7.0353 -0.0077
4.8532 0.0935
4.6589 0.1417
3.6833 0.0950
4.3772 -0.1934
4.8521 -0.0457
2.2829 -2.9240
4.3787 0.3107
4.6096 -0.4252
4.7919 -0.1088
4.7095 0.1450
4.9982 -0.2197
4.1145 -0.3119
6.5069 0.7656
3.8024 0.0853
4.4470 -0.7056
3.1146 -0.6339
4.6794 -0.0227
4.8174 -0.0310
4.4612 -0.1472
4.7518 -0.2478
4.5191 0.1244
4.4989 0.8316
4.6081 0.4631
4.8590 -0.0287
4.4344 0.0031
4.9652 -0.1827
4.5306 -0.0248
6.5468 1.2391
3.5841 0.1708
4.5759 -0.0752
4.3626 0.1702
4.7403 0.3486
4.7406 -0.4792
5.0480 -0.6320
3.6895 0.1856
4.1357 0.2507
5.7252 -3.3764
4.4852 -0.0007
4.6515 -0.2024
5.9827 -0.6047
4.9586 -0.8095
4.2573 -2.2975
5.2302 -0.0130
5.3919 0.3898
5.0118 -0.8115
4.0529 1.3377
4.7517 0.0844
5.0671 0.4135
4.7437 -0.4680
4.5886 0.3657
4.4235 -0.8796
4.6110 0.3358
4.8098 -0.0465
4.4384 -0.3153
4.4552 0.0063
5.5158 -0.8814
5.0086 -0.4201
4.6225 0.5527
2.8299 -0.6284
4.9978 0.6871
5.4564 -3.1565
3.9392 -0.3502
4.5624 0.2665
5.0600 0.2970
4.7839 0.2089
4.4668 0.6578
3.0116 1.6371
3.5642 -0.2961
5.1915 -0.5765
4.6823 0.0689
1.5608 2.1012
5.3665 0.2568
5.2845 -0.1231
