-0.0550 0.6270 0.7143
-0.4487 0.3358 0.7547
-0.3744 0.1295 0.2440
0.0122 0.0025 -0.0278
0.0675 0.0001 0.0970
-0.0740 0.1061 -0.4477
-0.6070 -0.3817 0.3528
-0.0002 0.0017 -0.0412
-0.0011 0.0008 0.5514
0.1598 0.5090 0.5296
0.4459 -0.4044 0.6418
-0.1560 -0.0360 -0.5603
0.0054 -0.0169 -0.0532
-0.0813 -0.0192 0.0088
-0.0349 0.1312 0.7648
-0.7171 0.3426 0.5831
-0.3576 0.1297 -0.1014
-0.4822 -0.4437 -0.5806
-0.5136 0.0823 0.3040
-0.0722 0.1001 0.2953
0.3270 0.1286 0.4725
-0.4735 -0.5527 0.0891
0.0582 -0.0785 -0.3181
-0.2163 0.2592 1.5518
0.1768 -0.0067 0.3612
0.0152 0.0309 0.0635
1.1543 0.9206 -0.8758
-0.0162 0.1013 0.3379
0.0090 -0.2767 -0.4913
-0.1816 -0.3351 0.4412
0.0302 0.0725 0.2491
-0.0754 0.1433 0.0559
0.0035 -0.2277 0.2248
0.0770 -0.0667 -0.0883
0.2024 -0.1992 -0.0732
-0.1973 -0.3700 0.1529
-0.0111 -0.0251 0.0255
0.2832 -0.3165 0.4860
0.0718 -0.8071 -0.3911
-0.3936 -0.6701 -0.4769
1.3366 0.2896 1.1394
-0.1813 0.8702 -0.4444
-0.0238 -0.0287 -0.0196
0.1637 0.2898 -0.6215
-0.3925 0.1280 0.2385
-0.1423 0.0434 -0.4554
0.1031 -0.0176 -0.3788
0.1154 0.5976 0.5318
0.6123 0.1370 -0.3806
0.0715 -0.1261 -0.0101
3.0417 0.0621 -0.5360
2.1331 0.1533 0.3369
2.6316 0.5768 -0.1178
3.0068 0.0245 0.0036
3.0201 -0.0275 -0.4485
3.0533 0.0045 0.0344
2.9788 0.0371 0.0190
3.8272 -0.0708 -0.2331
3.0178 -0.0085 0.6334
3.2890 0.1006 0.0376
3.5816 -0.1462 0.7853
3.0498 0.1029 -0.6696
3.1543 0.0872 -0.8453
3.0309 -0.0096 -0.0434
2.9909 0.1886 -0.9010
2.9761 0.2760 -0.3765
3.3544 0.0249 -0.3516
2.8000 -0.0821 0.1095
3.0229 0.0040 0.0522
3.1990 -0.1509 -0.4341
2.4318 0.4667 -0.2774
3.3407 -0.9055 0.8795
2.9953 0.0202 -0.3561
3.6120 0.1012 0.7398
3.4859 0.1523 -0.4447
3.1538 0.0448 0.6271
2.9873 0.1397 0.9694
2.9950 -0.0554 0.3799
2.9227 0.0514 0.0794
2.6869 -0.0408 0.0776
3.0054 -0.0115 -1.0102
2.7834 0.1634 -0.1544
3.3227 -0.3332 0.3539
2.9307 -0.0721 0.2340
2.4167 -0.0421 0.0259
2.8825 -0.2755 0.0075
2.8410 -0.0774 -0.1825
3.0147 -0.2868 0.0392
2.9976 0.0665 0.4904
3.5573 -0.1118 0.4250
2.1873 -0.2728 0.2510
3.2278 -0.0980 0.2911
3.0214 -0.2501 -0.0190
3.0092 -0.0244 0.9720
3.5895 -0.2481 -0.4968
3.3592 -0.3866 0.5516
2.6829 -0.0315 0.4444
3.0110 -0.0480 -0.8524
3.0374 0.2760 0.4972
2.9295 0.1258 0.2576
