-1.590007060510831016e-01 -1.865727656046801686e-01
-2.878311202601471219e-01 4.680564648010330231e-01
5.759744081393590731e-01 4.646534179348338900e-01
2.324874047171119340e-01 8.662317782600781335e-02
-4.128611135463682302e-01 -1.775513362015505303e-01
1.313926774041399848e-01 -8.276872444435226517e-02
-1.119685478822488034e-01 -2.804142758567859106e-01
-1.028679134945465201e-01 3.688831847903541461e-01
-4.025437718803486220e-01 2.025422493585173067e-01
-4.240254342763974393e-01 1.009189917394703317e-01
-7.654640456483376987e-01 4.179953004260650862e-01
-7.766152746223734527e-01 4.238748596471453300e-02
9.084298667268687622e-01 3.383977377088152605e-01
-6.658295961872118252e-02 -4.438949194821782962e-01
-1.342780806325411525e-01 9.522699303339033916e-01
5.312766245901670015e-01 -2.229837576660824716e-01
7.025293778674177592e-01 4.381908987067740791e-01
-5.595196978166115942e-01 -3.929929931120159647e-01
2.357705537649894614e-02 3.059225455025193011e-02
1.758640211796942687e-01 -3.413034326746073877e-01
-6.682543779600932932e-02 9.083100096166127346e-02
-2.068165987194861277e-01 4.128333431109558471e-02
1.232453540786955237e-01 2.936178134830504383e-01
1.070791866042262487e-02 -8.743409196494142735e-04
2.247686797280863125e-01 -2.763884056718660109e-01
4.007791867660977225e-02 -3.531813248339962796e-01
9.163236572375355049e-02 -2.847841418618109882e-02
-5.392480062507683941e-02 3.545358456635983035e-01
1.253155223608189150e-01 2.306809995347247622e-02
-8.140796347183394677e-02 3.251112013803625911e-01
-1.062855187134567198e-01 -3.813631877324573094e-01
-6.551294197467180669e-02 -6.765540315643513158e-02
-3.428653861671627778e-01 -6.605701743517797819e-01
2.415845555886218105e-02 -1.818911514551769040e-02
-2.829487419005755067e-02 -1.950323286560370559e-02
-7.649857986352274208e-01 -8.557577696422202784e-02
-1.553046499972315087e-01 6.453907565144137437e-02
1.748456945688782666e-04 6.805342947451949935e-05
-3.195243346014822045e-02 -1.010345751852917001e-01
-7.615457050728626776e-01 -1.529356250173860045e-02
4.472180642904230452e-01 -7.560311657436918908e-01
-8.251492850433691517e-01 6.684804876326926049e-02
1.443872559771444686e-01 1.909176938580843808e-01
-1.327170243402042149e-01 5.619482655326759613e-01
-5.335174383439248436e-01 6.485148257461811894e-02
3.019818678768308381e-02 -7.913742966028747272e-01
-4.636916204035045064e-02 -8.333683316698818899e-01
-1.713973816383188020e-01 1.781027921327316133e-02
-7.613332247534047026e-01 -2.546700698370726323e-01
-6.858213828759102126e-01 -3.929856922968271715e-01
3.664538969749230102e+00 2.937771329015095301e-01
3.569569643083955413e+00 6.281592216913645110e-01
3.369397827883776841e+00 -1.823841599827851212e-01
3.097276757543820480e+00 -4.941365927849620254e-01
3.416901631240002235e+00 -2.306649332674780006e-01
3.814724022626280853e+00 9.164773832691187894e-03
3.532451758516525153e+00 1.623559406483911574e-02
3.845316709672304878e+00 5.232749115061843259e-01
4.476550856475788542e+00 1.339707016490616041e-02
2.966095051545759809e+00 -3.216797739961470559e-01
3.853715864305486516e+00 1.393282278644978056e-01
4.163758774030391407e+00 -7.472861900446304828e-01
3.435081068252136216e+00 -5.173419983593474658e-02
2.985107081050379474e+00 2.998223218482427843e-03
3.125627126184373328e+00 -6.875324578176635060e-02
3.698946743720413544e+00 -9.393109255347118491e-01
3.206549816673167630e+00 9.237666770541202999e-02
3.448812506560346769e+00 1.365632251310079648e-01
4.105188364486080488e+00 1.049352618793737008e-01
3.041809533779466612e+00 -5.100736046249541022e-01
2.555871347574095065e+00 -1.096295868420226749e-01
2.770398822174220399e+00 8.435011264306017942e-02
3.515422871041557151e+00 -6.668380229269856019e-02
4.097282411187369355e+00 5.904829819468668806e-01
3.251328450301450346e+00 3.235391197314523015e-02
3.957085814893376963e+00 -6.382991052447322122e-01
4.155929104052813017e+00 -6.723290728729119925e-01
4.084326328505222925e+00 1.574038623526894665e-01
3.169753147060580645e+00 4.135029753812486941e-01
3.465789956959947737e+00 -2.429700893122744773e-02
4.063458238893957741e+00 4.322476989266868519e-01
2.802214084129700744e+00 -4.785131370672934814e-01
3.513455689441285834e+00 8.177583096967188103e-01
3.227701400839070089e+00 1.094603935839940784e-01
3.050443120678918874e+00 -3.131380268640789888e-01
3.471860645324681638e+00 -2.499366459081378902e-02
2.862458284587480417e+00 -5.188162943810310096e-02
3.527622960582409206e+00 -4.432712097930032250e-03
3.779231349314641886e+00 -5.301383209665341267e-01
3.626816206489679395e+00 -6.152957231453549669e-01
3.056403454523374474e+00 -6.968191607086139383e-01
3.570242979256244453e+00 -2.729026574019623452e-01
4.215208648510142986e+00 1.325566845846049280e-01
3.834566249520744652e+00 2.243044000663925452e-01
3.332022307390285487e+00 2.175707250854993502e-01
3.469837066326086017e+00 4.495525883680372425e-01
3.670871510602937704e+00 2.006984482301592265e-01
3.032040423356196612e+00 6.644413383204886836e-01
3.322724427374391887e+00 5.087989746605424690e-01
3.687969358358267780e+00 1.578513524896536790e-02
