0.2189 -0.0758
0.6205 0.3527
0.1442 -0.4623
0.2165 0.0017
-0.8381 -0.6299
-0.0011 -0.0223
-0.0429 -0.1095
-2.0790 0.6920
-0.0932 -0.0251
0.4869 0.3725
-0.0761 0.2392
0.0113 0.0603
-0.0494 -0.0213
0.1461 -0.4833
-0.1812 -0.9614
0.5606 0.5983
-0.4183 -0.1088
-0.0496 0.8642
0.0090 -0.5374
-0.2302 -0.0884
-0.1468 -0.1748
-0.1698 -0.4686
-0.7530 0.2207
0.0911 -0.0107
-0.3811 0.8691
-0.7544 0.6431
0.0455 -0.0373
0.2760 -0.6371
-0.0574 0.9268
-0.1047 0.9251
-0.2440 0.3501
-0.3319 -0.3486
0.1207 -0.3737
-0.2493 0.3330
2.5989 -2.5477
0.2124 0.3421
-0.5887 -0.2054
0.6845 0.1490
0.0929 -0.0226
-0.2947 0.2785
-0.0472 0.3399
-0.3266 -0.3960
-0.1073 0.9885
-0.0688 0.0613
0.0234 0.0603
0.8132 0.5248
0.8163 -0.3951
0.0805 -0.2593
0.1833 0.0842
-0.1059 -0.3058
5.0642 0.5384
4.5477 0.1252
4.8710 0.2206
4.9964 0.4613
4.5982 -0.7828
4.4253 0.0139
4.8627 -0.9156
4.2566 -0.6150
4.6856 -0.1060
4.3768 0.7387
4.4825 0.8788
4.4832 0.1496
5.2198 -0.2916
4.4233 0.5044
5.1135 0.0589
4.3408 0.4189
5.4147 -0.0445
4.7918 0.2518
4.2531 0.2374
3.8360 -0.2923
4.1127 0.5929
4.5344 0.0662
6.9738 1.0837
4.2958 0.7536
4.8006 0.0216
4.6173 0.1354
4.4917 0.0025
4.6575 -0.1616
4.2018 -0.4276
4.1516 0.1745
4.2492 -0.5669
4.8017 -0.3782
4.2758 0.1362
4.4761 -0.0899
4.3360 -0.1375
4.5637 -0.0052
4.3783 0.9125
4.5996 -0.0383
3.6946 -0.2909
3.9728 -0.3057
5.3413 -0.4986
5.1889 -0.1933
4.4279 -0.0784
4.6817 -2.3543
4.8761 0.7978
4.0053 -0.6845
4.1127 0.7336
5.2612 -0.2685
5.0005 -0.2676
5.3684 0.3234
