0.0264 0.8496
0.3054 -0.7406
-2.5726 0.0590
0.8407 -0.0265
0.0340 -0.6443
-0.0324 0.4165
-0.5781 0.4226
-0.5819 0.2839
-0.3756 0.8420
-0.1042 0.3375
0.0384 0.1921
0.3922 -0.8943
-0.0343 0.0507
0.0412 -0.0500
-0.2884 -0.5624
0.0308 -0.0061
0.0444 0.0157
-0.0759 0.0088
-0.2981 -0.8963
2.4717 0.3066
-0.1839 0.5164
0.0352 0.0063
0.4351 -0.2969
-0.3842 0.4122
0.4769 0.5768
0.6369 -0.2679
-0.1457 -0.0576
0.0049 0.0061
0.3356 -0.1677
-0.5426 0.4118
-0.0341 -0.0764
-0.1112 -0.0356
0.2846 0.5902
-0.6321 -0.7394
0.2417 0.1665
-0.3438 0.1193
0.6051 -0.1662
-0.1736 0.8786
-0.7357 0.6040
-0.0785 0.8215
-0.7253 0.5416
0.6014 -0.4295
0.3082 -0.2069
0.3390 0.5439
-0.4874 -0.8090
-0.7033 0.2290
-0.4877 -0.4357
-0.4714 -0.4819
-0.1113 -0.4441
0.2486 -0.0357
0.0221 -0.1025
0.0458 -0.2065
0.0223 0.0073
-0.0392 -0.9978
0.9092 0.0916
-0.0260 -0.0125
-0.0068 0.0690
-0.8837 -0.2304
-0.2081 0.7526
0.6229 -0.4075
-0.0282 0.0209
0.0110 -0.0013
-0.3791 0.0977
0.0235 -0.5973
0.5128 0.8017
0.1459 -0.4236
-0.4274 0.9428
-0.1732 -0.5557
0.7484 -0.6022
-0.2023 -0.0556
0.6929 0.6447
0.5523 -0.3159
-0.2771 -0.8428
0.1141 -0.6867
0.1912 0.8880
0.0730 0.3635
0.3769 -0.5512
-0.0840 0.1401
0.1608 0.0266
-0.3168 -0.5662
0.5446 0.6043
0.2324 0.0753
-0.8867 -0.1239
0.5870 0.1381
0.0014 -0.0257
0.3302 -0.9005
0.0566 -0.9238
-0.3889 -0.3447
2.1066 -0.6521
-0.1836 -0.0544
-0.3926 0.6555
0.2228 0.4126
0.0162 0.6878
0.6910 -0.6457
-0.7317 -0.0341
-0.0235 0.1615
0.2060 -0.0753
0.1263 -0.8404
-0.8820 0.3470
0.3615 -0.6688
-0.7426 0.2047
0.1851 0.3021
0.4382 -0.6257
-0.2737 0.5203
-0.2635 0.1266
-0.4558 0.1839
0.2822 0.1170
-0.3845 -0.1295
0.4281 -0.8014
-0.0365 0.0319
-0.2522 -0.3186
-0.0188 0.0156
0.0082 -0.0035
0.0659 -0.6595
-0.1123 -0.0223
0.0743 0.0792
0.6839 0.0180
1.8991 1.3406
0.0246 -0.0531
0.9009 0.4213
0.0766 0.0506
-0.7706 -0.2584
0.1404 0.1612
1.3821 0.4382
1.4943 0.8175
0.2168 -0.0100
-0.1613 -0.4284
-0.0766 0.0792
-0.0933 -0.6366
-0.0173 -0.3082
-0.2955 -0.2096
0.7152 0.4227
-0.8966 0.1216
-0.6968 0.3136
1.7109 -0.4077
-0.5912 0.7712
-0.4724 0.0150
-0.0699 0.0553
0.7148 -0.1399
0.3915 -0.0654
0.1516 -0.0371
-2.4217 0.6381
-0.2787 0.1123
0.1775 0.1023
-0.3855 -0.2814
0.0136 0.2591
0.3579 -0.3545
-0.3099 -0.3818
-0.2358 0.1732
-0.1890 0.0215
-0.5699 -0.7757
0.1644 0.2027
-0.0365 0.1055
-0.2913 -0.3961
-0.7324 0.6135
-0.3977 -0.2875
-0.2815 -0.4364
0.7892 0.0031
-0.1547 -0.2019
0.0723 -0.2995
0.9818 -0.5333
0.0080 0.0067
-0.4355 -0.8329
-0.5371 -0.4211
0.0348 0.0088
-0.4963 -0.6713
0.2281 -0.2180
0.0369 -0.0305
0.1394 0.4311
-0.3622 -0.1586
0.7877 0.0753
-0.0901 0.0345
-0.0722 0.1231
0.4925 -0.3662
-0.4893 0.8316
0.6882 0.3689
-0.5661 0.3375
0.1562 -0.7029
0.3441 -0.2647
-0.1481 -0.2704
-0.0223 0.0692
1.3184 -0.8371
0.2354 -0.5695
-0.3431 0.6594
-0.8236 0.5137
0.3630 -0.4180
-0.6318 0.5164
-0.0074 0.1410
1.8268 -0.9100
0.0991 0.5279
-0.0324 0.2315
-0.0528 0.0431
0.0337 -0.8884
-0.3161 0.4130
-0.2978 0.2078
-0.1780 -0.3995
-0.3531 0.1482
-0.3490 -0.2292
-0.1586 0.1070
1.1356 -1.7673
0.1475 -0.1417
-0.1562 -0.0415
0.1387 -0.6269
0.3264 0.2601
0.2542 0.0657
-0.2502 0.4727
0.0925 0.0605
-0.0467 -0.0114
0.2142 0.1109
-0.0380 -0.7740
0.1154 -0.0240
0.4951 0.3044
0.0572 0.0729
-0.5610 0.4187
-0.2340 0.6086
0.1654 -0.5563
0.3240 0.6411
-0.0723 0.4803
0.9013 -0.3679
-0.8496 0.0900
-0.1329 0.2002
-0.1580 -0.0449
-0.2577 -0.0899
-0.6355 -0.0010
0.5660 1.0661
-0.7651 -0.5069
-0.3569 0.0449
0.0642 0.1798
0.5546 -0.3583
-0.1868 -0.4772
0.3470 0.4928
0.1732 -0.1564
0.8814 -0.8106
0.7388 -0.1709
0.1764 -0.7474
0.1758 -0.2378
-0.4232 -0.3381
-0.2983 0.1528
-0.0689 0.4929
-0.6772 0.0546
-0.5699 0.5581
0.5418 -0.3023
0.1698 0.3408
-0.3202 0.3183
0.0850 0.0323
-0.0946 0.5511
0.0916 0.7976
0.9120 0.0320
0.1927 0.2674
-0.0858 0.5670
-0.5039 -0.3619
0.3421 -0.1193
0.4456 -0.6620
-0.6410 -0.2711
0.2104 0.4868
0.6498 0.6431
-0.0085 0.1071
-0.6348 0.1902
-0.4462 -0.2113
-0.0749 -0.0139
0.0534 -0.1003
-0.1588 2.2961
0.0292 -0.0511
0.3932 0.8627
0.5306 0.1059
-0.7007 0.3278
-0.2147 -0.1835
-0.3250 0.8839
0.1280 0.1077
0.3554 -0.7314
0.0386 -0.6501
-0.2510 -0.6748
0.2320 0.8527
-0.0404 -0.0333
-0.1305 -0.0131
0.7117 0.0542
-0.3190 -0.3665
-0.0472 -0.9451
0.3649 0.0949
0.2626 -0.7796
-0.0730 -0.0033
0.0004 0.0317
0.9119 -0.2332
0.9691 0.1087
-0.5313 0.2868
1.8954 1.8875
-0.0516 0.1187
0.2959 -0.1705
-0.2864 0.0742
0.0496 -0.3444
-0.8495 -0.3208
-0.4166 -0.7682
-0.0290 -0.3550
0.2429 -0.2583
-0.3257 -0.4745
0.0543 0.2441
0.5884 -0.6848
0.0583 0.0039
-0.5209 -0.4585
0.1523 -0.2304
-0.6532 0.5662
0.1362 -0.5342
-0.1161 -0.3029
0.2251 -0.2294
-0.9492 0.0024
-0.1653 0.1505
-0.5060 -0.2499
0.1858 0.2619
0.3693 -0.1618
-0.1827 -0.4348
0.0161 1.2777
0.3090 -0.5032
0.1668 -0.1605
-0.1187 -0.4526
0.0863 0.0492
-0.8318 0.2999
-0.1966 0.1953
0.2964 0.0442
-0.1476 0.0235
0.3313 -0.2165
0.4117 0.3377
-0.5499 -0.2217
-0.2292 -0.7845
0.4370 -0.4525
-0.4362 0.5669
0.1332 -0.1289
-0.4435 0.6868
0.3768 0.3667
-0.5575 0.2679
0.0434 -0.1941
-0.0772 -0.1152
-0.1223 0.8039
0.1781 0.5028
0.2127 -0.0975
-0.4150 -0.0959
-0.4076 0.6589
0.5025 -0.6970
-0.0901 0.1470
-0.8792 -0.1931
-0.1801 -0.3601
-0.1584 -0.1470
-0.2165 0.2219
0.6739 0.6609
-0.5179 -0.4860
0.6849 -0.4879
-0.0392 0.8011
-0.4827 0.0112
0.3933 -0.0975
0.1478 0.4787
0.0532 -0.2165
0.0549 0.0869
-0.8964 0.3072
0.0886 -0.1216
0.8521 0.3796
0.4075 0.5318
0.1360 -0.0415
-0.6326 -0.7190
0.1939 0.0304
0.3959 -0.2264
0.0984 -0.3581
-0.7942 -0.0315
-0.2128 0.0571
-0.2168 -0.0985
0.2180 0.5417
0.6164 -0.5768
-0.4026 -0.0130
-0.4435 0.0545
-0.1329 0.2145
-0.7015 -0.0514
-0.3688 2.3218
0.1582 0.3898
0.9046 -0.4729
-0.8006 -0.4639
0.4299 0.0904
0.2467 0.4332
-0.3437 0.0909
0.1017 0.5468
0.0413 -0.0330
-0.5982 -0.1896
-0.6815 -0.4311
-0.1394 0.3937
0.2622 -0.3423
-0.0026 -0.0042
-0.5569 -0.1099
-0.3188 0.2668
0.1982 0.9367
-0.1398 -0.4686
0.0288 -0.8698
0.4541 -0.2542
0.4927 0.7689
0.8237 -0.2980
0.0503 -0.1134
0.0888 -0.0005
-0.0302 0.4440
0.4834 0.6015
0.8761 0.1783
-0.0633 0.4994
0.0296 0.0380
2.3127 -0.2739
0.7037 -0.6039
-0.0119 0.0209
0.1887 -0.0097
-0.2290 -0.0283
-0.4034 0.1518
-0.7267 0.0884
0.4053 -0.0645
0.6767 -0.0714
0.4023 0.0732
0.3328 -0.6838
0.1916 -0.1427
0.5363 0.2540
0.4559 -0.8305
0.3120 -0.0507
-0.0259 0.0055
0.2452 0.3494
0.0505 0.1062
-0.1844 0.4789
-0.0006 0.0082
0.5527 0.5866
0.2446 0.2378
-0.4612 0.0889
-0.0273 0.0249
-0.8806 0.3279
-0.0723 -0.0305
-0.1532 -0.6513
0.4786 0.0958
0.7078 -0.4793
0.1241 -0.8208
-0.2835 0.2163
0.3552 -0.0446
0.8552 -0.4456
1.7813 -1.3178
-0.3315 0.9058
0.5417 -0.3358
0.0240 0.0184
-0.0652 -0.3177
-0.4516 0.1747
-0.0208 -0.9198
-0.0649 0.1275
-0.7826 -0.0066
-0.0772 0.0995
0.0396 -0.1673
-0.0982 -0.2100
0.7200 0.3812
-0.5110 -0.2998
-0.0195 -0.9720
-0.0181 -0.3569
-0.5075 -0.4382
-0.1693 -0.2817
-0.0676 0.4120
0.2286 0.1015
-0.5308 0.1495
-0.2239 0.1202
0.0019 -0.7965
-0.5628 -0.0474
-0.5263 0.6389
0.0244 -0.1325
0.1566 -0.1338
0.0486 0.0962
-0.0728 0.0428
-0.4410 -0.4048
-0.0359 -0.0287
0.1627 0.0968
0.0028 0.0008
1.1628 1.2007
-0.3916 -0.4703
0.8779 0.4123
0.0674 0.0265
-0.8278 0.1948
0.1296 -0.1081
0.3527 -0.1268
0.0681 0.3228
-0.3651 1.7617
-0.1717 0.6027
0.1065 -0.8761
-0.3773 -0.0131
-0.4942 -0.6325
0.2487 0.0007
0.0108 -0.0454
-0.0576 0.3000
0.4889 0.5555
-0.5702 -0.0748
0.0002 -0.0004
0.1941 -0.3811
-0.6765 0.1229
0.6580 -0.6164
0.0130 -0.0123
-0.1640 -0.3555
0.1617 1.0627
0.1447 -0.1687
-0.2717 0.0944
-0.1805 -0.2749
-0.0199 0.1285
-0.0978 0.4615
-0.0011 0.0176
-0.1061 -0.5619
-0.2092 0.9155
-0.9560 0.2439
-0.0134 0.3349
-0.0999 0.1313
