-0.0732 0.0903 0.2311
0.4539 -0.6092 0.3927
0.0242 0.6805 0.6660
-0.3286 0.3569 -0.8183
-0.0908 1.8557 0.1591
-0.0071 0.5224 -0.5933
0.6621 0.5328 -0.4999
0.3756 -0.4870 -0.5327
0.4180 -0.4164 -0.5299
-0.1000 -0.1566 0.2094
0.0027 -0.0274 0.0568
-0.9170 -0.4142 1.6069
-0.2290 0.0708 0.6832
-0.1239 0.2488 0.0552
0.2095 -0.1833 -0.9312
0.0031 0.0085 -0.0055
-0.0534 0.2017 -0.2619
-0.0013 0.0009 -0.0005
-0.2058 -0.0361 0.3505
-0.1565 0.0773 0.1543
-0.2305 0.0194 0.0751
-0.3703 -0.6223 0.1034
-0.2792 -0.0331 0.8921
-0.0005 -0.0002 -0.0026
0.0397 -0.1106 -0.0400
2.8807 0.0861 -0.1845
3.3526 0.1080 0.2716
2.9921 0.0215 0.0213
3.0020 -0.0015 -0.0010
2.5818 -0.0779 -0.1293
3.0040 0.0199 -0.4724
2.9665 0.0695 -0.0004
2.8913 0.4527 -0.3653
1.8591 0.3027 -0.7170
3.0049 0.0011 -0.6307
3.3340 -0.1204 -0.5015
2.9974 -0.0049 0.0016
3.1364 -0.2749 -0.2562
3.1110 -0.0934 -0.7486
3.2393 -1.5442 0.4312
2.9967 -0.5919 -0.6512
2.2857 1.2081 0.9234
2.5122 0.3703 0.1276
3.1814 0.2486 0.3065
3.1512 0.2335 0.0774
2.8687 0.4155 0.1384
2.9805 -0.0086 -0.0626
2.3654 -0.6737 -0.2244
2.9432 0.0586 -0.0514
3.3726 0.1459 0.2921
