-0.0256 -0.3218 -0.1876
-0.1373 0.0448 0.5717
0.0878 0.1574 0.2780
0.1091 -0.2059 -0.1353
-0.0795 -0.5602 0.2848
-0.0562 0.0366 0.9244
-0.1289 0.0285 -0.0798
-0.2819 -0.5405 0.0078
-0.0350 0.0953 0.1092
0.1098 -0.0176 0.7240
0.3368 -0.6982 0.1970
0.1948 0.2416 0.5822
-0.0136 0.1352 -0.2409
-0.3967 0.1106 0.0041
0.0717 -0.2476 -0.4944
0.0064 -0.0035 -0.6932
0.0041 -0.0060 0.3896
0.1579 -0.9058 0.2669
0.0901 0.0463 0.2535
-0.2046 -0.0784 0.1278
0.0743 0.0008 -0.8966
0.1791 -0.0265 -0.0900
-0.0980 0.0464 0.0794
-0.1763 -0.1989 0.3035
-0.0188 0.0070 0.0611
0.1472 -0.0108 0.2794
0.1297 0.0359 -0.2891
0.0472 0.4489 0.7525
-0.1967 -0.0063 0.6790
-0.4746 -0.5125 -0.6988
-0.0344 0.0030 -0.0251
0.0159 -0.1022 0.1026
-0.0510 0.0160 -0.4523
-0.0753 -0.0284 0.0135
-0.0046 -0.0032 -0.3283
0.1818 0.2631 0.6324
0.0039 0.0074 0.0393
-0.0005 0.0389 0.1249
0.0511 -0.2028 -0.0970
0.0531 0.1715 0.0031
0.6729 -0.3110 -0.4262
-0.1187 -0.1071 0.8180
0.0068 -0.0037 0.0061
0.8629 0.3135 -0.2908
0.0384 0.0278 0.2790
0.3532 -0.4153 -0.5660
0.0534 0.0114 0.1020
0.4565 -0.0481 -0.5630
-0.1132 0.3452 -0.2564
0.1465 0.1468 0.0880
-0.0608 -0.0248 0.0943
-0.0236 0.1564 0.6954
0.3125 0.0498 -0.5497
0.1099 -0.0041 -0.4152
-0.0317 0.0226 0.1211
-0.0985 0.1882 0.2118
0.2052 0.0550 0.1374
0.0271 -0.0275 0.2338
0.0397 0.0907 0.0513
0.4477 0.4079 0.6070
-0.2092 0.0479 0.5744
0.3112 -0.2662 0.2912
0.4311 -0.2828 -0.1406
0.3069 -0.6100 -0.1318
-0.1310 0.0459 -0.5699
-0.1859 -0.1826 -0.5483
-0.0712 -0.8893 0.2004
0.0487 -0.0169 -0.2305
0.0960 -0.0105 0.0924
0.0036 0.0943 -0.6456
0.2390 -0.0688 0.1427
0.3127 0.4092 0.4937
-0.4481 -0.2219 -0.6289
0.0472 -0.0029 0.8184
0.0309 -0.0044 0.3191
-0.1465 0.2451 -0.0272
-0.1991 -0.3518 0.8526
-0.2675 0.2990 0.0951
0.4003 -0.4591 0.5348
0.1495 0.1372 -0.0757
-0.0329 -0.2574 -0.0091
-0.1452 -0.0924 0.3808
0.3346 -0.0512 -0.1559
0.5122 0.1378 -0.3836
0.0073 -0.1128 0.0945
-0.4434 0.4927 -0.4785
0.1265 -0.0936 0.0182
-0.4563 -0.3300 -0.6352
0.0614 0.0426 -0.4420
-0.0178 0.0468 0.0827
0.1050 0.1856 0.0382
-0.4327 -0.0501 -0.0461
-0.0319 -0.1552 -0.6468
0.6573 0.1954 -0.4286
-0.1822 -0.0582 -0.1499
0.3663 0.4093 0.4378
-0.4044 -0.0390 -0.1063
0.0033 0.0925 0.0222
-0.2176 0.1553 0.9109
0.0165 0.0065 0.0057
-0.2005 -0.2550 -0.3545
-0.0211 0.4787 0.1806
0.5901 -0.1487 0.6877
-0.0405 0.0318 -0.1510
0.0093 -0.0204 -0.0906
-0.0310 0.0755 -0.0247
-0.9124 0.0811 0.3421
0.0029 -0.0128 -0.4826
0.2180 0.6568 0.6310
-0.1260 -0.3456 0.7480
0.1589 0.1145 0.3553
0.2349 0.3579 0.7486
-0.2809 -0.4797 0.1778
0.2504 0.0049 0.2553
-0.1054 0.1624 0.2290
-0.0917 0.2883 -0.7293
-0.2490 -0.4400 -0.3884
0.0019 -0.0786 0.2576
-0.1098 -0.1579 -0.9610
-0.2274 -0.5011 0.3090
0.0820 -0.0000 -0.0885
0.5881 0.5949 0.1833
0.3373 -0.4620 -0.6464
-0.0636 0.0176 -0.0729
0.0794 -0.6257 -0.5874
-0.0867 0.1412 -0.6759
-0.4862 0.0826 0.0977
0.4555 0.0346 -0.1758
0.0055 -0.0222 -0.1067
0.0863 0.1953 0.0147
0.0666 0.1408 0.1619
0.1302 -0.0125 0.0461
-0.0240 0.8424 -0.3001
-0.4291 -0.5004 -0.0263
-0.0717 0.0804 0.1080
0.0548 -0.0283 -0.3175
-0.1425 -0.2797 0.0226
0.1689 -0.7880 0.2394
0.4119 -0.0073 -0.0877
0.0069 -0.0005 0.0267
-0.0524 0.1329 0.1607
-0.5386 0.0188 -0.2535
-0.0788 0.1566 0.2149
-0.3683 -0.4032 0.6806
0.1584 -0.4340 -0.0608
0.0285 0.0160 -0.1101
-0.0005 -0.0276 0.1219
-0.0898 -0.1720 0.1979
-0.0773 0.0824 -0.0420
0.1148 0.4461 0.3727
-0.0200 -0.1762 -0.0162
-0.0358 -0.0750 -0.0033
-0.2903 0.3476 0.1362
0.1791 -0.8438 -0.0340
-0.0019 -0.7698 -0.2807
0.8766 0.0705 -0.1846
-0.2139 -0.0314 -0.4934
0.0454 -0.0695 0.2824
-0.4333 0.3084 0.6023
-0.2886 0.1501 -0.0979
0.0578 -0.0288 0.8650
0.0684 -0.0551 0.2552
0.2761 0.3154 -0.4382
-0.0197 -0.0079 0.0293
0.3925 -0.2808 -0.3329
0.0798 -0.1178 -0.0645
0.0186 -0.1065 -0.0122
-0.1717 -0.0199 0.1520
-0.1618 0.3860 0.1864
-0.1735 0.2252 0.1398
-0.2399 0.1666 -0.3548
0.0112 0.0040 -0.4546
-0.0559 -0.2564 -0.6666
0.0347 0.0606 -0.1134
0.1064 0.2054 -0.7534
0.0773 0.0151 0.0233
-0.0148 -0.0147 0.1824
0.1489 -0.1915 -0.2997
0.0364 -0.0128 -0.1740
0.0337 0.0219 0.7341
0.0203 0.0496 -0.0203
0.0972 0.0082 0.9355
0.3442 -0.4562 0.1513
0.0755 0.1243 0.6762
-0.6872 -0.0825 0.3092
0.0285 -0.0470 -0.0294
0.2475 -0.0657 -0.7178
-0.0946 0.1688 -0.4590
-0.0376 0.3345 -0.8210
-0.2420 -0.2289 -0.1670
-0.2604 -0.0461 -0.9508
0.0186 -0.0131 0.6360
-0.2819 -0.0632 0.4045
-0.8537 -0.2819 -0.2733
-0.3031 -0.1596 -0.2200
0.0030 -0.2516 0.0067
-0.2044 0.3663 -0.8458
-0.6182 -0.2828 0.0977
-0.0671 0.0229 0.2633
0.5170 -0.0468 0.1137
