-0.4738 0.5619
0.5924 -0.0534
0.1606 0.0507
-0.1840 -0.0710
-0.6259 -0.1737
-0.3525 -0.1339
-0.4672 -0.0256
0.4769 -0.2979
0.0540 -0.5110
0.0321 -0.0190
-0.3352 -0.0901
0.6762 -0.9273
-0.7724 -0.5192
-0.1280 -0.4722
0.3600 -0.4223
0.1515 -0.6750
0.0284 -0.1279
-0.3195 -0.7679
0.7366 0.6357
-0.7610 0.5121
-0.3696 -0.0771
0.0072 0.1747
0.4441 -0.2532
0.2079 -0.0405
0.2392 -0.2156
0.2009 -0.0596
-1.6238 0.0845
0.5893 -1.2179
-0.3943 0.3018
0.6871 -0.0191
0.1257 -0.0546
-0.0900 0.0176
0.0546 0.1782
-0.0281 -0.4750
-0.0232 -0.0598
-0.2174 -0.1645
-0.0057 -0.3508
0.0405 0.0421
0.5904 1.4285
1.0201 -1.1942
-0.2145 -0.8773
0.5068 0.6251
0.1700 0.2345
0.2322 -0.6338
0.0674 -0.2392
-0.0849 -0.2541
0.3221 -0.2794
0.5119 -0.0923
0.7192 -0.3695
-0.8570 -0.4993
-0.4350 -0.2854
0.1010 -0.4732
-0.1217 0.4330
0.1346 -0.3529
0.0224 0.2657
0.0690 -0.3419
0.7182 -0.3906
-0.6501 0.0259
-0.0000 -0.0005
-0.1757 0.7592
-0.1146 -0.9314
0.0672 0.1061
0.0803 -0.1142
-0.0846 0.0626
0.0650 0.3446
0.7174 0.0286
0.9394 -0.6039
-0.1957 -0.2282
-0.5599 -0.2798
-1.0078 -0.3983
1.0377 0.3713
0.2407 0.7880
-0.0779 -1.1492
0.0205 0.1587
-0.2341 0.9670
-0.4457 -0.4998
0.2538 -0.3342
-0.3201 -0.2766
0.0975 -0.9157
-0.7826 -0.2670
0.0125 0.0490
-0.4417 -0.6629
0.8842 0.3764
-0.0465 -0.5914
0.7844 0.2228
-0.0078 -1.4136
0.0042 -0.5411
-0.3792 -0.0936
0.3597 0.1717
0.5834 0.2068
-0.0962 -0.2868
-0.3759 0.6660
0.8938 -0.0617
0.6855 0.7556
-0.0989 -0.1232
-1.2818 -0.6565
-0.2239 0.1336
-1.1785 -1.0614
0.4556 -0.5347
-0.0051 0.0308
-0.2443 0.5518
1.3814 -0.6633
-0.3886 -1.4577
-0.0341 -0.1610
-0.2493 -0.9601
0.0624 -0.0363
0.1001 0.1220
0.0718 -0.6388
-0.1143 0.2842
0.2300 -0.1812
0.0265 -0.0266
-0.4089 -0.7755
-0.3130 0.1339
0.5731 0.0375
-0.0084 -0.2106
-0.0437 0.0021
0.2098 -0.8561
-0.0037 -0.0594
-0.0870 -0.7704
-0.0471 0.4867
-0.0654 0.1429
0.0794 0.0920
-0.7931 0.3663
0.2659 -0.4691
0.2081 0.4828
-0.3673 0.1267
-0.3105 -0.4919
-0.0096 -0.0222
-0.1769 -0.1668
-0.0481 -0.3976
-0.1745 -0.2263
-0.1530 0.1240
-0.0431 -0.4958
0.1411 -0.6079
0.2607 -0.2028
0.1208 -0.1610
0.0139 0.5489
0.2232 -0.2753
-0.3341 -0.0372
-0.5839 0.0546
-0.3934 0.4237
-0.0574 0.0059
0.3211 0.2077
-0.1233 0.9564
-0.0943 0.1693
0.3876 0.7192
0.4160 0.5221
0.6155 -0.6737
0.0645 -0.2707
0.2320 0.0213
-0.9000 0.1293
0.0214 0.2680
-0.0996 -0.1999
0.0354 0.0048
-0.5459 -0.0924
0.2152 -0.1378
0.6704 -0.4551
0.3824 0.7872
-0.5012 -0.4735
-0.4460 0.8904
0.0217 0.0305
-0.4853 0.0140
0.0312 -0.0512
1.3098 -0.7355
0.4033 -0.2332
-1.1623 -1.1286
-0.9440 -0.2417
0.2637 0.1407
-0.4530 0.1260
0.3954 -0.2099
-0.2052 -0.2034
0.2261 0.0431
0.0416 0.6945
0.7056 0.0021
-0.3819 -1.4925
0.1822 -0.1639
0.2685 -0.0743
0.1404 0.0125
0.1998 0.2514
-0.0568 0.1973
-0.6121 -1.0765
0.0676 -0.5855
0.1083 -0.0878
0.2842 0.1103
-0.0834 0.1337
0.7480 0.3586
-0.6475 -0.2472
0.3681 0.0542
0.2553 -0.2470
-0.0408 -0.2386
0.3263 -0.1801
0.9179 0.3190
-1.0528 -0.8695
0.5591 0.0950
-0.0152 0.0038
-0.0524 -0.7832
0.0682 -0.4629
-0.7800 -0.0972
-0.0454 0.4589
-0.3971 -0.2163
-0.0133 0.4102
0.0644 -0.3295
-0.1264 1.4600
0.2633 0.0133
-0.0161 0.0144
0.3234 0.5791
0.0609 0.0979
0.8787 0.3178
0.3586 -0.1400
-0.6570 0.2481
0.5878 -0.5913
-0.8115 0.5681
-0.0635 -0.1294
0.4136 -0.4599
-0.0608 -0.1561
0.7661 -0.4271
-0.0748 -0.1386
-0.2757 -0.1788
0.1845 -0.1344
-0.4688 -0.1748
-0.4378 -0.8486
0.1586 0.0381
0.3722 -0.7202
0.0131 -0.0534
-0.1874 0.1486
-0.3232 0.3123
-0.1756 0.1226
-1.2037 0.5056
-0.3788 -0.1144
0.6449 -0.5137
-0.5685 -0.0350
-0.3550 0.5600
0.0022 -0.0687
0.7044 0.5632
0.4058 0.5934
0.1762 0.8713
-0.6674 0.2669
0.4633 -0.4209
-0.1542 -0.4341
0.4710 -0.6059
0.0758 0.3418
0.5095 0.4106
-0.0348 0.1326
-0.8197 0.2595
-0.0301 0.0002
-0.4060 -0.5490
-0.4057 -0.4958
-0.3557 1.1746
0.0043 0.0402
0.8837 0.7104
-0.0776 0.0741
-0.3623 0.2723
1.4747 0.1777
0.0111 0.0028
-0.8923 -0.3501
0.8764 -0.2289
-0.2079 -1.4411
0.0301 -0.0047
0.0335 0.2198
-0.0970 -0.4597
-0.3670 -0.4270
0.1759 -0.7008
-0.2757 0.4032
-0.2225 0.2942
-0.3575 -1.4111
-0.0844 -0.2203
-0.1874 0.0437
-0.1077 0.4406
-0.3159 -0.1312
0.1884 -0.1342
-0.0122 0.0494
0.0404 0.0422
0.9592 -0.1588
-0.0167 0.0378
0.5445 0.5333
-0.3253 0.8910
-0.0820 -0.2618
0.5292 -0.7480
-0.2566 -0.1533
0.4338 -0.0914
0.0772 0.7806
0.5820 0.0488
0.3029 0.0032
0.5800 -0.0045
0.1487 0.2278
0.0483 -0.9323
-0.1950 0.5675
0.3052 0.4882
0.3572 -0.0067
-0.4660 0.1004
0.6159 0.6260
0.2659 0.0264
0.6295 0.5168
0.2457 -0.4957
0.0876 0.0393
-0.1388 0.2151
-0.0984 0.7715
-0.1451 -0.5116
-0.9091 -0.0219
0.6528 -1.1679
-0.1177 -0.3110
0.1596 0.2175
-0.0601 1.5972
-0.1811 0.3058
-0.8449 -1.3573
-0.4122 -0.3775
0.1423 0.1819
-0.2868 -0.6978
1.0749 1.2449
-0.0692 -0.0322
0.1690 0.0968
0.0689 0.2056
0.7252 0.6714
-0.0948 -0.0686
-0.0721 -0.0400
0.2874 0.8333
-0.3627 0.0784
0.2413 -0.5252
-0.1476 0.0957
-0.0175 -0.1280
0.9816 -0.1698
0.6368 0.7625
0.5310 0.6863
-0.0922 -0.2293
0.1361 0.0108
0.1666 0.3463
-0.0194 0.8071
-0.1538 0.2282
0.0034 0.2935
0.0138 0.0511
-0.2462 -0.2854
0.3797 -0.7505
0.0764 0.4562
-1.0439 -1.3413
0.0034 -0.0015
0.0159 0.0496
-0.8558 -0.0013
-0.3664 -0.1601
-0.4759 -0.5822
0.2772 0.6961
0.4087 -0.0182
0.0005 -0.0379
-0.2132 0.2484
-0.0548 -0.9732
-0.1504 -0.0638
0.7038 -0.1122
-0.3462 -0.0382
-0.4254 0.0499
0.0660 -0.2054
1.4240 -0.7744
0.0604 0.0680
-0.8230 -0.4855
-0.1180 -0.4847
0.3937 -0.3132
0.0734 -1.6541
-0.2412 -0.2297
0.2561 0.5608
-0.1986 -0.1116
-0.1976 0.0648
0.3882 0.6533
-0.1920 0.3628
-0.4540 -0.8215
0.7245 -0.0926
0.7519 0.1597
-0.7690 -0.2208
0.3808 -0.2415
-0.8922 -0.2161
-0.5797 -0.4335
0.0265 -0.3767
0.2560 -0.5717
0.3416 -1.0237
0.5822 -1.4785
-0.2156 0.6832
0.0800 0.1135
-0.5199 -0.3372
0.0971 0.1049
0.4239 0.0309
0.6865 -0.9591
0.5717 0.4761
0.0829 0.2320
-0.9235 -0.5601
1.2702 -0.1043
0.1780 -0.0312
-0.1365 -0.8529
1.2961 -0.9367
-0.0295 -0.0057
-0.1170 0.4034
-0.3279 -0.0476
-0.0815 -0.0302
0.5974 0.0193
0.0488 -0.5087
0.4390 0.6120
-0.0355 -0.5693
0.7276 -0.5573
-0.6460 0.6824
0.7786 -0.6207
0.2222 0.2374
0.2795 0.8156
0.0060 -0.0148
-0.0380 -0.1932
-0.1367 -0.2217
0.6551 1.4170
0.1955 0.5922
-0.8611 -1.4221
-0.1716 0.0774
0.2945 -0.1540
0.5141 -0.0957
-0.1552 0.5593
0.2912 0.0527
0.2078 -0.4528
-0.3814 -0.2100
-0.2201 0.2158
-0.3937 -0.4169
-0.1836 0.6597
-0.7254 0.6801
0.6993 -0.2312
-0.2085 0.3402
-0.3284 0.3280
0.7935 -0.3800
-0.4353 -0.2293
0.0608 0.0565
0.4043 0.4052
0.4747 -0.4900
-0.8835 0.1996
-0.6299 0.1882
-0.2425 0.7120
-0.5772 -0.0341
0.0056 -0.0017
0.1998 -0.0560
-0.9577 -0.0689
0.0034 0.0164
0.4081 0.1691
0.8505 0.4892
-0.3252 0.7227
0.9028 -0.0031
0.9454 -0.9108
0.1460 -0.1264
-0.4646 -0.7879
-0.0422 -0.0519
0.4412 -0.7821
0.0287 -0.1068
-0.7390 0.2721
1.1503 -0.3754
-0.8200 0.1925
0.5472 -0.5654
0.3258 0.1625
-0.0048 -0.0092
-0.3950 -0.5970
0.0112 0.7023
0.1244 0.3939
0.5650 0.5936
-0.5525 -0.3015
0.3419 -0.4186
0.5516 -0.7143
0.0323 0.0674
0.1656 0.2212
-0.1119 -0.3573
0.1635 -0.7133
-0.1195 -0.0811
0.2053 0.8599
-0.6482 -1.4129
0.1483 0.4620
-0.0935 0.0109
0.4878 0.6030
0.2415 0.0566
0.3269 -0.3969
-0.0070 0.6766
-0.1426 -0.2226
-0.6851 -0.2380
0.0287 -0.0996
0.3911 0.7512
0.4112 0.0072
-0.1211 -0.4296
0.3637 -0.6803
0.3154 0.1419
0.4393 -0.2447
0.1672 0.5795
0.0744 0.5744
0.4026 -0.0470
0.2130 0.2948
1.1261 0.5551
-0.3693 -0.9746
0.5630 -0.0839
0.4468 -0.4865
0.3191 0.0879
-0.3712 -0.1340
-0.2826 0.3522
-1.4456 -0.5741
-0.1960 0.2891
-0.4598 -0.2835
-0.5868 0.1289
0.2370 0.5190
0.4814 0.2505
-0.4680 0.5365
0.5453 0.7200
1.5682 -0.4246
-0.6610 0.7402
-1.2625 -0.0928
-0.2953 0.9531
-0.9066 0.1127
