0.4222 -0.3117 0.0778
-0.0378 0.0443 0.0229
0.2827 -0.2073 -0.2924
-0.0081 -0.0165 -0.5632
0.6483 -1.5745 3.1210
-0.0137 -0.0809 -2.0909
-0.0000 0.0000 -0.0052
0.0998 -0.3355 0.5502
-0.1319 -0.3455 0.3210
-0.4891 -0.4216 0.1199
-0.0913 -1.4682 0.4098
-0.0114 -0.0233 -0.0032
0.1245 0.6845 -0.4857
-0.0466 0.2374 -0.0409
0.0907 -0.0352 0.3207
-0.0002 -0.0002 -0.0202
-0.7743 -0.1504 -0.0567
-0.2167 -0.5718 0.2409
0.0830 -0.7096 -0.2248
-0.4388 0.2427 -0.2886
-2.7055 -0.1954 -0.1551
-0.0001 -0.0064 -0.0013
0.3692 -0.0407 -0.2290
-0.1184 -0.4006 0.1287
-0.1871 0.5211 0.5201
0.3659 0.4791 1.9567
-0.2481 -0.3893 0.2859
0.0839 -0.1871 0.3985
-0.4983 -0.1019 -0.0235
0.1098 0.0077 0.0657
0.0013 0.0413 0.2195
-0.0245 -0.0493 0.0146
-0.1015 -0.0533 -0.4366
0.1555 -0.2342 -0.4177
0.0289 0.0757 0.2503
0.0101 0.0282 -0.0561
0.6095 0.3378 1.5267
0.3325 0.3763 -0.5170
0.0011 0.1072 0.0772
-0.7505 -0.2550 -0.6387
0.0004 0.0003 0.0002
2.6889 -1.6893 -0.8429
-0.0187 0.1440 0.5472
0.2853 -0.0170 0.3033
0.2888 0.1105 0.1043
-0.0508 -0.0063 -0.1460
-0.0068 0.0091 0.0191
-0.0952 -0.0741 -0.9131
0.0868 -0.4205 -0.3948
-2.3565 2.6172 -0.2231
0.2208 0.0061 0.6025
-0.1428 0.1927 -0.1799
0.1299 0.1913 2.7024
-0.0482 0.0903 -0.4147
0.2328 0.5473 0.3177
-0.2390 0.1268 -0.0732
0.1047 -0.4832 -0.1215
0.1019 -0.1726 0.8625
-0.6541 -1.0777 -0.3657
-0.0425 -0.0310 0.9500
0.0011 -0.1424 0.1341
-0.0002 0.0108 -0.5693
-0.0215 -0.0670 -0.2344
-0.1415 -0.0036 0.0736
0.1632 0.0036 -0.4839
-0.0006 0.2125 -0.1543
0.2329 -0.2288 -0.8554
0.3767 -0.1495 -0.3089
-0.2418 -0.1622 0.7513
0.2748 0.0644 0.9068
0.1122 0.0362 -0.0461
-0.6939 -0.6595 -0.1047
-0.6228 0.3686 0.2529
-0.3873 0.3207 -0.4047
-0.2968 -0.3791 0.8260
0.2106 -0.4862 -0.3131
0.0156 0.0524 1.9814
-0.4315 0.2495 0.0267
0.7197 -0.2476 3.5304
-0.1973 -0.4083 2.0387
0.0631 -0.4416 0.4951
0.2359 0.1079 -0.0142
-0.0182 0.1484 0.3702
-1.8214 2.2384 1.2300
0.5761 -0.6233 -0.0414
-0.4799 -0.5667 -0.3891
-0.4144 0.0918 -0.3029
-0.0010 -0.0008 0.0403
-0.1316 -0.0758 0.8146
-0.0342 0.0632 0.0893
-0.0290 -0.1754 0.6019
0.0798 -0.0211 0.5233
-0.6432 -0.3414 0.6805
-0.0236 0.0124 0.0689
-0.2123 0.3782 0.4661
-0.0292 -0.3173 0.1750
-0.6727 -2.9679 -1.0837
0.4633 0.0029 -0.1028
0.0867 -0.2300 -0.4553
0.0886 0.2453 -0.1101
0.1429 0.0099 -0.3196
0.2799 -0.0637 3.3356
0.0313 0.0375 -0.0641
0.0378 -0.1720 0.2526
0.1292 -0.9286 -0.7619
0.2214 0.4073 -0.3402
-0.2943 -0.1789 -1.5352
-0.7113 0.2454 0.3121
-0.0446 0.0446 -0.2028
0.2473 -0.0458 0.4253
0.0000 -0.0041 0.0289
0.0482 0.0715 -0.3460
1.7895 0.9990 -1.4141
-0.2066 -0.0226 -0.5010
0.5998 -0.6319 -1.5124
0.4620 -0.2905 -0.2742
-0.0866 0.0191 0.6357
-0.0988 0.1304 -0.1387
-0.4025 0.3339 1.1157
0.1953 0.1947 -0.2728
-0.2413 -0.0632 -0.1927
-0.2551 -0.3120 -0.4842
-0.0238 -0.5035 0.3757
0.0122 0.4359 -0.2838
0.0716 0.0633 -0.0753
-0.1459 -0.4612 0.7878
0.1233 0.0336 0.2105
0.1230 -0.0383 0.3022
0.1877 0.2077 0.5307
0.3319 0.1485 -0.1811
-1.1403 2.6475 -0.4737
0.1465 -0.0510 0.3884
-0.1038 0.1437 -0.9611
-0.0377 0.0372 0.1908
-0.1202 0.0186 0.1321
0.0133 0.1649 0.0253
0.2090 0.1499 -0.2435
0.1728 0.6311 -0.5938
-0.7444 -0.0934 -0.4793
0.1354 0.5144 -0.3459
-0.0262 0.0448 -0.2330
-0.1985 -0.7431 -0.2235
0.0861 0.0462 -0.0967
0.3528 -0.3550 0.2825
-0.1644 -0.0831 -0.9530
0.0874 0.3191 -0.0840
-0.2529 0.5182 0.8077
0.0689 -0.4912 -0.5641
-0.0371 0.0702 -0.8343
0.0178 -0.1851 0.0184
-2.1789 -2.4637 -0.2972
-0.3188 -0.2076 -0.6134
-0.0774 -0.0177 0.0336
-0.1940 0.4172 0.5536
1.6770 1.4119 0.3570
0.0255 0.0197 -0.0639
-0.0319 -0.1200 0.9633
-0.0040 0.0906 0.2894
-0.0400 0.1954 1.8624
-0.6680 -0.3113 -0.0398
-0.0203 -0.9718 0.1085
-0.3550 0.0140 -0.9137
-0.1410 0.2326 0.1061
-0.0145 -0.0677 0.5491
0.1631 0.2966 0.1370
-0.1111 -0.4474 -0.0589
-0.0059 -0.0081 0.0690
-0.2785 -0.1065 -0.1351
-0.0078 -0.0049 0.1319
0.0477 0.0950 0.7754
0.0937 -0.6302 -0.2391
0.0045 0.0517 0.0272
0.0907 -0.1508 -0.2052
0.0256 0.0024 0.8250
0.5524 0.1496 0.1398
0.0107 0.2250 0.0935
0.3143 0.1811 -0.8595
-0.2927 0.1692 -1.3086
0.0046 -0.0451 0.1685
-0.0165 -0.3477 0.5863
-0.1651 0.4642 -0.0092
-0.7993 -0.4998 0.3024
0.0365 0.0339 0.6940
0.0135 0.0178 0.0544
-0.1453 0.7216 0.1300
0.0000 0.0014 -0.0725
0.1349 -0.2130 -0.2313
-0.4395 -0.1519 -0.1393
0.7830 0.2587 0.2110
-1.3385 -0.8738 -0.6557
0.1034 -0.3441 0.8785
0.0004 0.0021 -0.0363
0.2630 -0.2184 2.7896
0.0388 0.2339 0.1199
0.1180 0.2513 0.1550
-0.0130 0.0772 0.0008
-0.2062 0.9339 0.2671
-0.0895 0.0059 -0.0055
-0.2104 -0.3849 0.3812
-0.3078 0.0289 -0.4667
0.0793 -0.0909 -0.2111
0.1081 -0.0978 0.7160
-0.0001 -0.0004 0.1474
-0.0607 -0.2697 0.1783
-0.8982 -0.0327 0.0690
-0.2562 -0.4298 0.0759
-1.2423 -0.1583 -2.2634
0.1869 -0.0476 -0.6374
-0.2226 0.1682 -0.2433
-0.1634 -0.0407 0.6595
0.1028 -0.3834 -0.1536
-0.0267 -0.0419 0.2822
0.3222 -0.6438 0.6401
-0.0030 -0.0061 -0.4067
-0.8286 1.4919 -1.5425
1.5254 -0.3004 3.2797
0.1789 0.0580 0.3557
-0.0171 -0.0792 -0.4774
0.4754 -0.9377 1.6933
-0.1071 0.0322 0.0314
-0.5727 -0.0910 -0.4254
0.0298 -0.1131 -0.2934
-0.0336 -0.0522 -0.0455
-0.0746 -0.0407 -0.0503
-0.2846 -0.0766 0.7273
0.1538 -0.5095 -0.0695
0.2772 -0.2203 -0.5374
-0.7446 -2.5098 0.6706
-0.3034 -0.0345 0.3267
-0.0285 0.0133 -0.0271
1.2217 -1.2515 -1.4323
-0.0169 0.0208 -0.0949
-0.3693 0.8540 -0.0141
-0.4284 -0.7969 0.2032
0.2910 0.3560 -0.2119
0.0773 -0.4601 0.7549
0.0388 0.2009 0.1479
1.8108 -1.0961 -0.0233
2.5375 0.9675 2.0311
-0.0226 -0.0914 0.0707
-0.0687 -0.4557 0.0023
0.0945 -0.1971 0.3135
0.4139 -0.2382 0.3869
-0.5797 -0.1251 0.1231
0.6736 -0.0343 2.5536
0.3536 -0.0553 1.1638
-0.1655 -0.0025 -0.2228
-0.5793 -0.1892 2.8436
0.1962 -0.1362 -0.4758
0.1867 0.0677 0.4133
1.2682 0.0021 1.8007
0.3457 -0.2932 -0.0845
0.0222 -0.0871 -0.1435
-0.0537 -0.0756 0.1746
0.0590 0.1453 0.7741
0.0140 -0.3099 0.0645
0.0459 -0.0382 0.2629
0.1746 -0.0072 0.2465
0.1494 0.8243 1.7791
-0.4561 0.1878 -0.1251
0.4369 -0.0191 -0.1020
0.3012 -0.2363 -0.3798
0.0356 0.0908 0.3066
0.0181 0.0013 -0.0198
-0.0345 -0.0417 0.0927
-0.0281 -0.0415 -0.0257
0.5423 -0.7250 0.0180
0.0163 0.0193 -0.1959
-0.4711 0.0446 -0.6183
-0.4485 -1.2046 2.1784
0.1180 -0.1222 -0.0480
0.1571 -0.7333 -0.1100
-0.0010 -0.0116 -0.2026
0.2864 -0.1483 -0.3373
0.2473 -0.3657 -0.0543
0.4954 -0.5436 0.0656
-0.2633 -0.1204 -0.0999
-0.0116 0.4582 -0.5767
0.6065 -0.3559 0.2043
0.2627 0.2908 -0.6844
0.2178 0.1487 -0.1119
1.6084 -0.3636 2.3013
0.0905 -0.0178 0.1332
-0.1056 -0.3289 -1.1925
0.1942 1.1225 0.6082
-0.4442 0.4449 -1.8403
0.1524 0.3648 -0.2401
-0.0036 -0.0335 -0.0483
0.2302 0.2360 0.4592
-0.3287 -0.1095 0.3815
-0.1124 -0.0367 -0.6131
0.0167 0.0360 2.9946
0.0798 0.2773 0.4978
-0.1086 0.4404 0.0705
-0.5887 -0.1063 0.5615
0.0062 0.0074 0.1905
1.0159 0.8214 -1.6492
0.3131 -0.1525 -0.5750
-0.0735 -0.3068 0.3476
-0.0660 -0.6064 0.0792
-0.4940 -3.0056 -0.4079
-0.0834 -0.0367 0.3334
-0.0363 0.6576 -0.0027
-0.0037 0.0004 -0.0072
-0.0768 -0.0187 -3.3703
-0.0388 0.0418 0.0530
-0.0257 0.0396 -0.3543
-0.6302 -0.0266 0.4874
-0.1726 -0.0136 -0.1071
-0.0780 -0.1422 0.0380
-0.1227 0.0308 0.0638
-0.0951 0.1759 3.0343
-0.1934 -0.1313 0.1746
-0.0038 -0.0367 0.0590
-0.1136 0.1527 0.1462
0.0992 -0.0095 0.0761
0.0031 0.0126 -0.1127
0.2105 -0.0309 -0.1706
0.3360 -0.3528 -0.3890
-1.2127 0.2960 -0.4403
-0.1415 -0.2479 0.2637
0.0217 -0.0039 -0.0068
-0.0013 0.0014 0.0019
0.2058 -0.0481 0.4441
0.0512 0.0373 -0.4495
0.2877 -0.0335 0.2910
0.0093 -0.0404 0.1176
0.5042 -0.0502 0.7434
0.1005 0.2530 -0.7045
-0.0143 -0.0133 0.9603
0.0682 -0.1188 0.1193
0.0847 0.6511 -0.1373
0.1352 -0.2374 0.6755
0.2239 0.0004 -0.4532
-0.0073 0.1855 -0.5297
-0.0925 0.0084 -0.2867
-0.0426 -0.0954 3.5486
-0.1942 -0.1511 0.3220
0.0303 0.0060 -0.0167
1.9194 -0.8406 -2.4322
0.3837 -0.1202 0.6555
0.0107 -0.0132 0.0813
-0.1667 -0.1197 0.0522
-0.2052 -0.0217 0.6634
-0.1272 0.0727 0.0054
-0.3420 0.2404 2.7012
0.0319 0.1266 0.1855
0.3875 -0.1363 0.1378
-0.0871 -0.0787 0.5517
2.1149 0.3554 1.9005
-0.0136 -0.0106 -0.0024
0.0503 0.0201 -0.4503
0.0080 1.1906 -3.1701
0.2410 0.1326 -0.6261
-0.4255 -0.7685 -0.0008
-0.0462 0.0065 -0.5710
-0.0176 0.0815 0.8810
0.0903 -0.2025 0.2496
-1.0708 -0.3930 0.6599
2.7530 -1.6218 1.1079
-0.0863 0.1052 -0.0910
-0.3420 -0.1590 -1.2897
-0.0678 0.0676 -0.0947
-0.1471 -0.0866 -0.6644
-0.0202 0.0268 -0.1961
0.3145 0.2234 0.4770
-0.0834 -0.1754 0.1465
-0.3223 0.7227 0.1812
-0.0026 -0.0077 0.7076
0.0189 0.0330 -0.0102
-0.0736 -0.1046 -0.9557
-0.0398 0.5900 -0.0766
0.1547 0.0559 0.7628
-0.3353 -0.5845 0.5017
0.0026 0.0087 -0.2625
0.0734 -0.3223 0.0052
-0.1293 0.1877 -0.0667
0.3135 -0.0272 -0.3812
-0.0204 -0.1048 -0.3925
0.0076 -0.5781 0.0058
-0.2290 -0.1577 -0.3965
-0.2761 0.3957 0.6210
0.0077 -0.0540 0.0626
-0.0301 0.1087 0.1236
0.2961 0.6007 0.1557
0.1131 0.4534 -0.2732
-0.0814 0.1951 -0.1586
0.3898 0.4726 0.1514
0.2679 -0.0276 -0.2329
0.7562 -3.5064 0.8763
0.3027 0.3760 0.3366
0.1506 0.0537 -0.7828
-0.3570 0.4214 -0.1794
-0.1001 0.2293 0.1629
-0.0204 -0.0047 -0.0335
-0.0531 -0.0561 0.0507
-0.2435 0.0312 0.7979
0.0634 0.7214 0.2838
-0.7094 0.1636 0.0634
-0.3448 0.6948 0.3668
-0.0596 0.3331 0.4890
-0.1712 0.0103 0.6134
-0.2209 -0.3215 0.5893
-0.2145 -0.1920 -0.0509
-0.6267 -0.2517 0.2368
0.2032 0.2018 -0.1313
0.2069 -0.3322 0.3337
-0.1060 -0.0146 -0.0190
-0.0033 0.2289 0.4840
0.1425 -0.0309 -0.0298
-0.0945 -0.0647 -0.0674
0.0143 0.1536 0.1627
0.0191 0.1072 0.0441
0.3922 -0.6646 -1.6285
-0.0012 0.0058 -0.0008
0.2279 -0.4006 -0.3811
-0.0040 -0.0507 0.0863
0.1981 0.0269 0.1274
-0.0264 0.0484 0.1042
0.2447 0.5053 -0.0208
-0.3038 -0.1064 -0.3483
-0.1922 -0.1157 0.0682
0.0439 -0.0478 0.4161
0.0462 -0.0186 0.2923
-0.0827 -0.1107 0.5531
0.0868 -0.0548 0.7961
0.4026 0.0839 0.2921
0.1159 0.1305 0.6425
-0.0240 -0.7187 -0.1508
0.2275 0.3967 0.3560
-0.0528 0.1524 -0.1941
-1.1787 1.9803 -0.6113
-0.2934 -0.1628 0.3723
-2.4356 -0.5311 0.4199
0.0839 -0.3250 -0.3826
0.3146 -0.4201 0.6720
-0.1397 -0.0496 0.0173
-0.1828 0.1601 -1.3568
2.0235 -2.1214 0.7890
-0.3523 0.0538 -0.0197
-0.0047 0.0168 0.5056
0.3698 -0.7842 0.2807
-0.8013 -0.0942 -0.3629
0.0261 0.0312 -0.1801
-0.3029 -0.0916 0.2035
0.1126 -0.4493 -0.7106
-0.1181 0.0656 -0.1909
-0.0270 -0.0247 0.2179
-0.0331 0.1173 -0.1557
0.4306 0.2482 0.4441
-0.1800 -0.4447 -0.2487
0.1748 0.0008 -0.0545
-0.1884 -0.0610 0.6013
-0.4096 -2.0526 -0.5777
1.2035 -0.3190 -1.5248
0.7470 -0.9002 -2.3184
-0.2231 0.6600 -0.2166
0.5721 -0.6198 0.0156
-0.0075 -0.1302 -0.1535
0.7184 -2.9651 -0.6971
0.0871 0.0216 -0.1952
0.0228 -0.0127 -0.0007
-0.3743 0.0291 0.0502
-0.0612 0.0838 0.1725
-0.0564 -0.0973 0.7544
-0.5122 0.0589 -0.0832
-0.2532 0.0032 -0.3382
-0.2521 0.3153 0.7652
0.1560 -0.0862 -0.2935
0.0243 -0.0992 -0.8582
0.0922 0.0762 0.3624
0.8194 0.1402 0.2015
-0.1482 -0.5897 0.3226
0.2584 -0.1366 0.2219
-0.1613 0.2301 0.2293
-0.7810 0.4209 -0.2661
0.0299 -0.3159 -0.7218
0.1562 -0.0716 -0.7990
-0.1459 0.1045 -0.1251
-0.1681 -0.6021 -0.7539
0.0638 -0.3658 -0.1005
-0.0166 0.0701 0.2516
0.3321 -0.0241 -0.3427
-0.0265 -0.0918 0.8300
2.4196 1.7117 1.1688
-0.4726 -1.3819 -2.9853
-0.0444 -0.0914 -0.1540
0.0834 0.0932 -0.7729
-0.2404 0.2246 -0.1476
0.3147 -0.2634 0.3560
-0.0055 0.1461 -0.0240
-0.0943 0.0627 0.0339
0.0163 -0.0803 0.0694
-0.0202 -0.2838 0.0474
-0.1007 -0.0279 2.6314
0.0286 -0.1195 -0.7137
-0.1639 -0.4287 -0.6699
1.9154 -1.1190 -1.5466
-0.0221 -0.0306 -0.0079
-0.2352 0.2727 0.3226
