1.4611 -2.0924
0.5496 0.0335
-0.0503 0.1358
0.0117 -0.0357
0.6394 0.0334
-0.5030 -0.7434
0.5362 0.6300
-0.6505 -0.1049
-0.0750 0.1055
0.6609 0.3834
-0.1244 -0.6849
2.4856 -0.3301
-1.3501 -1.8250
0.4049 0.2775
-0.8696 -0.2788
-0.3432 0.3948
0.8426 -0.2940
0.0002 -0.0014
0.7531 0.9798
-0.3555 -0.5614
1.2639 -0.0281
0.3247 0.2036
0.8944 -0.0283
0.3558 -0.9078
-0.3659 0.0035
0.3366 -0.1143
-0.3540 -0.2879
0.7542 -0.2743
0.0548 0.6008
0.4530 -0.1487
-0.0948 0.1377
0.1961 0.6767
0.0836 -0.0792
-0.5193 0.0434
-0.5741 -1.8834
0.0674 -0.1221
0.1783 -0.3900
-2.2455 0.3227
0.4286 -0.0144
0.2516 0.5262
0.1197 0.0543
-0.4402 -0.1073
-0.7158 0.0187
-0.0284 -0.0256
0.5172 -0.3304
-0.0546 -0.3104
0.1727 0.9229
-0.2095 -0.1022
-0.2704 0.0040
0.7079 -0.4631
2.9391 1.2212
3.5141 0.0209
3.0762 0.1198
4.0755 -0.4830
3.4895 0.0952
3.4597 0.9091
3.2557 0.1486
2.2012 -1.1683
2.9193 0.2185
3.7558 0.4970
3.1223 0.0618
3.9676 0.6597
3.7713 0.1936
3.6645 0.0737
3.4374 0.0226
3.7438 -2.5131
3.7208 0.7719
2.9257 0.5617
2.1195 -0.7554
4.1752 -0.2724
3.5471 -0.3896
5.0253 -0.8808
3.5000 -0.0002
2.2881 1.6335
4.9813 2.0102
3.6227 -0.1016
2.9675 0.0746
4.2352 -0.2979
3.1243 -0.8710
5.5294 1.3966
3.5147 0.0722
3.4484 -0.1267
3.3949 0.4194
3.5034 -0.1769
3.4132 0.4652
3.4411 0.0256
3.2621 -0.1972
3.4135 0.1349
3.4805 0.2377
3.1295 -0.5071
3.1742 0.7683
2.5195 0.1858
3.5035 0.5296
3.1822 -0.4064
3.0652 0.6575
3.2538 -0.1905
3.5512 -0.0105
3.7204 0.3529
3.3669 0.1989
3.7474 0.5049
