0.0409 -0.1296 0.2361
-0.0235 0.0402 -0.7619
-0.2816 0.2336 -0.2356
-0.2635 -0.0853 -0.2488
0.3959 -0.0152 0.1632
-0.1592 0.1481 0.0729
-0.1051 0.5684 0.6317
-0.2116 -0.3776 -0.7739
-0.7826 0.3221 1.3718
0.2831 0.3064 0.3514
0.1197 -0.3775 -0.4803
-0.0260 -0.0888 0.3183
0.3523 -0.2539 -0.2727
0.4824 -0.1146 0.3317
-1.8735 -0.7636 3.0015
0.0865 -0.2283 -0.1170
0.0289 0.4038 0.2711
0.0693 0.0092 -0.3669
-0.0196 0.0030 -0.0062
-0.1862 0.1239 0.4763
-0.1296 -0.6763 -0.4674
0.1538 0.1936 -0.0139
0.2802 0.0744 0.8207
-0.5361 -0.8276 -2.8928
0.0141 -0.0071 -0.2159
4.4150 0.0500 -0.0036
4.3219 -0.4527 -0.3200
4.6403 0.2674 -0.7296
4.5234 0.0035 0.0679
4.0946 -0.4956 -0.6516
4.3422 0.2056 -0.8951
3.4625 -1.8243 -1.3776
4.4784 -0.0128 0.2752
4.3585 -0.0079 0.0802
4.5484 -0.0700 0.1486
4.4174 0.2231 -0.1861
4.5300 0.5169 -0.0529
5.0251 0.4208 2.0286
4.6040 -0.1586 0.9484
4.4418 -0.1010 -0.0266
4.6078 0.5937 -0.0319
4.4419 0.7322 -0.1248
4.3426 0.2316 0.7055
4.0826 0.2627 -0.2667
4.4899 -0.0010 0.7800
4.7858 -0.4107 -0.4273
4.5560 -0.1701 0.4785
4.5000 -0.0000 0.0001
4.4986 0.0004 -0.0013
4.7802 -0.6715 -0.1539
