-0.0029 -0.2689
-0.1104 0.8153
0.3673 0.0556
0.0550 -0.5794
-0.1404 0.3908
0.7219 0.1395
0.2799 0.9109
0.0682 -0.0344
0.3045 -0.4787
-0.2153 0.5537
0.2768 0.7159
-0.6502 -0.6352
0.1057 -0.2649
0.5901 -0.1306
0.0200 0.8892
0.9685 0.1049
-0.4399 0.3483
0.3246 -0.4094
0.1209 -0.2910
-0.6692 0.7543
0.0807 -0.0041
0.9313 0.0443
0.8993 -0.7528
-0.4527 0.0972
-0.0332 -0.0564
3.0621 0.0757
2.5590 -0.7439
1.9183 0.8079
1.5345 0.0630
1.4811 0.3170
1.4418 0.7029
2.4626 -0.7243
1.8773 0.2191
2.2930 -0.8325
1.8397 -0.0830
2.6436 -0.1993
2.7145 0.8275
2.3705 -0.5043
2.0549 -0.0389
1.6246 0.4340
1.9389 0.0473
2.0673 0.3537
1.9197 0.4184
2.0867 0.2873
2.1072 0.7125
2.3958 -0.0293
2.5021 -0.9641
2.1503 0.1919
2.1372 -0.2212
2.0851 0.0245
