0.6462 0.1850
0.0386 -0.0725
-0.3242 -0.8123
-0.5933 -0.5972
0.3159 -0.2440
-0.1024 0.6327
-0.0378 -0.2937
0.4146 0.9088
-0.1458 -0.2094
0.2836 -0.2188
0.1443 -0.5207
0.6504 -0.1923
-0.9011 -0.3947
-0.7817 0.0292
-0.3023 0.0381
0.9610 0.2569
-0.1579 -0.5126
0.6553 -0.4464
-0.4478 -0.2117
-0.5734 -0.5448
0.0895 -0.2424
-0.0327 2.1131
0.6262 0.3786
-0.0956 -0.6334
-0.3619 0.2145
0.2128 0.4233
0.0093 -0.2789
-0.4206 -0.3086
0.2433 -0.0858
2.1673 -0.9247
-0.0601 -0.0189
-0.1299 0.1578
0.2741 0.4916
0.1111 0.7011
-0.0975 0.1791
0.6577 -0.3937
-0.0034 -0.0355
0.3412 -0.0882
-0.0393 0.2186
-0.0332 -0.0127
0.4134 0.3409
0.0441 -0.3176
0.1392 -0.1504
0.4275 -0.1791
-0.7701 0.5693
-0.1952 -0.1849
0.0540 -0.0426
-0.0185 0.1403
-0.4796 0.5354
0.7683 0.0933
-0.0532 -0.1023
-0.2375 0.3191
0.3688 -0.3849
0.1014 0.0042
-0.1646 0.2501
0.2932 0.7705
-2.3015 -0.8772
0.2495 0.2214
0.1033 -0.3338
-0.0216 0.0307
-0.1230 -0.3645
-0.2244 -0.5284
-0.7957 -0.4470
0.3349 0.6089
-0.0817 -0.0179
-0.1810 -0.1875
0.6487 0.6543
0.4054 0.4968
0.3131 -0.1712
-3.5109 0.9910
-2.0273 -0.3260
-0.2156 0.5693
-0.0697 -3.6311
-0.1486 0.0954
0.0012 0.0014
-0.0186 -0.3307
0.1114 -0.0625
-0.2072 0.9681
0.5012 -0.6789
-0.3082 -0.0546
0.0605 -0.3723
0.3724 -0.5609
0.4280 0.4894
0.7143 -0.4776
-0.3615 -0.9088
-0.1886 0.0540
0.0047 -0.6361
0.3710 -0.1348
0.6055 0.3246
-0.2241 0.2350
0.1124 -0.1369
0.2259 0.2214
-0.6113 0.1473
0.0471 -0.3554
-0.5912 -0.6236
0.0429 0.0167
-0.0114 -0.0696
0.3611 -0.3649
-0.8345 2.1572
-1.9101 -2.8648
0.6183 -0.3327
0.3368 0.5811
-0.0236 0.1518
0.7468 -0.2765
0.8290 -0.5416
-0.1354 -0.2306
-0.5977 -0.0563
0.0909 0.0034
2.0013 -0.5175
0.3932 0.3123
0.8332 0.2504
0.0170 0.0214
-0.0598 0.0185
0.0028 0.0132
0.0361 -0.0744
0.6117 0.3809
-0.2103 0.8551
0.4796 0.3283
-0.8668 -0.4769
0.5750 0.1079
-0.1300 -0.7656
0.8549 -0.3236
0.0091 -0.2909
-0.7387 -0.6172
1.4285 0.4507
-0.8706 -0.0929
-0.0384 -0.1692
-0.2994 0.7912
0.3639 0.2260
0.4107 0.0096
-0.7790 0.5865
-0.4027 0.2814
-0.0515 -0.0459
-0.9206 -0.5213
-0.4559 0.1859
0.0096 -0.0230
0.1469 -0.8274
-0.3819 0.6965
1.1646 -2.1960
-0.8590 -0.0643
-0.4082 0.5810
0.0710 0.1317
-0.2787 -0.6916
0.0194 -0.1253
2.2394 2.8592
-0.1450 -0.6051
-0.0003 0.0001
0.7212 -0.4226
0.1584 0.7531
-0.1425 -0.3983
0.0984 -0.0460
0.4784 -0.6767
0.1987 0.8116
0.4574 0.4390
-0.0217 0.1527
-2.7340 -1.1351
0.4246 0.0390
1.2020 -1.0050
-0.2017 -0.4327
0.0128 0.0299
-0.7071 0.0650
-0.0510 -0.1220
-0.1055 0.0766
-0.1130 -0.2885
0.2037 -0.2638
2.2613 -0.0039
0.3217 0.1658
-0.0019 0.8586
0.0096 -0.2705
-0.0061 -0.5836
0.0065 0.0170
-1.9935 -2.0480
-0.6851 0.0842
-0.0299 -0.1028
0.2272 0.7602
0.1794 0.4527
-0.0279 -0.0272
2.1601 0.5444
-0.0319 0.0149
0.2543 0.0330
-0.1662 0.6777
0.0958 0.3876
-0.7977 -2.4197
-0.3547 -0.3445
0.1203 0.8176
0.3602 0.8735
-2.2691 -0.9498
-0.2225 -0.9731
0.2872 -0.1617
-0.1772 -0.6830
0.2305 -0.0324
-0.0606 -0.2925
-0.1424 -0.6510
0.5620 -0.0297
0.1030 0.0987
-0.3906 0.2087
0.6255 0.7574
-0.4622 0.1276
0.0129 -0.0048
-0.0001 0.0006
