0.5765 -0.0897 0.0063
-0.0183 -0.0123 0.5913
0.6691 1.1379 -1.5241
-0.2625 -0.0428 -0.1086
0.0212 0.0265 -0.0020
0.0405 0.1920 -0.0936
0.1077 -0.0389 0.6974
-0.0049 -0.0112 0.0294
-0.0101 -0.1537 0.4592
0.7287 -0.2691 1.2094
-0.2030 -0.1139 0.0966
0.0951 0.0122 0.3077
0.2566 -0.0164 0.0247
0.3863 0.1280 0.3853
0.0416 -0.6303 0.3688
0.0467 -0.3540 0.5023
0.1008 0.0864 -0.1623
-0.5221 -0.1174 -0.8255
-0.0614 0.0661 0.2536
0.0424 -0.1099 -0.3086
2.9697 0.0842 -0.6548
3.1605 -0.1113 -0.4913
2.9518 -0.1141 -0.7225
4.3877 0.0375 1.4821
3.5163 -0.4590 1.7363
3.1536 0.1793 -0.1909
3.1825 0.0774 -0.6408
2.9334 0.0337 0.5851
3.0821 -0.1363 0.7907
2.9848 -0.0559 0.0853
3.4898 0.0937 -0.5958
3.0035 -0.0049 -0.0035
2.6803 -0.5369 0.3059
3.0565 0.1492 0.4994
3.0863 0.9365 -0.1191
3.1013 0.0669 -0.0949
1.9598 0.0961 -1.5691
1.9256 0.4530 1.2301
3.0940 -0.1295 0.1566
2.8588 -0.0703 0.1399
