0.6722 0.4410
0.0952 0.9196
0.0794 0.0629
-0.3764 -0.2008
0.1837 0.0896
-0.1989 -0.2815
-0.0381 0.2828
0.1544 -0.0184
-0.4017 -0.5030
-0.6929 -0.0422
-0.7495 -0.5567
0.5320 -0.4667
-0.1134 0.1987
2.3908 2.6418
-0.1329 -0.1052
0.2566 -0.0249
-0.1807 -0.3643
0.5251 -0.9816
-0.7190 0.4911
0.5655 0.2504
1.4737 0.4947
-0.1808 -0.2446
-0.5207 0.7557
0.4019 -0.1026
1.0018 3.0346
0.1776 0.1561
-0.1665 -0.3354
-0.3067 -0.4982
-0.1129 0.5502
0.0724 0.0612
-1.6453 2.2793
-0.4260 0.1385
-0.0575 0.7088
-0.0093 0.2534
-0.1968 0.0751
0.0953 -3.5740
0.2195 0.6293
-0.2239 0.3209
-0.6437 -0.3619
0.1498 -0.1185
-0.7821 -0.4916
0.7499 0.5802
-0.2147 -0.0050
-0.9929 2.4435
-2.7970 -2.4598
-0.2843 0.5692
-0.3068 -0.0255
-0.0175 -0.0680
0.1469 0.0322
-0.1719 -0.6352
5.4188 -0.3253
5.1925 -0.3528
5.6922 -0.5400
5.3696 0.1383
5.3089 -0.3641
5.1991 -0.0356
5.4791 0.1209
4.8224 0.0871
6.1946 -1.0518
4.6830 0.6153
5.3189 -0.4340
5.3248 0.1077
5.1855 -0.2441
5.7528 -2.9241
4.9342 -0.0905
4.9336 -0.0152
5.1951 0.0078
5.2917 -0.9249
4.1461 0.1949
4.3423 0.1901
5.2642 0.0658
5.1227 0.7073
5.6585 -0.3074
4.3341 0.3635
1.1250 -0.8435
2.1797 -0.2395
5.0069 0.0593
5.3697 0.3662
5.2602 0.7704
4.6758 0.5984
4.8376 -0.2351
4.5678 0.0806
5.4216 -0.0653
5.0838 0.1402
5.9244 3.2418
5.2405 -0.4947
4.8285 -0.4213
5.5719 -0.1774
4.9509 -1.2373
4.1943 -0.2486
5.2905 0.6712
4.5282 -0.0353
5.0836 0.3382
5.4001 -2.9304
5.2581 0.8514
5.1712 0.0049
4.1724 -0.4074
5.0750 0.0397
4.1919 0.4934
4.2780 -0.3177
