0.0904 -0.1944
0.6915 -0.3536
-0.8677 -0.0102
0.0098 0.0010
-0.0111 -0.0089
0.5130 0.1054
0.4191 0.1419
-0.0162 0.0007
-0.0705 -0.7675
-0.6941 -0.0218
-0.1257 -0.4444
0.0658 -0.7681
0.9879 0.1407
-0.6620 -0.5805
-1.5077 0.0315
0.0491 0.3482
0.1528 -0.2853
-0.0917 0.0715
-0.0207 -0.8753
0.6222 0.2590
0.7953 0.1026
0.6913 0.0027
-0.1067 0.6197
1.4785 -0.6127
-0.7640 2.0092
2.5519 -0.3627
-0.4141 0.7010
0.1085 0.0333
-0.1337 0.0863
-0.8734 -0.2924
-0.6622 0.6070
0.7016 0.1720
-0.6767 -0.3175
-0.1464 0.2304
-0.2427 0.0402
0.0370 -0.6185
0.0174 0.0486
0.0315 0.1348
0.1583 -0.1533
0.2253 0.7457
