1.1878 2.6218
-0.1039 -0.5127
-0.2695 -0.0133
-0.2673 -0.1719
-1.0222 2.7435
1.7677 -1.3021
-0.0095 0.0201
-0.0904 -0.3137
1.0691 0.0336
-0.1689 -0.4755
-0.0005 -0.0107
0.1098 0.2058
-0.0325 0.3318
1.7686 -0.2964
0.1552 -0.0270
0.6967 0.0413
0.0003 0.0004
-0.0861 -0.0512
-0.0393 0.0476
0.9189 -0.0991
4.7135 0.4666
5.1740 -0.5474
5.1976 0.5511
4.5501 0.8957
5.0994 0.4669
4.5617 0.1800
4.6505 -0.4733
4.3032 -0.3943
4.7088 0.0684
4.9337 0.0670
4.5013 0.0206
5.2153 0.0473
4.5642 0.0342
4.8481 -0.1815
4.5001 -0.0318
5.3251 -0.0273
4.6217 -0.4077
5.0457 0.1468
5.0192 0.3780
4.6022 -1.0630
