0.4709 0.1921
-0.5436 0.3502
0.6933 -0.5078
-0.4303 0.6572
-0.0673 0.0158
0.4818 -0.0621
0.5634 -0.6317
-0.0403 -0.1168
-0.2332 -0.1146
-0.4778 0.0462
-0.7818 -0.1363
-0.0042 -0.0099
0.1374 0.5654
0.5381 0.7075
0.3538 0.3107
0.3301 -0.6151
0.0176 -0.1177
-0.1754 -0.5120
-0.2736 -0.7428
-0.2267 -0.4369
3.1991 -0.2781
3.7127 -0.0426
4.4515 0.3515
4.4058 -0.4275
4.0510 -0.0173
4.7008 -0.1616
3.5746 0.0252
4.7767 0.2192
3.4918 0.0356
3.5785 -0.1044
3.5725 -0.1223
4.0869 0.1791
3.8917 -0.1091
3.8830 -0.1799
4.2322 -0.0462
4.8132 -0.5681
3.6147 -0.1306
4.9613 -0.2384
3.3778 0.7104
4.2104 -0.1524
