-1.130086892143779970e-01 1.893881852590030557e-01
-4.403985314759794045e-01 8.856148269223815261e-02
2.497910060846269750e-02 -8.931456562357161649e-03
-2.466302580428384461e-01 -2.589131248855099932e-01
-7.050140910035407327e-02 5.556732592844453311e-01
2.436366366160191144e-01 -8.876558822304003726e-01
-2.674846529099381143e-02 -1.534638917620413656e-01
-1.598384087884610616e-02 -9.990135835818935162e-01
-4.582915610827780206e-01 4.664486173614035835e-01
3.346834114452128250e-02 2.394448138592483386e-02
2.160832236864832223e-01 -1.935713109139000077e-01
-1.486340890639199219e-01 -4.777620789924637984e-02
1.363559363214380815e-01 -4.068008280788171782e-01
1.571972167564867628e-01 1.680614451817807886e-01
3.312845445223767116e-01 7.032327820454601364e-01
-6.126866577035708361e-02 -1.815694877388230599e-01
1.223370207960902678e-01 -9.862040124540102370e-01
-5.052795973365923482e-02 -1.891150112149601048e-01
2.114058843202646365e-01 6.298986924320615355e-01
-6.190661524995208845e-03 -3.379543995178059534e-02
-7.357795980661312463e-01 3.077938537882702885e-01
-3.404795530355338440e-01 -2.985636193703127272e-01
1.016138998101068572e-02 -3.139689734914835606e-02
5.857657508024367576e-01 -5.019801994902625686e-02
7.583868396432491554e-02 -4.776229786334474370e-01
1.920301464661686441e-01 -5.877058430548244283e-01
-5.934147967885093911e-01 3.555091115700894089e-01
3.591396262272332218e-01 -6.022206746596198146e-01
3.331008539650221478e-01 -9.342435625478079375e-02
5.800137575567124726e-01 4.190183980914083395e-01
1.888548702647492306e-01 1.494190131236809715e-01
3.091798645511852940e-03 -6.642648676258648688e-02
9.772391196337831820e-02 -5.747152417615229887e-03
-3.964375166606579765e-02 8.818651853689395137e-02
-3.473932183853306599e-01 4.112374482706540602e-01
9.045179664354960902e-01 5.549496546114976447e-02
-2.587460273797570487e-01 -1.755180477738941813e-01
3.931125434465085888e-01 -3.014477637388833786e-01
8.515464971244073381e-03 -7.063405883116338768e-02
-6.022049447552337842e-01 7.393300816412387011e-01
6.301025377299576680e-02 -2.685174494789658306e-01
6.940819921930273528e-01 5.634889765287165453e-01
-6.553895387729299360e-01 3.296720778877257341e-01
2.989731363558661981e-01 5.482764490183366091e-01
-3.844603861686125001e-01 8.775110144759235009e-01
-7.027675929945697009e-01 -6.507850493046349882e-01
3.820234063666017588e-01 -8.003754982677764307e-01
-7.330306020274298673e-01 -3.630189216021758036e-01
-3.238753369163948626e-01 -3.885528913152468400e-01
1.416764820373701828e-01 8.743029222220251306e-02
4.444158336685280375e+00 -7.113293142465052510e-01
5.048978105138780315e+00 -2.172449213451768391e-01
4.978511379563431483e+00 -4.955699756519142962e-01
5.581428968250385481e+00 4.912891439134534077e-01
4.420070086952754274e+00 -6.770302680720753363e-01
5.783453970524795373e+00 -3.190395014238514015e-01
4.434411155077236266e+00 -2.163487399024613678e-01
5.267129548739903022e+00 -3.881133987461082152e-02
5.042194564127938428e+00 -8.928237028598039471e-01
5.015027308378606996e+00 -4.051180523324968696e-01
4.268953489903379861e+00 2.049177752731588115e-02
5.831522530442597052e+00 -2.968743513067012563e-01
5.234540175879366153e+00 -1.572256802519117203e-01
5.354882629724602161e+00 1.357335175260636628e-01
4.403961134248817189e+00 -5.203150410040749407e-02
4.616846577402854201e+00 -5.237683443624237527e-04
4.748216240024309087e+00 5.697181942639228946e-01
5.530883176101302645e+00 -2.286243036689786512e-01
4.649639712159858718e+00 -1.438428871448916568e-01
4.868638979927410126e+00 -2.218514405006596635e-01
4.231277498418787530e+00 3.697713802707379704e-01
4.419126941576755563e+00 6.735703211425234649e-01
5.014148060628994763e+00 -7.027104597109324891e-01
5.058226882422470538e+00 -3.412009431526121656e-02
4.921525485730203542e+00 5.052231198844893134e-01
5.723898770215321008e+00 -5.149576569661069164e-02
5.919766993043577230e+00 -2.407236268553662184e-01
5.110199145969224865e+00 -1.133575083010776308e-01
4.029324819093623944e+00 6.844963569460104855e-03
4.146889326546428833e+00 -1.356684524565374139e-01
4.890994657767232745e+00 9.019782386789725048e-02
4.862909632639777158e+00 1.975365658270022695e-01
5.209378492720943221e+00 -3.923828523382272282e-01
5.283460925283764098e+00 -3.161320597560009493e-01
4.604687901786845394e+00 1.208670446134613163e-01
4.194730679018081609e+00 5.512362759199940232e-01
5.331621303467813711e+00 4.876784437032086750e-01
4.989070787517045247e+00 -6.577218847190300678e-03
4.622317735354254609e+00 -7.077653360685027817e-01
4.596315881642808243e+00 1.012821531272839054e-01
5.191393949317386181e+00 7.835267989148619883e-01
5.340030691282732889e+00 -7.006124265259048300e-01
4.999285434367563674e+00 4.441328903828598018e-02
4.913610819764290483e+00 3.693439284785765553e-02
5.379202856429976976e+00 -7.759690759654840342e-01
4.954327458809485663e+00 -3.335375840796908631e-02
4.835320360859268973e+00 1.039509599167310477e-01
5.322459147044295236e+00 4.113654076541041760e-01
4.754909368726942809e+00 3.884756133750587037e-01
4.837611130546966010e+00 6.802224631892543616e-02
