-0.7089 0.5312
0.6605 0.0589
-0.0667 -0.0041
-0.6636 -0.6885
-0.1593 -0.1887
-0.5631 -0.4891
-0.6749 0.6064
0.2292 -0.5159
-0.3437 -0.2822
0.1281 -0.6356
-0.2021 -0.4649
-0.1769 -0.3898
0.6734 0.4181
-0.0199 -0.0225
0.6309 -0.4010
0.1497 0.1670
2.2843 1.6588
0.2747 0.2472
-1.4110 -0.4530
2.9279 -2.0618
0.3419 0.4774
-0.6705 0.0906
0.6734 -0.6625
-0.1329 -0.8154
-0.3803 -0.1720
4.1650 -0.2024
5.0482 0.3571
5.4395 -0.2898
4.9898 0.0047
5.6871 0.4055
5.0439 -0.0171
4.7576 0.2408
5.2849 -0.1128
5.4084 0.2778
5.0187 0.3715
4.9890 -0.8108
4.2321 -0.3014
5.0546 -0.5155
5.0773 -1.4261
4.8785 0.7368
4.9906 -0.1466
4.6606 -0.0237
5.1672 0.3039
4.5888 -0.1158
2.9384 -1.1304
5.4036 0.4782
4.3858 -0.2998
5.0842 -0.9720
5.1364 0.6048
5.8895 -0.1221
