0.0145 0.0569 0.3945
-0.0988 0.3706 -0.0983
0.1563 0.0330 0.2539
0.0464 0.1114 -0.1041
0.0049 0.0606 -0.2084
-0.0492 0.1153 -0.6382
-0.0531 0.2728 -0.1342
0.4632 -0.3193 -0.3977
0.0260 0.6602 0.2306
0.0100 -0.1824 -1.7817
0.1429 0.0205 -0.6807
-0.0296 -0.1496 -0.9819
-0.3387 -0.4059 0.2120
0.0997 0.1078 0.1799
-0.0364 0.1477 -0.8675
2.9580 -0.5683 -0.3861
2.9674 -0.0010 0.5962
3.5426 0.2486 0.2571
3.0013 0.0045 0.0226
3.0438 0.1521 0.0663
2.9926 -0.0694 0.0117
2.9631 -0.0698 0.2299
3.2029 0.1196 0.4904
3.0651 -0.2638 -0.0892
2.4508 -0.2620 -0.1049
2.6890 0.6125 0.1602
2.9961 0.0234 0.4378
3.3233 0.1475 -0.1985
3.5779 0.6454 0.2252
2.8404 -0.0806 -0.1019
