0.0011 0.0308 0.0300
0.4665 -0.0212 -0.0755
0.4168 -0.5338 0.2326
0.2079 0.2428 -0.3228
0.0736 0.0102 0.1656
-0.0069 -0.0022 -0.0083
-0.0278 -0.0503 0.1140
-0.0397 0.0913 -0.3025
0.4832 -0.5296 0.3393
0.1642 0.1941 0.2848
-0.0345 -0.0654 0.8457
0.1996 0.0461 -0.4106
-0.0257 0.0012 -0.0820
0.0402 0.0586 0.0348
0.3810 0.2899 -0.8668
2.9761 -0.5055 0.1804
2.5922 -0.1068 -0.0622
2.4177 -0.0332 0.4562
2.5773 -0.0427 0.1171
1.9893 -0.3393 0.0468
2.3980 -0.1951 -0.2687
2.4932 -0.0082 -0.2216
2.7959 -0.1945 -0.2746
2.6714 -0.3354 0.8973
2.4990 -0.0881 0.2749
3.1813 0.2799 -0.1229
2.5863 0.0641 -0.3232
2.3510 0.1990 0.2976
2.4853 0.0058 0.0813
2.8558 -0.2674 -0.4085
