-0.5147 0.7424
0.3369 0.0246
-0.1116 0.9819
-0.0565 -0.1724
-0.4390 -0.0350
0.6757 0.2812
-0.0268 -0.0734
-0.0367 0.0300
-0.2408 0.5534
0.0714 0.0102
-0.0122 0.0124
-0.4494 0.7614
0.5059 -0.1089
-0.4684 -0.1223
0.2958 -0.1537
-0.2671 0.5750
-0.0396 -0.2067
-0.3686 0.6884
-0.0088 -0.2237
0.1397 -0.0645
0.0836 -0.4535
-0.6083 0.1722
0.1868 -0.0188
0.1845 -0.1614
-0.5509 -0.4399
-0.1970 0.1341
-0.5045 0.0887
-0.0144 0.0319
-1.2315 0.2783
0.3228 -0.0043
0.5115 1.2970
-0.0995 0.5936
-0.2630 -0.0885
-0.0919 -0.3210
-0.4903 0.3145
-0.3365 0.7321
-0.3459 -0.6347
0.6328 -0.6590
0.1467 -0.2623
0.0202 -0.0094
-0.1096 0.6717
0.1485 0.2812
-0.5638 0.2393
-0.1054 0.7240
0.5126 -0.3206
-0.5258 0.5644
0.4599 -0.7241
0.1153 -0.9235
0.0120 0.4093
0.2277 0.0776
-0.1178 0.9050
-0.2223 -0.1095
-0.2342 0.4873
-0.3331 0.0633
0.7702 -1.8058
0.1786 -0.2577
0.0688 0.7749
-0.6634 -0.7036
-0.0067 0.0221
0.3602 0.2674
0.7140 -0.4770
-0.4305 0.4143
0.0229 -0.1431
-0.4335 0.1250
-1.1409 -0.7695
-0.6864 -0.6235
-0.0845 0.4039
0.0712 0.0487
0.6367 -0.7626
0.2109 0.0556
0.1587 -0.1298
0.4018 -0.1202
0.0795 -0.1107
-0.5310 0.0251
0.2708 -0.0993
0.2578 -0.0559
-0.7616 0.0922
-0.2412 0.8843
0.6314 -0.3707
0.8476 -0.0294
0.1683 0.2196
-0.2831 -0.5817
-0.3358 -0.7293
-0.9187 -0.2410
-0.2335 -0.5109
0.8079 0.2098
-0.9187 -1.1977
0.0964 -0.1800
0.2561 0.2742
0.1785 -0.2199
-0.2078 0.9311
0.4223 -0.5068
0.0278 -0.0135
-0.4560 -0.6833
-0.4298 -0.3500
0.3437 -0.6798
-0.3344 -0.3565
0.4439 -0.6896
0.2736 0.6540
0.0102 -0.0935
3.5511 0.7152
2.3948 0.1745
3.0707 -0.8004
3.0856 -0.0265
2.8732 0.0012
3.0105 0.0307
2.4815 0.2651
2.9020 0.8536
3.0146 0.4331
3.0603 -0.1546
2.7521 -0.3948
2.7837 0.0185
3.5612 0.3255
3.5837 0.3791
2.8655 -0.1027
3.7382 -0.3313
2.6623 -0.3360
2.5572 0.0909
3.3452 0.0420
3.5550 0.8255
2.8146 -0.4889
3.9219 0.3406
2.9685 0.1316
3.6609 -0.5610
3.7401 0.1426
2.9810 -0.4567
2.7620 0.6894
3.0244 -0.0513
2.7218 -0.2201
3.1496 -0.5274
2.4260 -1.0175
3.0278 0.0430
2.9803 0.6205
3.0799 0.1781
3.8501 -0.0903
3.1870 0.9386
3.0011 -0.0101
2.3492 0.1523
2.4349 -0.0745
3.0100 0.0024
4.6223 -1.1281
2.8884 0.7660
2.8332 -0.0632
2.5945 0.1624
2.8896 0.0878
2.7223 -0.7339
3.0386 -0.1049
3.0147 -0.6175
2.5278 0.2281
2.8405 0.6776
2.3235 0.2730
3.3736 0.6758
2.9294 0.0314
2.3871 -0.3761
2.2234 -0.3998
2.8401 -0.2362
2.8426 -0.5750
3.1734 0.8764
3.8346 0.2318
3.0970 0.1452
2.5898 -0.3788
2.7527 -0.2032
3.2310 0.6571
1.8458 -1.6378
2.5187 -0.3102
3.6806 -1.9777
2.6017 0.4768
3.1162 0.0101
2.9233 -0.2745
2.7570 0.3486
3.6388 0.0094
3.0847 0.4140
3.0082 0.0096
2.7822 0.2591
3.1792 -0.4026
2.4361 -0.5424
3.3460 0.3744
2.9774 0.6081
2.2688 0.6319
2.6857 -0.3810
3.0375 0.0231
2.5514 -0.6384
3.1908 -0.1655
3.3915 0.1709
3.2897 0.3894
3.3874 -0.5220
2.7124 -0.3851
2.7783 -0.0462
3.0662 0.0086
2.9610 -0.0986
3.5684 -0.0875
1.0432 -0.9503
3.1756 -0.3409
2.5136 0.4500
3.6319 -0.0838
3.5262 0.4280
3.2339 -0.1746
3.7181 0.3778
3.2235 0.3659
3.3826 -0.2258
