0.0128 -0.1706 -0.5904
0.0983 -0.1151 -0.1451
-0.1055 0.0743 -0.0386
0.1638 0.0082 -0.4819
0.3031 0.4845 0.3610
-0.2202 -0.0199 -0.6201
-0.0114 -0.0234 0.8810
-0.2218 -0.4580 -0.3879
-0.1217 -1.9990 -0.0711
0.0239 0.0156 -0.1917
0.0195 -0.1749 0.9708
-1.0895 0.0749 1.7847
0.4823 0.2072 -0.5890
-0.2667 -0.1090 -0.8459
-0.0190 0.1947 0.1690
0.5668 0.4411 -0.4425
-0.0550 0.1274 0.0662
0.3109 0.0558 -0.2886
0.6696 -0.1242 1.5979
-0.4549 -0.4278 0.3910
-0.1495 -0.3638 0.7647
0.0535 -0.1285 0.0381
-0.8822 0.5647 -1.9337
-0.3757 -0.1897 -0.2917
0.4656 0.2210 0.4572
0.1060 -0.4772 0.1886
0.1472 -0.0817 -0.0197
-0.0439 0.5923 0.2347
-0.0872 -0.1746 0.4114
-0.2097 -1.0055 1.1346
0.0654 0.0101 -0.0210
-0.9971 0.3606 -0.6771
-0.0231 -0.0235 -0.0149
0.1698 -0.0263 -0.2178
-0.5287 -0.1486 0.4689
-0.0678 -0.0553 -0.0935
0.0096 0.0223 0.0931
0.0320 0.0563 -0.9028
-0.7956 -0.2883 0.2111
-0.0344 -0.2507 -0.2257
