-0.0159 -0.0334
-0.3294 0.1039
0.1431 0.6218
-0.9382 -0.2998
0.5771 -0.7884
0.6375 0.0274
-0.2653 -0.8146
0.1254 0.2745
-0.2025 0.2501
0.5965 0.0037
0.2937 0.7012
0.2749 -0.3397
0.8383 0.5209
-0.2017 -0.1256
-0.0264 -0.0695
-0.4142 0.0183
-0.6889 0.7072
-0.2267 -0.3901
-0.4302 -0.6175
0.0484 -0.1135
-0.0178 0.0140
-0.1061 -0.2464
-0.1271 0.6659
-0.1992 0.1904
0.2307 -0.6142
-0.7849 -0.5364
0.4773 -0.7077
0.1586 0.5918
0.0801 -0.1548
0.0560 0.1259
0.6849 0.5940
-0.6343 -0.6781
-0.3046 -0.1566
0.8678 -0.1978
-0.3514 -0.0305
0.3819 0.2196
1.0740 -0.5886
0.0169 -0.7869
-0.6440 -0.2332
-0.0526 -0.0997
0.1429 -0.0883
0.2395 -0.0655
-0.2732 -0.0126
-0.0088 0.6453
0.2059 -2.2936
-0.1580 -0.2305
0.5149 -0.0498
0.6427 -0.5353
-0.1680 0.0506
-0.0220 -0.6750
-0.5798 0.1663
-0.1129 0.1940
-0.5385 -0.5923
-1.0329 0.0417
-0.5454 0.1016
0.3751 -0.5844
0.1209 -0.1730
-0.1724 0.1676
-0.4888 0.0814
0.9442 -0.1543
-0.5003 -0.3660
0.3365 -0.0473
-0.8115 -0.5691
0.3603 -0.2483
0.4250 0.0202
0.2220 -0.0877
-0.0206 -0.0668
-0.0831 0.2311
0.0452 0.2399
2.4826 -2.2738
0.1721 -0.3743
-0.1465 -0.7685
-0.7556 -0.3089
0.5699 0.1844
0.0979 -0.2512
0.5443 0.4039
0.2064 -0.6302
-0.6293 -0.1413
-0.1502 0.4759
0.0220 0.0725
-0.3505 0.2620
0.0066 -0.0580
0.6757 0.4051
-0.0109 0.0372
-0.2704 0.4682
2.0635 2.3727
-0.6066 -0.2987
-0.0310 0.6472
0.0472 -0.0496
-0.0561 -0.1695
0.0743 0.1034
-0.5891 -0.0485
-0.5317 0.0030
-0.2085 0.0975
0.3534 -0.5660
0.7616 -0.1030
-0.0004 -0.3848
0.3280 -0.1715
0.6152 0.4746
0.9253 -0.1555
