0.4377 0.0487
-0.0113 -0.0248
2.1877 -0.3455
-0.2528 -0.1546
0.3115 -0.1430
1.4045 -0.2701
0.0476 -0.0210
0.2810 0.1381
0.3839 0.3306
0.4477 0.1646
-0.1482 -0.4997
0.0206 -0.0563
0.7979 0.2282
-0.0381 -0.2849
0.5436 -0.3520
0.4009 0.7399
-0.0925 -0.4894
0.6966 -0.2009
0.7840 -0.0178
-0.1438 0.2888
0.3807 -0.6540
0.2035 0.2042
-0.0922 -0.1110
0.1211 0.4074
-0.0922 -0.9420
0.0802 -0.2997
0.0036 -0.0051
-0.5610 0.1046
0.6118 -0.5651
0.2202 -0.3961
0.1295 -0.0234
-0.0807 -0.0179
-0.6316 0.7089
0.0194 0.4824
0.8450 -2.2692
0.4615 1.5784
0.5351 1.4037
0.6382 0.1002
-0.5870 0.7637
0.2249 -0.0907
0.1108 -0.3154
-0.8848 0.3790
-0.0214 -0.0448
0.0339 0.0721
0.5859 -0.7143
-0.1150 -0.1068
0.3017 -1.7033
0.4539 0.6354
-0.7979 1.5225
0.5090 -0.0961
