0.0762 0.2090
-0.1402 -0.1146
-0.0013 0.0812
-0.1722 0.1053
0.3907 -0.2647
0.0667 -0.0578
-0.4014 0.3200
-0.0858 -0.3331
-0.1316 3.1207
1.1953 -1.5618
-0.7522 -0.5172
-0.2000 -0.1297
0.0020 -0.0516
0.5671 -0.3911
-2.4668 2.5624
-0.0795 0.2541
-0.0269 0.1128
0.2944 -0.0661
0.3062 -0.0853
-0.6783 -0.2474
0.2421 -0.1630
0.8708 -0.1907
-0.7273 3.8805
-0.7404 0.0252
-0.4864 0.3563
-0.0569 0.2737
0.6457 0.6789
-0.0125 -0.1968
-0.1924 0.2317
0.7729 0.4777
-0.5440 -0.7736
0.0024 -0.0108
-0.3808 -0.7540
0.3169 -0.6577
-0.7386 0.0099
3.2642 0.7839
-1.4776 0.1303
-0.6844 -0.2538
-0.0170 0.3216
-0.8750 1.5120
-0.0011 -0.7225
0.0513 -0.1708
-0.1127 0.3550
-0.1727 -0.1239
-0.4815 -0.3943
0.5381 0.1042
0.5198 -0.0863
-2.0437 1.1173
-0.0028 -0.0245
-0.1338 -0.1767
-0.0051 0.0448
-0.2201 0.8153
-0.0798 0.0665
0.4759 -0.4844
-0.2919 -0.4333
-2.0997 -3.2280
0.5949 -0.6376
0.5766 0.2750
-0.8279 -0.3284
-0.0140 0.2555
-0.3894 -0.1514
-0.1084 0.0025
0.0115 -0.4073
0.1368 -0.2525
0.4333 -0.1660
-0.4156 -0.3659
-0.1895 0.7404
-0.0727 -0.0691
0.1154 0.3084
1.7735 -1.2743
0.8521 -0.2523
0.0615 0.3915
-0.1058 -0.0442
0.5253 0.0193
-0.7402 0.1906
0.1502 -0.8060
-0.1736 -0.7539
-0.1055 -0.2819
-0.8006 1.9761
0.2311 -0.3310
-0.4665 -0.1915
-0.0781 0.1436
-0.1638 0.3809
3.7122 -0.3553
-1.2741 0.7867
0.1867 0.1915
0.4849 -0.8599
0.4343 -0.3166
0.0003 -0.0002
-0.2704 -0.4304
-0.0063 -0.1381
-0.0529 0.0225
0.0694 -0.3236
-0.4355 -0.6897
0.9976 0.7221
-0.0224 -0.0267
0.2984 -0.8420
0.2495 0.2762
0.5361 -0.6951
-0.2205 -0.6005
0.1442 2.0868
-0.1548 0.0748
0.6017 0.7745
-0.0821 -3.7014
0.0477 0.0483
0.5625 -0.0547
0.0402 0.5180
0.1213 -0.1823
0.0115 -0.0664
-0.4037 0.1645
-0.5002 0.2241
-1.4765 -1.9231
-0.6049 -0.2378
0.8799 -0.2395
-0.2378 -0.5868
0.6425 -0.6905
-0.1739 -0.1305
0.4359 1.2624
0.5485 0.0518
0.0727 0.9802
0.0172 -0.0080
1.4759 -1.7097
-0.4143 0.2572
0.0515 -0.0129
-0.5818 -0.1153
0.4004 0.6900
0.2245 0.8832
0.5514 -0.3517
-0.6417 0.4079
0.7170 -0.1302
0.3596 -0.0984
-0.8157 -0.4080
1.5164 0.8885
0.1076 -0.0114
3.8641 -0.4652
-0.5283 0.3375
-0.6601 -0.6031
-0.0872 -0.3793
-0.5128 -0.1881
-0.0654 -0.0250
0.6656 -0.2868
-0.2749 -0.2199
-0.7710 -0.5382
0.0633 -0.2170
0.4903 -0.4165
-0.8331 -0.3237
0.2373 0.9004
-0.0163 0.0452
0.7430 0.2287
-0.3555 0.6063
0.1539 -0.6831
-0.8353 0.4343
0.0671 0.1516
0.6127 0.5931
-2.0255 -0.3644
0.0660 0.6945
0.1954 -0.9274
1.8029 -1.7797
-0.1957 -0.3174
0.1037 -0.8887
-0.5168 -0.1912
-0.0580 0.1686
0.0092 -0.1374
1.9264 0.0107
-0.4277 0.0456
0.2986 0.8247
-0.0546 0.3436
0.0107 0.0047
-0.5752 -0.3558
-0.0075 -0.0647
0.4392 0.1201
0.3945 -1.2768
-0.6288 0.1553
-2.3977 -3.1350
-0.5597 0.5753
-0.3281 -0.2777
-0.0081 -0.1785
0.1528 0.3948
0.0255 -0.2457
-0.1855 0.1066
0.4166 -0.1618
1.2364 0.4269
0.4485 -0.3037
0.3737 2.5115
0.3736 0.4657
0.4884 0.6230
-0.3038 0.7317
-2.5243 -1.0959
-0.0130 0.0055
-0.8508 -0.3552
0.4822 -0.7424
-0.2340 0.9700
0.1945 0.4382
0.0059 -0.0057
-0.0528 -0.1165
0.3885 -3.6505
-0.0581 0.2651
0.2700 0.0370
0.4917 0.5367
-0.3578 0.2582
