-0.7082 0.3284
-0.0372 -0.0372
-0.0828 -0.2169
-0.0474 -0.6469
-0.4933 0.7552
-0.5965 -0.7047
1.5931 0.0999
0.0418 -0.4606
0.3065 0.4725
-0.3886 0.4542
-0.0607 -0.2314
-0.6054 0.3987
0.6980 0.5530
-0.0896 0.0927
0.2225 -0.0756
0.7820 0.4818
0.0415 -0.4742
-0.1613 -0.3281
-0.4361 -0.1718
-0.0645 0.0856
0.1305 0.9617
0.0690 -0.2722
1.2084 0.1296
-0.6809 -0.7207
-0.5325 -0.3848
-0.6557 -0.0644
0.7614 -0.0283
-0.4616 -0.1189
-0.1325 0.2491
-0.4732 -0.1794
0.8279 -0.4507
0.8271 -0.5598
0.5818 -0.4224
0.1068 -0.5618
-0.4835 0.4414
0.2150 -0.0360
0.2648 0.3489
-0.2469 0.0129
0.4818 0.3586
-0.1103 0.4261
-0.3948 0.2060
-0.0671 -0.1173
-0.1288 0.4220
-0.4564 -0.6794
0.0299 -0.5944
0.6906 -0.7320
0.2865 -0.3528
-0.1693 0.4308
0.0255 0.0804
-0.9031 0.2052
-0.0755 -0.0099
-0.4535 1.4640
0.8134 0.0394
-0.0025 0.0102
0.5248 0.8593
-0.1806 -0.1238
0.6604 -0.7014
-0.4290 -0.5875
-0.0946 -0.1718
0.0711 0.0908
0.3989 -0.3610
0.5459 -0.6361
-0.3439 -0.2699
-0.9153 0.1936
-0.1442 -0.5518
-0.8121 0.4495
-0.5799 0.2324
0.0125 0.4272
0.7094 -0.0228
0.5522 -0.6222
-0.1252 0.2545
0.5176 -0.3575
0.1254 -0.2732
-0.6929 0.5987
-0.0556 0.0818
0.0003 0.0054
-0.1850 0.4068
0.0092 -0.0483
-0.1811 -0.3346
0.0805 -0.9232
0.5262 0.4690
0.4093 -0.6372
-0.1973 -0.6892
-0.3371 -0.3952
-0.5610 -0.5201
-0.1268 0.5534
0.0223 0.0463
0.0436 -0.0902
-0.7470 -0.0376
-0.2086 0.1566
0.2959 0.9154
-0.3641 -1.2231
0.2630 -0.0532
-0.8181 0.2813
-0.5061 -0.4531
-0.0548 -0.2868
-0.0796 -0.1645
0.7378 0.6050
0.2334 -0.9575
-0.1737 -0.0532
0.4514 -0.5799
-0.2566 -0.1115
-0.0529 0.1555
0.2243 -1.4424
0.2273 0.6627
0.2766 -0.5874
0.3686 -0.0600
-0.0124 -0.1730
-0.7504 0.2834
-0.0401 -0.0975
0.6827 -0.4989
-0.3180 -0.5958
0.6486 0.1405
0.3534 0.0789
0.6500 -0.9632
0.4530 -0.2082
0.5968 0.3100
0.5642 -0.1529
0.6546 0.5046
-0.1067 0.0056
-0.3587 0.0044
-1.2322 -0.0663
-0.2832 -0.0588
-0.0009 0.0050
-0.8162 0.3453
-0.1509 0.9478
0.2918 -0.7494
0.4872 0.4135
0.0021 -0.0058
-0.0136 0.0138
-0.2198 0.2529
-0.2781 -0.0577
0.1870 0.5182
0.4034 0.3346
-0.0548 -0.0030
-0.3967 0.1457
0.3178 -1.2487
-0.1587 0.0183
0.4196 -0.2235
0.1400 -0.0169
-0.6522 -0.0587
-0.2339 0.2165
-0.9345 0.2804
0.8204 0.3244
0.0430 -0.7319
-0.5416 -0.7280
0.6586 -0.0540
0.1043 0.0717
-0.3298 0.8801
-0.0134 0.0103
-0.2340 -0.0373
-0.7326 0.5986
-0.5549 -0.0774
-0.0837 0.0905
-0.7655 -0.4714
-1.2163 0.1641
0.1498 -0.0507
-0.7975 -0.3557
0.0888 -0.0737
-0.4485 -0.0987
-0.1523 -0.7478
0.0321 -0.1128
0.1048 0.2543
-0.0848 -0.3820
0.0992 0.2301
0.4241 -0.2997
0.2480 -0.1435
0.2070 0.5205
0.1725 -0.1066
-0.0044 -0.1100
0.7197 0.7945
-0.4825 0.7698
-0.1312 -0.4548
0.0533 -0.0085
-0.2636 0.2177
0.1254 0.6610
-0.0676 -0.1615
0.0693 -0.5240
0.8559 -0.3554
-0.0404 -0.6907
0.2964 0.6772
-1.0350 -0.1889
-0.1072 -0.0692
-0.4834 -0.5359
0.6848 0.2662
0.1157 0.2730
-0.0210 -0.0017
-0.8790 -0.4414
-0.1702 0.0951
0.3075 -0.6492
-0.0010 0.1986
-0.1167 0.4453
-0.4772 -0.2636
-0.0157 -0.6058
-0.8636 -0.4180
-0.0774 -0.1447
-0.2082 -0.0597
-0.0438 0.0096
-0.5728 0.4368
-0.5141 0.3860
0.0645 -0.5412
-0.2226 0.0023
0.1054 -0.2810
0.1835 -0.9267
0.0642 0.0407
0.6579 0.2732
-0.3879 0.6049
-0.0290 -0.0622
0.1628 0.1105
-0.6130 0.6675
0.0010 0.2689
-0.2568 -0.2674
-0.0273 -0.3911
-0.2998 0.6005
-0.7622 0.2612
0.8733 -0.2080
-0.6948 0.6910
0.3109 0.7715
-0.4279 0.2525
0.0630 -0.0034
-0.3254 0.2203
-0.3088 0.2037
0.6661 -1.0442
-0.0647 -0.3744
0.5926 0.4210
0.0332 0.1549
-0.0473 0.7674
-0.0823 -0.2404
0.1550 -0.0682
-0.2583 -0.0558
-0.3702 0.0035
-0.1235 -0.8828
-0.2430 0.1431
0.2037 -0.3509
-0.2710 -0.5977
0.7005 0.4206
0.2693 0.5164
0.8458 -0.5233
0.4011 -0.6059
0.8749 -1.1550
-0.4366 -0.4139
0.6766 0.1642
-0.0900 -0.0318
0.5698 -0.2359
0.4422 -0.1157
-0.8561 -0.8518
0.2054 0.5352
0.0318 -0.0669
0.4135 0.3951
0.1974 -0.1343
2.2987 -0.1571
2.3826 -0.0290
2.7995 0.5837
2.5576 -0.2790
2.8281 0.0465
2.4439 0.0590
1.9018 0.0410
2.8822 -0.3344
2.0129 -0.4079
2.6433 -0.1475
2.9050 0.2401
1.8380 -0.1558
3.3496 -0.1314
2.0294 0.0025
2.0133 0.4551
2.2216 -0.4267
3.1585 0.5288
1.9016 -0.2861
2.3747 -0.4397
2.9958 -0.4725
2.4855 -0.0897
2.4870 0.0213
3.2287 -0.4364
2.6575 -0.0935
2.8730 -0.3217
2.2254 -0.0342
2.5077 -0.4502
2.2836 -0.0185
2.1365 0.3812
1.7282 -0.2864
1.5574 0.1554
2.8812 -0.2977
2.3519 0.1011
2.2030 -0.5756
2.6469 -0.8653
1.7009 -0.2197
2.6058 0.1064
2.1960 -0.2658
2.3526 0.2076
2.3683 -0.2117
2.5514 -0.0478
2.8517 0.1133
1.9014 0.2588
3.1063 -0.4236
2.7021 0.1378
1.9784 0.3158
2.1790 0.0832
2.6527 -0.0457
2.7999 0.2927
2.9542 0.1809
1.9798 0.0130
2.4951 -0.0167
2.9289 0.0143
3.0236 -0.0798
2.4590 -0.5976
2.4238 -0.0265
2.5201 0.0039
2.8200 -0.0969
2.5045 0.0200
2.8730 0.0393
2.4331 -0.3242
2.2194 0.7998
2.0040 0.6293
2.2840 0.0085
1.9095 0.1973
2.2657 -0.6289
2.4965 -0.0140
3.0954 -0.7998
2.6623 0.4172
2.1653 0.5990
2.5453 0.1162
3.1069 0.2618
1.6489 0.1704
2.5907 -0.1053
2.3912 0.1011
2.5590 -0.0381
2.5582 -0.0791
1.3578 -0.9694
2.9861 0.2740
1.6813 -0.2381
2.6221 -0.1714
2.1533 0.1828
3.0083 -0.5283
3.2365 0.1395
2.8289 0.1792
1.8446 0.1104
2.9814 -0.4638
2.7782 -0.1039
1.8443 0.5598
3.3720 0.0489
1.6183 0.3024
2.7683 0.7022
2.4972 -0.0139
2.5632 0.1225
3.2306 0.5455
3.1273 0.0992
2.7033 -0.4517
2.8991 0.3571
3.0255 -0.8067
2.4205 0.8796
2.7135 -0.7214
2.9747 -0.2988
1.9322 1.4491
2.5360 0.7358
2.0052 0.5830
2.4344 -0.0082
2.8750 -0.1826
2.1649 -0.2309
2.5163 0.0082
2.5133 0.6013
2.4184 0.1263
2.4941 -0.7705
2.9215 -0.5431
2.2854 0.2036
3.0296 0.1633
2.6640 -0.0494
1.8814 -0.4143
2.6144 -0.1611
2.1226 -0.0786
1.7195 0.5565
3.3590 0.4035
2.1084 -0.2683
2.9160 -0.6276
1.5791 -0.3732
2.1654 0.0483
2.2628 -0.4780
2.1350 0.2714
2.1071 0.0662
2.3088 -0.1085
1.9295 -0.5226
2.2908 -0.0998
2.6696 -0.5192
2.7904 0.2218
1.4405 -0.4405
2.3598 0.0084
3.0449 -0.2251
2.4967 -0.0024
2.7045 -0.3354
2.3305 0.2110
2.5458 -0.8900
1.5605 -0.0308
2.5737 -0.4235
2.8393 -0.2197
2.4212 -0.1957
2.9002 0.2293
2.5757 -0.0142
2.5576 0.7898
2.9673 -0.7158
2.5984 0.0495
2.4304 0.2827
2.6549 -0.1996
2.5164 0.1953
2.7637 0.1263
2.5062 0.0024
1.9204 0.3206
2.6566 0.6334
2.7288 -0.3571
3.2842 0.3105
2.5391 -0.2085
3.8481 -0.2847
1.6357 1.1610
2.1236 -0.8203
2.8197 -0.1745
2.8319 -0.5221
2.4044 -0.3016
2.6129 -0.8808
3.4138 -0.2855
2.7005 -0.4186
2.5284 -0.0408
1.8976 0.6228
2.2223 0.7093
1.6985 -0.4799
1.6294 0.4431
1.5675 0.9901
3.3929 -0.1319
2.0695 -0.7204
2.0874 0.4126
2.4672 0.1494
2.0159 0.0402
2.3747 -0.4238
1.6749 -0.2862
2.3584 0.0269
2.5275 -0.5246
2.9343 0.5943
2.2234 0.0541
2.5675 -0.1496
2.5715 -0.0269
3.0117 0.6841
2.2187 0.2886
2.6619 -0.0361
2.6601 0.0108
2.8326 -0.0043
2.5632 0.4574
3.5452 0.2156
3.0125 0.0694
2.7776 0.2737
2.5401 0.2885
2.6160 0.6632
2.1684 -0.4393
2.7041 0.0543
3.4593 0.0298
2.9278 0.7741
2.9541 -0.3879
2.4843 -0.0029
2.9161 0.4394
2.1531 -0.4706
1.5377 0.1224
2.3353 0.6200
3.3128 -0.2556
1.9525 -0.2077
2.4314 -0.0140
3.0805 0.3428
2.2858 0.2032
2.7212 0.1139
2.2825 0.2007
2.5903 -0.1287
1.6979 -0.4025
2.5003 0.0407
2.4901 0.9558
2.5670 0.0184
2.3821 0.5420
1.9873 0.3099
2.5215 0.0720
3.5005 -0.3347
2.0002 0.4568
2.1911 0.7238
2.7595 0.1541
2.9668 -0.0554
2.5620 -0.0112
2.3041 0.3197
1.8468 0.6846
3.1252 -0.3559
2.4653 -0.7049
1.9875 -0.0374
2.5171 0.3979
2.4337 -0.0642
2.8871 0.3067
2.2946 -0.2668
2.4532 -1.2237
3.2665 0.2618
2.5804 0.2817
2.0650 0.8954
3.4207 -0.0868
3.0778 -0.6491
3.2648 -0.0407
1.9170 0.7727
2.4469 -0.1246
2.6529 -0.0673
2.5153 0.0193
3.1526 -0.0817
