0.4552 0.2765 0.7634
-0.1269 0.0769 -0.3391
-0.7226 -0.5138 0.0930
0.0635 0.0182 -0.4227
0.2428 -0.2096 0.3435
-0.6490 -0.5398 0.1469
-0.1187 -0.7436 0.4457
-0.1527 0.0358 -0.9429
-0.0100 0.0314 0.0033
0.6102 -0.1721 -0.6737
-0.1776 0.0552 -0.1420
0.2086 -0.4695 -0.1675
0.0323 -0.0183 0.2761
0.4049 -0.1417 -0.0205
0.0228 0.0170 0.1075
-0.1004 -0.2987 0.1757
-0.1112 0.5517 0.0986
-0.0239 0.0457 0.3608
-0.4527 0.2891 -0.6198
-0.9209 -1.2875 -0.7300
-0.0050 0.0533 0.2255
-0.6760 0.0990 -0.6415
0.0135 -0.0301 -0.0408
-0.0121 0.1860 -0.7958
0.5578 -0.8707 -1.5823
-0.0189 0.2381 -0.2007
-0.2196 0.1583 2.0940
-0.0432 0.0510 0.5162
-1.4156 -1.5531 -0.7659
0.2219 -0.3432 0.0572
