-0.1510 -0.1446
-0.6783 0.6811
-0.1353 0.6124
0.2612 0.4151
0.0038 0.1361
-0.0025 0.8735
0.2274 -0.2949
0.1655 0.8233
0.1630 0.0539
-0.2841 -0.6605
-0.3497 0.6971
0.5786 -0.4809
-0.4675 0.0071
0.4637 -0.1578
0.2353 0.0204
-0.2980 -0.8508
-0.1954 -1.3833
0.0895 -0.2380
0.4825 -0.3307
-0.1335 0.1818
4.5433 -0.3071
3.2988 -0.1624
3.3677 0.4453
3.9806 0.0195
4.3194 -0.0230
3.5991 0.1361
4.0650 0.0748
4.0760 -0.0237
3.5478 -1.9523
5.4050 -2.0799
4.2728 -0.0469
3.0354 1.9857
4.7060 0.0076
4.3433 0.1791
3.9417 0.0528
6.2114 -1.7181
4.1948 -0.1019
3.4510 2.3128
3.7406 -0.6192
4.1046 0.2676
