-0.7727 -0.4384
0.0013 -0.3717
-0.2425 0.0543
-0.2511 -0.0331
-0.6314 -0.0171
-0.0690 -0.1250
-0.2140 0.5099
0.0006 0.0015
-0.4943 -0.0235
-0.1987 0.0942
-0.0157 -0.0362
0.3652 0.8312
-0.1508 -0.2432
0.1313 0.1161
0.2419 -0.4054
-0.4264 -0.0402
0.1800 0.1274
0.3964 0.5078
0.0303 0.7821
-0.4397 0.3323
-0.7057 0.0494
0.1837 0.2927
0.4669 0.7631
-0.0906 -0.3741
0.2944 -0.7040
0.5322 0.4169
-0.4144 0.5715
-0.4993 0.1449
-0.3078 -0.8094
-0.0033 -0.0094
-0.2732 -0.1980
0.1274 -0.3568
0.2040 0.4376
-0.3333 0.2273
-0.0898 -0.1133
0.1667 0.6819
0.2989 -0.2439
-0.5279 0.2072
0.3084 0.2936
-0.2742 -0.6139
-0.3842 -0.2751
0.5326 0.5748
0.7412 -0.3578
0.2519 0.4024
-0.2454 -0.1173
-0.3305 0.4767
0.0498 -0.5454
0.7756 0.2699
-0.2543 -0.9208
-0.5639 0.2850
5.5787 -0.4822
4.9597 -0.0142
4.9219 -0.1398
5.1758 0.0716
4.9544 0.0264
4.3718 0.3213
5.2530 -0.3229
4.8656 -0.2005
4.7811 -0.0059
4.9989 0.0145
4.7189 -0.3548
4.9075 0.1340
4.8933 -0.9059
4.1920 -0.5869
5.0053 -0.0765
5.1469 0.2023
5.2316 -0.5407
5.0721 0.0063
4.4444 0.6017
4.8117 -0.6912
5.2316 -0.0583
4.9894 0.0195
4.7315 0.8504
5.0558 -0.1743
5.4573 0.0036
4.7366 0.4680
4.9503 0.3126
4.7963 0.1891
4.9574 -0.1383
5.3937 0.5780
5.0718 -0.0168
4.9985 -0.0054
4.9381 -0.4270
4.8314 0.2512
4.9486 -0.0027
5.3393 -0.2728
4.8794 -0.3390
5.2614 0.5860
4.2855 0.3175
5.0509 0.0362
4.4239 -0.3600
4.8613 -0.5594
5.2169 -0.6737
5.1242 -0.1692
4.6487 -0.4246
5.0567 -0.3686
5.3100 0.1267
5.1345 0.6966
4.8441 0.0976
4.9721 -0.4719
