0.0369 0.5497
-0.6879 0.3550
0.0569 -0.0316
-0.1234 -0.7623
-0.1858 0.8372
0.8863 0.1042
0.0990 0.7852
-0.3445 -0.0231
0.6814 0.7015
0.4784 0.4803
0.0031 0.9418
0.0736 0.0515
-0.2699 -0.3189
0.4166 0.0049
-0.6948 -0.5645
-0.0501 -0.5747
-0.0373 -0.0327
-0.0037 -0.0142
-0.1143 0.5899
0.5126 0.4568
0.6684 0.1981
0.4230 0.3187
-0.5239 0.2947
0.2185 0.4940
-0.3780 -0.2790
-0.0815 0.8852
-0.1886 -0.7480
-0.8325 -0.5349
-0.4575 0.3241
0.5133 0.2942
0.2970 -0.0223
-0.1734 -0.6311
0.5722 0.5535
0.1611 -0.8117
-0.4032 -0.4939
-0.3023 0.9239
0.3558 -0.0500
-0.3367 -0.7966
-0.7414 0.0535
0.3426 -0.3792
0.5873 0.6807
-0.1179 -0.4226
0.0918 0.5496
0.2605 0.9260
-0.4462 -0.3591
0.2292 0.0172
0.2435 -0.0872
-0.1788 0.3195
-0.2738 -0.4108
0.2201 -0.6873
-0.0326 0.1007
-0.2647 0.7861
0.0345 -0.8638
1.4647 -0.9041
-0.3765 -0.9164
-0.2613 0.1816
-0.1737 -0.0402
-0.1584 -0.4509
0.9410 -0.2527
-0.5576 -0.1426
-0.1223 -0.3549
-0.1244 -0.5085
-0.3971 0.5296
-1.5241 0.1818
-0.5055 0.1798
0.0259 0.0414
-0.2740 0.8242
0.1447 -0.0808
0.1766 -0.0243
0.1245 -0.8163
-0.0715 -0.1393
0.3876 0.4605
1.2063 1.3636
-0.1283 -0.1072
0.5298 0.3554
-0.7249 -0.2985
0.1798 -0.8820
0.0421 0.6692
0.4908 0.1577
-0.7386 0.6015
0.1844 0.0740
1.0706 1.7812
-0.6140 0.5318
-0.4444 0.5855
0.1888 -0.0475
1.9347 0.7009
-0.4654 0.3885
-0.4306 0.3683
-0.1695 -0.1836
-0.7839 0.0883
0.9028 0.1431
0.0014 0.0160
-0.2795 0.2034
0.2805 0.9572
0.1388 -0.5199
0.0296 0.0604
1.3751 -0.2300
0.4523 0.1760
-0.2418 0.2401
0.3799 0.1629
-0.0442 -0.3774
0.3172 -0.2748
-0.0015 -0.0000
-0.0264 0.8485
-0.0272 -0.0330
0.1966 0.0162
1.6079 0.5514
-0.3154 0.2164
0.5636 0.0832
-0.2123 0.6515
-0.1271 0.0416
-0.5357 -0.0703
-0.2471 -0.9038
-0.1618 0.0234
-0.4953 0.0947
0.2257 0.7650
0.8526 -0.0847
0.4031 0.5831
-0.1451 -0.2289
0.6033 -0.2651
0.7244 -0.5679
-0.0286 0.0053
-0.4888 0.4867
-1.3252 -1.4169
0.1327 0.4756
-0.0423 -0.0729
0.3098 0.4158
0.3125 -0.0067
-0.9550 -0.2869
-0.3081 0.1549
-0.4238 0.3557
0.5133 0.2037
1.0620 0.6597
0.3732 0.8891
0.0659 -0.1330
-0.0264 -0.1091
0.0135 0.0320
-1.9634 -0.5278
0.2714 -0.0842
0.6882 0.5895
-0.5695 0.1194
-1.1116 -0.5092
-0.4795 0.5856
-0.0001 -0.4714
-0.1242 0.7260
-0.1625 0.1022
0.9116 0.3086
-0.2224 -0.3071
0.4377 0.5348
-0.4417 -0.6594
0.0221 -0.2078
-0.1108 -0.0332
0.1121 0.1435
0.6435 -0.2930
0.7163 -1.2288
-0.7116 -0.5752
-1.4493 -0.4884
0.3819 -0.5903
0.0223 0.4477
0.1727 -0.2337
-2.1336 -0.1468
-0.1759 0.3236
0.3303 0.1386
-0.2120 -1.3349
-0.5030 0.1573
0.8932 0.2846
-0.1060 0.9850
0.2979 0.2827
0.3220 -0.1954
-0.1002 0.1478
0.0954 0.4800
-0.1732 -0.3020
0.6408 -0.0453
-0.3064 0.2854
-0.3736 -1.4892
0.5998 0.2755
0.4287 -0.3140
0.4252 -0.7559
0.0320 -0.0455
0.5916 -0.1658
1.2566 -1.6722
-0.1427 -0.0555
-0.1467 -0.1352
0.5456 -1.2084
0.4086 0.2860
-0.7767 -0.1241
0.0554 -0.2454
-1.0751 -1.7171
2.0641 -0.3857
0.3669 -0.2750
0.6587 -0.6735
0.8747 0.2414
0.4897 -0.3448
-0.1462 -0.1160
1.7671 -0.3487
0.0603 -0.8620
0.3229 -0.4749
0.0830 0.7534
-0.5234 -0.3625
-1.4185 1.0914
0.1105 0.1668
0.0256 1.7569
0.0177 0.0713
-0.0844 -0.6469
0.1588 -0.8588
1.5096 0.4142
0.1332 0.3733
-0.5567 0.3556
-0.2643 -0.3470
-0.1644 -0.1324
0.0777 -0.1296
-0.3021 -0.0406
0.9185 -0.0431
-0.0125 0.0040
0.8683 -0.0903
0.5009 -0.5294
-0.3584 -0.1497
-0.9474 0.2906
-0.0215 -0.0060
0.1170 -0.2349
0.5706 0.4537
0.4130 0.1793
-0.0108 0.3045
0.1631 -0.8349
-0.6489 0.4004
0.0738 0.3367
-0.9739 0.0527
0.2933 0.0092
-0.2168 0.0054
-0.2424 -0.2442
-0.2172 0.7013
0.1798 0.7696
-1.4484 0.2942
-0.2158 0.2061
0.8667 0.4080
0.2198 0.6917
0.0548 0.0683
-0.0270 0.5644
0.1864 0.6423
-0.4168 -0.4600
-0.1922 0.1728
0.1050 -0.0377
-0.3918 -0.3818
0.1502 -0.8323
0.3905 -0.1998
0.0227 0.0203
0.2693 0.1583
0.6132 0.1757
-0.7940 -0.1446
-0.1092 0.0513
1.5756 -1.0129
-0.3521 -0.0113
0.7190 -0.5557
-0.1815 -0.9167
0.0010 0.0011
-0.0920 0.7591
-0.3320 0.6391
-0.0414 0.0699
-0.0148 0.8656
0.3113 0.7674
-0.2024 -0.1042
-0.1336 0.0189
0.1385 0.1448
-0.1102 -0.1042
0.2995 -0.4869
0.0087 -0.1382
-0.6011 -0.3537
0.9898 -0.0512
-0.1548 0.2838
-0.3819 -0.0639
0.1299 0.5249
0.4037 -0.3259
-0.4638 -0.1635
0.3953 0.5374
-0.2325 -0.9841
-0.2924 -0.5211
0.2375 0.5311
-0.3832 -0.5143
-0.3633 -0.0914
0.4007 0.6470
0.7180 0.5493
0.6549 -0.1478
-0.1112 -0.0868
0.7477 -0.3734
0.0792 0.3747
1.6026 -0.9437
-0.6690 1.0314
0.2314 -0.4237
0.7231 0.1181
-0.0054 0.3480
-0.6805 -0.3766
0.1033 0.5306
0.0789 -0.3635
0.0371 -0.0423
-0.7675 0.0882
-0.0751 -0.0133
-0.3429 -0.0634
0.2155 0.0086
-0.2189 0.5661
-0.1675 -0.0146
0.3920 0.9344
-0.2016 0.3585
-0.3686 -0.1660
-0.1768 -0.2487
-0.7650 0.1394
-0.5357 0.0691
-0.8967 0.2087
0.2149 2.0872
-0.1412 -0.3419
0.2849 0.1773
0.3945 -0.0656
-0.8953 -0.3317
-0.2280 0.8445
-0.1878 1.1801
0.7798 0.0082
0.5539 0.1204
0.0836 -0.2156
0.9607 -0.2629
0.2085 -0.1188
-0.5238 0.4464
0.0164 0.0688
0.5944 -1.5901
0.6076 0.2321
0.3057 -0.6246
2.0398 -0.2112
-0.2741 -0.0618
0.0917 -0.2317
-0.8449 0.4090
-0.1066 0.0096
-0.2301 0.3339
-0.2312 -0.6275
-0.0618 -0.4056
0.3381 -0.5904
0.0155 -0.4341
0.2669 0.2310
0.4348 0.1172
-0.4845 -0.0673
0.5058 -1.4109
-0.0250 0.0943
-0.1902 -0.6489
0.3263 2.0712
-0.6539 0.2033
-0.0013 -0.0029
0.2424 0.6675
0.0291 0.2073
0.4675 0.6753
-0.6807 -0.5098
-0.1329 -0.4348
-0.6273 -0.6145
-0.7971 0.1288
-0.4956 -0.6983
0.5875 -0.0671
-0.5842 -0.9229
-0.2529 0.1930
0.7340 0.1233
-0.3791 0.3879
0.3690 -0.1075
-0.0768 -0.1544
-0.0426 0.0640
0.3139 -0.8337
-0.8821 0.3370
-0.6523 -0.1775
0.5487 0.2385
-0.4118 -0.4883
-0.0102 -0.0124
-0.2754 0.2993
-0.4335 0.3992
-0.3777 0.0712
-0.6491 -0.6438
0.1027 -0.1674
-1.8498 1.0681
-0.7240 -0.3563
0.7303 -0.4477
-0.5264 0.1344
0.6876 0.2152
-0.2427 0.8768
0.5879 0.7511
0.3981 0.5788
0.4578 -0.2622
0.3295 -0.9439
0.2212 0.1830
0.0882 0.2169
-0.1058 0.6811
0.2385 0.2268
-0.1913 -0.4336
-0.3097 0.2880
-0.2450 0.2408
0.0296 -0.5140
-0.8104 1.2091
0.8939 -0.0213
0.4783 -0.4668
-0.2203 0.1243
-0.2531 -0.4100
-1.5523 -0.2068
0.0461 -0.1855
0.0443 -0.0074
-0.0266 -0.5799
-0.5154 -0.7432
0.0632 -0.0875
-0.1526 -0.1816
-1.2963 -1.4221
0.0962 -0.1584
0.0481 -0.2666
0.2315 0.5670
0.3373 -0.9091
-0.0339 0.0252
0.0241 0.1004
0.5195 0.3779
0.0643 -0.6185
-0.3236 -0.7368
-0.4204 0.3624
-0.2445 -0.5819
0.1014 -0.6859
0.0924 0.1436
-0.3136 0.3417
0.3014 -0.2809
-0.1558 0.1864
0.1498 0.9691
-0.6858 0.3420
0.0032 -0.8365
0.0163 0.4038
0.2990 -0.6848
0.1759 -0.8108
-0.4626 0.0331
0.0257 -0.0893
0.3748 -0.6281
-0.0163 0.7580
-0.0643 -0.0286
-0.0640 -0.1044
1.2872 1.0583
-0.8399 -0.2313
0.4893 0.0398
-0.0585 0.2075
-0.9379 0.8202
-0.4282 -0.1095
0.3909 -0.4980
0.7170 0.2662
0.2740 0.2551
-0.0137 0.0164
-0.2407 0.2734
0.5021 -0.3772
0.1797 -0.4046
0.2065 0.5651
0.2171 -0.1221
0.6352 0.5118
-0.2807 -0.3151
-0.2651 -0.4676
0.4760 0.0767
-1.0238 0.9051
-0.0767 0.2451
0.8403 -0.3360
-0.3891 0.1393
0.8074 -0.4397
0.3920 -0.3675
-0.3356 -0.2127
0.7214 -0.0549
1.3248 0.7981
-0.0268 -0.0038
0.1608 0.0216
-0.0756 0.8601
0.1592 -0.8016
-0.1428 -0.1220
0.9449 -0.9252
0.3556 0.2744
-0.2258 -0.1193
0.8016 0.0524
-0.0773 -0.7570
0.2818 -0.2554
-0.6084 0.0802
-0.1653 0.1100
0.2464 0.4083
-0.4498 1.4920
0.4742 -0.2970
-0.1229 -0.0252
-0.3820 0.7367
-0.1414 0.0726
0.1611 0.0564
1.2540 0.4112
-0.1355 -0.0627
-0.2138 0.7897
-0.7224 -0.5714
0.1860 -0.3292
1.0763 -0.7597
-0.0198 -0.4394
-0.1499 0.1407
0.3472 0.2794
-0.7548 -0.6359
0.4923 0.5879
-0.4415 -0.0937
-0.6584 -0.1009
0.3087 0.6242
-0.2159 -0.0268
0.4022 -0.7775
-0.0970 -0.3245
-0.6579 -0.2269
0.0282 -0.0069
-1.2449 -0.4352
-0.0852 -0.1495
-0.8792 -0.1555
0.0456 -0.0170
