-0.6538 0.6840
-0.2693 -0.5955
-0.1414 -0.1641
0.1073 -0.4334
-0.3408 1.4110
-0.6475 0.4363
-0.0230 0.1508
-0.1948 0.0130
-0.8504 0.3862
0.1984 -0.3266
-0.3970 0.1589
0.2743 -0.1432
-0.6070 0.4462
-0.0727 0.1222
0.0720 -0.0387
1.1331 -0.6556
-0.5981 -1.0664
-0.4109 0.1628
0.0709 -0.1957
-0.1119 0.0623
-0.5510 0.6147
0.2758 -0.2802
-0.3035 0.9070
-0.3894 -0.3377
0.3451 -0.1719
-0.4272 -0.7478
-0.7876 0.4864
0.5698 -0.3775
0.0534 -0.1524
0.3274 0.0324
0.0092 -0.0014
-0.2306 0.7101
0.1040 -0.0196
0.2592 -0.3860
-0.0771 0.2652
0.7118 1.1982
-0.0829 0.1310
-0.6853 0.5649
-0.0151 -0.4896
0.0368 0.1274
