-0.5066 -0.3460
0.0612 -0.2431
-0.2279 0.5399
0.0276 0.9212
-0.0471 -0.1500
-0.3219 0.0843
0.2694 0.1231
0.1164 0.7000
0.5734 -0.3126
0.3337 0.1455
-0.9348 -0.3498
-0.2169 0.5280
-0.0180 0.0330
0.9857 -0.1579
0.3370 -0.2287
0.0597 0.1124
-0.0288 -0.0657
0.6924 -0.0041
-0.3934 0.1391
-0.1545 0.0811
0.0659 0.1574
0.2460 1.4219
0.0757 0.0049
0.2158 -0.6440
-0.2333 0.3105
-0.0463 0.1202
0.0832 -0.2272
0.6364 0.6312
-0.2735 0.0590
-0.6093 -0.4600
-0.3230 -0.7908
0.1994 -0.1221
0.0390 -0.0416
-0.0690 -0.6856
0.0332 0.4668
0.2510 -0.1654
0.4218 -0.7916
0.0392 -0.0879
-1.3079 -0.1327
0.1906 0.0215
0.2538 -0.3511
0.3777 -0.3181
-0.4845 -0.8740
0.1561 -0.8232
0.0073 0.1084
0.5411 -0.6642
-0.1150 0.0988
-0.0525 -0.0098
-0.4848 0.3144
-0.1546 0.3633
0.1471 -0.1804
-0.3045 -0.3482
0.4356 0.0984
-0.2063 0.1231
0.6488 -0.5890
0.0593 -0.1307
-0.6335 0.2443
0.4692 0.6105
-0.0197 0.0320
-0.3186 -0.8582
0.1736 0.0502
-0.4566 -0.0774
-0.0636 0.5287
-0.7104 -0.0151
0.1240 -0.0806
-0.5206 0.5669
0.3762 0.8224
1.2798 1.0216
0.1865 -0.0607
0.0694 -0.1923
-0.4614 -0.8590
-0.0309 0.0086
0.1331 0.6855
0.0451 0.2090
-0.6980 -0.4999
0.2455 -0.9464
0.3996 -0.7981
-0.0058 -0.0012
-0.3574 0.6702
0.2628 -0.0813
0.9889 0.1260
0.0513 0.6731
1.0868 0.7851
0.2178 -0.4669
0.9480 -0.3351
-0.8130 0.3523
-0.1956 0.3497
-0.6785 0.2093
-0.8592 -0.4700
-0.1814 0.6377
0.4896 -0.5880
0.2279 -0.1516
-0.8093 0.0666
-0.7760 -0.3011
0.6504 -0.6156
0.4512 0.1454
-0.1183 -0.0186
0.5296 -0.3605
0.0949 0.1257
-0.9794 0.1405
-0.3627 0.0305
-0.0075 -0.3301
-0.2807 0.8273
-0.0115 -0.1874
-0.4809 -0.0789
-0.1151 -0.3297
0.6323 -0.0619
0.3526 0.5033
0.5856 -0.4440
0.6026 -0.5722
0.0342 -0.1336
-0.3823 -0.1792
0.4352 -0.0027
0.7110 0.1377
-0.8727 -0.3773
0.4790 -0.6131
-0.1929 0.0812
0.3876 0.4968
-0.1018 -0.0155
0.0629 -0.4745
-1.0354 0.7957
-0.5388 -0.4305
-0.5527 -0.7094
0.3693 -0.7167
0.1657 0.1515
0.3130 0.1867
-0.4477 -0.1235
0.4961 -0.4873
-0.1267 0.6781
0.2787 -0.7033
0.2100 -0.2275
-0.4757 0.2262
0.4302 0.8433
-0.3465 -0.2633
0.1820 0.2365
-0.0002 0.1125
-0.3811 0.4033
0.6491 0.9121
-0.0615 -0.2622
1.2650 1.0330
-0.4961 -0.4986
-0.0800 0.6158
-0.3962 0.1569
0.4493 0.1813
0.6331 0.4300
-0.4260 -0.6671
0.4829 -0.1549
0.2530 -0.0125
-0.2999 0.9144
0.1533 0.9493
0.0411 -0.0099
-0.1761 -0.3798
0.1973 0.1999
0.7794 -0.1213
0.4832 0.5292
0.2508 0.2195
-0.3066 -0.5908
-0.4581 0.3694
-0.8124 -0.2378
-0.4297 0.1139
0.2832 -0.0405
-0.2073 0.3956
0.8591 0.0326
0.8417 0.9849
0.5805 -0.7087
0.0263 0.0968
0.0832 0.8963
0.1304 0.2397
0.3083 -0.1415
0.7920 0.0547
-0.4830 -0.2244
-0.1656 0.9363
-0.5936 -0.5134
-0.3556 0.3136
-0.2412 -0.1400
-0.1957 0.0553
-0.3792 -0.8749
-0.9501 0.1937
0.1366 -0.4775
0.9406 -0.2151
1.3087 0.2092
-0.5303 0.1508
-0.5444 0.1183
0.1188 1.6523
-0.0556 -0.1748
0.2916 0.1094
0.1592 -0.3749
0.5624 -0.5832
0.9025 0.3285
0.1151 0.7945
-0.0066 0.0082
-0.2230 -0.1664
-0.7859 -0.0704
0.4509 0.1910
0.0326 0.0917
0.0661 0.4575
-0.1276 0.7580
-0.1201 -0.0051
-0.0302 0.0868
0.3519 -0.1974
0.1754 0.1189
0.6478 -0.1588
-0.3215 0.3551
0.3770 -0.7562
-0.0447 0.2613
0.6165 -0.2977
-0.2021 0.5375
-0.0073 0.2338
-0.2925 0.0206
0.1164 -0.9406
0.0315 0.4780
0.4500 -1.2393
0.0448 -0.4954
-0.3957 0.6226
0.0750 -0.4316
-0.6975 -0.3685
0.3953 0.3677
0.0067 0.0184
-0.4478 -0.2581
-0.0995 -0.0150
-0.5490 0.3168
0.7635 -0.0544
0.3105 -0.1193
0.4171 -0.1863
-0.1101 -0.0325
-0.3348 0.0677
-0.0863 -0.0998
-0.6030 0.6085
0.1826 0.4605
-0.5273 -0.2451
0.0503 -0.4218
1.3313 -0.6715
-0.1918 0.1781
0.0172 -0.0634
-0.3296 -0.4786
0.0571 0.1460
0.7007 0.6161
-0.1141 0.7727
-0.0512 0.8021
0.2737 -0.0473
0.8279 0.0623
0.3544 -0.3166
0.3121 0.4196
-0.0765 -0.9083
0.0506 -0.4727
0.4255 -0.0454
-0.0276 0.3015
-0.2759 0.2703
0.0127 0.0681
-0.1079 0.0250
2.4571 0.0263
2.1862 0.3216
1.5853 0.3340
2.2921 0.5767
2.4766 -0.0141
3.2143 -0.1117
2.1792 -0.1874
1.5781 0.1337
3.2731 -0.2969
2.0637 -0.2377
2.6309 0.1759
2.4898 0.3186
2.6186 0.0829
2.2072 -0.6605
2.0996 -0.9918
2.5013 0.0020
2.8159 0.0140
2.9663 0.0002
2.6069 -0.0489
1.6725 -0.5086
2.8211 0.6224
2.8968 -0.0296
2.6028 0.0256
3.5204 0.3020
2.4958 -0.0141
2.1400 0.2006
2.5754 0.0999
2.9047 -0.2452
2.6786 0.0398
2.8967 0.0247
2.1077 0.0788
3.0284 -0.7491
2.1835 -0.1867
2.8385 -0.6014
3.2667 0.0130
2.2136 0.6579
2.3005 0.9096
3.0127 0.0807
2.5759 0.0547
2.6735 0.6628
2.9562 -0.5496
2.4951 -0.3286
3.0953 -0.8156
2.6833 0.2384
1.9121 -0.2961
2.5673 -0.1963
2.9564 0.2254
2.4204 0.6259
2.2105 0.2764
1.8371 -0.1139
2.6921 0.7859
2.4239 -0.7434
2.3248 -0.0288
1.9490 -0.3011
2.4751 0.0744
2.9060 -0.0650
2.5754 0.2575
3.0865 -0.4735
2.8780 -0.9091
3.1682 0.7110
2.1891 0.4355
2.7674 0.0208
1.7840 -0.2834
3.2303 -0.2990
1.6544 -0.4999
3.4333 0.2947
2.0676 0.5178
2.9702 0.6552
2.3059 0.0409
3.4976 0.0077
1.5683 -0.0301
2.7946 0.1557
2.5551 0.3484
2.7870 -0.8077
2.8517 0.0865
2.7652 -0.1126
2.0043 0.6346
3.0483 -0.2004
2.2464 -0.0288
2.5696 0.9973
2.8431 0.2739
2.4455 -0.1182
2.4376 0.1771
1.7259 0.7593
2.2637 -0.2486
2.5789 0.1104
3.0016 -0.1730
2.7500 -0.4741
1.4789 1.2768
2.5602 0.2383
3.4313 1.0647
1.9455 -0.7639
3.1089 0.6221
1.9809 -0.6038
2.5488 0.5305
2.3811 -0.0518
2.5314 0.1703
2.2515 0.7494
2.2409 -0.4117
2.0214 -0.4245
2.2558 0.0163
1.7970 -0.2028
2.3919 -0.1285
2.5095 -0.0243
2.7290 0.0341
2.7276 -0.1766
2.8757 0.4145
2.3344 0.9566
1.6916 -0.2243
2.4708 -0.5117
2.4884 0.0006
2.2239 0.0865
2.5253 0.1489
2.8745 0.5851
2.4712 0.0592
2.8097 0.0235
2.3973 0.0248
2.6170 0.1156
1.6551 -0.2860
2.6009 0.2431
2.4626 0.0123
2.1845 0.0945
2.5207 -0.0413
1.8406 -0.7427
2.5385 0.2558
2.1065 -0.6676
1.8394 0.0802
2.1474 0.3108
3.0687 0.4866
2.3047 -0.4410
2.0937 0.6311
1.8880 -0.3371
2.8434 -0.6107
2.4953 0.0063
2.1160 -0.2909
2.4621 -0.0032
1.6714 -0.1441
2.5973 -0.1686
1.9056 -0.4035
2.1885 0.9056
2.8071 -0.8679
2.5846 -0.0335
1.7111 -0.2860
2.4335 -0.1806
2.8543 0.1597
3.0947 -1.2169
2.1359 -0.0198
1.8798 -0.7163
2.1618 -0.0180
2.8399 -0.4460
2.7406 0.1380
3.4301 0.1159
3.0860 1.2284
2.4816 -0.1106
2.5087 -0.4015
2.4922 0.0508
2.2312 -0.1444
1.9529 -0.1284
3.5012 -0.8493
2.9564 -0.2482
2.6606 0.2558
2.8382 0.0775
2.8021 0.7006
2.4334 0.0451
2.2431 -0.0681
2.7289 -0.4516
2.2999 0.3066
2.5242 0.1673
2.0485 -0.1435
2.1120 0.2748
2.6326 0.1666
1.6723 0.1144
3.4207 0.5882
1.8263 -0.1863
2.5233 0.2093
1.9916 0.2888
1.5014 -0.0382
2.4083 0.4810
3.0303 -0.6912
2.6092 0.0443
2.9286 0.2322
2.0182 0.5753
2.5474 0.2165
2.5377 0.6302
1.8098 -0.5028
2.6374 -0.1297
2.3861 0.8093
2.1588 -0.2320
2.4805 0.2704
2.7242 0.8605
2.9655 0.1427
1.6578 -0.1535
2.7055 0.0523
3.0080 0.1902
2.3428 -0.1762
2.4345 0.1848
2.5341 0.5079
2.6678 -0.7138
2.4465 0.7314
2.3315 -0.1991
2.4283 -1.5738
1.7882 0.5846
2.3870 0.1511
2.5053 -0.0014
2.4698 -0.0494
2.9092 0.6418
2.6094 -0.0340
2.3276 -0.5640
2.7345 0.4913
2.7508 0.4959
1.9941 0.2830
2.2088 0.0121
3.2517 -0.1534
1.9654 -0.5568
4.0140 -0.0285
2.7197 0.3308
2.3282 -0.0534
2.5879 0.0112
3.0713 -0.3125
3.2917 -0.4777
2.0478 -0.5749
2.2383 -0.3040
2.4065 -0.2646
2.5867 0.0277
2.5853 0.1451
3.4150 -0.2335
2.9331 0.1180
2.4320 0.7565
1.9770 -0.3044
2.8363 -0.0664
2.9938 -0.2653
2.2609 -0.5221
3.0162 0.3187
2.5420 0.0039
2.6008 -0.2876
2.1259 0.3533
2.0868 -0.1941
2.5332 0.2415
2.2026 0.7551
2.4863 -0.1105
1.5816 0.0384
2.6887 -0.6807
2.4729 0.2975
1.7502 0.0995
2.6036 -0.8159
2.5750 -0.4279
1.5567 -0.1195
3.0836 -0.7448
2.9125 -0.1396
1.7516 0.4833
