-0.1102 0.9098
0.2001 -0.2260
-0.4100 -0.0756
-0.1028 -0.8902
-0.5946 0.1786
-0.9431 -1.5952
2.0196 0.0780
-0.3954 -0.2550
0.5925 -0.6262
-0.8256 -0.0976
-0.0167 0.2757
-0.4011 -0.4457
1.1559 0.8638
-0.9694 1.2122
-0.6488 -0.1358
0.4812 -0.0252
-0.2937 -0.6390
0.6231 0.0868
0.0441 -0.1203
-0.4603 0.3314
0.5276 -0.6796
-0.2095 -0.5880
0.0523 -0.0375
-0.2209 0.0377
-1.7613 0.1162
0.8735 0.3388
0.2694 0.0935
-0.0332 -1.6309
1.0970 -0.8097
0.0036 0.9016
-0.7950 1.4891
-0.0159 -0.0403
-0.0060 -0.0042
-0.0332 0.1302
0.0080 -0.0024
0.2975 0.0037
0.0356 -0.0974
0.0236 0.0069
-0.4299 0.8584
0.9585 0.0943
0.1999 0.0963
-0.0092 -0.0070
-0.8876 -1.8119
0.1253 0.0501
0.4779 -0.8432
0.1004 -0.4708
0.0949 0.2452
0.1441 -0.9108
0.6682 -0.1565
-0.0503 -0.0024
-0.7579 0.3887
-0.3272 0.5329
0.0664 -0.2112
0.4860 -0.8348
0.0532 0.1760
0.1544 0.0454
0.0608 0.2321
0.1429 -0.8416
-0.5665 0.5733
0.7311 -0.1709
-1.2951 0.6292
0.1349 0.0925
1.5000 -0.6137
-0.3735 -0.4291
-0.0305 -0.5305
0.9896 -0.0540
-0.0070 0.0094
0.2252 0.9591
0.5258 -0.4449
0.1449 -0.0299
-0.0182 -0.0455
-1.3554 -1.7127
-0.8855 -0.1996
0.0181 0.0006
0.4230 -0.0897
0.0665 0.2863
-0.0839 -0.5321
-0.0276 0.5162
-0.5238 -0.0447
1.1761 -0.9126
-0.1024 0.4273
-0.1210 -0.5075
1.9047 0.9659
-0.1274 -0.2002
-0.4709 0.2302
1.7961 0.2457
-0.4671 -0.2124
0.0578 -0.5612
0.1353 0.3164
0.4857 -0.2224
-0.4154 -0.2928
1.2611 -0.2317
-0.0917 -0.2955
0.6801 0.0427
-0.2783 0.0306
1.4965 -1.2820
-0.1669 -0.0823
0.1437 -0.0988
-0.2384 0.4148
0.0423 -0.2579
-0.0545 -0.4908
-0.0452 0.6620
-0.3041 -0.3926
1.8994 -0.2446
0.2233 0.4758
-0.3025 0.0799
0.1702 -0.6252
0.6201 0.2846
0.2207 0.2832
0.4337 0.4171
0.0677 -0.2178
-0.0441 0.2215
0.1947 0.0290
0.2018 0.7396
0.3512 0.6543
-0.1557 0.3135
1.4187 0.8830
0.5399 0.2523
0.1576 -0.0746
-0.0080 -0.0308
0.6148 -0.5397
0.7634 1.8108
0.7864 -1.5669
0.5334 -0.3586
-0.0019 0.4937
0.3869 -0.6279
0.1561 -0.9066
-0.5704 0.0850
-0.1384 -0.0884
0.3216 -0.0989
-1.2403 -1.5675
0.3254 0.5755
-0.3185 0.3711
-0.0100 0.0030
0.1386 -0.1695
-0.3368 0.0822
-0.9734 1.0378
0.1708 -0.2765
2.0078 0.7630
-0.7781 -0.1800
-0.0092 0.0529
0.8450 -0.3761
-0.6220 0.0909
0.4017 -0.3799
-0.5296 0.5716
-0.4304 -0.2086
-0.3985 -0.6990
0.0003 -0.0006
0.8554 0.3086
-1.1471 0.0697
-0.0473 -0.2813
-0.1761 -0.6662
0.0995 0.1103
0.1224 0.1261
0.3885 0.4134
-0.0812 -0.2260
0.6603 0.3150
-0.6014 0.0833
-0.1925 -0.8845
-1.9717 -0.3043
0.6272 0.5956
0.4306 0.2293
0.1212 -0.3305
0.1538 0.5077
0.0809 0.3217
-0.2596 -0.1191
0.9516 0.2185
-0.3571 -0.5802
-0.4287 0.3226
0.1615 -0.1368
-0.7395 -0.4967
0.2020 0.7249
-0.2895 -0.2167
0.5160 -0.6329
-0.0488 0.5785
0.1811 -0.5759
-0.2891 0.7622
-0.4314 -0.3958
0.5206 -0.1759
-0.7102 0.8928
0.7040 -0.1836
-0.0028 0.7363
-0.1752 0.2274
0.2204 -1.9794
0.6665 -0.4706
-0.3711 -0.4180
-0.8310 -0.6313
0.4120 -0.4406
-0.2607 0.3464
0.0268 0.0820
-0.0694 0.2392
-0.0112 0.0101
-0.8585 0.2767
0.9914 0.1080
-0.5788 -0.5027
-0.1153 0.4786
0.0660 0.2130
-0.9643 0.7421
0.7291 0.5720
-0.4153 -0.7912
