0.5112 0.4309 0.0580
0.1274 0.0675 -0.3537
-0.0306 -0.0859 -0.4144
-0.0149 -0.0356 -0.1020
-0.2570 -0.0515 -0.0185
-0.0048 -0.0141 0.5313
-0.0803 -0.0354 0.3555
-0.0001 0.0032 -0.3982
-0.2901 0.0911 0.4997
-0.0327 0.2648 0.4479
0.3122 -0.1806 0.5750
0.4733 -0.2644 -0.2916
0.2725 0.5512 -0.1352
-0.1202 -0.4990 0.1209
0.2226 0.2963 1.4493
-0.6113 -0.6772 -0.0922
-0.1453 1.3670 -0.0683
0.1397 -0.4934 -0.8269
0.0629 -0.0271 0.7855
-0.1039 -0.6199 0.0543
-0.2779 -0.2817 0.0046
-0.0008 0.0007 0.0050
0.0657 -0.0209 -0.3285
-0.0049 0.1391 0.6882
0.0528 -0.0718 -0.9939
0.1778 -0.1540 0.1939
-0.1318 -0.2811 -0.5757
-0.2847 -0.4322 -0.1227
-0.0444 1.5070 1.4612
0.0013 0.0457 0.0526
-0.3865 -0.4447 0.0713
0.1418 -0.2795 0.3834
-0.3513 0.0699 0.5888
0.0438 -0.7159 0.1572
-0.4679 -0.2593 0.1152
0.4105 0.5078 -0.4138
-0.0042 -0.0309 0.0077
-0.0107 0.0312 -0.0456
-0.1736 -0.1616 0.2613
0.8835 0.0661 0.4529
-0.1128 0.0435 0.0646
-0.0280 -0.2856 0.2138
0.0066 0.0242 -0.3581
-0.0626 -0.0348 0.3733
-0.0973 0.5997 0.0897
0.5186 0.5768 -0.5190
-0.1554 -0.2599 1.8792
-0.0026 0.0070 -0.0420
-0.1142 -0.2104 -0.6143
1.6776 1.6234 -0.8777
0.5582 0.3001 0.6205
-0.2489 -0.0632 -0.2860
0.2904 0.0296 -0.2039
0.4608 0.2884 -0.8215
0.2777 0.1582 -0.5527
-0.0142 0.0815 0.0517
0.1442 0.2051 0.4097
-0.1212 0.5327 0.0225
0.0246 -0.4762 -0.2244
-0.2351 -0.0791 0.1529
0.6113 -0.0568 0.2667
0.0016 0.0441 0.0383
0.1332 -0.4847 -0.5245
0.1245 -0.1300 -0.1222
-0.0142 -0.0571 0.1697
0.0000 0.0058 0.0023
-0.2476 0.7208 0.2793
-0.2403 -1.3128 0.1496
0.0136 -0.0762 0.2814
-0.1750 -0.5587 -0.1058
0.1446 0.0958 3.1895
0.2122 0.3389 -0.4930
-0.1751 0.6012 0.1799
0.0025 0.0025 -0.0077
0.6215 -0.5257 -0.0824
0.1886 0.1589 -0.4034
0.0022 0.0099 -0.1616
0.0414 0.0385 0.0741
1.4421 -0.8096 -0.6562
0.0781 -0.1739 0.0219
0.3586 0.0538 -0.0049
0.5304 -1.5639 -0.0507
-0.3786 0.3386 -0.8213
-0.0807 -0.2065 0.4580
-0.5402 0.2986 0.2800
1.4759 0.3657 2.6846
0.0001 -0.0011 -0.0031
0.1755 -0.0271 -0.1906
-0.0800 -0.0297 0.7614
-0.6224 0.6068 -0.0584
-0.3309 0.1230 0.5285
0.1714 -0.3525 0.1254
-0.3048 0.9285 0.1352
0.1849 -0.0724 0.4963
0.0217 -0.2074 0.9548
1.1836 -0.2427 -0.9466
0.0091 0.0004 -0.0515
0.0000 0.0002 -0.0116
-0.1317 0.1842 -0.8018
0.4631 0.1607 0.3942
3.9958 0.0114 0.1115
3.1398 -0.7333 2.8872
4.1358 -0.1829 -0.5810
4.1363 -0.2268 0.8143
4.8970 -0.0248 -0.2574
3.9250 -0.1717 -0.0983
4.0166 -0.0062 -0.3360
4.1507 -0.4747 -0.7729
3.9855 -0.1630 0.2781
4.0019 0.0329 -0.0666
3.9988 -0.0001 0.0909
4.0001 -0.0000 0.0032
4.0276 -0.9045 0.2940
3.9641 -0.0333 0.6831
3.5865 2.0940 0.4500
4.1707 -0.4216 -0.3395
4.1727 -0.0584 0.3863
3.8948 0.4316 -0.5491
3.3844 0.3857 -0.5648
3.9210 0.7307 0.2353
3.7560 -0.1587 0.2755
4.2771 0.0505 -0.0608
4.0414 0.1882 0.3486
3.8330 -0.2413 0.1203
4.0543 -0.0067 -0.0296
3.9911 -0.0117 -0.0269
4.3391 0.0997 -0.2654
3.8414 -0.4279 -2.3467
3.9429 -0.0109 -0.1654
4.2848 -0.1338 -0.5053
2.6175 2.6248 0.6486
3.4587 -0.0140 0.0055
4.2471 -0.1253 0.7192
1.4035 1.3015 -0.4007
3.3364 0.0434 -0.5421
4.0852 -0.3036 0.2765
3.9200 0.1228 0.3584
4.0087 0.0075 -0.0136
4.0860 0.0303 -0.1707
4.1923 -0.1066 0.0304
4.1754 -0.1757 -0.0666
4.1030 0.1853 -0.3464
4.0428 -0.0444 0.8063
4.1069 0.1392 -0.0414
3.6839 0.2327 0.1391
3.9955 -0.0390 0.1005
4.1864 -0.0196 -0.2648
3.6259 -0.1488 0.3953
3.8662 -0.0017 0.5949
4.1481 0.1149 -2.3305
4.1178 0.1836 0.0826
4.0001 0.0002 -0.1497
3.6632 0.0113 0.3009
3.7172 0.2278 0.6568
4.3155 0.0477 0.2247
4.0283 0.1552 -0.5578
3.9759 0.1251 0.3829
3.6644 0.0091 0.3095
4.2727 0.2828 0.2554
4.5226 0.2516 -0.1997
4.1646 -0.3097 -0.3895
3.8845 -0.1097 -0.0525
4.4701 0.2163 -0.1207
3.9235 0.1091 -0.0485
3.6705 0.4751 -0.1435
4.4966 -0.5532 -0.3749
5.2637 -0.6184 1.1810
3.9674 0.0143 0.1655
4.1817 -0.2465 0.9117
3.9427 0.1359 0.8750
3.8990 -0.4588 -0.7343
3.6983 0.1793 -0.2082
4.0836 -0.0034 0.5005
3.8872 -0.0699 -0.0214
3.7243 0.2109 -0.0045
3.5271 0.2346 0.4630
4.1225 -0.1076 0.2189
3.5100 -0.3235 -0.3186
3.8565 -0.7734 0.2391
4.1208 -0.0280 -0.5910
4.2605 -0.0837 0.2676
4.0508 0.1090 0.1898
3.9141 0.1020 -0.8210
3.6719 0.4438 -0.6179
3.6488 -0.4261 -0.2191
3.7750 -0.1050 0.1726
3.6587 -0.6477 -0.1018
3.9720 0.0207 -0.0582
3.7799 -1.3624 -1.3611
4.3296 0.5540 0.7640
3.9999 -0.0004 -0.0345
4.0797 -0.2809 -0.2599
3.9566 -0.3060 0.6452
2.2979 -0.2054 1.0322
3.6689 0.2902 -0.3241
3.9733 -0.2822 -0.3550
4.1049 0.3549 -0.3354
4.1113 0.0542 -0.0609
3.7519 0.0906 0.2679
3.6877 0.0730 0.2336
