-0.0732 0.0903 0.2311
0.4539 -0.6092 0.3927
0.0242 0.6805 0.6660
-0.3286 0.3569 -0.8183
-0.0168 0.3438 0.0295
-0.0071 0.5224 -0.5933
0.6621 0.5328 -0.4999
0.3756 -0.4870 -0.5327
0.4180 -0.4164 -0.5299
-0.1000 -0.1566 0.2094
0.0027 -0.0274 0.0568
-0.0676 -0.0305 0.1185
-0.2290 0.0708 0.6832
-0.1239 0.2488 0.0552
0.2095 -0.1833 -0.9312
0.0031 0.0085 -0.0055
-0.0534 0.2017 -0.2619
-0.0013 0.0009 -0.0005
-0.2058 -0.0361 0.3505
-1.3014 0.6428 1.2834
-0.2305 0.0194 0.0751
-0.3703 -0.6223 0.1034
-0.2792 -0.0331 0.8921
-0.0005 -0.0002 -0.0026
0.0397 -0.1106 -0.0400
2.8807 0.0861 -0.1845
3.3526 0.1080 0.2716
2.9921 0.0215 0.0213
3.0020 -0.0015 -0.0010
2.5818 -0.0779 -0.1293
3.0040 0.0199 -0.4724
2.9665 0.0695 -0.0004
2.7673 0.9696 -0.7825
1.4165 0.4201 -0.9951
3.0049 0.0011 -0.6307
3.8434 -0.3041 -1.2665
2.9974 -0.0049 0.0016
3.1364 -0.2749 -0.2562
3.1110 -0.0934 -0.7486
3.0833 -0.5374 0.1501
2.9967 -0.5919 -0.6512
2.9287 0.1206 0.0922
2.5122 0.3703 0.1276
3.1814 0.2486 0.3065
3.1512 0.2335 0.0774
2.8687 0.4155 0.1384
2.4984 -0.2215 -1.6092
1.9102 -1.1570 -0.3855
1.8545 1.1800 -1.0367
3.3726 0.1459 0.2921
