0.6694 -0.6821
1.0729 -2.7446
0.0111 0.3942
0.3122 0.3533
0.8164 -0.1850
-0.0005 -0.0006
-0.0011 0.0141
0.4461 0.8743
0.5174 -0.0339
0.6400 -0.3813
-0.0879 -0.4186
0.4220 -0.6546
-0.3507 -0.2952
-0.0365 -0.8819
0.6569 -0.5200
0.0511 0.1148
0.8161 0.0920
0.3661 0.4850
-0.7666 0.5381
1.1878 -0.9457
0.4247 -0.8263
0.0128 0.1788
-1.3409 -2.2173
-0.1767 0.4132
-2.8415 -0.1314
-0.3820 0.1249
-0.5740 0.7860
0.1888 -0.3498
-0.0438 -0.0271
0.1190 0.2092
-0.3725 0.7920
1.0839 0.1928
0.0163 0.7573
0.4079 -0.6085
-0.5456 0.4189
0.4625 0.6615
-0.2612 0.5503
0.0628 -0.4284
0.3133 -0.0245
0.6169 -1.7992
