-0.4497 0.0406
0.7901 0.5227
0.6970 0.0864
-0.1182 0.0770
0.4096 -0.2745
-0.6631 0.3381
0.6799 0.6652
-0.2071 -0.8723
-0.1174 0.1337
0.4760 0.5343
0.0188 0.0369
0.3338 0.1015
0.0808 0.1147
-0.0500 -0.2950
0.2270 -0.3706
0.6333 0.5583
-0.6084 -0.6088
-0.3526 0.0930
-0.4816 0.8583
-0.0761 0.3544
-0.8457 0.2217
0.1610 -0.8242
0.2276 0.0160
0.7889 0.2525
0.0200 -0.1916
0.0125 -0.0328
0.0864 0.2049
0.0999 0.2157
-0.0485 -0.1474
-0.5912 -0.7205
0.1110 -0.5282
-0.3468 0.3393
-0.0239 -0.1246
0.1854 -0.0767
-0.5545 0.7935
-0.8106 0.1805
0.0423 -0.0417
-0.0764 -0.9014
-0.3261 -0.0376
0.2251 -0.0155
-0.2308 0.6229
-0.3976 0.7638
0.2177 0.3281
-0.2944 -0.1350
-0.5159 0.1847
-0.9174 0.3341
-0.2412 -0.8948
-0.0273 -0.2296
-0.1828 0.3772
0.1106 -0.0682
-0.3553 -0.7972
0.2255 -0.2286
0.4660 -0.3872
-0.0802 0.5079
0.2764 0.7010
-0.1195 0.5152
-0.3246 0.2195
-0.6349 0.3618
0.7188 -0.5153
-0.1929 -0.4455
0.0293 -0.0710
-0.1748 0.3009
0.0171 0.0374
0.5571 0.1079
0.4952 0.5068
0.6327 -0.1803
0.0584 -0.7063
0.2292 -0.0978
-0.6270 0.1713
0.2990 0.5634
-0.2152 -0.2946
0.4546 -0.5628
0.8017 -0.5640
-0.6814 0.0833
-0.3406 -0.3163
0.0610 -0.6917
-0.7559 -0.0537
0.1325 0.1182
0.6438 0.2517
0.1053 0.1121
0.2004 -0.2088
0.5234 -0.5017
-0.3051 0.5173
-0.0083 0.0337
-0.5212 -0.3539
0.2529 -0.0418
-0.1427 0.8920
0.1199 0.3097
0.6211 -0.7288
0.6966 -0.2376
-0.3692 -0.0149
-0.0475 0.8354
0.5052 -0.0210
0.6352 0.3487
-0.0039 -0.3601
0.1049 0.2423
0.3597 0.0559
-0.4692 -0.1881
0.8039 0.3506
-0.0023 -0.0047
-0.1964 0.0625
-0.2867 -0.4104
-0.8912 -0.3177
0.8906 -0.3007
-0.0777 0.0892
0.0312 -0.0684
-0.0965 -0.1742
-0.4161 -0.1781
0.4704 -0.2418
0.1981 0.0737
0.8538 0.2790
0.1522 -0.0420
0.0076 0.0256
0.8426 0.4708
0.4658 0.1341
0.7171 0.0788
-0.0068 0.2740
-0.4452 -0.7508
-0.1847 0.1769
-0.3694 0.1587
0.2985 0.1941
-0.5465 -0.7785
0.7503 0.0305
0.0510 -0.0604
0.1636 0.9207
-0.9052 0.3474
-0.0894 0.1349
-0.1431 0.0354
-0.8650 0.1550
0.1334 0.8702
0.3724 -0.1882
0.6426 0.5518
-0.0820 0.0817
-0.0326 -0.8549
-0.7399 0.0564
-0.6209 -0.2862
0.8100 0.1916
0.1529 0.2182
0.2211 -0.3294
-0.1386 0.7649
-0.2274 -0.0921
-0.0188 0.3000
0.6228 0.5320
-0.4132 -0.5525
0.5349 -0.8177
-0.3522 -0.2425
0.7944 -0.4797
-0.0099 0.0429
0.1827 0.3652
0.5398 -0.3489
-0.1239 0.2236
0.2699 -0.2722
-0.3200 0.5349
0.1779 0.2581
-0.4462 0.4239
0.3936 -0.7117
-0.2055 0.9355
0.1512 0.5230
-0.0867 -0.3938
-0.9022 0.0934
-0.6367 -0.4555
-0.1137 0.3983
-0.0845 -0.4170
-0.8672 -0.2762
0.3539 0.5462
-0.5589 0.3512
0.4416 -0.0209
0.4806 -0.5092
-0.6189 0.1274
0.0815 0.0017
-0.0140 0.0128
0.6035 -0.6653
0.6420 0.6860
0.7651 0.4002
-0.2022 0.6235
0.1906 0.7704
0.0004 0.2187
0.8296 0.2333
0.0958 0.0746
-0.1802 -0.1217
-0.0771 0.0806
-0.2334 0.1281
-0.1026 0.2376
0.0801 -0.7021
-0.7995 0.0195
0.0181 0.2169
-0.1792 0.0267
0.3934 0.7046
0.4256 -0.4114
-0.5790 -0.2465
0.1329 -0.1026
0.1051 -0.0683
0.5744 0.5597
-0.5177 -0.4680
0.0499 0.1422
0.4365 0.0603
-0.2231 -0.6178
-0.3265 -0.5731
-0.1238 -0.1301
-0.0241 -0.7822
0.0170 0.0056
0.5877 -0.5296
0.0221 0.2702
0.6448 -0.0592
-0.0746 0.0282
0.3056 0.3933
0.4110 0.5877
0.0078 0.0094
0.4702 0.1477
0.3612 -0.5727
-0.1291 -0.2796
-0.6651 0.3713
0.3520 -0.5374
0.4011 -0.5682
0.1322 -0.2056
-0.0545 0.0031
0.3436 -0.9107
-0.3095 0.5929
0.1506 -0.1407
-0.5475 -0.1231
-0.1994 -0.1632
0.0261 -0.8341
0.2809 0.9272
0.0058 0.0359
0.0296 0.0883
0.6417 0.0472
-0.4007 0.0152
0.0681 0.0769
-0.6437 0.5491
0.0226 -0.1426
0.6035 0.1100
0.2245 0.8427
-0.0733 -0.0669
-0.0961 0.3260
0.1684 0.1676
-0.9152 0.2948
0.4241 -0.1234
0.3391 0.1527
-0.5801 -0.4267
-0.8665 -0.1531
0.0459 0.2826
0.0859 0.0225
0.2494 0.2462
0.7501 0.0270
0.2348 -0.3395
-0.2034 -0.2031
0.7096 0.4631
0.9600 -0.1187
-0.2667 0.2816
-0.5025 -0.1462
5.3503 0.4441
4.9357 -0.2045
5.1169 -0.0680
4.4565 0.0785
4.4539 -0.0968
5.2945 -0.3764
4.5465 -0.2669
4.6568 -0.6386
4.5784 -0.1801
4.4599 0.9685
4.4838 0.3332
3.9037 -0.7025
4.6191 -0.5330
3.9393 0.6162
4.8720 -0.6664
3.6514 -0.0815
4.5282 -0.8616
4.4826 0.3802
4.5100 0.8017
4.2558 0.2132
4.4336 -0.1754
4.0846 -0.7818
5.1810 0.1553
4.7052 -0.0810
3.7378 0.1130
4.0683 -0.1069
4.7086 -0.3758
4.7910 -0.4675
3.9245 0.0677
4.5168 -0.3104
4.1932 0.6366
4.4780 -0.0170
4.4494 -0.0277
4.4162 0.0469
4.4645 0.0362
4.3708 -0.3546
4.8495 -0.3677
3.6998 -0.5176
4.3438 -0.4117
4.9563 -0.5472
4.4892 -0.0615
4.8515 0.1462
5.4606 0.2644
3.9424 0.4559
4.2846 -0.3732
4.9647 0.7260
5.0114 -0.6111
4.8999 0.5691
4.5743 0.2468
5.0388 0.0211
4.8956 0.2844
4.1745 -0.2469
4.5724 0.3681
4.7671 0.2834
4.6807 -0.5563
4.3802 -0.3594
4.7349 0.5380
5.3647 0.0119
4.3007 0.8819
5.1072 -0.1901
4.7678 0.0392
4.0853 0.3906
4.7797 0.4167
5.0950 0.2303
4.5533 0.6179
4.6668 0.0830
4.7966 0.0508
4.4512 -0.1213
4.5161 -0.1560
5.0923 -0.1066
4.3401 -0.0596
4.3499 0.1593
4.4259 -0.4760
4.6112 -0.4328
5.3574 -0.3015
4.5782 0.0166
4.3109 -0.4177
4.5610 0.0856
5.0247 0.0751
4.7461 0.6985
4.2791 -0.7570
4.4961 -0.4554
4.8529 -0.4289
4.2089 0.3827
4.8823 0.8663
3.9510 -0.4594
4.5799 0.8123
4.9725 0.2727
4.0658 -0.2529
4.0521 -0.0161
5.3919 0.0948
4.4429 -0.0945
3.6806 0.1456
4.9302 -0.5403
4.3044 0.7454
3.8767 -0.3542
4.1556 -0.2105
4.3078 -0.2608
4.1930 -0.1450
4.5797 -0.5921
4.4719 0.0099
4.8947 0.4064
4.8686 -0.7406
4.3344 0.0410
4.4007 -0.7289
4.6050 0.3065
4.3939 0.3614
4.9276 0.0845
4.6224 -0.1311
4.1278 0.0919
4.2172 -0.1460
5.2361 -0.0854
4.9132 0.0221
4.5064 0.2991
4.9790 0.1656
4.7986 0.1344
4.1723 0.6477
3.9978 -0.0106
3.9955 0.1143
4.0341 0.4228
4.8932 0.0587
3.7888 -0.2727
5.1073 -0.6921
4.5036 0.8688
4.4983 0.0025
3.7820 -0.1102
4.3138 0.3395
4.1110 0.1087
4.3624 -0.2131
3.7039 -0.5729
4.3319 -0.4215
3.5670 0.3296
4.4359 0.0040
4.0016 -0.3263
5.0669 -0.0210
4.5828 -0.2456
4.4968 -0.0033
4.0457 -0.8086
3.8795 -0.0568
4.8518 0.3901
3.6112 -0.0402
5.2062 0.1239
5.1827 0.3871
5.1622 -0.2049
4.0220 -0.4105
3.7720 -0.6624
4.2980 0.0819
5.2009 -0.4978
4.4605 -0.5102
4.6289 -0.7154
4.8162 0.3533
3.8187 0.5574
3.9006 -0.6548
4.4511 -0.3898
4.6173 -0.9698
4.3586 -0.1426
4.8179 -0.1472
3.9530 0.5012
3.5559 0.2057
4.6239 -0.1902
4.0481 0.1570
5.0972 -0.0953
4.0261 0.0402
4.4824 -0.0955
4.4818 -0.0300
4.2863 0.3590
4.3028 0.2985
4.0904 -0.6807
4.3205 -0.3208
5.0161 -0.5214
5.1168 0.2569
4.7351 -0.6965
4.2288 -0.1725
5.0516 -0.3291
4.5009 0.0114
5.4306 -0.1862
4.6257 0.4673
4.4047 -0.0220
4.0310 -0.0435
4.8929 0.8030
4.0644 -0.1965
3.8516 -0.2608
4.4814 -0.6225
3.9165 0.1744
4.2036 0.0306
4.0794 -0.0903
4.8563 0.0564
3.8505 -0.5072
4.3603 -0.8061
3.9898 -0.2434
4.8735 -0.4361
4.9769 0.4820
4.0233 0.0089
5.3891 0.4419
4.2124 0.4610
4.8473 0.8246
4.5306 -0.2418
4.4348 0.0422
4.3881 -0.5470
4.4760 -0.1784
4.5704 -0.1742
4.3008 -0.1344
4.2555 0.0963
5.1451 0.4870
4.5430 0.0146
4.5146 -0.9777
3.9014 -0.1122
4.8717 0.2720
5.3782 -0.3775
4.8619 0.4835
5.0937 0.0526
4.5555 -0.0281
3.8339 0.6811
4.4567 -0.0483
4.3438 0.0788
4.9276 0.0668
4.4264 0.0841
5.3640 0.1465
4.3613 -0.1010
4.7557 -0.8840
5.0754 -0.6055
4.9739 0.6005
4.2272 0.0414
4.5849 0.3996
5.1378 -0.2461
3.6353 0.0768
4.6891 0.3872
4.4854 -0.1220
4.3441 -0.1414
4.9434 0.3448
5.0057 0.7193
4.6996 0.3326
4.3763 -0.4579
5.1575 0.0538
3.5375 -0.0364
4.8038 0.2380
4.4118 -0.4782
3.9488 0.2243
4.1108 -0.5907
4.4592 0.0877
3.9968 0.1038
3.5870 0.3931
5.2393 -0.2149
4.5118 0.0069
4.2041 -0.0485
4.1907 0.5772
4.5358 -0.0886
4.0396 -0.5284
4.8298 -0.0571
4.0235 0.3477
