-0.0120 0.5233 0.7513
-0.0775 -0.0004 0.0288
0.2764 0.2196 0.1426
0.4859 0.3588 0.3660
0.8399 0.4416 0.0423
-0.2080 -0.0976 0.0877
-0.8430 -0.3699 0.2360
-0.1945 -0.0644 0.2356
0.2143 0.0556 0.3338
-0.3615 0.1037 -0.3807
-0.0622 -0.0811 0.5684
-0.3008 -0.1163 -0.3563
-0.1630 -0.1236 0.1406
0.5846 0.0114 -0.7651
-0.3191 -0.3092 -0.2027
-0.0170 -0.0491 -0.1055
-0.0015 -0.1214 -0.4237
0.0651 -0.1344 0.0881
-0.3402 0.6073 0.0415
-0.0942 0.5009 -0.1628
0.0556 0.1311 0.4724
-0.5995 -0.2367 -0.3626
-0.0401 0.0265 0.0432
0.1304 -0.1548 -0.0888
1.2622 1.1604 0.8108
-0.0668 0.1108 0.2376
-0.1764 -0.0703 0.0342
-0.1032 -0.0665 0.0160
-0.0127 -0.1588 0.3063
-0.2023 -0.0106 0.9391
-0.2511 0.3826 -0.5347
-0.0125 -0.0088 -0.0022
-0.2123 -0.0351 0.1963
0.0019 0.0025 0.0347
0.0128 -0.0691 -0.0629
-0.3329 -0.0804 -0.6777
0.5280 -0.1274 -0.5858
0.0224 0.0706 0.2045
0.2204 2.1727 0.4305
-0.0240 -0.2119 -0.0549
