-0.3683 -0.7554
-0.7263 0.5660
0.7388 0.0943
0.6198 0.9496
-0.5252 0.6681
-0.1401 0.2717
-0.6027 0.6100
-0.0196 0.0064
0.6413 -0.0486
0.2289 0.1263
0.8225 -0.2854
0.0770 -0.0101
0.4261 -0.1286
0.7944 0.0871
-0.0099 -0.0077
-0.1140 -0.9328
0.3507 0.2189
0.7477 0.5293
-0.5910 0.4157
-0.4525 0.8694
-0.3304 -3.1272
0.0972 -2.4082
0.1419 0.5009
-0.8751 -0.2285
-0.6685 0.3380
-0.5419 0.1100
-0.5033 -0.6575
0.1361 0.1533
0.5090 0.4305
0.0735 0.2540
-0.0361 -0.1049
0.3199 0.2144
0.4260 0.4866
-0.3701 -3.4747
-0.2031 -0.0860
-0.1355 0.5698
-0.1967 -2.8071
0.4215 0.8873
0.0107 -0.1685
0.4123 -0.1458
0.5477 0.7531
0.2631 -0.0009
-0.1151 0.3150
-0.2236 -0.2777
0.2625 0.0400
0.9183 0.2827
-0.1986 -0.1800
0.0383 -0.2324
-0.0665 0.8287
-0.2779 -0.1507
-0.1582 -0.0024
0.1562 -0.0660
-0.0506 -0.6007
0.1437 0.0595
0.3587 0.2892
-0.5675 0.4936
0.0041 0.3632
0.1100 -0.7400
-0.6353 -0.6260
0.1760 0.1232
-0.8261 -0.2830
-0.1172 0.0170
-0.5504 1.4068
0.0751 -0.8513
0.1065 -0.1315
0.2641 -0.3927
0.1311 -0.1975
0.5889 -0.6263
-0.6954 -0.4872
0.2285 0.0932
-0.8340 0.0309
-0.2676 -0.7190
-0.7251 -0.0369
1.1926 -0.2459
2.1109 -1.4412
-0.5281 0.1869
0.4213 -0.0100
-1.4597 -0.5603
-0.0444 0.0095
0.5294 0.8010
0.0596 0.0194
-0.8843 -0.0855
-0.1854 0.0132
-0.1571 2.0549
-0.5087 0.5028
-0.3223 0.4177
-0.8704 -3.3395
-0.7176 -0.0281
-0.4505 0.5701
-0.0362 0.1399
-0.2525 -0.4413
-0.0603 -0.9224
-0.1557 -0.5563
-0.4721 0.6669
0.0548 -0.0514
-0.6116 0.5348
0.9612 -0.1966
0.4583 0.7385
0.0132 -0.7042
-0.6249 0.5085
-0.0205 -0.1840
-0.2036 -0.4670
-0.3095 0.7995
-0.7189 0.5262
-0.2023 -0.9614
-0.0205 -0.0359
-0.1462 0.0069
0.0363 0.7435
-0.8091 -0.4386
-0.0850 -0.2420
0.1880 0.1140
-0.1973 -0.1265
-0.0108 -0.0632
-0.4370 0.7354
0.0093 -0.0597
1.0848 -1.7808
-2.1199 -0.0745
-0.6201 0.2339
-0.5489 0.3128
0.7181 0.6393
-0.3559 0.1018
0.6427 0.3559
0.0533 0.9120
-0.5511 -0.1153
0.2700 0.6924
0.9380 -1.0275
-0.3606 -0.8394
-0.0387 0.1197
-0.2978 -0.3592
-0.5169 0.1953
-0.6037 0.2999
-0.0081 0.0856
0.7634 0.6042
-0.4561 -0.3718
-0.7052 0.6911
-0.2748 -0.1180
0.6805 -0.4538
-0.5595 -0.6012
0.2500 0.4887
3.0120 -0.7269
0.0946 0.0388
0.5206 0.1475
0.7592 0.0549
0.9373 -0.0284
-0.4553 -0.1607
0.1092 -0.7671
-0.0842 -0.8687
-0.6534 -0.0767
0.0303 0.6304
0.0098 0.0882
-0.3011 0.4084
0.3785 0.5417
2.9635 0.3406
-0.7701 -0.1739
0.1210 0.0533
0.0267 0.4872
0.7145 0.1738
-0.5499 -0.4711
-0.0319 -0.0593
0.0692 -0.0882
-1.7022 2.6028
1.5093 1.7286
0.4707 0.3655
-0.6505 -0.1044
0.0842 -0.6756
0.7876 -0.3178
0.6500 0.2819
-0.1077 -0.7756
-2.1091 0.4685
-0.0020 0.4831
0.1439 -0.3359
-0.0589 0.5211
-0.0804 0.4651
0.0600 -0.0446
-0.4046 0.4066
0.0701 -0.0357
0.0348 -0.6638
0.0033 -0.0974
0.6482 -0.7036
-0.0346 0.8939
-0.3015 0.3784
-0.0145 -0.1064
-0.3280 0.6019
-0.6962 -0.2954
-0.2416 0.3883
2.8737 -2.2218
-0.0192 -0.3553
0.4822 -0.1407
0.4479 0.1031
-0.1042 0.0501
-0.3561 -0.2780
-0.4334 -0.4963
0.2504 0.4295
0.3679 -0.1988
-0.4502 0.1846
-0.5471 -0.0266
0.3555 -0.2138
0.0587 -2.9629
-0.0416 -0.0229
-0.0193 0.5059
0.4984 0.1430
0.4585 -0.5814
0.0550 0.0278
0.2504 0.6374
-2.9081 -0.3236
0.1698 -0.0545
0.7654 -0.2044
0.0239 -0.0121
0.6361 -0.4979
0.3695 -0.8252
0.6542 -0.5244
-0.0318 -0.8861
0.0296 -0.2575
0.7208 -0.3470
0.7611 0.3332
-0.3493 -0.6055
-0.1957 -0.8032
0.7192 0.0181
0.6720 0.0454
-0.6037 -0.1425
0.4897 0.2864
0.6619 0.3519
0.1637 0.7953
-0.1052 0.1243
-0.4463 -0.8291
1.4642 -1.7317
-0.9695 -0.1842
-0.0326 0.3907
0.3299 0.3469
-0.0671 -0.9655
-0.2598 -0.6532
-1.3071 -0.1541
-0.6937 0.0305
-0.0068 0.2572
0.5593 0.5515
0.4456 0.5191
0.2747 0.6762
0.4433 0.0414
-0.2988 -0.8301
-0.1584 -0.3468
0.4132 -0.3432
0.1075 0.7983
0.0747 0.0080
0.6750 0.0246
0.4634 -0.0988
-0.1289 0.0439
-0.0121 -0.0310
-0.2585 0.2748
-0.6489 0.2353
0.2912 -0.0904
4.6034 0.1018
4.0844 1.6479
4.5696 -0.9621
4.7490 -0.9376
4.4400 -0.9652
4.7395 0.3066
3.2428 0.8584
4.6742 -0.0664
4.8850 -1.9473
3.6037 -0.0840
4.3593 -0.8347
4.0553 -0.2978
5.2147 -0.0243
4.4025 -0.3237
5.4073 -0.2766
3.8812 -0.0214
4.3558 -0.6704
4.4258 0.2735
4.3322 0.7399
4.3204 0.7154
4.5007 0.0146
5.1322 0.5397
4.5598 -0.1740
5.0804 0.3934
4.5965 -0.6458
4.3523 0.1086
4.9684 0.8684
3.9322 -0.6920
2.6957 0.9730
4.4592 0.9867
4.4618 -0.7794
5.2093 -0.6098
4.4144 -0.1275
3.9361 0.2227
4.8214 -0.2181
3.5613 -0.2513
4.2811 0.1336
4.6024 0.0479
4.7651 0.0202
4.6770 0.0254
4.1176 -0.3475
4.6374 0.6347
3.9688 0.1553
5.2504 -0.6409
5.0285 -1.5695
4.5394 -0.0001
5.0543 -0.1365
4.4873 -0.0002
4.8018 -0.7761
3.5539 3.1192
4.5631 -0.4006
4.0994 -0.6455
4.0212 -0.4099
5.6404 0.3693
4.5315 -0.0514
4.5129 0.6144
3.5123 0.6526
5.1812 -0.6856
5.2041 0.2082
4.4930 0.1433
4.6883 -0.5211
1.2471 1.7411
4.1216 0.4679
4.5657 0.2967
4.4743 -0.0577
5.9467 -2.6335
5.0003 0.4243
4.6197 0.1126
4.7165 -0.2444
4.2897 -0.8624
4.5672 -0.1440
4.6498 -0.8217
5.8538 0.1758
7.7722 -0.6807
4.6834 -0.0869
4.3562 -0.6486
4.9472 0.3744
4.3745 0.7761
1.4426 -1.5500
4.8091 -0.0695
4.4978 -0.8003
2.7310 -0.2216
3.8784 0.9822
3.7882 0.2283
4.2223 0.6627
3.8317 -0.5315
4.3098 -0.1730
4.4893 0.1198
4.5688 -0.5880
4.2771 -0.4649
4.3721 -0.8796
4.3409 -0.0674
5.2484 -0.3199
4.6311 0.5115
4.6222 -0.1945
4.1804 -0.4334
4.3581 -0.0921
4.0516 -0.5086
4.8361 -0.3984
4.3314 0.7929
4.1631 0.0850
4.3849 0.9241
4.7759 0.6338
4.2986 0.3170
4.7184 0.3457
4.5042 -0.4202
4.3294 0.2388
5.2071 0.1153
4.9806 -0.1823
3.6951 -0.0223
3.7191 -0.1976
4.0773 0.3063
4.7907 -0.5925
3.6778 0.3730
4.5450 0.4539
3.3825 1.1462
3.9236 0.2877
4.1531 -0.9377
4.1358 0.1119
4.6122 -0.2553
4.2639 -0.6840
3.6270 0.2906
4.6268 -2.8519
4.5496 -0.1689
4.3170 0.1910
4.5805 0.0395
4.6662 -0.5397
3.9790 -0.5045
4.8769 0.0806
4.2000 0.7451
4.5384 0.0122
4.5002 -0.0053
6.3115 2.6205
4.8593 -0.1849
4.8823 0.5852
4.5061 -0.5142
4.4091 -0.7036
3.6911 0.4606
5.1637 0.1448
4.5178 0.0391
4.7612 0.0594
5.2121 -0.0553
4.6448 -0.3515
4.9305 0.1118
4.2817 -0.0048
4.4935 -0.1530
5.0587 0.0098
4.6448 0.0723
4.9322 -0.3516
4.8517 -0.1007
4.5479 0.3900
4.6562 0.4609
4.5398 0.2119
4.2872 -0.0527
4.6626 0.9749
4.4391 -0.0431
3.2993 1.6081
3.9647 -0.4938
3.9195 -0.0507
4.6324 -0.0689
4.0802 -1.6027
4.6703 0.0851
4.5481 -0.0520
3.7835 -0.1564
3.9179 -0.2760
3.5207 -0.0649
4.5076 -0.9781
5.1382 0.2456
5.1634 -0.6454
4.7812 -0.0961
4.4453 -0.2708
5.1368 0.5732
4.3490 -0.0626
1.6801 1.6147
4.4849 0.0057
4.3108 0.2871
5.2668 -0.4850
5.4156 0.2057
4.4137 -0.4295
4.4103 -0.2413
4.7671 -0.5623
4.1695 0.2567
4.2350 -0.8914
6.5066 -3.0066
4.3346 -0.4746
5.4707 0.2545
4.7257 -0.4992
4.6934 -0.8191
4.3278 0.0067
4.3213 0.1912
5.0523 0.4670
4.4114 0.2493
4.3840 0.6986
5.4675 0.0265
4.3973 -0.4053
5.3453 -0.0398
4.6160 -0.1363
4.6268 0.2677
4.1963 0.1883
4.2426 -0.3149
3.4136 -2.9885
4.9509 -0.2853
5.9156 -0.7153
4.3564 0.3591
4.3157 0.8716
3.9616 0.3434
4.2297 -0.0443
4.6526 -0.7896
4.4793 -0.5613
4.1000 0.4211
4.5974 0.6722
4.2131 -0.8125
4.4684 0.2551
4.4983 -0.0376
5.0241 0.5398
4.9196 -2.9121
4.2647 0.0634
4.0535 0.0756
4.9460 0.0138
4.6750 0.4751
4.3523 -0.2047
4.4481 -0.3220
4.4849 -0.0287
4.1596 0.0027
4.3627 0.1434
4.4630 0.5373
4.3538 0.0036
4.4126 -0.0462
5.0187 0.7957
4.7546 0.2197
4.5965 -0.4205
4.1608 0.4833
4.2741 -0.2478
4.2009 -0.3449
4.1563 0.4598
4.6521 0.0441
4.4738 0.1790
4.3533 0.1663
4.6897 -0.0555
3.9796 -0.3804
4.8690 -0.0412
4.5209 0.1867
4.1617 0.8866
4.9580 -0.3506
4.7487 0.1777
4.6839 -0.8535
4.3639 -0.0543
4.0447 0.2216
4.9586 -0.1878
3.6733 0.1394
