-0.0365 0.0130 0.0685
0.0822 0.0206 0.2289
0.0033 -0.0055 -0.0206
0.0026 0.0397 -0.0962
-0.4179 -0.0517 -0.2801
0.6467 -0.2164 0.0302
0.0076 0.0152 -0.2087
-0.2422 0.0489 -0.5034
-0.1348 1.0560 -0.0388
-0.7902 0.2966 -0.3209
0.6036 -0.4385 0.3805
0.0769 -0.1581 -0.2071
0.2843 -0.4426 -0.6720
-0.0398 -0.0592 0.0674
0.0169 -0.0021 -0.0804
0.5727 -0.4366 -0.4513
0.2248 0.1742 0.3054
-0.1126 -0.0502 0.7858
-0.2547 0.0169 0.5324
-0.1782 -0.2236 -0.3986
-0.7978 -0.1493 -0.3361
0.0263 0.0426 0.0169
0.0062 0.0017 0.0099
-0.1322 0.1100 -0.3287
-0.0551 -0.1969 0.3063
0.0255 0.0594 0.0286
0.4936 -0.3540 0.3662
0.1523 -0.3949 -0.8568
-0.2311 0.0063 0.3675
1.4685 1.1975 1.2550
-0.1077 -0.1080 -0.2954
0.5402 -1.1303 0.8052
0.2099 0.2194 0.4893
-0.1693 -0.0359 0.1781
-0.2796 0.1406 0.2782
-0.1367 0.6889 -0.1233
0.0464 -0.0586 0.2654
-0.0881 -0.1131 0.1275
-0.1947 -0.1485 0.0315
-0.1032 -0.0697 0.3066
0.0018 -0.0185 -0.0410
-0.0156 -0.0992 -0.2104
-0.3935 0.6859 0.0197
0.0829 -0.0671 0.2487
0.3802 -0.5172 0.4914
-0.2618 0.1454 -0.0944
0.2156 0.3722 0.6309
0.0101 0.0171 0.4036
-0.4615 0.5587 -0.2057
-0.2456 0.3842 0.4272
0.0496 -0.3397 -0.3760
0.1008 -0.3172 0.6751
-1.0718 1.3537 -1.5361
0.0092 -0.2925 -0.6527
-0.0001 -0.0049 0.9551
0.0185 -0.0135 0.4665
0.0913 0.4327 0.2673
-0.6389 -0.3102 -0.5356
0.0469 -0.0704 -0.1427
-0.0132 0.0461 0.9492
-0.5903 0.4435 0.1122
0.0322 0.1342 -0.4417
-0.3234 0.0808 -0.2367
0.2470 0.1130 0.1025
0.0671 0.0696 -0.0171
-0.1276 -0.0528 0.1168
-0.2440 -0.7535 -0.2317
0.1682 -0.4886 0.1246
-0.0679 0.0483 0.2119
0.0839 0.1506 -0.1943
-0.1321 -0.0118 0.1790
0.0137 0.0318 -0.2268
-0.1119 -0.2976 0.5731
-0.6799 -0.2962 -0.2906
-0.0080 0.0025 -0.2097
-0.1068 0.0218 -0.2407
-0.0879 -0.1097 0.2547
-0.0008 0.0031 0.9030
0.0446 -0.0877 0.1234
0.0307 0.1975 -0.2053
0.0747 0.0617 0.8277
-0.1818 -0.0022 0.3003
-0.0518 -0.0347 -0.3476
0.0231 -0.1695 -0.0125
-0.3507 0.0427 0.1252
-0.5605 -0.2802 0.2189
-0.2401 0.1663 0.4254
0.4731 0.3402 -0.1420
-0.0004 -0.0005 -0.0004
-0.1900 -0.5710 0.3672
0.0644 -0.0124 -0.0194
-0.0787 0.0605 -0.0723
-0.4167 -0.1522 0.1231
0.3485 -0.8573 0.1333
0.0008 0.0012 -0.0079
-0.1784 -0.0838 0.3730
-0.0549 -0.0066 -0.2745
0.4058 0.1100 -0.7780
0.0221 0.1145 -2.2662
0.0856 -0.2519 -0.0048
4.8365 -0.1523 -0.1138
4.2058 -0.0499 -0.7544
4.3447 -0.1403 0.1542
4.1182 0.1622 0.1179
3.8728 0.1180 -0.6576
3.8956 -0.4245 0.1512
4.2558 0.0032 0.4503
4.0352 -0.4048 0.4672
4.0090 -0.1282 0.4204
3.4851 -0.2354 0.7699
4.1862 0.1087 -0.7591
4.5137 0.0903 -0.0950
4.5167 0.1295 0.2561
3.8958 -0.1260 0.2594
4.0744 0.0486 0.4105
4.8691 0.0518 0.4661
4.4008 0.0903 -0.1513
4.0184 0.0130 0.0074
3.8886 0.0320 2.7175
4.6909 0.2206 -0.1438
3.7676 -0.1118 -0.0341
3.8186 0.1114 -0.1228
3.5745 -0.0641 -0.2917
3.9849 -0.0088 0.0026
4.0018 0.3535 0.4388
4.1478 -0.0937 0.3877
3.0014 0.5819 -2.4699
3.8312 0.6788 0.2744
4.4142 -0.0895 0.2225
3.9337 -0.0518 -0.8364
4.5131 -0.0564 0.0919
3.9987 -0.0289 0.7569
4.0154 0.0061 0.0296
4.0443 0.0361 0.3421
4.0182 0.0273 0.2038
3.5977 0.7561 -0.1726
4.1443 0.3371 -0.2578
3.9728 0.0790 0.0370
4.0226 0.0076 -0.2294
3.9667 -0.1146 -0.4737
4.2548 -0.1544 0.7498
4.1224 -0.1494 0.4536
4.0791 0.0890 -0.7052
4.7702 0.4055 -0.4663
4.0606 -0.0146 -0.0859
3.9827 -0.1185 0.1240
3.8920 0.0256 0.0872
3.9491 -0.0072 -0.8561
4.1210 0.0656 -0.1185
4.0915 0.0890 -0.1515
4.0360 -0.0908 -0.2230
3.9598 -0.0376 0.6000
3.9554 -0.0735 0.0346
3.7501 -0.3258 0.1721
4.0321 0.0612 -0.0089
3.9844 -0.0184 -0.0092
3.8137 -0.0606 0.0547
4.3076 0.5850 0.3337
4.0912 -0.3476 0.4231
3.9399 0.0999 0.8669
3.9254 -0.0364 -0.0542
4.2027 -0.5012 -0.3624
4.0524 0.1608 0.0350
4.6088 0.2888 0.5696
3.9768 0.0231 -0.3015
4.3043 0.0731 -0.7984
4.2910 -0.0126 0.2203
4.0500 0.0513 -0.8693
4.0045 -0.0151 0.1976
3.9981 0.0002 0.6251
3.9332 0.0296 -0.0756
3.7907 0.0148 -0.2090
3.4855 0.2510 -0.2530
4.3066 0.1330 0.0811
3.9908 0.0042 0.1571
3.8867 -0.0455 -0.3673
3.8044 0.1200 -0.7490
3.7366 0.1873 -0.3591
4.2860 0.0345 -0.2898
4.2009 0.0715 0.0383
3.8121 -0.1307 -0.8525
4.5565 -0.2672 -0.5299
5.6259 0.8136 -0.0019
3.9251 0.1226 0.8143
4.1270 0.5374 -0.6211
3.8797 0.0559 0.6501
5.7895 -1.5259 -1.3590
4.0183 0.0820 -0.1600
3.9338 -0.0300 -0.1797
4.2683 0.2178 0.0277
3.9044 0.4628 -0.3688
4.1007 -0.1482 0.0106
3.7853 -0.2249 0.1131
4.3117 -0.4239 0.8591
3.9953 0.0001 -0.0093
4.0689 0.0808 0.3427
3.5229 -0.1197 -0.0832
3.4189 -0.5547 0.2207
4.4622 -0.0471 0.0017
4.0322 -0.1674 -0.4607
