-0.5312 0.4463 0.1634
-0.1609 0.3163 -0.3693
0.1212 -0.1067 0.6849
-0.0600 -0.4545 0.4845
-2.2505 0.5029 0.1654
-0.6670 1.4629 -3.0089
0.2982 0.0195 -0.5418
-0.6076 -2.3389 -1.1566
0.0245 -0.0536 0.3625
0.7604 0.2162 0.4806
-0.0079 -0.0333 0.2010
0.0812 0.6471 0.4509
-0.0638 0.1530 -0.1199
-0.5282 0.3080 -0.2147
0.3006 -0.4989 0.9708
0.5450 -0.1632 0.7153
-0.0288 0.0182 0.0071
1.2174 -1.2761 2.3855
-0.0049 -0.0030 -0.0073
-0.3149 -0.8465 -0.3886
-0.2006 0.6479 0.4845
-0.0010 -0.0003 -2.2209
0.1483 0.1096 0.0501
0.0047 -0.2433 0.2194
-0.3161 0.1945 0.4639
0.0361 -0.4043 0.4349
0.5478 -0.0848 -0.2833
-0.4907 0.0079 0.7805
-0.1127 1.9249 0.4338
-0.7296 0.2168 -0.3356
0.0149 -0.0066 0.0064
-0.3741 -0.6819 -0.0392
-0.7144 0.4468 2.6749
0.0703 0.1809 0.0782
0.0750 0.1701 0.7859
0.4308 -0.4262 0.0524
1.4870 1.0438 1.8532
0.6811 -0.1326 0.4781
0.7710 -0.3182 0.2506
1.1409 0.5204 0.8833
-0.3963 -0.2763 -0.2769
0.0094 0.1194 0.0286
-0.0012 -0.7592 -0.3604
-0.3144 0.6688 0.0552
0.0703 -0.0179 0.1928
0.0559 -0.0753 -0.4110
0.3141 -0.0075 0.4565
0.0447 0.2350 -0.3165
-0.2149 0.1222 0.6111
0.6316 0.5064 -0.3257
0.2202 0.6330 0.7062
-0.3015 0.0551 -0.2272
-0.0715 -0.1676 -0.0383
0.1120 -0.1440 0.7930
0.2290 0.0623 0.4558
-0.0498 0.0263 0.1425
-0.0075 -0.0358 -0.1869
-0.0725 0.0166 -0.0105
-0.0284 -0.2403 0.0207
-0.0422 -0.0048 -0.0464
0.6286 -0.6523 0.2163
-0.1675 -0.0235 -0.6352
0.0960 0.0085 -0.1234
-0.1993 -0.2142 0.0864
0.0561 0.2465 0.0356
0.0310 -0.0151 0.0396
0.0350 0.2848 -0.2699
-0.0052 0.0785 -0.2772
0.1952 0.0751 0.2395
0.0205 0.0456 -0.0243
-0.4494 0.0228 0.2496
0.0937 0.3777 0.3056
0.1784 0.0073 -0.2043
-0.0141 -0.2071 1.7704
-0.0261 0.1544 -0.3395
0.2436 -0.3630 0.4370
0.2964 -1.9346 -2.2151
-0.5882 0.0951 -0.5502
-0.0906 -0.4435 -0.1187
-0.5958 -0.5798 0.3078
-0.0363 0.0411 -0.0148
0.1039 -0.1719 -0.8031
0.0381 -0.1517 -0.8738
0.0055 0.0116 -0.0924
-0.1650 0.2310 0.4992
-0.0122 -0.0054 -0.0262
0.9696 1.4676 -2.9972
0.1164 0.1723 1.2056
0.1651 0.0484 -0.2399
-0.0612 0.0314 0.2878
0.4045 -0.2093 0.1396
-0.0294 0.1137 0.5616
0.9933 2.8591 1.9739
-0.2419 -0.2482 -0.6259
-0.0304 -0.0474 -0.7080
-0.2973 0.2105 0.6254
-0.7823 -0.2287 -0.0005
0.0108 -0.0246 -0.0687
0.8384 -0.2051 0.3909
0.1559 -0.3653 0.9084
