0.0080 0.0115 -0.1190
-0.0127 -0.0009 -0.2166
0.0002 -0.0004 0.0039
0.0442 -0.0306 0.0488
-0.1440 -0.6883 -0.0588
-0.1503 0.5831 -0.1460
0.2175 -0.4978 0.6141
-0.5083 -0.5297 0.6775
-0.7042 -0.3562 0.3525
0.0209 0.0856 0.2575
0.1293 0.4058 -0.3081
-0.9178 -0.0507 0.0784
-0.1244 -0.2290 -0.2520
0.0063 -0.0969 -0.1698
-0.1776 0.3196 0.0937
0.0280 -0.0867 -0.0013
-0.3807 0.2970 0.0840
-0.1361 -0.0652 0.3488
-0.1768 0.0338 -0.1821
0.1720 -0.2261 -0.3623
0.0852 -0.1810 0.0567
0.2686 -0.2414 -0.6595
-0.3080 -0.1585 -0.6955
0.2215 -0.1223 0.1365
0.6117 -0.5890 0.1607
-0.1420 -0.3553 -0.6489
-0.0355 -0.0461 -0.0497
0.1872 0.3860 0.0541
-0.0517 -0.0147 -0.2564
-0.0391 -0.0592 -0.3265
0.2282 -0.2883 0.8055
0.1184 -0.0760 0.5298
-0.4646 0.0274 0.1094
0.2274 0.2868 -0.6603
-0.0015 -0.0039 -0.0113
0.2881 -0.1662 -0.8659
-1.0871 -0.5433 -2.4104
0.4251 -0.3951 0.1286
-0.0269 -0.0097 -0.0201
0.2779 -0.1799 0.7656
-0.2608 0.0775 -0.3899
-0.6227 0.7159 -1.4797
0.0505 -0.3673 0.2394
0.0703 -0.2476 0.5979
0.3021 0.0491 -0.6018
0.1345 0.0808 -0.3742
-0.2184 0.6790 0.1943
0.0444 -0.0937 0.0068
-0.4413 -0.1734 -0.5387
-0.0899 -0.2533 -0.6387
-0.0271 0.1190 0.0965
0.0273 0.0087 -0.0498
0.4930 -0.1541 0.2077
0.4572 -0.4774 -0.3463
0.5977 0.0593 0.2553
-0.0453 -0.0372 -0.0196
0.3173 -0.2235 0.1346
-0.2973 0.7160 0.0796
0.0440 -0.1165 0.3975
-0.6785 -0.6824 -0.1934
0.8125 0.5456 2.3489
0.6071 -0.1825 0.1164
0.0895 -0.0005 -0.4456
0.0641 -0.1272 -0.1074
-0.5209 0.4095 0.3891
-0.2150 0.0133 -0.0340
-0.0143 0.0044 0.0852
-0.6605 -0.1249 -0.3901
-0.4049 0.0051 -0.8198
-0.3192 0.4897 0.1932
0.2216 0.4985 -0.5712
0.9148 -0.0012 -0.0652
-0.0939 -0.4975 0.4256
-0.1413 -0.0446 0.1636
0.1723 0.3304 0.2472
0.0321 -0.1316 -0.5084
0.0396 0.0180 0.1294
0.5998 0.3641 0.5510
-0.2025 0.7159 -0.4477
-0.0056 0.0458 0.0237
-0.2548 0.1789 -0.2532
-0.0202 -0.0014 -0.1448
0.0254 -0.1085 0.3944
-0.0002 0.0004 -0.5094
0.3490 0.0002 -0.3560
0.5450 0.6761 0.1437
0.0126 0.3409 -0.1797
-0.7405 0.5543 -0.0682
0.0031 -0.0019 0.0002
0.1114 0.2433 0.3959
-0.1221 0.2701 0.1565
0.4335 0.6449 0.1857
0.0198 -0.0046 0.4838
0.0822 0.1482 0.0648
0.0471 -0.0953 -0.1764
1.1383 -2.5406 -1.1333
-0.1849 -0.6768 -0.2437
-0.0880 0.1404 0.3391
0.3313 0.1447 -0.2788
0.1724 0.5073 0.2501
4.2127 -0.0348 0.2140
3.8323 -0.1018 0.5189
4.1702 -0.8564 0.3154
4.0560 0.0856 0.0593
3.8436 -0.1807 0.4930
4.2370 -0.1151 0.2794
3.9959 0.0089 0.0141
3.9608 -0.0006 -0.9833
4.0553 -0.1548 -0.1295
4.1372 -0.0432 -0.3188
3.8497 -0.0475 -0.4264
4.5323 -0.4239 0.2274
3.7074 0.3008 0.0313
3.7766 0.0893 -0.7935
3.7608 -0.4148 -0.3094
4.0353 0.0004 0.4166
3.9506 0.0656 -0.0238
4.0496 0.0393 0.0337
4.0852 0.2112 0.6325
4.2719 -0.2064 -0.1436
4.0047 0.0125 0.0033
3.8911 -0.0587 -0.0889
3.1079 0.8612 2.5873
3.9884 -0.0741 0.0213
3.8019 0.1371 -0.1790
3.9950 0.0547 0.2196
3.9723 0.0078 -0.0710
3.9765 -0.0767 0.2125
4.0069 -0.0383 0.5248
3.9701 -0.5356 0.0158
4.0792 0.1168 0.1719
3.7056 0.5713 0.1948
3.1782 0.5037 0.1388
4.0675 -0.4719 -0.8280
3.8274 0.0244 -0.2831
4.2982 -0.2801 -0.1858
4.0603 -0.1425 -0.0012
4.0625 -0.0514 0.0924
3.9824 0.1336 -0.3627
4.9242 1.3144 -1.5629
3.9840 0.0290 -0.6068
3.8528 0.0129 0.0101
3.6602 0.7407 0.1684
3.9925 0.0062 -0.0057
4.0127 0.0372 0.0075
4.1079 -0.2942 -0.3094
3.9842 -0.0109 0.0945
4.4413 0.5913 -1.1277
3.9974 0.0009 0.6780
3.8916 -0.2242 -0.0026
3.2451 0.1367 -0.1237
3.8676 -0.7377 0.1052
3.8150 -0.4644 -0.1984
3.9231 0.2866 -0.2764
3.9448 -0.0278 -0.1132
3.7852 0.0718 0.4397
4.2720 -0.3069 0.2579
3.3914 -0.1620 -0.0265
4.0435 0.5343 -0.2173
4.3369 0.0615 0.4216
3.8296 -0.6637 -0.3770
4.1604 -0.1418 1.6084
3.9679 0.0221 0.9620
4.5447 -0.1643 0.2811
3.9973 0.7813 -0.1590
3.9252 0.0358 -0.0097
4.6158 -0.4840 -0.3329
4.2073 0.6028 0.7252
3.8726 -0.1147 -0.1133
3.3066 -0.2222 0.5430
3.9976 0.0056 -0.0492
3.8821 -0.2093 0.5916
3.8827 -0.1606 -0.2087
4.2250 0.2716 0.0963
3.9635 0.0205 0.0492
4.1821 0.7167 -0.0037
4.2313 1.0414 0.6571
3.8375 0.3359 0.5894
3.9349 0.1090 -0.2721
3.5785 0.2308 -0.1109
3.9421 -0.0157 -0.0421
3.8585 -0.0151 0.3166
3.5588 0.1366 0.4309
3.8046 0.1067 0.7199
4.3202 -0.0028 -0.6866
4.0567 0.0031 -0.1875
3.8341 -0.0783 0.9690
4.1538 -0.0269 0.0753
4.0053 -0.0019 0.9410
3.9731 0.0574 -0.0128
3.4710 0.2646 0.7364
3.9528 0.0191 0.8984
4.1507 -0.1879 -0.0358
4.2140 0.0302 -0.0955
3.9922 0.0056 -0.9231
3.9847 -0.0006 -0.5538
4.1436 0.7055 -0.0204
6.6366 0.8613 -0.1658
3.5253 0.4894 -0.4636
3.9938 -0.0017 0.0044
