-0.1815 1.8597 -1.9401
0.1595 0.1804 -0.3579
0.0511 -0.0442 -0.1743
0.0200 0.0031 -0.1948
-0.1009 -0.2789 0.1057
-0.2301 -0.2688 0.5234
-0.0106 0.0018 -0.2965
-0.0112 0.0721 0.5965
-0.4683 0.3373 -0.6738
-0.0510 0.0140 -0.1362
0.3990 -0.4501 -0.6715
-0.6429 -0.5060 -0.3626
-0.0264 -0.1726 0.2818
0.5283 -0.0519 -0.1375
0.0174 -0.0027 -0.1789
0.2485 0.0851 -0.7901
-0.9528 -1.1262 -1.7460
0.2758 0.0504 -0.2383
-0.0602 0.8100 -0.4898
-0.0096 -0.0092 0.0004
-0.4233 -0.2796 0.6667
0.2416 -0.7112 0.3830
0.3672 -0.2401 0.4765
-0.0537 0.0015 0.0224
0.1926 -0.0076 -0.2840
0.5561 -0.0234 0.3176
0.2220 -0.2374 -0.4788
-0.0328 0.1847 0.8029
1.6244 -0.4544 -0.2182
-0.1388 0.3004 0.4899
