-0.7050 -0.7878
-0.1782 -0.4129
0.2824 0.5410
0.2461 0.1802
-0.3931 0.6099
0.1144 -1.7282
0.2654 -0.1168
-0.2173 0.3723
-0.1891 -0.0178
-0.0386 0.2801
-0.2258 0.4372
-0.1435 0.9818
0.3354 0.0872
1.6789 0.3205
-0.0972 -0.0154
-0.0650 -0.0932
0.0177 -0.0276
-0.1227 -0.3182
-0.0074 0.0020
0.7196 -0.0430
0.0488 -0.0181
-0.0194 -0.0008
-0.3763 -0.1921
-0.0114 0.0550
-0.0080 0.0997
-0.0301 -0.4919
1.5594 0.1772
-0.7223 0.3427
0.1590 -0.0040
-0.3730 -0.2450
0.0406 0.0709
-0.4808 0.3930
0.1217 0.1426
-0.4503 -0.1271
-0.4104 -0.0962
-0.2480 0.2801
-0.6228 0.3872
-0.1641 -0.1892
-0.1552 0.2005
-0.1269 -0.8018
-0.2088 0.9667
0.0172 -0.6101
0.5641 -0.0177
-0.6851 0.4826
-0.6723 0.5787
-0.0605 0.0637
-0.1351 0.0653
-0.8531 -1.5685
0.8427 0.0969
-0.1655 0.3928
