0.0511 0.2000 0.7132
0.0097 -0.1210 0.1478
-0.2699 -0.1507 -0.7148
0.0062 0.5156 -0.3611
-0.2148 -0.2736 -0.3552
-0.0403 -0.0497 0.6449
0.3959 -1.1524 2.3091
-0.0003 -0.0012 0.0032
-0.0340 0.4087 -0.6704
-0.0741 0.0709 -0.1501
0.0357 0.0671 -0.1944
-0.1025 -0.0786 -0.0860
0.0179 -0.0361 -0.7524
-0.0064 0.0139 0.1298
0.2142 -1.9201 2.0463
0.0005 -0.0013 -0.3311
0.0762 -0.4004 0.2888
-0.0551 -0.3227 0.7694
-0.0855 0.1763 0.0513
0.4707 0.8743 3.0045
-0.0130 -0.0121 -0.0081
0.2071 -0.7020 0.1410
-0.1969 -0.2356 0.2114
0.0475 -0.2075 0.2106
0.3851 0.2224 0.2795
0.0482 0.0545 -0.2701
0.4776 -0.0578 -0.4921
-0.2567 0.6168 0.2164
0.4249 0.2239 0.0295
-0.2958 0.0107 1.3486
0.0738 0.3673 0.3228
-0.0630 -0.0671 -0.1754
0.0513 0.0140 -0.0730
-0.0275 0.0697 -0.1454
-2.6582 2.0870 -1.3353
-0.0838 0.0579 -2.2674
0.0845 -0.5243 -0.1965
0.1431 0.1324 0.0259
-0.1811 0.0000 0.1172
0.0492 0.1532 0.4032
0.0403 0.3841 0.4404
0.6363 -0.2139 0.6823
-0.1765 -0.1026 -0.1777
0.0304 -0.0792 0.1438
0.2682 0.2893 0.2026
-0.0278 -0.0483 0.1738
-0.1522 0.0097 0.4490
0.4197 0.1120 -0.4863
-0.5636 -0.4427 2.5426
-0.7349 -0.0506 0.1313
