0.2135 -0.0973 -0.7518
-0.1004 -0.0693 0.9139
-0.0466 -0.0217 -0.2422
0.0649 0.1760 -0.1019
0.0038 0.0450 0.0182
0.3387 -0.2080 0.3363
-0.0549 -0.0323 -0.2335
-0.3782 -0.0248 -0.3448
-0.0334 -0.0219 0.0847
-0.0078 0.0139 0.1814
0.3930 -0.1628 0.8472
0.0222 -0.0610 -0.2951
0.0183 -0.0031 -0.5146
0.2474 -0.2261 -0.6017
0.3073 -0.1439 -0.0035
0.1122 0.1604 -0.3466
0.0661 -0.0360 -0.4076
-0.0743 -0.0117 0.1657
-0.0049 -0.0040 0.0525
0.1533 -0.4097 0.4798
0.0150 0.0991 0.3115
-0.0850 0.1364 0.2324
0.1968 -0.0754 -0.7861
-0.2677 -0.4239 0.5948
0.1664 -0.3000 0.6868
-0.0597 -0.1409 0.0605
-0.6190 0.0283 0.2344
0.1197 0.1099 0.1902
0.1125 0.0902 0.1100
-0.0132 -0.0202 -0.0316
0.0536 0.0275 0.1121
-0.1725 0.2582 0.8637
-0.4275 -0.2160 -0.3189
0.3126 -0.1787 0.0511
0.0909 -0.2714 0.2843
-0.3523 0.1436 -0.5384
0.0267 -0.0178 0.1005
-0.1705 0.7182 0.4162
0.3180 -0.0270 0.7491
0.1309 0.1498 0.6961
0.4378 0.0551 0.1475
-0.3038 -0.0108 -0.2773
0.3783 -0.0569 0.5158
0.0283 -0.0257 -0.0186
-0.0725 0.1288 -0.4565
0.0779 0.0865 -0.0611
0.1205 -0.0888 -0.2654
-0.0822 0.2179 -0.0563
0.1819 -0.4500 0.0159
0.1076 0.0381 -0.2037
0.0034 -0.0021 -0.0023
0.0413 -0.1591 -0.5400
-0.0223 0.0039 -0.0004
-0.1841 -0.2080 0.0154
-0.0347 -0.0474 -0.1960
0.4044 -0.5906 -0.3692
0.0003 -0.5643 -0.1605
0.0013 0.0183 -0.0415
0.5377 -0.6424 0.0505
-0.0063 0.2250 0.4142
0.2408 -0.0657 -0.8653
-0.0045 0.1706 0.0655
0.3784 -0.0707 -0.0207
-0.0002 0.0132 0.0556
-0.3218 0.3889 0.3870
0.0021 -0.0307 -0.0352
0.1737 -0.1870 0.5541
-0.1158 0.0445 -0.0496
0.1830 -0.5497 -0.7405
0.0251 -0.6895 -0.1037
-0.2735 0.0566 -0.7165
-0.4569 -0.2642 0.4631
-0.2548 -0.0138 0.1496
-0.0695 -0.0031 0.2669
-0.1330 -0.6617 0.3178
0.4144 0.3870 0.4641
0.5399 -0.2687 -0.0229
-0.4003 -0.0910 0.5950
0.4194 0.2395 -0.6803
0.1901 -0.1487 -0.0873
0.0550 0.0694 0.9794
0.1403 -0.7378 -0.5831
0.2117 -0.0560 0.1995
-0.2430 0.3184 0.0804
0.3152 0.3464 -0.0198
0.3146 -0.2563 -0.6151
-0.0095 -0.1254 0.1592
0.0123 0.0127 0.0040
0.7142 -0.3497 0.5860
0.3713 0.6834 0.4792
-0.1152 -0.7382 0.6273
-0.1185 0.1306 0.3393
0.1754 -0.0985 -0.5228
-0.0010 -0.0640 0.1077
0.1760 -0.2047 0.1096
0.0138 0.0066 0.5161
0.0268 -0.6459 -0.3481
-0.0580 -0.1221 0.4035
-0.0281 0.0484 0.6201
-0.3558 -0.1467 0.2810
0.3362 0.0737 0.4320
0.1292 0.3662 0.2600
-0.3108 0.0215 0.5600
0.1913 0.0196 -0.8761
0.5513 -0.3033 0.2005
-0.1024 -0.1264 0.7046
-0.0165 -0.0796 0.2720
0.0021 -0.0064 0.1464
-0.4693 0.2001 0.7873
-0.1032 -0.2535 0.0555
-0.0475 -0.3653 -0.0124
0.0282 0.4236 -0.6351
0.0056 -0.0288 -0.0578
0.0096 -0.1773 -0.0340
-0.1202 -0.0507 -0.5128
-0.7057 -0.6642 0.0235
-0.2050 -0.0601 -0.0410
-0.0011 0.0075 -0.0307
-0.0953 0.5857 0.3578
0.0343 0.1187 -0.0663
-0.0268 0.5795 -0.2516
-0.0032 0.0179 0.2402
0.1446 -0.0863 -0.1795
0.2056 -0.5423 0.0522
0.1280 0.1261 -0.4016
0.1510 0.1937 0.3116
-0.3064 0.0298 -0.4976
0.3453 -0.5417 0.3139
-0.0213 -0.0212 0.0719
-0.1915 0.0989 0.1985
0.0685 -0.2539 -0.0877
-0.0918 -0.0173 0.1475
-0.3181 0.3727 -0.6037
-0.1364 -0.0001 0.4432
-0.0308 0.0018 -0.0531
-0.0008 -0.0310 -0.0711
0.0162 0.0377 -0.1518
-0.0672 -0.2642 -0.0272
0.2943 -0.3996 0.8457
-0.2410 -0.3302 -0.0181
-0.0012 0.0114 0.0894
-0.1917 0.6290 0.2273
0.0344 0.0004 -0.0060
-0.0499 -0.2485 0.3575
-0.3430 0.0176 0.4244
0.2295 -0.1888 0.4706
-0.2055 -0.2597 0.5274
0.1192 -0.1094 0.0664
-0.0291 -0.1242 0.1171
0.0977 0.1501 0.0572
-0.7343 0.3376 -0.3451
-0.8102 -0.1489 0.0102
0.2873 0.2715 -0.6381
0.2099 -0.2762 -0.4911
0.3210 -0.1628 -0.1754
-0.6023 -0.1620 -0.1654
-0.0030 0.6502 -0.1597
-0.2947 0.0996 0.1489
0.1523 0.3582 0.0073
-0.1159 0.2248 0.2084
0.0240 -0.0324 -0.2653
-0.3742 0.2103 0.0275
0.2048 0.2527 -0.8024
-0.0805 0.1884 -0.9504
0.1597 -0.6073 -0.6596
-0.2895 0.8900 0.0970
0.1810 0.0153 0.4103
0.3465 0.0465 0.6823
-0.0149 -0.0123 -0.6620
0.1274 0.0026 -0.9198
0.2510 -0.0406 0.0735
0.0122 -0.0056 0.0239
0.1705 -0.1438 -0.3807
0.0623 0.2864 0.6138
0.0322 0.6722 0.4678
0.2103 0.5777 -0.4119
-0.0452 0.3460 0.0746
0.0872 -0.0799 0.1521
0.7813 -0.4880 -0.2635
0.6487 0.0407 0.2513
-0.1653 -0.0324 0.0805
-0.2884 0.0291 0.0562
-0.6840 0.2870 0.6427
0.6711 -0.0090 -0.1713
0.0096 -0.0262 0.8621
0.3630 0.0197 0.2213
-0.1835 0.0108 0.2991
0.5171 -0.5977 -0.5634
0.4919 0.0771 0.6192
0.4875 -0.6516 0.5401
0.6586 0.3003 -0.5610
0.1575 -0.2691 -0.2253
-0.2209 0.0532 0.2509
-0.1487 -0.1348 0.2654
-0.0387 -0.3978 0.9158
-0.2111 0.4057 0.6162
-0.0458 0.0591 0.0441
-0.0850 -0.1397 0.5466
-0.0760 -0.2595 -0.8330
-0.6085 0.0020 0.3545
