-0.1638 0.1837 0.2870
0.1585 0.0006 -0.3232
0.0686 0.1209 -0.2442
-0.0305 -0.1807 -0.2437
0.0003 0.0184 0.8706
0.0876 0.0242 -0.1824
0.0193 -0.0346 0.0011
-0.1425 0.0081 0.0302
-0.4621 0.3452 -0.1877
-0.3331 -0.3881 -0.1658
0.1146 -0.0439 0.0046
0.0031 -0.2725 -0.7143
-0.5643 -0.3471 -0.6820
0.2826 0.0603 -0.3857
-0.3609 -0.2485 -0.8204
0.1642 -0.3667 -0.1293
0.2070 -0.1161 -0.4519
0.1215 1.8053 1.0241
-0.0101 -0.0375 0.2661
0.0821 -0.0128 0.7392
0.0472 0.0850 -0.5167
-0.4911 -0.3064 -0.0426
-0.5205 -0.1876 -0.1680
0.0659 0.5169 0.1421
-0.4374 0.1979 0.2087
-0.5061 0.2430 -0.5559
0.1396 0.0047 -0.4839
-0.0563 -0.4654 -0.0019
-0.2390 -0.2414 -0.4794
-0.0050 -0.0301 0.0920
-0.8028 0.5590 -0.1936
-0.4601 -0.3106 0.0407
0.0000 -0.0000 0.0229
0.2378 0.1777 -0.1846
-0.0903 0.0398 -0.4253
0.3840 0.3617 0.4386
0.0080 -0.0028 -0.0277
-0.7674 0.2375 1.8718
0.1615 0.0282 -0.5014
-0.0306 0.0051 0.0079
0.0542 0.7967 -0.0199
0.5850 -0.2964 -0.5606
0.0791 -0.1146 -0.9294
0.0273 -0.0453 0.0846
-0.4483 0.2759 0.3527
-0.0165 -0.0080 0.8517
0.4504 -0.0558 -0.2515
-0.6201 0.5413 0.4057
0.1429 -0.0991 -0.1515
-0.1068 -0.1075 0.2316
-0.2967 -0.4219 0.4278
-0.1724 -0.2107 0.9144
0.1663 -0.0741 -0.5469
0.2506 0.2683 0.2624
0.1057 0.2323 0.3954
0.0881 0.0965 -0.8334
-0.2476 0.1911 0.0785
-0.1191 -0.1153 0.0921
-0.0638 -0.0854 -0.0757
0.0578 -0.0102 0.2812
-0.0351 -0.0332 0.1649
-0.0468 -0.0301 0.0957
-0.4957 0.1845 -0.3879
0.0526 0.1268 -0.1967
0.0151 -0.0298 -0.0635
0.2160 -0.2054 -0.6635
-0.1918 -0.0160 -0.1509
0.0012 0.0829 -0.0815
0.4173 0.6405 0.1944
-0.3814 0.4280 -0.2292
0.0454 0.0086 -0.2599
0.2736 0.0785 0.0816
-0.0166 -0.0146 0.6019
-0.1198 0.0082 0.1087
0.4997 0.4064 -0.1563
0.0381 -0.0671 0.0530
0.3016 -0.3150 0.7898
0.5999 0.4804 -0.6242
0.0581 0.3380 0.2115
0.5857 -0.2034 -0.1292
-0.1127 -0.5350 0.0959
-0.1090 0.0911 0.6688
0.1024 0.1064 -0.0975
-0.0367 0.0635 0.5236
0.3449 -0.3246 -0.2758
-0.5260 0.2591 0.3918
0.0439 0.0198 0.0230
-0.2092 0.5811 0.7153
-0.2017 -0.1851 0.6181
-0.0708 -0.4420 0.5596
0.0111 0.0597 0.2701
-0.2058 0.4238 -0.6992
0.1286 0.1405 -0.0350
-0.1069 -0.0571 0.0085
-0.5156 0.1614 0.2209
-0.0318 -0.0670 0.6783
-0.0937 0.1134 -0.3017
-0.0246 -0.0294 0.0237
0.2695 0.7477 0.4848
0.3469 0.0333 0.8112
0.3282 -0.7400 -0.3424
0.4230 0.0401 0.0327
0.0092 0.2422 -0.8769
0.1969 0.0519 0.4789
0.5126 -0.4995 0.1293
-0.0852 -0.0023 0.6813
0.0889 0.3147 -0.8148
0.5458 -0.6850 -1.9888
0.2388 0.3746 0.6349
0.0573 -0.0272 -0.0170
-0.1687 0.1872 0.3867
-0.0088 -0.0995 0.2901
-0.5662 -0.2955 0.6876
0.0078 -0.1164 -0.6088
-0.0413 0.1779 -0.0941
-0.0617 0.0412 0.0367
0.0103 0.0034 -0.2930
0.0292 -0.0176 -0.0481
0.2247 0.2436 -0.4181
-0.5306 0.1203 -0.1409
0.0803 0.1825 -0.3769
0.0996 0.1295 0.8996
-0.0798 -0.1652 -0.0610
-0.1318 -0.2370 -0.4342
-1.4348 0.9898 -0.2485
0.3618 -0.4095 0.3368
0.6232 -0.2471 -0.2190
0.0967 -0.0005 -0.0864
-0.0420 -0.0755 0.1581
-0.0788 -0.3473 -0.5170
-0.1513 -0.2028 -0.4607
0.1153 0.2127 -0.1051
0.0293 -0.1926 0.8504
1.0749 -0.8772 1.7597
-0.0143 0.0243 0.1377
-0.1160 -0.0617 0.1854
0.0182 0.0490 -0.2216
-0.2905 0.3225 0.8761
-0.2378 0.2760 0.3786
0.6736 0.1194 -0.1621
-0.3175 -0.0661 -0.1426
0.7540 0.5056 0.2175
-0.3683 -0.1040 0.6789
-0.0927 0.1693 0.3595
0.7951 -0.1979 -0.4589
0.3092 -0.0248 -0.4625
-0.1791 -0.1376 -0.0136
-0.1565 -0.1071 -0.6256
0.7448 -0.3512 0.2894
-0.1980 0.2461 0.5765
0.1591 -0.0215 -0.0482
0.1480 0.1655 0.7821
-0.9555 0.0301 -0.2190
-0.6078 0.0833 -0.3747
-0.6791 -0.2734 0.2166
-0.0442 0.5324 -0.7698
0.0224 -0.1431 0.1155
0.4564 -0.1766 0.7182
-0.0736 -0.0003 0.5651
-0.0789 0.0804 0.0357
-0.1945 0.3018 0.7044
-0.3572 -0.5143 -0.2390
-0.3417 0.1207 0.1594
-0.0173 -0.0272 -0.0012
-0.0224 0.0684 0.4317
-0.1687 0.1143 -0.5639
-0.1177 -0.6440 0.2513
0.3431 -0.4085 -0.6897
-0.0983 0.4577 0.3765
0.0426 0.5826 0.3070
0.0077 0.0071 -0.0242
0.0128 0.0718 0.0965
-0.4106 0.3718 0.6767
0.1625 -0.0308 0.0712
0.2091 0.1435 -0.0558
-0.0509 0.1688 0.7613
0.0853 0.2236 -0.9559
0.0276 0.0131 -0.4598
-0.1599 0.2201 -0.7759
0.0001 -0.0240 -0.1859
-0.2899 -0.2227 0.2071
0.3767 0.5621 -0.3327
0.0592 -0.0002 0.0013
-0.4423 0.1200 -0.2126
0.4611 0.1238 0.0553
-0.0590 0.0117 0.7742
0.0399 0.0590 0.3977
-0.0005 0.0019 0.3557
0.3535 -0.3252 -0.1218
0.1319 -0.2183 -0.2391
0.2844 0.2597 0.5070
-0.6175 -0.5532 -0.2746
-0.1902 0.3337 -0.2414
0.0464 -0.2303 0.3655
0.1319 -0.7197 -0.5683
0.9405 0.4708 0.4949
0.0697 0.0274 0.5385
0.5374 -1.8077 -1.1785
-0.2996 -0.2486 0.1761
-0.0003 -2.0273 -0.9719
1.4688 0.1456 -0.4779
0.4888 0.3210 0.1446
0.1707 -0.5755 0.0371
0.0086 0.0190 0.0269
0.0215 0.3011 0.1296
-0.0397 -0.0327 0.1075
0.0993 -0.0606 0.1189
0.0452 0.0717 0.0309
-0.5011 0.0568 0.1965
-0.1270 -0.4952 -0.1776
0.4552 -0.3779 0.6370
-0.0018 -0.0035 -0.1001
0.0043 -0.0788 0.2877
-0.5650 0.0250 0.1396
-0.5827 -0.1057 -0.3476
0.0120 -0.0622 -0.1349
0.0757 -0.2633 -0.1070
-0.0952 0.2700 -0.1032
0.2132 -0.4432 -0.3445
-0.1300 -0.1136 -0.6826
-0.0021 -0.0145 -0.2959
-0.4274 -0.0120 0.1313
0.0144 0.0028 0.8250
-1.1299 -0.2760 -1.2493
-0.0149 0.0007 0.0217
0.1247 -0.3092 0.3388
-0.0004 -0.0002 0.0023
-0.0307 0.0410 0.1011
0.0593 -0.1202 -0.0264
0.0124 0.0200 0.0204
0.2104 -0.1207 -0.6115
0.0105 0.0056 0.0193
0.6247 -0.0848 0.1632
0.0345 0.0428 1.2923
0.2298 -0.1668 0.2022
0.3425 0.3818 -0.6794
-0.3398 0.1571 -0.8144
-0.1416 0.0256 0.2287
-0.1906 -0.2045 -0.4189
0.1581 -0.4508 -0.4365
0.2122 0.5065 -0.1192
0.1282 0.5050 -0.2579
0.0087 -0.0008 -0.0055
0.4109 0.0756 0.6672
0.2896 0.3011 0.1299
-0.1598 -0.1207 0.0526
0.1162 -0.1886 0.9043
0.0810 0.1344 -0.1251
-0.0488 -0.0289 0.0029
-0.0014 -0.0149 -0.0239
3.1562 -0.6640 -0.3867
3.3175 0.3449 2.4859
3.7105 -0.3382 -0.4287
3.6828 0.3796 -0.1121
3.3470 -0.5661 0.0266
3.5169 0.1231 0.2651
3.6574 0.0312 0.7116
3.7319 -0.3079 -0.8522
3.6396 0.0517 -0.1251
4.2110 -0.1627 -0.4280
3.5415 -0.0776 -0.1429
4.0349 -0.3964 -0.2789
3.8486 0.5872 -0.3484
3.4094 0.1160 -0.3127
3.9605 0.0809 0.1124
3.1214 -0.4889 0.4324
3.4589 -0.0723 0.0299
3.6471 -0.8090 -0.2451
3.6412 -0.3648 0.3602
3.1328 -0.4072 -0.0266
3.3761 0.2866 -0.4070
3.6351 -0.0585 0.3266
3.5071 -0.0083 0.8070
3.7836 -0.3121 0.1564
3.3025 -0.3365 -0.3534
3.5052 0.0034 -0.2440
3.7494 0.0958 -0.1135
3.4910 -0.0024 0.2004
3.2329 -0.0894 -0.3883
3.2917 -0.0465 -0.0637
3.9884 -0.3736 0.2393
3.8710 0.0518 0.4836
3.3422 0.0940 -0.7407
3.7746 -0.3263 0.4546
3.2095 -0.2880 0.7306
3.5406 0.0301 0.4167
3.7619 -0.1219 0.0352
3.5076 -0.0016 0.0426
3.6159 -0.5974 -0.0976
3.4302 0.1195 -0.4926
3.4828 -0.4785 -0.5910
3.4078 0.0117 -0.2137
3.4766 0.0128 0.2919
3.1063 -0.2975 0.4989
3.0138 0.3725 -0.1579
2.7754 0.2672 0.1340
3.7512 -0.3166 0.1241
3.0565 0.0678 0.3900
3.5284 0.1153 -0.4255
3.2118 0.3644 -0.0065
4.0511 0.1811 -0.1411
3.7098 -0.2614 -0.7448
4.0509 0.2726 -0.5074
3.4530 -0.0480 -0.4569
2.6750 0.3112 0.4489
2.9728 0.7223 -0.2308
3.0383 -0.0217 -0.1062
3.5073 -0.0355 -0.4691
3.5485 0.0785 -0.6694
3.6715 0.0746 0.0601
3.2045 0.2934 0.1745
3.5485 0.0930 0.1093
2.9205 -1.0302 0.5722
3.5473 0.1982 -0.3377
3.6291 0.0468 0.3383
4.0744 -0.5845 1.8400
3.5771 0.0428 0.0041
3.5792 -0.6421 -0.0594
3.6999 -0.2078 0.9367
3.3469 0.2235 -0.0875
4.0211 0.7700 -0.0779
4.9012 -0.5078 1.4890
3.4998 -0.0023 0.1959
3.6104 -0.0198 0.4230
3.1938 -0.5132 -0.3728
3.6245 -0.1994 -0.1238
3.9700 0.3402 -0.4352
3.4100 0.1718 -0.9098
4.2032 -0.5100 -0.2845
3.6326 -0.2672 -0.7148
3.8288 0.4889 0.3848
3.3838 -0.4014 -0.3823
3.4657 -0.1490 -0.2430
3.8586 0.0185 0.5756
3.8659 0.0877 0.0838
3.1168 0.4589 -0.6955
4.1885 -0.1903 0.6535
3.4797 -0.0615 0.9490
3.3082 -0.0766 0.1315
3.2323 -0.8456 -0.0620
3.9420 -0.1452 0.2082
3.4424 0.0342 0.6052
3.5189 -0.6650 -0.6314
3.5003 0.0272 0.0247
3.4263 -0.9738 0.0608
3.5054 -0.0040 0.5461
3.7365 -0.0943 0.5709
3.5254 0.0010 0.0073
3.4711 -0.0386 0.4751
4.2482 -0.5685 -0.2868
3.2730 -0.1228 0.3490
3.8039 -0.5694 -0.1110
3.0987 -0.9034 0.0129
3.2150 -0.0577 -0.0120
3.2742 0.1151 -0.0196
2.8047 0.6182 0.8637
3.4883 0.1661 0.2270
3.1701 0.1157 -0.5715
2.7528 -0.0800 0.1067
3.4978 1.3666 -0.9812
3.5758 0.3435 -0.4758
3.5068 -0.0044 0.1513
4.2857 0.6408 -0.7214
3.4923 -0.0060 0.1404
3.4178 0.1067 -0.4334
3.0312 -0.4260 0.0133
3.2896 -0.0716 -0.2217
2.7351 0.2314 0.4240
3.4904 -0.0181 -0.0533
3.3806 -0.0148 -0.1521
3.5155 -0.0478 -0.0379
3.4483 -0.0502 -0.0232
3.3055 0.0548 0.2384
3.5092 0.0086 -0.3032
3.4246 -0.0057 0.3425
4.5137 -0.2520 1.3279
3.2956 0.5304 0.5507
3.4805 0.0300 0.0323
3.3993 0.1166 -0.5178
4.0725 0.1293 0.3307
4.1298 -0.2125 0.3316
3.7822 -0.2244 0.1630
3.5037 -0.5696 0.6187
3.3150 0.2916 0.2632
3.4235 -0.7241 -0.6052
3.4464 -0.2746 -0.1224
3.7349 -0.1512 0.7519
3.6745 0.1616 -0.0517
3.5033 0.0007 0.0509
3.5341 0.0583 -0.4731
3.5079 -0.0297 -0.9056
3.6155 -0.1686 -0.1735
3.4017 -0.0928 0.1806
3.9747 -0.3478 0.0685
3.4758 -0.0306 0.0035
3.4821 0.1464 0.3684
3.4989 0.3237 0.7796
3.0133 0.4171 -0.5251
3.7627 0.2307 0.0170
2.9555 0.3082 -0.6220
3.0668 0.7212 -0.1801
3.6462 -0.6513 -0.4789
5.2784 -0.1411 -1.6472
3.5081 -0.0008 0.0564
3.4347 0.1042 -0.3093
3.6227 -0.7350 -0.0443
3.5038 0.0665 0.7821
3.4755 -0.0099 0.0604
3.4929 -0.0251 -0.0784
3.7590 0.0780 -0.0742
3.0221 0.1228 0.2959
3.7659 0.7824 -1.0624
3.2531 0.0445 0.0198
2.7655 0.1678 -0.2456
3.8322 0.1591 -0.5667
3.6148 -0.5742 -0.5501
3.6069 -0.0380 -0.1578
3.4473 0.0070 0.5205
3.4668 -0.0523 0.8480
2.9917 -0.0789 0.2652
3.5178 -0.1073 -0.0061
3.3384 -0.6599 0.6039
3.5513 0.2768 0.2292
3.8929 -0.5779 -0.0444
3.6596 0.1737 0.0762
3.4966 -0.0026 0.0086
3.7181 -0.0134 -0.0867
3.4571 -0.2458 -0.0705
3.8359 0.2550 0.2609
3.4638 0.0226 -0.1923
4.1652 0.2551 0.0398
3.6156 0.2348 0.7516
3.1054 -0.6282 0.0367
3.5248 -0.1008 0.0642
3.7881 -0.3069 -0.8030
3.2180 -0.8650 -0.1684
3.5105 0.0381 -0.2123
3.6626 -0.0495 -0.0041
3.5376 0.0553 0.5667
3.5857 -0.0220 1.1980
3.6366 0.4910 0.5469
3.9063 0.1276 -0.0023
3.5684 -0.4759 -0.7509
3.7861 0.2530 -0.6964
3.8450 -0.1691 -0.8454
3.5103 0.0630 0.3612
3.8071 -0.5717 0.4477
2.8751 0.6446 0.4871
3.4913 0.0068 -0.0824
3.2988 0.0111 -0.4089
3.4967 -0.2666 0.6967
3.2523 0.7070 -0.6405
3.8413 0.1901 -0.0667
3.4475 -0.2825 -0.3079
3.9741 0.6552 -0.5110
3.3106 -0.3174 -0.3008
3.5996 -0.1950 -0.1283
3.1829 -0.3448 -0.4011
3.5930 0.0267 -0.1230
3.5513 -0.0623 -0.7391
4.3907 -1.5459 -0.1398
3.2610 0.2630 -0.0896
4.0028 -0.3551 0.4622
3.5353 -0.0587 0.0314
3.8012 -0.2841 -0.5972
3.6983 -0.6144 0.2060
2.8388 -0.2585 0.2664
3.6703 -0.1054 -0.8429
3.3672 0.2471 -0.4521
3.4709 -0.0924 -0.1949
3.5755 -0.3234 -0.5842
3.0913 0.2769 -0.0961
3.4788 0.1133 0.6876
3.4267 -0.0636 0.0396
3.3856 -0.1493 -0.7214
4.1554 0.1757 -0.1674
3.5960 -0.0145 0.5797
3.1550 -0.0741 -0.3462
1.9739 -2.1574 -0.2049
3.4380 0.0311 -0.1146
3.2223 -0.3797 0.0883
3.5240 0.0257 -0.3055
3.8355 0.6029 -0.4429
3.6577 -0.1707 -0.7132
3.1757 -0.2941 0.8530
3.2276 0.0659 -0.2348
3.2553 0.5169 0.2515
3.2427 0.0142 -0.1083
3.4081 0.0087 -0.1270
3.4958 -0.0074 -0.0184
3.5119 -0.1093 0.1124
3.5996 -0.4977 -0.4479
3.3820 0.4367 0.4371
3.7283 -0.0056 0.0771
3.4294 0.2600 0.7891
3.6258 0.4932 -0.3247
3.5106 0.0044 0.4188
3.4395 0.0518 -0.6126
3.3908 0.0890 0.4255
3.5700 0.3283 -0.6899
