-0.1390 -0.1712
0.6443 0.3837
-0.0014 0.3482
-0.6029 -0.6208
-0.4088 0.4969
0.1723 -0.9157
0.3007 1.3471
-0.0368 0.1763
-0.2227 -0.0453
0.3677 -0.7463
-0.0472 0.0910
0.0558 -0.4153
-0.6130 0.3220
0.0005 -0.0086
-0.3154 0.7570
0.7959 0.3719
0.5077 -0.0007
-0.6470 0.4849
2.7282 -0.9090
-0.0992 0.2592
0.4020 -0.1294
1.0922 1.2223
0.3605 -0.7395
0.3046 0.1736
0.1443 0.0953
-1.5734 -2.4244
0.1809 -0.7024
-0.3737 -0.1141
0.7246 0.0557
-0.3064 -0.0196
-0.2032 0.1872
-0.0757 0.1594
-0.0469 -0.0871
0.9958 -1.5416
-0.0772 -0.5850
0.2096 0.1326
-0.8624 0.2810
-0.4126 -0.7804
0.0333 -0.1616
-0.1659 -0.0825
-0.3068 -0.0598
-0.0354 0.0915
0.5883 -0.1392
-0.4903 -0.6746
-0.4622 -0.4793
-0.1522 -0.0688
-0.0405 0.0320
0.4892 -0.3186
0.3065 -0.5547
0.1305 -0.5802
3.6498 -0.9337
4.0091 0.0462
4.3291 -0.3203
4.2316 -0.0100
4.2113 -0.6481
2.4675 -1.8387
4.0451 -0.0305
4.1988 0.5773
3.5768 -0.6576
4.2824 -0.4789
4.1547 0.0026
4.1633 -0.4417
4.2644 0.7396
4.5414 0.9440
3.6897 0.0261
3.7183 0.0847
4.0639 -0.0697
4.0303 0.0220
4.6582 -0.0397
3.9402 0.1016
4.0915 -0.3793
5.1980 -1.2390
4.6960 0.5520
3.2101 0.3780
3.2659 -0.4772
3.2692 0.4493
3.7477 -0.1253
4.2934 0.2894
4.8357 -0.3154
4.3934 -0.2807
4.1738 0.1828
3.7687 0.0946
4.5421 -0.0078
3.6335 0.8976
3.7518 0.1670
4.8907 -0.1604
3.8884 -0.8543
3.2897 -0.5748
3.1743 0.8397
4.2173 0.4118
3.9902 0.0057
4.0326 -0.1797
3.9826 -0.0348
3.5707 -0.5169
4.0957 0.0410
1.6633 -0.1123
3.9058 -0.9913
3.6676 -0.2958
3.1851 -0.1964
4.0189 0.4932
