0.3422 -0.4932
0.3788 0.4377
0.1207 -0.2152
0.9921 -0.6575
-0.4094 0.5403
0.0008 0.1358
-0.2816 -0.0090
-0.0710 0.0335
-0.1921 -0.5831
-0.8882 0.9289
-0.1311 0.3165
0.1339 -0.2419
0.0912 -0.0465
-0.1076 -0.1474
-0.2523 -2.1669
-0.0686 -0.0863
-0.3450 0.6655
-0.2669 0.4258
-0.1030 -0.2536
1.5331 -0.0385
-0.1082 0.0397
0.5689 -1.3905
-0.0871 0.0490
0.3557 0.1952
-0.6851 -1.2159
0.0898 -0.4461
0.1547 0.9239
0.6351 -0.7289
0.5749 -0.3476
0.6255 -0.5923
-0.2914 0.5112
-0.0004 -0.0006
0.5254 0.0983
-0.2441 -0.0762
-0.3309 -0.1583
0.5375 0.0814
0.7093 -0.4994
-0.8649 -0.4301
-0.2422 -0.3513
-0.5195 -0.1183
0.2374 0.5028
1.2708 -0.1270
-0.7359 0.4125
-0.0898 0.0027
-0.0673 -0.1919
-0.2146 -0.1975
0.0677 0.0512
-0.1060 -0.3169
0.0045 0.0416
0.3860 0.1882
0.2120 2.0760
1.9664 -0.8565
-0.2920 0.0018
0.2447 -0.1087
-0.7427 -0.5417
-0.3429 -0.1987
0.0807 0.8572
-0.9406 -2.1344
2.5098 0.5674
0.2771 -0.2473
-1.1761 -1.2515
-0.1765 -0.0583
-0.6593 0.3317
0.3017 0.2873
-0.7162 0.5171
-0.4395 -0.7119
-0.3521 -0.7584
0.0844 -0.2726
-0.3001 -0.0325
-0.0060 0.1984
0.0036 -0.0001
-0.0746 0.0968
0.1703 -0.0933
-0.2067 0.0476
0.2114 -0.0733
-0.1690 0.0255
0.8539 0.2905
-0.1689 -0.0343
0.4230 -0.6939
-0.2222 -0.1150
0.0162 -0.0191
-0.5231 2.3263
-0.3847 -0.5507
0.3408 -2.5989
-0.0278 -0.2207
0.1354 0.2947
-0.4361 0.3281
-0.0315 0.0464
-0.0161 0.0141
-0.0370 0.8589
0.6919 1.0644
0.1118 -0.9846
-0.4378 0.2596
0.0664 0.2343
-0.3893 0.2057
-0.1427 1.2352
-0.3413 0.2061
0.3368 -0.3721
1.2327 1.3320
0.0701 0.6572
3.2790 -0.1965
3.5399 -0.0898
3.4960 -0.0447
2.8373 -0.2940
3.6543 -0.1282
2.6985 -0.0561
3.2402 -0.0847
3.9056 0.6868
3.9404 -0.3141
1.8503 -0.9672
3.8380 -0.8367
3.7713 0.0708
3.6968 -0.0156
3.4911 0.1398
3.4933 0.0513
4.9260 1.5422
2.9944 0.2869
3.5965 -0.1128
3.5236 -0.1046
3.7973 0.3209
3.9275 0.3094
3.3602 0.0380
3.0921 1.3611
3.0485 0.7908
2.9900 -0.4378
4.0409 0.6679
3.4854 2.0024
3.9885 0.5975
3.6140 0.3483
3.8315 0.1212
2.9002 -0.7011
3.9959 0.8275
3.6208 0.1194
3.3818 0.1930
2.7458 0.1073
3.0985 -0.7959
3.5750 0.0245
3.6054 -0.2771
4.0171 -0.0662
4.0265 -0.6039
3.9632 -0.8408
3.1758 -0.1927
2.7667 0.3745
4.0291 0.0598
4.1407 -0.1692
3.8403 0.9152
3.1574 -0.2500
3.5066 0.0108
3.5270 0.1867
3.3845 -0.2100
2.9920 0.0754
3.6686 -0.5040
4.7702 1.2904
3.7483 0.3040
3.3847 -0.0810
3.5250 -0.0389
4.1364 -0.7017
4.3115 -0.0300
4.1434 -0.0723
3.3654 -0.1396
4.0429 -0.1225
3.5226 -0.0314
3.6033 0.0405
4.1741 2.6075
3.2570 -0.2486
4.0354 -0.2118
4.1286 0.4818
3.4211 0.2769
3.1261 0.5510
3.1724 0.6240
3.6785 0.6573
2.7561 0.2145
2.9573 0.2358
3.4355 0.7301
3.3288 0.1858
5.1428 -2.1096
3.9884 0.5815
2.9361 -1.9504
3.1883 -0.0472
3.6247 0.2859
3.4591 0.0147
2.7177 -0.0407
4.0708 -0.1312
3.6770 0.1233
4.6014 0.4801
0.9475 -0.1267
3.9537 -0.8201
3.5144 -0.4490
4.5181 1.7642
2.1722 0.3298
2.7832 -2.1144
3.0562 0.0341
3.4301 0.4785
3.8030 0.2958
3.8628 -0.6067
3.6672 0.0845
3.2799 -0.1021
3.9906 -0.1060
3.2405 -0.4974
3.8365 0.6233
