3.240868530003025993e-01 -2.002914447267598597e-01
1.433994281253579972e-01 -4.909264487410477940e-01
-4.868838873615767282e-01 -8.174327275247533775e-01
-4.608434554417445428e-01 -8.289007649583228776e-01
-9.068939150693591800e-02 1.596704028030633271e-01
2.729106473786795384e-01 3.172817198018927365e-01
6.007672157107381006e-01 -1.101924916121145223e-02
6.978939055944021197e-01 -3.346119524975908477e-01
5.936717454931768057e-01 -7.523145793009561322e-01
-2.273598531451224980e-02 -4.009706119943194647e-02
-1.443224549606325407e-03 -2.225826432110910788e-02
-6.009370434422821594e-01 -7.879367875331869664e-01
-5.119690848620332968e-01 7.296942461901785304e-01
-1.436562318835465646e-01 -1.906162207037853940e-01
7.904323744018704190e-01 -1.811117338454353853e-01
4.850956450374253881e-02 4.135470289677322664e-01
2.544089936926185458e-01 3.412069430397068337e-01
5.776861360394474065e-01 -1.757693648837808653e-01
1.049313112721566438e-01 1.879539723734554788e-02
1.372041830760809822e-01 -7.231501160608915235e-01
3.006763203313551069e-01 9.005090688424010059e-01
-4.275037681455608474e-01 3.661156509760660205e-01
3.429016712575662096e-01 2.774744535903368448e-01
-4.445681370189086268e-01 -7.784964365141427978e-01
-2.207758511609582142e-01 3.275493182291684402e-01
-3.862051082544477598e-01 4.311866785213822606e-01
-3.766428043120846336e-01 -3.710268903869083923e-01
-3.173690774149609539e-02 6.601293555402358570e-02
-7.015029096837134270e-01 -4.863795628397791782e-01
4.013796723109881032e-02 -1.805657114307103184e-01
-5.172698981896775572e-02 3.054283361690328658e-01
-4.513420831278284751e-01 -2.026668748497381378e-01
5.085377944611633172e-01 4.503898453707756433e-01
-6.121282942856839243e-02 -3.670925510022875482e-01
-1.669780310780464572e-01 9.552889167453385011e-02
8.347528753930860690e-01 3.019492315420336803e-01
7.314252534097673841e-01 3.231345060551724657e-01
4.179402182922006825e-01 1.709846920698959438e-01
9.425710146316312876e-01 3.235098840971063761e-02
-5.184238370397012963e-01 3.346368046991504142e-01
-1.326044525070954050e-01 1.292443183168364707e-01
-4.662314535108948443e-01 4.481505349495427115e-01
5.414422946964554395e-01 1.668700375799659838e-02
7.823302281458248686e-01 -5.366369649526235054e-04
-2.839635431143224809e-01 -1.341762725119169386e-01
-3.143014213437819726e-01 -5.377673072333289950e-01
2.000928425471233119e-01 1.475382694543935502e-01
-6.097794551192197154e-01 3.550355309071153154e-01
-1.481953989860890393e-02 -4.568286131548963680e-01
-6.437826261143070328e-02 -1.388092765686511909e-01
4.992178718808567339e+00 3.805923142525991561e-03
5.007263032585385076e+00 3.075035861387602140e-02
5.599823947381292299e+00 7.707798976899202792e-01
4.710989809847164089e+00 -1.571726787836666139e-01
4.962974548991110346e+00 -5.941484142557401649e-01
5.225753009788817849e+00 3.293460548822742529e-01
5.489592991204358619e+00 7.632346273523850089e-01
5.009494943719387194e+00 -3.612228172966839429e-02
4.946616993999121803e+00 -2.572749423653931944e-02
5.032493671485646303e+00 3.870866815590686127e-01
5.073724876750977941e+00 2.453107917872671129e-02
5.422146593857684493e+00 -8.279446246657650166e-01
5.179947066360574226e+00 7.153883941203043051e-02
5.510408670386050645e+00 -7.033563994595093405e-01
4.976343612950191897e+00 4.268786437324682131e-02
4.232659420607708611e+00 1.020484960205443742e-01
4.901149166137989788e+00 -6.290099437062632859e-01
4.881689396351585941e+00 2.090391606392167367e-01
4.126642923546619102e+00 -1.791520864577035299e-01
5.141475852725118756e+00 2.996550927810382459e-01
4.112699681999828272e+00 -3.562547119585679489e-01
4.980855149942497562e+00 -2.131581642720200009e-01
4.530637492300411573e+00 5.921580743318507478e-01
5.051928720151945384e+00 -2.633215673341335883e-01
5.105894632642970166e+00 2.290443058543580601e-01
5.087839022492516960e+00 6.771839800469899862e-01
5.149904193431546595e+00 -2.642942422764451085e-02
5.027898778082543707e+00 3.498613973388131071e-01
4.891823244754920808e+00 -9.421138004454966408e-01
4.518427082786217852e+00 -6.246208019119047217e-01
4.583898926339644575e+00 1.289599460028814926e-01
4.296033970241178501e+00 3.319976207198261919e-01
4.338402120646118298e+00 5.587729756367402212e-01
5.463528861752044108e+00 8.638559005769504140e-02
5.500448260248179899e+00 -2.262789434960476090e-02
4.992857638310669977e+00 -6.766804150754454072e-01
5.782106162500067370e+00 -3.086285920915984304e-01
4.580625956818749067e+00 -2.427544989122476793e-01
5.138626029214043101e+00 8.849207678850158354e-01
4.496511684025659150e+00 -3.694246226610878314e-01
5.088425786895500735e+00 7.964064203298544253e-01
5.045085407543248301e+00 -2.077629864503567070e-01
4.905146354507034623e+00 2.549165871787037810e-02
5.559601139616284549e+00 1.125874558934484848e-01
5.628042604119239734e+00 2.691751662124298727e-01
5.124926877073216147e+00 6.167007572209387556e-01
5.931329878496222285e+00 -1.515409899661739890e-01
5.012601953712326974e+00 -1.711095442301274194e-01
5.170591925791217847e+00 2.730305543550254899e-01
5.863484133079710503e+00 4.603291006100092564e-01
