0.7980 0.3629
-0.2581 0.1507
-0.1666 -0.6631
0.2001 -0.1022
0.1257 -0.0135
-0.0399 0.0137
0.8320 0.4100
0.4412 0.4700
-0.1497 0.0870
-0.7738 -0.0198
-0.0586 -0.5145
0.6284 0.1678
-0.5158 -0.5551
0.9086 0.2704
0.4072 -0.5284
-0.4200 0.1154
-0.6889 0.0670
0.3592 -0.6440
-0.0884 0.1481
-0.4509 -0.1953
0.0873 -0.2087
0.9221 0.1410
0.7625 0.6313
0.6448 -0.7450
0.4823 -0.4556
-0.0029 -0.0099
-0.2887 -0.2313
-0.1400 0.3237
0.2642 0.3640
-0.1772 -0.2153
0.0416 -0.1090
0.0052 -0.0099
-0.1101 0.0016
-0.1582 -0.0999
-0.1772 -0.3857
-0.6951 0.3515
0.0595 0.0942
0.0771 0.6750
0.3281 -0.4244
0.0011 0.0010
0.0608 -0.2953
0.6477 0.1277
0.0486 -0.0576
-0.3969 -0.2124
-0.4924 0.3478
-0.2254 -0.0180
0.3211 -0.7994
-0.6021 0.1522
0.0023 0.3099
0.9640 0.1882
0.0861 -0.2368
0.4412 0.4230
0.6226 0.4412
-0.3476 -0.7798
-0.2967 0.0241
-0.0325 -0.0161
-0.2002 -0.4081
-0.2246 -0.2166
0.0518 -0.3089
0.3716 0.5242
-0.0183 0.0166
-0.6660 0.5428
-0.6406 0.1948
-0.1464 -0.3546
0.0421 0.4085
-0.4544 -0.1099
-0.0441 0.1401
-0.5690 -0.1635
0.0278 0.9362
0.3488 0.2248
0.1119 0.2596
0.3479 -0.5571
0.1416 0.5535
0.0234 -0.0679
0.7161 -0.3736
0.1933 0.0924
0.0733 -0.0294
0.8046 0.3747
-0.6438 0.2870
-0.5840 -0.5689
0.5107 -0.1488
0.5063 -0.6574
-0.7799 -0.5433
0.0484 -0.0256
-0.9227 0.0635
-0.8178 0.1887
-0.0134 -0.0258
0.3060 0.2279
-0.5017 -0.5545
0.0828 0.0058
0.2490 -0.1371
0.0027 0.0465
0.1476 0.0110
-0.2388 0.2975
-0.2281 -0.3757
-0.0710 -0.4041
0.7159 0.2350
0.1891 -0.7878
-0.8045 0.0605
-0.3443 0.0843
0.0154 0.1769
-0.1214 0.0877
-0.5482 -0.6340
0.2974 -0.2397
-0.2976 0.4140
0.3356 -0.3504
-0.2437 -0.0311
-0.9892 0.1306
0.1068 0.0320
-0.8630 0.4879
0.0500 -0.2703
-0.1775 -0.2485
-0.2226 -0.8222
-0.2264 0.0954
0.2344 0.0806
0.9718 -0.0660
0.3005 0.1596
0.5251 0.1653
0.2008 -0.7379
-0.9555 0.1946
0.2647 0.6196
0.0355 0.7019
0.8432 0.0598
0.0527 0.6199
-0.2516 0.4075
0.5112 0.5889
-0.2424 -0.8732
0.2960 -0.4395
-0.0031 -0.0068
0.0116 -0.1208
0.7901 0.1665
0.0111 -0.4764
0.5894 0.1478
0.5142 0.8277
-0.0619 0.0202
-0.1558 0.3458
-0.3242 0.0389
0.6474 0.1253
-0.2017 0.1027
0.6858 -0.1918
0.4641 -0.8467
-0.1014 -0.1096
0.4379 -0.0223
-0.4128 0.6581
0.4903 0.3421
0.4921 -0.7307
0.2134 -0.0360
-0.4062 0.1745
0.4723 0.8715
0.0246 -0.0251
-0.7304 0.3866
-0.2972 0.0722
0.2698 -0.1705
-0.2833 0.7481
0.6429 0.7099
0.6673 -0.6578
0.1283 -0.0984
0.0803 -0.2204
0.5460 0.6535
0.5382 -0.6490
-0.2717 -0.2537
-0.5538 -0.5030
0.1395 0.2120
0.0704 0.3506
-0.0346 -0.9550
-0.2159 -0.8888
0.2100 0.3336
-0.7936 -0.1846
0.2637 0.1431
-0.0704 -0.3493
-0.3849 -0.2068
-0.4605 -0.6551
0.1571 0.8114
0.5601 0.7721
-0.4741 0.2903
0.6851 -0.4959
0.2380 0.0359
0.0002 -0.0004
0.0966 0.0635
0.0399 0.1296
0.2468 -0.2607
-0.3771 0.0257
0.1020 0.4437
0.4774 -0.0225
-0.3314 -0.0194
-0.2250 -0.1225
0.0810 0.7435
-0.7388 -0.3743
-0.3382 0.2198
-0.3477 -0.7310
-0.5661 -0.5168
0.2551 0.3430
0.7785 -0.1907
-0.1354 -0.3734
-0.0081 -0.0101
0.4073 0.5039
0.4629 -0.2406
0.5360 0.3487
-0.2740 -0.7587
0.1004 -0.2417
0.3006 0.6069
0.0487 0.2090
0.3087 0.1756
-0.2962 0.6927
0.2512 -0.5291
0.0812 -0.2465
0.5050 -0.5710
0.5086 -0.1229
0.6523 0.2920
0.7421 0.2097
-0.6924 0.3452
0.3139 0.0108
-0.0319 0.2448
-0.1031 0.0013
0.0734 -0.0154
-0.5183 -0.5598
-0.0139 0.0851
0.0464 0.3925
-0.0901 0.1150
0.0012 0.0121
-0.3704 0.6794
0.0284 0.0738
0.0668 -0.0670
0.0726 -0.9285
0.0155 -0.8120
0.0325 -0.0227
0.4667 -0.3330
-0.0348 -0.0953
0.3668 0.5585
-0.7675 0.5599
0.0659 0.6443
-0.1060 -0.9101
-0.7926 -0.5250
0.2740 -0.8914
-0.0059 -0.0229
0.9892 0.1147
0.1783 -0.7788
0.8913 -0.2848
-0.1150 -0.1040
-0.1283 -0.8670
0.4383 -0.4598
-0.5120 -0.2976
0.4650 -0.1955
-0.6894 0.0959
-0.0380 -0.1615
-0.1407 0.0095
0.8262 0.0486
0.0008 0.0004
0.0214 -0.0037
-0.3742 0.2409
0.0164 0.0292
0.3898 -0.5825
0.1880 0.2948
-0.0503 0.0572
0.0450 -0.1116
-0.0325 0.0057
0.8725 -0.0207
-0.2555 0.0199
-0.4418 0.3503
0.7430 0.4105
-0.0438 0.0205
0.0217 -0.1276
0.0126 -0.0839
-0.3097 0.2499
0.0195 -0.0213
0.5753 0.5129
0.3887 -0.3776
0.4827 -0.1525
-0.0443 -0.0717
-0.3264 0.6122
0.0270 -0.1463
-0.0929 -0.7163
-0.3857 -0.0329
-0.2197 0.2079
0.4037 -0.3156
0.3038 -0.5923
-0.0048 -0.0086
0.4458 0.0210
-0.4498 0.0855
-0.2075 -0.5148
0.7740 -0.1717
-0.6754 -0.3744
-0.3677 -0.6570
-0.0290 0.1280
0.2204 -0.2959
-0.1620 -0.2363
0.2326 -0.1603
0.5642 0.2738
0.0395 0.1099
-0.1032 0.4560
0.0583 -0.0584
0.3534 0.1482
0.0525 -0.0439
-0.4096 0.7802
-0.1381 -0.1766
0.0517 -0.0465
-0.6590 0.6213
-0.1780 0.1738
-0.0709 0.7932
0.0303 -0.7185
0.9422 -0.0250
0.0968 -0.2270
-0.5717 -0.0491
0.2414 -0.5113
0.0531 0.0761
0.4108 -0.5914
-0.1693 -0.1934
-0.3574 0.4842
0.5659 -0.3825
0.3713 -0.7190
-0.1963 0.2057
0.0785 0.4838
0.0386 -0.2902
-0.5300 0.7152
0.4387 -0.0107
-0.4316 -0.2248
-0.0478 0.2168
0.3084 0.9170
0.1412 0.6116
0.0761 0.3090
0.2942 -0.5295
0.6594 0.1297
-0.2744 -0.0686
0.2406 0.4234
0.4085 -0.2943
0.2840 0.0224
0.0577 0.2975
0.2347 -0.4369
0.4966 0.8255
0.6143 -0.1017
-0.5331 -0.5794
0.1756 -0.0790
-0.0772 -0.0517
0.0686 -0.0416
0.1186 0.0340
-0.6059 -0.4542
-0.2759 -0.9442
0.2576 -0.6161
-0.2313 -0.7227
-0.4276 -0.4246
-0.1219 0.4937
-0.4123 0.2309
0.0948 0.0804
-0.0194 0.0062
0.3218 0.3788
0.0043 0.3135
0.4287 -0.7682
-0.4150 -0.1406
0.0139 0.1280
0.0114 0.6924
0.1788 0.9684
-0.4608 -0.1035
-0.0454 -0.0371
0.4558 -0.0665
-0.4774 -0.6826
0.3552 -0.1765
-0.1421 -0.1064
0.1110 -0.0201
0.7978 0.3281
0.2335 -0.0984
-0.4087 0.4216
0.2588 -0.3312
0.3571 -0.7553
0.3851 -0.4198
0.8353 -0.2956
0.5540 0.4850
-0.6825 0.6049
-0.9106 0.1416
-0.2798 0.2686
-0.6131 -0.7702
0.0221 0.2140
-0.1062 0.1065
0.1197 0.4769
0.0815 -0.1431
-0.3122 0.0077
0.1361 -0.2854
0.5699 -0.4144
-0.1952 -0.3232
-0.0160 -0.0349
0.3243 0.1344
-0.4590 -0.0709
0.3084 -0.4116
0.6390 -0.5602
-0.4522 -0.7040
-0.7281 -0.3757
-0.1477 0.2229
-0.0817 0.0389
-0.1906 -0.2089
-0.1969 0.4112
0.0357 -0.5635
0.0168 0.0981
0.6198 -0.2278
0.1437 0.0793
-0.0560 -0.2523
-0.2654 -0.3295
-0.1833 -0.2337
0.2710 -0.4796
-0.1111 -0.1804
0.1708 0.8576
-0.4490 -0.3178
-0.1225 -0.2047
-0.1225 0.3655
0.7222 0.5482
-0.2846 0.7352
-0.3749 0.3987
0.5154 -0.6892
-0.3049 -0.6017
0.1369 -0.5716
0.3790 0.4928
-0.9269 -0.2851
0.0952 0.4946
-0.3989 -0.1357
-0.3621 -0.0549
0.6333 0.4102
0.0477 -0.0105
-0.0779 0.4871
-0.0075 -0.0005
0.0915 0.3367
0.5922 0.4918
-0.0642 -0.3509
0.7206 -0.4432
-0.1648 0.1793
0.1175 0.0084
-0.5079 -0.1952
0.2738 -0.8971
0.7099 -0.2504
0.1304 -0.3284
-0.1757 -0.1222
-0.0229 0.0528
-0.8256 -0.2314
-0.3384 -0.5682
0.5761 0.3173
0.4742 -0.6967
-0.0876 0.1426
-0.0251 -0.0085
0.2372 0.9439
-0.4060 0.3276
-0.1179 0.0713
0.0770 -0.8405
0.0381 0.0074
-0.8672 -0.2975
0.2996 -0.0491
-0.2070 -0.3200
-0.8687 -0.3420
0.1832 -0.5965
0.4223 0.7849
-0.2210 0.1300
0.6828 -0.6252
-0.2651 -0.5746
0.5153 -0.5088
-0.4017 -0.3025
-0.0297 -0.3200
-0.7930 -0.1262
0.2978 -0.1529
0.1305 -0.4080
-0.3552 0.1227
0.2606 0.4997
0.2011 -0.4319
-0.0505 0.1649
-0.7864 0.0472
-0.2266 -0.8767
0.0069 -0.0557
-0.5751 -0.7977
-0.7484 -0.1659
-0.1547 0.1559
0.7194 0.1576
-0.3814 -0.9173
0.5435 0.2638
-0.1801 0.2039
-0.0320 0.0340
-0.0798 -0.0475
0.1771 -0.1740
-0.2314 0.0027
0.2123 -0.1844
-0.3063 0.7631
-0.6649 -0.0564
-0.3853 -0.3998
0.3617 0.5651
-0.9609 0.1203
0.0318 -0.0764
-0.6221 0.2462
-0.4426 0.0415
0.8817 0.0015
0.4806 -0.2733
0.2380 0.0254
-0.0863 -0.8002
0.8001 0.3738
-0.6025 -0.2835
0.8795 -0.2314
-0.1069 0.2599
0.3623 -0.5343
0.2848 0.4572
0.2252 0.0397
-0.4889 0.0074
0.5732 -0.4941
0.3544 0.0914
-0.0344 0.1448
-0.7464 0.5960
0.1516 -0.9757
-0.6337 0.6861
