-0.0060 0.3506
-0.1792 -0.1220
-0.1992 0.0036
0.4638 0.4000
-0.8831 -0.2224
-0.1495 -1.3158
0.2214 0.1190
0.2533 -0.6327
0.1287 -0.1130
-0.3802 0.0966
0.0433 0.0623
-0.3604 1.2454
0.3531 0.1747
-0.2904 -0.3447
0.4709 0.3912
-0.1420 0.1577
-0.4427 -0.6545
-0.6294 0.2909
-0.0785 0.3698
0.5276 0.5218
0.0054 -0.1880
-0.1728 0.2201
0.1363 -0.1049
-0.3173 0.4230
-0.0705 0.0766
3.1180 0.1388
3.2797 0.6201
3.5658 -0.4854
3.3299 -0.9160
3.4886 1.2124
2.4381 -0.0247
3.2224 0.4744
3.0712 -0.5115
4.1583 -1.1018
3.6692 -0.6489
3.3062 0.0333
3.0937 0.3397
2.4106 0.5474
3.0583 0.3007
3.2723 0.7645
2.9133 -0.0889
2.3818 0.0099
3.4219 -0.4013
2.9919 -0.0020
2.5334 -0.2550
3.1305 0.1847
3.2862 1.4460
2.7038 -0.5234
2.5653 0.0503
2.9909 -0.2393
