0.0898 -0.0899
0.1637 -0.1221
0.3398 -0.9266
-0.5736 0.4398
-0.6530 0.6937
0.2320 -0.1804
0.5254 -0.0557
0.3711 -0.1532
-0.0446 0.0064
-0.3199 0.2400
-0.2540 0.2232
-0.0050 0.6836
0.3556 0.0758
0.4484 -0.1984
0.1648 0.1758
-0.3102 -0.1949
1.1974 0.5504
-0.2864 0.7312
0.4012 -0.2003
0.8910 0.1888
-0.0836 0.3010
-0.3174 -0.1911
0.0786 -0.1830
-0.2644 0.4499
0.0613 0.0699
0.5456 0.0156
-0.1336 0.0335
-0.0141 0.0359
-0.7832 -0.4032
0.4455 -0.8804
-0.3277 -0.0404
0.2638 -0.0200
0.0470 -0.3098
0.0390 0.5984
-0.0230 -0.1453
0.1162 -0.1461
-0.7336 -0.7847
0.9185 -0.1686
0.0095 0.1236
0.5814 0.1159
0.1605 0.0280
-0.0374 -0.1328
0.0205 0.0965
-0.4240 0.3016
-0.9104 0.1120
0.8190 0.0680
0.1921 -0.3457
0.5595 -0.5609
-0.0229 -0.1900
-0.4174 0.7603
-0.7828 0.3444
-0.3583 -0.6179
-0.2201 0.6262
0.0207 0.4143
0.1745 0.4043
-0.2753 0.0637
0.1961 -0.4808
-0.3693 -0.0840
-0.1423 -0.1618
-0.9028 -0.0705
0.2389 -0.4393
-0.2696 -0.3138
0.2275 -0.7025
-0.4776 -0.6643
0.1650 -0.4629
-0.4136 0.6774
0.3848 0.1881
0.2348 -0.2196
0.1071 -0.9492
1.3023 0.3347
0.6361 0.7054
0.1179 1.1820
-0.2682 0.2467
0.0389 0.0898
0.0420 0.7035
-0.4385 -0.3023
0.2183 -0.1355
0.6776 -0.0508
0.1140 -0.2644
-0.0610 0.1340
0.0795 1.3319
-0.4105 -0.6219
-0.3738 0.6328
-0.3490 0.4282
-0.0490 0.1098
-0.4778 -0.0542
-0.6169 0.3557
-0.2905 -0.4611
0.0719 0.1783
0.0900 -0.1646
-0.6552 0.4837
0.1909 0.0669
-1.1518 -0.1632
0.2984 0.0922
-0.0744 0.0501
0.4411 -0.0795
-0.1573 -0.9153
-0.4783 -0.7425
0.6047 0.6808
0.0428 0.1063
0.4581 0.5442
-0.7638 -0.2766
-0.5792 0.6660
0.0900 -0.2885
-0.1106 0.4924
-0.0151 0.4889
-0.0674 0.5740
-0.1798 0.5604
0.2765 -0.4314
0.5687 0.4945
-0.3105 0.8047
0.3933 -0.3521
0.9080 -0.3062
-0.0529 0.0499
0.3545 0.2537
-0.1342 -0.0767
-0.3250 -0.0499
0.4766 -0.0690
-0.0955 -0.0109
0.0046 0.9260
0.7565 -0.0485
-0.3930 0.9109
0.1144 -0.1660
-0.0767 0.0816
0.2405 -0.3832
0.7589 -0.3513
0.1157 0.9061
0.3296 0.0500
-0.5258 0.5283
-0.0820 -0.0800
0.7966 0.2844
-0.0127 0.0102
0.5098 -0.6790
-0.4300 0.6526
-0.4906 -0.1121
-1.0611 -0.3820
0.0466 -0.3769
0.9273 0.3083
-0.4636 0.0516
-0.0484 0.2055
-0.1332 0.0515
-0.0760 -0.4078
-0.2732 0.2551
-0.6779 0.2494
-0.2186 -0.1753
0.5859 0.1842
0.4707 -0.5764
0.5443 0.2321
0.0411 0.0755
0.1889 -0.0250
0.0615 -0.0669
-0.2193 0.7297
0.6879 0.5849
-0.5141 -0.5741
-0.3576 0.4816
0.2879 0.1556
0.6966 0.2173
-0.3227 -0.3678
0.0614 -0.7643
0.1895 0.0859
-0.3724 0.2946
0.2134 -0.1155
-0.6750 -0.7367
-0.8460 0.1802
-0.2673 -0.8407
-0.0604 -0.0748
0.0920 -0.6138
-0.1015 0.1962
0.5230 -0.0208
0.6412 -0.1357
0.6895 -0.0383
0.7936 0.0189
0.0288 -0.2929
-0.0456 -0.1049
-0.8017 -0.1175
-0.0006 0.6333
0.0229 -0.1575
0.0345 -0.8733
0.6905 0.1177
1.1379 1.1750
0.0014 0.0230
-0.2467 0.6239
-0.0143 -0.0127
-0.6596 -0.5758
-0.1951 -0.3254
-0.8432 0.2035
0.0747 -0.2078
0.3752 0.4884
0.0012 -0.2903
-0.4902 -0.6720
0.7636 0.4195
-0.1136 0.2849
0.3689 0.4300
-0.1735 -0.2041
-0.4041 -0.5779
0.0249 0.5027
0.5052 -0.2348
-0.4536 0.4333
-0.2381 0.0555
0.0364 0.0849
0.0129 -0.0161
0.2904 0.1728
0.0259 -0.3120
0.8208 -0.4961
-0.0347 0.0009
-0.5625 -0.1762
-0.9828 0.0799
-0.1709 -0.0038
0.2717 0.8010
-0.7234 -0.1569
-0.1478 0.5112
0.1712 -0.9694
1.1346 0.3701
-0.6613 -0.2935
0.2659 0.6754
0.0096 -0.8143
-0.2532 -0.0265
0.0703 0.3659
-0.6594 -0.1121
-0.1235 -0.0408
0.0099 0.3542
0.0840 -0.2285
1.3736 0.9225
0.2500 0.0910
0.4281 -0.3579
0.0416 -0.1823
-0.1986 0.0019
-0.6453 -0.2209
-0.0796 -0.0364
0.2429 0.5841
-0.2058 0.2335
-0.0068 0.0324
-0.0634 0.9137
-0.0876 0.2967
-0.5054 0.2358
-0.4162 -0.2669
-0.4744 0.1952
0.5437 0.4147
0.6048 0.5899
0.3751 0.2866
0.8110 -0.2147
-0.0767 0.4398
0.1704 -0.0844
-0.1736 0.8260
0.3928 -0.6634
-0.2434 -0.2720
-0.5050 0.1513
-0.1099 -0.1104
-0.8647 0.0346
-0.0431 0.0028
-0.2070 0.7676
0.8444 0.1043
-0.0508 0.1934
0.7614 0.0664
0.0050 0.1113
-0.7108 0.4167
0.7733 -0.1616
0.0686 -0.3681
-0.1139 -0.6648
0.4498 0.9377
-0.7958 -0.3682
-0.3911 -0.6483
0.8299 0.0124
0.7206 0.0392
-0.4604 -0.1191
-0.7694 0.5583
-0.9154 -0.0472
-0.2422 -1.2685
-0.0891 -0.2888
0.4209 -0.0484
0.0260 -0.0122
0.2958 -0.8017
-0.3399 -0.3683
-0.0232 -0.0746
0.2598 -0.6187
0.0296 0.0636
-0.0261 0.0049
0.3337 -0.2478
-0.6685 0.5638
-0.3155 -0.1674
0.5269 0.1055
-0.7078 0.5693
-0.0123 -0.0416
0.0011 0.0025
0.2218 -0.5124
0.2925 0.1549
-0.2139 -0.2132
-1.0382 0.7734
-0.5256 -0.6458
-0.0802 -0.0392
-0.4937 0.2119
-0.3481 0.0828
0.1749 -0.5537
0.4714 -0.2092
-0.0180 0.0882
0.0020 -0.0855
0.8503 -0.2168
0.1098 -0.1085
0.1661 -0.0132
0.0036 -0.5582
0.6447 -0.1015
-0.8610 -0.0795
0.8759 -0.0654
-1.4147 -0.6974
0.5468 -0.0798
0.6706 -0.6553
0.4237 -0.8194
1.3786 0.1471
-0.0457 -0.0242
0.5606 0.4508
0.5228 0.2945
-0.4101 -0.0090
-0.4337 0.0302
-0.0685 -0.0139
-0.2441 -0.1393
0.7749 -0.3826
0.7514 -0.5877
0.6228 -0.1305
-0.5071 -0.4423
-0.0093 -0.0529
-0.3907 -0.7650
-0.5934 -0.0786
0.0092 0.0296
-0.1326 0.0478
0.0067 0.2768
-0.3938 0.7820
0.3275 -0.7947
0.0665 -0.3028
0.8162 0.0341
0.0936 -0.6299
-0.1022 -0.0212
-0.6327 -0.4594
0.1167 -0.2734
0.7472 -0.4095
0.1676 -0.0837
-0.1262 0.7079
-0.5029 -0.2792
0.0108 -0.0292
-0.0535 0.1365
0.2322 0.9318
0.3230 0.1562
0.1984 0.0364
0.0788 0.1491
0.3697 0.0985
0.0245 0.1765
0.2947 0.1076
0.3551 -0.8822
-0.7754 -0.9599
0.3222 0.3053
0.2672 -0.1246
0.5960 -0.1432
0.2487 -0.9345
0.4542 -0.5869
0.0285 -0.0110
-0.4769 0.4531
0.5623 1.4490
0.0165 -0.0108
0.5374 0.1251
-0.2983 -1.4631
0.0006 0.0679
-0.8940 0.4205
0.2486 -0.3987
0.1235 -0.0881
-0.0246 -0.0161
-0.0746 0.3284
-0.8244 -0.8166
0.8089 0.1849
-0.2355 -0.7105
0.2050 0.6185
0.1944 0.1240
-0.4231 -0.2007
0.3569 -0.9292
-0.3527 0.8576
-0.2635 -0.8702
-0.4644 -0.7518
0.5420 0.4488
-0.2119 -0.4797
0.0948 0.9379
0.5663 -0.1182
-0.1259 0.3747
0.4803 0.7327
-0.2856 0.6185
-0.6159 -0.2822
-0.2391 -0.0662
0.3174 0.1510
0.0073 0.0343
0.4483 -1.0477
-0.4148 -0.0278
-0.2034 -0.1703
0.1056 0.0201
-0.0022 0.2176
-0.7774 -0.6022
-0.7228 0.3084
0.4251 -0.1232
-0.2333 -0.0800
-0.0104 0.3751
0.6496 0.5478
-0.0276 0.6270
-0.2592 0.9110
-0.1368 0.8028
0.2319 -0.0622
0.0300 0.3399
-0.0169 -0.0657
-0.4631 -0.5057
-0.0235 -0.0949
-0.0914 0.6591
0.0018 0.0017
-0.6375 -0.1944
-0.2576 0.4626
0.3163 -0.7420
-0.2174 0.2622
-0.8434 0.8500
0.0367 0.3835
0.3481 -0.5326
-0.2928 0.2245
0.0057 -0.0059
-0.4637 0.8752
-0.0223 -0.1512
0.2447 -0.8471
-0.0360 0.0124
-0.0076 -0.1177
0.7844 -0.3835
-0.2409 -0.0162
0.0042 -0.6784
0.2279 -0.3453
0.0783 0.0068
0.2130 -0.3357
0.0535 -0.1757
-0.3182 0.4468
0.1674 1.4910
0.0920 -0.0690
0.0172 -0.1637
0.5930 -0.0211
0.0250 -0.8592
0.5960 0.4621
0.3573 -0.1699
-0.7992 0.3163
0.3187 -0.7371
0.0827 -0.1440
-0.5381 -0.1660
-0.2525 -0.5924
0.6763 0.5469
1.0290 -0.2977
0.3228 -0.2035
0.7873 -0.1823
0.7925 -0.0026
0.9484 0.2430
0.2597 -0.4588
-0.3144 -0.2338
0.3468 0.0913
-0.0261 0.0471
-0.0636 -0.0941
0.5065 0.6319
0.9550 0.2289
0.9479 0.0289
0.2051 0.1988
-0.0361 -0.0056
-0.8992 -0.2525
0.0062 0.0612
0.1133 0.0648
-0.4477 0.0534
-0.3896 -0.4534
-0.6457 -1.0828
0.0603 -0.2516
0.2341 -0.8841
0.1740 -0.6623
0.6325 -0.0827
-0.0754 -0.0885
0.1645 0.1297
-0.7388 0.6429
-0.8434 -0.3537
-0.1478 0.0919
-0.1288 0.4528
0.6472 -0.6999
-0.2845 0.0160
0.0026 0.0039
0.4697 0.0547
-0.5856 -0.5338
-0.0110 -0.5900
-0.1282 0.1337
-0.1116 -0.1127
-0.2048 -0.3525
0.4278 0.8056
-0.0193 -0.0988
-0.6073 -0.8169
0.1320 -0.1282
-0.1155 0.1161
-0.5134 -0.2425
0.4045 -0.7683
0.4050 0.1643
0.0806 -0.0078
-0.5565 0.3687
-0.0019 0.0896
-0.5504 -0.1072
-0.0044 0.0228
-0.4949 -0.0446
-0.7719 -0.4313
-0.3351 -0.1982
-0.0973 0.2170
0.2949 -0.6456
