-0.0179 0.0321 -0.8065
-0.7091 -0.6614 -0.1325
0.0368 0.0372 -0.3184
0.0687 0.4563 -0.0860
-0.0551 -0.1887 -0.1191
-0.5036 -0.0327 0.3037
0.0621 -0.0418 0.0138
-0.3866 -0.0900 0.8841
-0.0069 -0.0663 -0.6238
0.3622 -0.0285 0.0918
-0.3426 0.4209 0.2209
-0.1359 0.2843 -0.1840
0.1453 -0.1162 -0.1565
-0.1559 -0.3697 0.2587
-0.1423 -0.2795 0.6894
-0.1443 0.1476 -0.0263
0.1769 0.1080 -0.3027
-0.1901 -0.1061 -0.5342
-0.0006 -0.2059 -0.2621
-0.1987 0.1909 0.0394
0.2652 0.1849 0.6651
0.2277 0.1561 0.4320
0.7521 0.2423 0.3147
-0.0689 -0.0772 -0.0834
0.0028 -0.0763 -0.7207
-0.3353 0.7156 0.2104
-0.0095 0.0064 -0.9975
0.4186 -0.1982 0.3393
-0.0864 -0.8120 0.2249
0.1339 0.0900 0.0109
