-0.8148 -0.1486 0.1029
-0.0797 0.0587 -0.0807
0.1550 0.1413 -0.3084
-0.1589 0.4271 0.4346
0.0198 0.6213 0.7429
0.0307 -0.0119 -0.4589
-0.0147 0.3881 -0.1520
-0.4887 -0.0904 -0.2164
0.1848 0.1709 0.7700
-0.0311 0.1719 -1.2382
-0.7308 -0.1578 -0.0202
-0.5115 0.7803 0.1209
0.1744 0.0136 0.1486
0.0739 -0.1006 -0.2491
-0.1869 -0.3161 -0.1539
0.6227 0.6688 -0.0128
0.0063 0.0023 -0.1815
-0.0949 -0.2769 0.4079
0.8983 -0.1456 -0.3419
0.0303 -0.0315 0.7890
0.0302 0.0373 0.0677
-0.3646 -0.1505 -0.4706
-0.0494 -0.0133 0.0442
0.2312 -0.3563 0.6167
-0.8420 -0.3835 0.0246
-0.1331 0.0550 -0.0103
-0.1963 -0.1681 0.7895
0.0016 0.0240 0.5055
0.5585 0.3689 0.1230
-0.5222 0.9470 0.4374
-0.6586 0.0945 -0.1779
0.0912 -0.0632 -0.0064
-0.8276 -0.4026 0.2374
0.8410 -0.4396 0.1121
0.3220 0.4097 -0.0070
0.5698 -0.6244 0.0982
-0.4335 -0.0889 0.0962
-0.0259 0.0122 0.1927
-0.0933 0.0257 -0.6189
0.2708 -0.4950 -0.0837
-0.0064 0.0115 -0.6374
0.1457 -0.3699 -0.0908
0.0434 0.0203 0.0273
-0.0253 -0.1976 -0.7044
-0.2660 0.0157 0.2958
0.0914 -0.0829 0.3220
-0.0265 0.0391 0.0976
-0.1874 -0.4957 -0.1807
0.0039 0.0029 0.3281
0.2949 0.3552 0.6074
-0.0436 0.0179 0.1076
0.0021 -0.0054 0.0319
-0.6630 -0.3530 0.8404
0.5257 0.0899 0.1047
-0.0524 -0.1858 0.1488
-0.0975 0.0795 -0.2453
0.0041 -0.0550 0.5004
0.3457 -0.0481 -0.1610
0.0300 -0.0145 -0.0456
-0.0832 -0.0992 0.3773
-0.5379 -0.1179 -0.2400
0.1673 -0.0625 -0.2737
0.1422 -0.2339 -0.4334
0.0353 -0.1831 -0.2704
1.1769 -0.0258 -0.0028
-0.0462 -0.0116 -0.3776
-0.3452 -0.2799 -0.8452
-0.0604 0.0392 0.0277
0.1887 0.2778 0.5911
0.0350 -0.1220 0.9028
0.2117 -0.4154 1.1843
-0.1925 -0.0653 -0.1348
0.0027 0.0021 -0.0043
-0.6868 0.0453 0.3380
-0.3903 -0.0447 -0.4733
-0.5210 -0.3676 0.3335
0.1545 -0.1227 0.0080
-0.4480 -0.0165 -0.9870
1.6212 -0.0051 0.2159
0.4463 -0.0052 -0.8108
-0.0106 0.1899 0.0638
-0.0814 -0.0990 0.0158
0.0989 -0.1472 -1.2358
-0.2513 -0.0550 -1.5174
0.0276 0.2878 0.1515
-0.3223 0.3432 -0.2857
0.2353 -0.2096 0.1606
0.1287 -0.7864 -0.8024
-0.4770 0.7529 0.0905
0.4782 0.9421 1.1657
-0.2020 0.5789 0.7660
-0.1690 0.5716 0.7471
0.0547 0.0396 0.3149
-0.0953 -0.4614 -0.3436
-0.7120 -0.1655 -0.2055
-0.0048 0.0012 -0.0440
0.0671 -0.0399 0.3267
-0.0256 0.0954 -0.3357
-0.1069 -0.0006 0.0186
0.7399 -0.4098 -0.1673
0.2195 -0.2568 -0.1567
-0.3075 -0.0493 -0.3909
0.0716 -0.0693 0.0413
0.7200 -0.2712 -0.2257
0.7238 0.5663 0.0589
-0.0069 -0.0010 -0.2148
-0.3264 -0.1682 0.0398
-0.0872 -0.1109 -0.7584
0.4365 0.5267 0.2283
-0.2521 -0.1487 -0.2653
0.1979 0.2271 -0.1747
0.0123 -0.0098 -0.3560
-0.6080 -0.3514 0.1249
-0.0027 -0.0006 0.0052
0.4959 0.4764 -0.3476
0.1862 0.4173 0.5883
0.0461 0.1643 0.6404
0.1189 0.0652 -0.2434
-0.7421 -0.4364 -0.1598
0.1645 0.1443 -0.6282
-0.0225 -0.7972 0.4065
0.3676 0.5880 0.3460
-0.8702 0.2599 -0.0242
-0.1225 -0.1824 0.0748
-0.5991 -0.2910 0.1860
-0.0008 0.0144 -0.0058
-0.0329 -0.3333 0.6772
0.3872 0.2016 -0.2168
-0.3532 0.0412 -0.9153
-0.7258 0.0717 0.2330
0.2998 0.2775 0.3120
-0.0045 0.0056 0.1779
0.0019 -0.0101 -0.4775
0.0002 -0.2095 -0.3044
-0.0432 -0.2783 0.0829
-0.6412 -0.2379 0.5122
0.0005 0.0006 -0.5759
0.2126 -0.1029 0.4904
-0.1594 0.0796 0.2115
0.2043 -0.0569 0.4095
0.2542 0.0927 -0.2315
-0.1788 -0.0218 -0.3643
-0.4153 -0.2937 0.6070
0.0226 0.0470 0.1406
0.4536 -0.1291 0.3762
-1.0490 -0.7623 -0.2423
-0.3271 0.0970 0.9314
-0.1622 0.6587 -0.2028
-0.2963 -0.3430 0.7524
-0.4692 0.3655 0.0198
0.1383 0.5546 0.1133
0.3240 -0.4401 -0.1783
0.0483 -0.4030 0.6405
-0.0267 -0.0550 -0.1451
-0.1260 0.0220 -1.5471
-0.0340 -0.0545 -0.0475
0.0464 0.0888 0.0216
0.0060 0.0105 0.0005
0.0488 0.0156 -0.0377
0.0768 0.3075 0.0815
0.2186 0.4652 -0.6953
-0.2400 0.5273 -0.1961
0.0242 0.0482 -0.8994
0.4763 0.1437 1.1770
-0.1003 -0.3170 -0.9010
0.0332 -0.0347 0.0982
0.0337 0.2302 0.1706
0.1799 -0.2089 0.4253
-0.0079 0.2541 -0.4903
-0.3553 -0.0927 0.2998
0.1072 -0.4133 -0.0051
0.4052 0.1137 -0.1076
-0.4827 -0.6220 -0.2949
0.0659 0.0661 -0.2318
-0.1884 -1.2072 -0.4908
-0.1650 -0.1272 -0.3496
0.4301 0.2256 -0.6599
0.0951 -0.9489 -0.1376
-0.0105 0.0363 0.6950
0.0786 0.2686 -0.8442
-0.4663 0.0576 0.7373
0.1207 -0.0181 0.2974
-0.0047 0.2661 0.0934
0.1760 -0.3976 -1.3597
-0.0308 0.0703 0.2751
0.0980 0.0622 0.0652
0.2807 0.0232 0.0633
0.5851 -1.0954 0.6351
-0.0120 0.0016 0.8911
0.2984 0.3732 -0.1578
0.0068 -0.0100 0.7749
-0.0176 0.0245 0.0853
0.6071 0.2305 1.3014
0.0966 0.7320 0.2988
0.1449 0.1568 0.6833
-0.3965 -0.2503 0.3138
-0.8283 -0.5736 -0.9964
-0.7587 0.1129 -0.4479
0.3391 0.3260 0.5262
-0.6207 -0.4663 -0.9680
