-0.0726 -0.1216 -0.6945
-0.0003 0.0020 -0.0271
-0.0466 -0.1036 0.7374
-0.7435 0.0385 0.3255
-0.0644 -0.1160 -0.8653
1.2991 0.4270 0.6252
0.1391 0.2470 0.1264
0.3496 0.1356 -0.0072
-0.0326 -0.0186 0.1341
-0.3197 0.0417 -0.4369
0.0045 0.1039 0.1052
0.0031 0.0439 -0.0955
0.0051 0.1234 0.0628
-0.5934 -0.0748 0.2401
0.0452 0.0480 0.1037
2.5252 -0.4896 -0.4578
2.4506 -0.0686 0.2839
2.4757 -0.0102 0.0368
3.0596 0.1754 0.0688
2.5275 0.0026 -0.0630
2.6324 0.0380 0.3824
2.6101 -0.0451 0.2088
2.5005 0.0208 -0.9614
2.4339 0.2299 -0.9271
2.4535 0.2094 -0.0654
2.9426 0.0633 0.1570
2.3598 0.1639 -0.4796
2.4356 0.1410 -0.2758
2.5066 0.0134 0.4002
1.9633 0.2863 -0.5062
