0.2819 0.1211 0.5101
0.0417 0.2906 -0.2256
-0.3313 0.1177 0.4850
0.0294 0.5783 0.1122
0.1136 -0.0980 -0.4124
0.1024 -0.1806 0.2906
-0.0365 0.1103 -0.9849
-0.2958 -0.1053 0.9158
-0.0705 -0.0553 -0.4794
0.1428 -0.0535 0.2461
0.1092 -0.0161 -0.1388
0.8631 0.1704 -0.0611
0.3884 0.5920 0.0148
-0.0009 -0.0047 -0.2349
0.0996 -0.0118 0.1381
0.0123 -0.0069 -0.0000
0.0181 0.2199 0.2019
-0.1430 0.0662 -0.4009
0.0570 -0.3118 0.3554
0.0255 0.0338 -0.1676
-0.1559 0.1880 -0.4584
0.3154 -0.1218 0.4613
0.0089 -0.0517 0.0343
-0.0361 0.0051 0.1836
-0.0247 -0.0136 -0.0427
-0.0264 -0.0160 0.1843
-0.3800 -0.0207 -0.6386
-0.1719 0.8724 0.2468
0.0450 0.0504 0.1115
-0.0357 0.0116 -0.0516
-0.0679 0.2693 -0.1215
0.5540 -0.1993 0.4850
-0.0122 -0.0283 -0.2474
0.0035 0.5566 -0.1476
-0.0260 0.0862 0.8885
-0.2993 -0.4489 -0.3454
-0.1822 -0.2410 0.1149
-0.0614 -0.2134 -0.1715
1.3141 1.1638 -0.2028
-0.6367 0.0028 1.6990
