-0.8166 -0.4677
0.7553 -0.0360
0.2609 0.2875
-0.1287 -0.2153
0.2643 -0.3427
2.5520 -0.3964
-0.1759 -0.6004
0.1353 0.4430
0.2113 0.4633
1.4050 -0.1547
-0.3031 -0.8694
0.6140 0.5260
0.3884 -0.3113
-0.7670 -0.2678
0.6367 -0.4762
0.7599 -0.1584
0.2318 -0.3192
0.9425 -0.2145
-0.4768 -0.1184
-0.0255 0.3220
3.4011 0.3690
0.7813 1.8574
0.3466 -0.8486
0.0220 -0.3226
0.2382 0.2999
0.4092 -0.2381
-0.1914 -0.0986
0.2997 0.0427
0.0110 -0.0029
-0.5431 -0.2123
0.4627 -0.6495
0.4155 0.7172
-0.0746 -0.0136
0.0564 0.0487
-0.6413 0.5753
-0.5240 -0.5085
0.3338 0.2484
-0.1453 -0.4425
-0.0142 0.0462
-0.0949 0.0642
