-0.4124 -0.7365
0.4853 0.7949
0.0099 -0.3099
0.9065 -0.1446
-0.4071 0.2457
0.8192 -0.4228
0.1057 0.0669
0.6670 -0.0580
0.7759 -0.5036
-0.1333 -0.2263
0.0836 0.4279
-0.0034 0.0444
0.2496 0.0920
0.0171 0.8045
0.0346 0.2205
-0.0328 0.0191
-0.7678 0.2065
-0.8423 0.0909
0.7134 0.4997
0.0230 0.0586
-0.3072 0.1163
-0.3759 -0.1024
0.7154 0.2856
-0.0041 -0.0134
-0.3514 0.0482
-0.4246 -0.1584
0.8028 -0.4833
-0.7964 0.4496
0.2790 -0.5825
0.0160 0.2107
0.2442 -0.1736
0.5665 -0.1857
0.3590 0.4100
-0.3558 0.2258
0.1573 0.1146
-0.0036 -0.0115
-0.0429 -0.0897
-0.1016 0.3767
-0.8967 -0.0977
-0.5779 0.3944
0.0648 0.3692
0.5680 0.5441
0.7816 0.3507
0.0121 0.2126
-0.1102 0.0418
0.2933 0.4738
-0.0138 -0.6935
-2.6527 2.2559
-0.0893 0.8715
0.9711 -0.1959
0.5132 0.2711
0.3241 -0.8095
-0.3431 0.4434
-0.2153 0.2642
0.4146 0.3079
0.4739 -0.2712
-0.4212 -0.6373
0.4203 -0.1727
0.7985 0.2846
-0.1503 -0.3969
-0.0410 0.0172
-0.3746 0.2670
-0.7251 0.6464
-0.1330 -0.0529
-0.0242 0.0055
0.1412 0.3259
0.3132 0.1594
0.5704 0.1822
0.3221 0.7322
-0.2885 0.1423
-0.0542 -0.0485
-0.5304 0.0820
0.0018 0.4525
0.0650 0.6171
-0.1114 0.1337
0.0159 -0.0284
0.4901 -0.0992
-0.3444 -0.0735
0.2395 0.5328
-0.2408 -0.4840
2.5905 0.1328
-0.0259 -0.8054
-0.1803 0.3603
0.0174 -0.0514
0.3713 -0.0226
0.0270 -0.7779
-0.6972 -0.3508
-0.5413 -0.8316
0.0131 0.1329
-0.0113 -0.2012
-0.3046 -0.6153
-0.0047 0.2593
-0.0953 -0.2206
0.5631 0.6982
0.6055 -0.2579
-0.0394 -0.4135
0.7153 0.6935
-0.3498 0.8218
0.7778 -0.1406
-0.0746 -0.2176
-0.1959 -0.0186
0.1728 -0.3865
-0.4610 0.5585
-0.9181 -0.2924
0.6760 0.3786
0.2990 0.6548
0.5611 0.6824
-0.4031 -0.4834
-0.3671 3.6132
-0.2357 0.2850
-0.1021 0.9102
0.0768 -0.1744
-0.0137 0.8812
0.4330 -0.3696
-0.3125 0.2101
-0.2180 -0.0451
0.0933 0.0196
-0.4107 -0.7136
-0.3918 -0.6168
-0.2109 0.1710
0.0192 0.1088
0.0141 0.0838
0.1705 0.2174
0.0148 0.2516
0.0348 0.3909
-0.3703 0.2818
0.3314 0.5477
-0.5266 0.0322
-0.0018 0.1066
-0.0643 0.8582
-0.1374 0.0692
-0.1424 0.7125
0.4613 1.1490
-0.6583 -0.5003
-0.6627 -0.2165
0.2463 -0.7023
-0.2627 -0.0273
-0.6615 -0.0033
0.1507 -0.9712
0.0868 -0.0056
-0.0896 -0.3246
0.0747 -0.0102
-0.1573 -0.3579
0.3972 -0.3666
-0.1058 -0.5720
0.9086 -0.8740
-0.5672 0.1046
0.0023 0.9028
0.3330 0.8613
-0.8876 -0.0255
0.6410 0.3488
-0.3989 0.4024
-0.3125 0.2409
-2.1637 0.1862
0.0870 -0.1414
-0.4176 0.3587
-0.3122 -0.2229
-0.7091 0.0029
0.0314 0.0379
0.0317 -0.0532
0.5424 0.2670
0.2174 -0.3451
-0.6286 0.1508
0.5696 -0.4639
0.0581 -0.6781
-0.0348 -0.5387
0.2581 0.3752
-0.0609 -0.8261
-0.4918 -0.1148
-0.1492 -0.1482
-0.3834 -0.2599
-0.0293 -0.0100
0.0374 -0.1238
0.1869 0.0274
0.5793 0.6467
0.9309 -0.0538
0.2204 -0.3876
0.0468 0.0840
-0.0498 0.3318
-0.7663 0.2401
-0.0586 0.7788
0.1577 0.9079
-0.4296 -0.1965
-0.0594 -0.6756
0.0909 -0.0741
0.1358 -0.0019
-0.1083 0.1078
-0.1638 -0.1737
-0.4769 -0.4700
0.1670 -0.5660
-0.2060 0.1999
0.2894 -0.1361
-0.0319 -0.0516
-0.3977 0.2127
-0.4283 0.8578
-2.0043 -2.4155
-0.2443 -0.0111
-0.1684 0.4908
0.0410 -0.1705
0.4125 -0.0376
-0.3800 0.7701
0.0139 0.1069
-0.2043 0.6132
0.8130 0.2058
0.1759 -0.3205
0.7466 -0.3535
-0.7560 -0.5295
0.0094 -0.0594
-0.0338 -0.0187
-0.7264 0.3201
0.7038 0.1601
0.8225 0.0935
-0.6924 0.5113
0.0028 0.1463
0.2276 0.2486
0.0298 0.0065
0.0262 -0.3041
0.0109 -0.0086
-0.0050 -0.7506
0.6688 -0.2605
-0.0348 0.7581
-0.2142 -0.7421
-0.6219 -0.6733
0.5065 2.3148
-0.0413 0.4982
0.2360 -0.2831
-0.1255 -0.0069
0.4905 -0.2970
-0.8303 0.0986
0.1280 -0.4374
0.9029 0.0480
0.8827 0.3362
0.3109 0.0539
0.4858 0.5111
0.0764 -0.5476
-0.2044 -0.1259
0.2998 -0.0677
0.2531 -0.2669
-1.7332 -1.3973
0.3899 -0.5437
0.2043 -0.2711
0.6915 -0.2905
1.1364 -2.8012
-0.8118 0.0445
-0.8644 0.1962
0.6351 0.0263
-0.1957 -0.5920
-0.2731 -0.0829
0.6324 -0.5514
-0.7651 0.3802
0.5579 -0.3493
-0.8220 -1.7528
-0.8500 -0.2274
1.9914 2.1739
0.1104 0.4923
0.7545 0.2632
-0.2280 -0.2831
0.0241 -0.0423
0.8365 -0.3494
-0.3691 -0.2094
0.0106 0.9565
1.0246 2.8386
-0.0276 -0.1007
0.0250 -0.0367
-0.5390 0.6144
0.0056 -0.0216
0.7098 0.6953
0.4172 -0.0038
-0.5223 0.6234
0.2412 0.0411
0.4270 -0.1709
0.4834 -0.6159
-0.5974 0.0385
-0.4708 0.2018
0.4939 -0.1931
0.0958 0.2096
0.2650 -0.3426
-0.1080 -0.0149
0.0043 0.0897
-0.5075 0.3149
-0.2978 -0.6685
-3.1901 0.0678
0.3823 -0.8427
0.5227 0.3342
-0.1335 -0.0932
-0.0355 0.1842
-0.4584 0.1880
-0.0617 0.2508
-0.4025 -0.2462
-0.0021 -0.0062
0.0237 0.0840
-0.4156 0.1977
-0.0046 0.0344
0.1221 0.0140
0.5715 -0.4660
0.1587 0.3963
0.1141 -0.7395
0.0081 0.0318
-0.7230 1.8041
0.0764 0.1503
-0.5492 0.2308
0.7850 -0.4619
0.2147 -0.3490
0.9060 -0.3222
-0.5584 -0.1036
0.0102 0.0019
0.3142 -0.6551
0.0332 0.0083
0.2202 0.1053
-0.0440 0.1145
0.1952 0.1035
-0.1084 0.0271
-0.1105 0.5966
0.4017 0.4006
-0.4966 -0.3358
0.4391 0.8906
-0.0049 -0.0922
0.3338 -0.1406
0.7898 -0.1335
-0.5412 0.0010
-0.0074 -0.0003
0.5645 -0.3484
-0.3722 0.0851
-0.1072 0.0609
-0.4374 -0.6412
0.2170 -0.5629
0.1919 0.3523
0.3782 -0.8625
0.2097 -0.6403
-0.7175 -0.1298
0.0211 0.6931
-0.5561 -0.2235
-0.0522 -0.0569
0.1521 0.0888
-0.2204 0.0348
-0.5874 -0.4482
0.5783 0.1524
0.0349 0.2034
0.0064 0.4508
-0.6170 0.2082
-0.0132 -0.2673
0.2466 0.3091
-0.0111 0.1644
-0.4848 -0.1891
0.8614 0.3745
-0.9476 -0.1873
-0.7086 -0.1809
0.2751 0.5598
-0.0062 -0.0032
-0.2943 0.8206
0.7522 0.0563
0.0020 0.0177
0.0485 0.2345
-0.2865 -2.0411
0.4857 -0.5804
0.4164 -0.3235
0.0317 0.0784
-0.0227 0.0432
-0.0199 -0.0544
-0.4462 0.0760
0.1965 0.0230
-0.1219 0.1310
-1.9545 0.0826
-0.4807 0.4620
-0.5657 -0.6714
0.7523 0.5153
0.0286 0.2996
0.4058 -0.1507
0.7562 0.4653
0.0680 -0.1042
-0.2924 -0.6775
-0.0166 -0.1438
0.0295 0.0441
0.0099 0.1595
0.8446 0.0351
-0.3752 0.1248
0.1748 0.0541
-0.3782 0.5652
0.1243 -0.1737
-0.2650 0.9230
-0.6294 0.1895
0.0863 -0.0464
0.9302 -1.9143
0.0027 -0.0206
0.3627 0.5244
-0.0089 -0.0933
0.1030 -0.3758
0.1350 0.3642
0.7129 2.1346
0.0473 -0.0373
-0.3015 -0.4753
-0.3782 -1.5330
0.3671 0.2829
0.0527 -0.0585
-0.0927 -0.7568
0.0420 0.1876
0.6235 0.7723
0.5640 0.6800
-0.1946 -0.7754
0.5926 -0.6639
0.2590 -0.0947
-0.1193 -0.0972
-0.0650 -0.0287
0.6186 -0.3996
0.6102 -0.7602
-0.4644 0.4657
0.2582 0.0516
-0.5829 0.3037
-0.2068 0.2226
-3.0117 -1.1476
-0.1422 0.1290
-1.5355 -0.3153
-0.3538 0.6833
-0.3711 0.8210
2.9406 -0.9981
-0.3353 -0.7123
-0.0104 -0.0709
-0.0109 -0.2082
-0.1582 0.0408
0.4958 0.7402
-0.3223 -0.3298
-0.3572 0.3185
0.1478 0.3986
-0.5390 0.2783
0.1402 0.9390
0.7352 -0.4526
0.1994 0.4417
-0.5093 0.6262
0.5744 0.3815
-0.4398 -0.6848
-0.0570 0.3731
-0.1679 -0.9369
0.3225 0.4937
0.7722 0.4947
0.3265 -0.1729
0.0037 -0.0038
0.6779 0.3403
-1.8577 0.3595
-0.2198 -0.5654
-0.0343 0.3227
-0.1852 0.0404
-0.0904 -0.1491
-0.1976 -0.2382
0.2632 -0.4482
-0.8430 -0.1365
0.6421 0.4432
-0.6880 0.4324
0.2927 0.2637
0.0975 -0.0834
0.7420 0.0782
-0.2882 -0.6178
-0.8334 0.4413
0.3292 -0.1125
-0.0229 -0.4386
0.0288 -0.0018
-0.6770 0.6805
-0.1297 0.2597
-0.0049 0.0009
0.5026 0.4624
-0.0921 -0.1893
-0.2688 0.1585
0.0152 0.2125
-0.0920 0.2968
-0.7769 -0.6126
0.3426 0.6308
-0.2089 -0.0447
-0.1051 0.0508
-0.0804 0.0528
-0.0563 0.6437
-0.0055 -0.0640
0.0791 0.0607
-0.0967 -0.7860
-0.1025 -0.2591
0.5752 -0.6725
0.1190 -0.2894
0.8864 0.1709
-0.2561 0.2043
0.8191 -0.0779
-0.1458 0.1022
-0.3086 0.3316
0.1547 -0.5958
-0.1967 0.4098
0.4073 -0.0055
-0.4032 0.1954
0.1358 -0.8445
0.0147 0.0290
-0.2317 0.3277
-0.0713 0.0003
0.0288 0.0076
0.3537 -0.1812
0.7566 0.5856
0.2456 -0.4228
-0.2782 1.3278
0.3822 -0.5304
-0.0153 -0.0792
-0.0495 0.9357
-0.2320 -0.1604
-0.0765 -0.2187
0.6793 -0.1226
-0.0124 -0.0085
