0.3453 0.2228 0.1695
-0.0151 0.0219 0.9226
-0.1305 0.1313 0.4450
0.1618 -1.5461 -0.2868
0.1541 0.7529 -1.3281
0.1929 -0.0966 1.6452
1.4172 0.2337 0.5358
-0.2299 -0.6059 -0.2321
-0.2068 -0.0836 0.0534
0.5008 -0.2123 0.3345
0.2031 0.4943 -0.2357
0.0177 -0.1117 0.0756
0.4567 1.7562 -0.4288
0.3665 -0.7339 -0.3036
0.1687 0.9611 0.1382
0.0262 0.1435 0.3524
-0.1084 -0.4908 -0.7072
0.0054 -0.0095 0.6332
-0.0239 -0.0035 -0.0096
0.1106 -0.0666 0.1162
0.0011 -0.0021 -0.3811
0.1021 0.2526 -0.4088
0.4559 -0.4349 -0.6643
0.2348 1.0700 -0.3703
0.0361 -0.1498 0.3229
-0.0836 0.0787 0.1291
-0.1896 -0.7730 0.5823
0.4641 -0.2689 -0.3285
-1.7654 0.1737 -0.6583
-0.3328 0.3237 0.0587
0.0043 -0.0560 0.2316
-0.0207 -0.0101 -0.6927
-0.2145 0.5609 -0.4716
-0.5695 0.1973 -0.1320
-0.1394 -1.5310 -0.0013
-0.4898 -0.2930 -1.3318
-0.0009 -0.0055 -0.4072
0.2706 0.2012 -0.2565
-0.0856 0.0185 -0.3261
-0.5229 0.3050 0.5469
0.3691 -0.2483 0.0488
0.0100 -0.0047 0.7745
-1.7690 0.2320 -0.7011
0.0020 0.0262 -0.5638
-0.0941 0.2303 0.5807
0.0146 0.3738 1.2305
-0.1394 0.4896 0.2068
0.2771 -0.1585 1.7845
0.0044 -0.4686 0.3053
-0.0999 0.2341 -0.7272
-0.3951 -0.1935 0.2671
-0.0016 0.0008 0.0007
0.7500 0.3829 0.4852
-0.0704 0.5432 -0.4389
-0.0503 -0.3283 -0.8745
-0.0031 -0.4800 -0.0891
-0.0154 -0.0044 -0.5693
-0.1692 -0.3138 0.3288
-0.1675 -0.2283 -0.6286
0.0487 -0.8995 -0.1622
0.0688 -0.1864 0.6028
-0.1026 0.0654 0.9417
0.1743 -0.3979 0.8110
0.2467 -0.7448 -0.3960
-0.5183 -0.6576 1.9749
-0.0051 -0.5807 0.5767
-0.3466 0.5230 0.6752
0.1391 0.2587 -0.0116
0.5298 0.0758 -0.6249
-0.4116 -0.2128 0.0030
-0.1811 0.1479 -0.8619
-0.3788 0.3620 -0.3997
0.0267 0.0115 -1.4932
0.6286 -0.1167 0.0297
-0.0363 0.0185 0.0099
-0.0802 0.0311 0.0540
-0.4476 0.8705 -0.1947
0.0606 -0.1454 0.0723
-0.5526 -0.5459 0.1025
-0.0432 0.0027 -0.4801
0.0023 -0.0007 -0.0006
0.2094 0.0626 0.0999
-0.0163 0.0017 0.0284
-0.0955 0.6313 0.1511
-0.1075 0.0566 -0.1446
-0.6244 -0.1790 0.3017
0.1304 0.3151 0.2694
-1.2225 -1.1721 -0.5217
0.0702 -0.3578 -0.0135
0.2192 0.0708 -0.4816
0.2888 0.3620 0.4002
-0.0105 -0.0035 -0.0577
0.5430 0.1033 0.1436
-0.1421 0.0536 -0.1130
0.4181 -0.4026 0.6206
0.3238 0.3537 -0.0988
0.0805 -0.0296 0.1991
-0.0148 0.0152 0.0135
0.0765 -0.3449 0.4589
-0.4764 -1.7983 0.0603
0.5631 -0.9930 -0.2968
-0.5715 -0.2117 0.6296
-0.1557 -0.0074 0.4306
0.1560 0.2181 -0.7886
-0.1477 0.7415 -0.5660
-0.3348 -0.4650 1.7096
0.5012 -0.5951 -0.1025
0.5385 -0.1228 -0.0875
0.4775 -0.1852 0.5147
-0.0222 0.0105 0.0177
0.0502 0.1404 0.0264
0.0618 0.0004 0.0406
0.1541 -0.1002 -0.8224
-0.3096 0.6132 0.7097
-0.2604 0.3566 0.3232
0.0071 -0.6742 0.2774
0.5896 0.3150 -0.4271
0.3358 0.2754 -0.0330
-0.1965 0.2813 -0.1414
-1.1450 0.5692 1.0177
0.0070 0.0084 -0.0013
-0.0266 0.0036 -0.2478
-0.2212 1.0481 -1.7951
-0.2237 0.0631 1.2311
-0.1014 -0.0136 -0.0364
-0.2376 -0.1765 -0.8780
0.1928 -0.1672 0.8146
0.0235 0.0739 0.5063
-0.1593 0.7597 0.0663
-0.4936 -0.7891 0.5870
0.0125 -0.0106 0.2015
0.3308 0.3297 -0.1308
0.4600 -0.9395 1.2126
0.0801 0.4249 -0.1655
0.3308 0.1896 -0.3139
0.4526 0.5118 1.7157
-0.3838 0.1611 -0.6223
-0.0005 0.0000 0.2409
-0.1407 -0.2883 -0.6486
0.1254 0.3911 0.3343
0.1304 -0.7122 -0.0762
0.4675 -0.5200 -0.0517
0.3472 0.4006 -0.3656
0.2260 -0.8496 -0.9429
0.0054 -0.0639 0.0459
0.1269 -0.0442 0.5072
0.0911 -0.1121 -0.5472
0.3859 -0.5462 -0.5595
0.0038 0.4660 -0.2194
-0.0111 0.0894 0.0520
-0.1569 -0.1282 -0.1135
-0.0362 -0.1506 -0.0322
-1.3737 -0.3893 -0.0794
-0.1107 0.3329 0.4561
0.1079 0.5747 -0.5555
-0.0163 -0.0178 -0.5491
-0.7180 0.4956 -1.4450
-0.0664 0.0178 -0.3379
-0.6410 0.4855 -0.2037
-0.1664 0.1120 0.0376
0.3235 -0.0733 0.7434
0.1918 -0.0805 -0.8610
0.5085 0.2799 -0.3877
-0.1180 -0.1805 -0.1688
-0.8264 -1.0032 -0.3554
-0.0134 -0.0159 -0.0851
0.3388 -0.3755 0.3890
0.2435 -0.0078 -1.4869
-0.0020 -0.0163 -0.2747
0.0292 0.0937 -0.1498
0.1013 0.0717 0.1398
-0.1772 0.0082 0.3157
-1.8101 -0.3233 0.1949
-0.2206 0.0689 -0.0301
-0.2986 0.2111 0.2643
0.0879 -0.3764 -0.4139
0.2087 0.2772 -0.0194
0.3577 -0.3427 0.2423
-0.0108 -0.0038 -0.0302
0.3529 -0.6418 -0.1780
0.5073 0.3239 0.3374
-0.4390 0.4154 -0.0124
-0.0049 -0.5258 -0.3292
-0.0204 -0.1840 -0.9054
0.0204 -0.0009 0.0511
0.3352 -0.7332 0.1651
0.1875 -0.0325 0.2696
-0.0736 0.0821 0.0113
0.5640 0.2242 0.3054
0.2703 0.3128 0.1007
-0.6488 0.4650 -0.2228
-0.3486 0.0035 -0.5529
-0.2784 -0.6125 0.3168
-0.1147 -0.8675 -0.6642
-0.2855 0.3152 0.3150
0.4590 -0.1602 -0.1533
-0.0737 0.2169 -1.0499
0.2291 0.0082 0.0396
0.1794 -0.1764 -0.0728
-0.0590 -1.8748 0.5849
0.0639 -0.1881 0.0165
0.0690 0.4663 0.3395
-0.1899 -0.1625 0.2024
0.0855 -0.0876 -0.9703
0.1945 0.1373 0.1408
-0.0127 0.0505 -0.8776
0.0384 -0.0464 -0.1710
0.1426 0.4151 0.9950
-0.9768 0.5539 1.7460
0.7449 -0.3158 -0.0560
0.2653 -0.7172 0.5236
0.2031 0.9605 0.0740
0.0452 0.2094 -0.9320
0.5049 0.2643 -0.3005
1.0840 0.1569 -1.5533
-0.2366 -0.0160 0.3358
-0.0762 -0.4336 -0.3005
0.0071 0.0197 -0.0340
0.0025 0.1416 -0.2364
0.3568 -0.4703 0.4292
-0.1939 -0.4041 -0.0880
-0.3689 -0.0269 -0.6067
-0.1321 0.1664 -0.8791
-0.5851 0.2749 0.5676
0.1890 -0.9795 -0.6797
-0.1691 -0.0520 -0.7034
0.3079 -0.4110 -0.4023
0.2874 0.1151 -0.2237
-0.0111 0.0040 0.6972
-0.6766 0.7250 1.0005
0.0137 -0.0254 0.3784
-0.0274 -0.0814 0.6570
0.3864 0.1234 -0.1489
0.1641 0.3949 0.4774
0.3243 0.3976 -0.1035
-0.1885 -0.3114 -1.5110
-0.0018 -0.2050 -1.7224
-0.9942 1.5580 0.0091
-0.1819 0.3542 0.1052
0.0611 -0.0343 -0.3664
0.0001 -0.0158 0.3592
-0.0235 -0.0153 -0.2863
-0.1412 0.0855 -0.8105
0.0991 -0.0164 -0.0569
-0.2755 0.2221 -0.0082
0.2235 -0.5304 0.0286
0.0218 0.0320 -0.0109
0.1185 0.1312 -0.1827
-0.6555 -0.3048 0.0003
-0.0192 -0.1620 0.0862
0.0620 0.0292 -0.0562
0.0019 -0.0013 -0.0045
0.0441 0.0519 -0.2571
-0.3943 -0.3157 0.1954
-0.1511 -0.0680 -0.2619
0.0898 -0.0584 0.1551
0.1142 0.0260 -0.0963
-0.0397 0.1867 -1.2893
0.1865 0.4677 0.1364
-0.0131 0.0088 -0.2997
-0.0591 0.0808 0.9794
-0.3386 -0.2090 1.7707
0.4603 0.3458 0.1747
-0.0782 0.1402 -0.2731
0.0596 -0.5816 0.2485
0.0564 1.0911 -0.2752
1.7245 1.2253 -0.3853
-0.0202 0.0386 0.0384
-0.2228 0.3441 0.2354
-0.1944 -0.2466 0.3314
0.0002 -0.0003 -0.0019
0.2654 0.0725 -0.4381
1.3427 -0.0682 1.4171
0.0986 0.0388 0.0151
-0.2307 -0.3671 -0.1758
-0.3224 -0.2448 -0.0487
-0.0119 -0.1659 -0.0269
0.0219 0.0957 -0.0247
-0.1027 0.0864 -0.1032
-0.4905 -0.0072 0.1094
0.0931 -0.1022 0.4740
0.2622 -0.5728 -0.3700
-0.0323 -0.7012 -0.1969
0.0557 -0.2751 -0.1203
-0.0248 0.2428 0.2794
0.0227 -0.0078 -0.6489
-0.1278 0.5246 -0.5051
-0.0809 -0.4970 -0.2773
0.1560 -0.5100 0.3451
-0.0790 0.2373 -0.1666
0.0772 0.1569 -0.0976
-0.1621 0.0571 0.2002
0.5606 0.2219 0.2947
0.1874 0.5200 -0.4527
-0.0181 -0.0038 -0.0770
-0.1454 0.4212 0.6976
0.0164 0.1500 0.3659
0.0508 0.0702 -0.1479
-0.0060 -0.3939 0.0573
-0.2408 0.1727 -0.6646
-0.3369 0.0183 -0.3205
0.8924 -1.4863 -0.5787
0.0869 -0.0591 0.5316
-0.0686 0.0149 -0.9620
0.0206 0.5813 0.3862
0.3223 0.1443 -0.0776
0.5337 -0.1251 -0.2412
-0.5660 -1.5260 -0.9454
0.1046 0.0664 -0.3584
-0.2433 -0.1352 -0.5084
0.0341 -0.0186 -0.8430
-0.6287 0.3169 0.8225
0.3667 -0.2407 -0.0018
0.0498 -0.1947 0.5292
-0.7813 0.3129 0.4288
-0.4200 -0.1679 -0.0821
-0.4647 0.4477 0.1118
-0.4318 -0.0746 -0.7884
0.3479 0.1405 -0.8789
-0.5865 -0.8516 0.5327
0.4247 0.3732 -0.7606
-0.3134 -0.4505 -0.6655
0.1434 -1.2304 0.7943
1.1548 1.2667 -0.5040
-0.4636 -0.4546 -0.1805
0.0660 -0.2852 0.1875
-0.3754 0.5030 -0.6481
0.2303 -0.5507 0.2562
-0.3132 -0.0621 0.3966
0.0795 0.2628 0.8700
0.2105 0.6176 0.7537
0.4700 -0.7402 -0.2815
0.0036 -0.0106 1.4051
0.6204 -0.0761 0.6142
0.1696 -0.2331 0.2353
-0.4025 0.1612 -0.2589
-0.4338 1.3768 0.5528
0.0811 0.0400 -0.0962
-0.4283 -0.5996 -0.6653
0.0986 -0.6391 1.9579
-1.0401 -0.9175 0.5004
-0.1650 -0.1425 -0.1870
0.4894 0.6895 0.3539
-0.0866 -0.1774 0.4573
-0.0850 0.0190 -0.5207
0.1424 -0.0516 -0.1072
0.0330 -0.1442 -0.0486
-1.4418 -0.3052 -1.2354
-0.2871 0.2153 0.5744
-0.0000 0.0003 0.0138
0.0497 0.0311 -0.3199
0.4904 -0.4109 -0.3873
0.0422 -0.0807 0.0307
-0.0328 0.0378 0.2998
0.0979 0.0971 -0.1632
-0.4256 0.5308 0.3722
-0.0153 0.0237 -0.0907
0.0353 -0.2567 0.9396
0.0388 -0.6307 0.3663
-0.0890 0.1770 -0.5539
-0.2785 0.3898 0.2361
-0.0578 -0.2344 -0.6040
0.2374 -0.2580 1.6810
0.0160 0.2074 -0.1278
-0.9333 0.2676 0.0124
0.0070 -0.0796 -0.2704
-0.6449 0.3527 0.4152
0.1341 -0.5890 0.7084
-0.0976 -0.7272 0.2796
-0.8828 1.1757 -0.9538
1.3432 -1.4750 0.8260
0.0110 -0.0723 -0.0056
-0.3375 1.0597 1.0455
-0.1850 0.0204 0.5828
0.0513 -0.0449 -0.0536
-0.3438 -0.4798 -0.1158
-0.1419 -0.0261 0.1143
0.5616 0.2049 0.6753
0.1834 0.0814 0.5756
-0.0127 -0.0088 0.0225
-0.2144 -0.1589 0.2284
-0.0241 0.0529 -0.0340
0.2396 0.0072 -0.0968
0.1517 0.3162 -0.3986
0.3976 0.2251 -0.1488
0.4144 -0.1391 -0.5208
-0.0473 -0.4575 0.1018
-0.0016 -0.0636 -0.0650
-0.0553 -0.0938 0.0658
-0.1556 -0.0180 -0.0130
-0.4057 0.8459 0.2482
-0.0280 -0.0302 0.0201
0.1090 -0.0214 -0.3019
0.0361 0.0437 -0.8979
0.0277 -0.0491 0.0409
-0.8874 0.3320 1.9673
0.0710 -0.0305 0.0077
-0.1118 0.1287 0.0062
-0.1825 0.2039 0.5929
0.2590 0.1508 0.5935
0.0155 -0.1816 0.2273
0.1002 0.0254 0.1622
0.0247 0.6893 -0.4107
-0.0887 0.7234 -0.0065
-0.0405 0.3493 0.2038
0.8001 0.9214 0.9003
0.0621 -0.3531 -0.6350
0.3430 0.0152 -0.6447
-0.3056 -0.0146 -0.3104
-1.1632 -1.1087 -0.0732
-0.0001 0.0003 -0.0096
0.3039 -0.3611 0.3292
0.0998 0.3497 -0.0005
-0.0077 -0.0062 0.0811
-0.3818 -0.6616 -0.2930
-0.0012 -0.0031 -0.0054
-0.0398 -0.0387 -0.0275
-0.3169 0.5816 0.4612
0.2311 0.0214 -0.0963
-0.3292 0.4746 -0.2264
-0.0259 0.2394 0.2127
-0.5248 0.2669 0.3498
0.0330 0.0290 -0.0226
-0.0335 -0.0173 -0.4293
0.0462 -0.1861 0.2142
-0.1939 -0.1353 0.6554
0.1814 -0.0026 -0.0785
0.1596 -0.0728 0.4521
-0.7918 -0.3694 -1.7208
-0.0134 0.0466 0.2291
-0.1041 -0.0961 -0.0939
-1.0601 -0.8018 1.6272
-0.1452 -0.8227 0.2749
-0.1103 -0.0790 0.1063
1.9257 0.1592 0.3845
0.0048 -0.0005 0.6450
0.7391 0.8106 -0.2561
0.6616 -0.0463 0.0218
0.0039 -0.0048 -0.1422
0.0224 0.0424 -0.0152
0.0598 -0.0338 0.0998
-0.4437 0.6278 0.1553
0.1786 0.2877 0.1998
0.3084 -0.4018 -0.5431
0.2609 -0.3620 -1.9209
-0.0514 0.0459 0.0958
-0.0423 0.0794 -0.1467
-0.4227 0.3954 -0.5864
0.5035 -0.4746 0.3249
-0.0086 -0.0197 -0.1904
-0.2093 -0.2667 -0.0719
-0.0330 -0.0033 -0.5736
-0.5884 0.3089 -0.2328
0.0312 -0.0038 0.9689
-0.0136 -0.0911 -0.1813
1.2439 -0.1154 -0.0638
-0.1496 0.2047 -0.0842
0.0217 -0.1539 0.1069
-0.1654 -0.1281 0.9341
0.6621 0.0442 -1.3083
-0.3569 -0.4404 0.1863
0.7433 -0.5488 0.0929
-0.1349 -0.3154 0.5745
1.1138 -1.6317 -0.8315
0.0729 -0.0292 -0.5142
-0.1643 0.1160 -0.1670
0.2168 0.6055 -0.7371
0.4069 -0.1408 -0.0087
0.2852 -0.5915 -0.6025
0.2814 0.5494 0.2907
-0.1112 -0.0656 0.0330
-0.7377 -0.2005 0.2404
-0.0260 -0.2148 -0.0947
-0.6877 0.2856 0.4764
-0.0429 -0.0787 -0.1618
-0.0866 0.4954 0.1927
0.2499 -0.1123 -0.2488
0.1126 -0.2624 0.0615
-0.0640 -0.0813 0.2292
-0.8127 0.1218 0.3207
0.0101 0.0031 -0.0011
-0.0499 0.8327 -0.1200
-0.6706 -1.3066 -1.1459
-0.1314 -0.0263 -0.0179
-0.0213 0.0037 0.0469
-0.0673 -0.1620 -0.3754
0.0677 0.1708 -0.8417
0.2849 -0.7872 -0.3053
-0.3150 -0.6727 0.1666
-0.0138 0.0327 -0.0428
-0.0929 0.1211 -0.5447
0.5027 0.2647 0.0882
-0.1316 0.0129 0.2425
0.0271 0.0962 -0.4756
-0.0478 -0.0649 -0.1697
0.0507 -0.1528 0.0782
0.3562 -0.1770 -1.6777
1.6191 -0.8754 0.3746
-0.0118 -0.1933 -0.3035
-0.0406 0.1971 -0.0864
