0.0013 0.0054 0.0839
0.0000 0.1980 0.0336
-0.4030 -0.0115 -0.4000
-0.8168 -0.3380 0.2284
-0.0737 -0.6066 -0.5456
-0.0029 0.0175 -0.3579
0.5227 -0.7730 -0.6197
-0.3115 -0.5137 0.0051
-0.0057 0.0178 -0.0405
-0.0762 -0.1210 0.2215
0.3762 0.5845 0.3270
-0.0929 0.2004 0.1423
0.2391 0.2028 -0.1760
0.0158 -0.4301 -0.7934
-0.0047 0.0097 0.0088
-0.2200 0.0314 0.3558
0.0301 0.0009 -0.9381
0.4485 0.0701 -0.0744
-0.2098 0.2227 0.5249
-0.2894 0.3682 -0.4062
0.7388 0.0370 0.5731
-0.2007 0.1133 -0.4992
-0.0686 -0.0440 -0.4596
-0.0596 0.3537 0.3862
0.0369 0.0116 0.2653
0.3316 -0.2988 -0.2901
0.1549 -0.0447 -0.5991
-0.1096 0.3047 -0.0621
0.8612 -0.0782 0.1068
0.0027 0.0091 -0.8867
0.3320 0.2481 -0.4647
-0.1444 -0.3787 -0.3804
0.3657 0.1943 -0.0138
0.1058 0.4285 -0.6444
-0.0439 0.0245 -0.1521
-0.1827 0.1049 0.3907
0.1467 0.1916 0.5082
0.0460 0.0291 -0.2272
-0.0307 -0.1342 -0.1235
0.3651 0.7452 0.2301
-0.0950 -0.0542 0.1390
0.1299 -0.0359 -0.2707
0.0879 -0.1293 0.6693
0.5992 0.2496 -0.2191
0.1717 0.1265 0.6511
-0.0705 0.0897 -0.1530
0.0412 0.1119 0.6173
-0.3869 0.0644 -0.0917
-0.0293 -0.0276 -0.0101
-0.3493 0.6784 -0.1423
0.0955 0.2153 -0.1968
0.0128 0.0852 0.2234
-0.0987 -0.0633 0.3545
-0.2673 0.2374 -0.5478
0.3397 -0.0939 0.8567
-0.0246 -0.2290 0.7763
0.2188 0.1061 -0.1202
-0.4047 0.0277 0.2024
-0.2268 -0.5061 -0.0073
-0.4018 -0.3305 0.4416
0.0856 -0.0661 -0.0189
-0.0004 -0.0327 -0.0610
-0.0306 -0.0619 -0.3710
-0.0016 -0.0534 0.6507
0.1379 0.8340 -0.0729
-0.0045 -0.0048 -0.1117
0.0018 -0.0006 0.3818
0.0089 -0.0122 -0.1311
-0.1137 0.0548 -0.8839
-0.4534 -0.1431 0.3513
0.4712 0.0205 -0.8664
-0.1643 -0.1519 -0.6387
0.0080 -0.0016 0.0143
0.3680 0.0446 -0.8529
0.4039 -0.2146 0.1703
-0.2066 0.1476 0.1015
-0.1900 0.4894 0.0710
0.0017 0.0066 -0.7456
-0.0060 -0.0138 0.2104
-0.0160 0.0845 0.7468
-0.4388 -0.1774 -0.4520
-0.0047 0.0196 1.9499
0.1028 -0.5450 -0.3508
0.0215 -0.1266 0.3631
-0.0814 -0.1138 0.4076
-0.9777 0.0542 0.0423
-0.3192 -0.0007 -0.1307
-0.0015 -0.0141 0.0242
-0.4388 0.3200 0.5513
0.0373 -0.0069 0.0241
0.1269 -0.0731 -0.0196
-0.3367 -0.6501 -2.2024
-0.2224 -0.0065 0.6035
-0.1812 -0.0732 -0.2302
0.0263 0.1046 -0.0583
0.0546 0.0257 0.0645
-0.1064 0.0223 0.0222
-0.0797 0.0540 0.0107
-0.1476 0.1808 -0.4553
-0.0005 -0.0498 0.1554
3.4934 0.1232 0.0809
3.7774 0.2015 0.9059
4.9205 -0.8566 -0.4296
3.4308 -0.0521 1.0269
4.1716 0.4098 -0.5619
3.4926 -0.1731 0.1664
3.3674 -0.4436 -0.5120
3.5270 0.1262 -0.1795
3.5819 0.0752 -0.3908
3.2382 0.0375 -0.0102
3.3795 0.7177 -0.1523
3.5417 0.0178 0.1462
3.7570 -0.4276 -0.1402
3.5282 -0.0922 0.1511
3.5649 -0.0853 0.5424
3.3771 -0.4095 -0.0351
3.7086 0.3557 -0.1893
3.2091 0.3331 -0.0359
3.5056 0.0043 -0.2801
3.5547 -0.1449 0.0408
2.6235 -0.2388 1.0789
3.5801 -0.0977 0.7110
3.3853 -0.0412 -0.3968
3.4919 -0.0846 0.6059
3.4951 0.0015 0.0044
3.3375 0.1801 0.5587
3.4360 0.2705 0.4577
3.4973 0.0211 -0.5139
3.5130 -0.0153 -0.3127
3.4162 0.3110 0.3872
3.5068 0.0158 0.0422
3.9721 0.3049 -0.6905
3.3938 -0.0117 0.1981
3.4936 -0.7022 -0.5480
3.4784 0.0067 0.0048
3.5138 -0.1116 -0.1403
2.8104 -0.1253 0.2573
3.5716 -0.0661 0.3330
3.4816 0.0131 -0.6528
3.5041 -0.1752 0.2174
3.4798 -0.0005 0.0257
3.4507 -0.0226 -0.4917
3.4021 0.1973 0.7174
2.8530 0.4907 0.0872
3.0686 -0.2601 0.2932
2.9227 -0.2092 0.7422
3.4737 0.0014 -0.1794
3.6126 -0.0443 -0.2220
3.2608 0.0329 -0.4094
3.7286 0.4041 -0.2310
5.3241 -0.8206 -0.4266
3.7952 0.7979 -0.4590
3.9602 -0.4396 -0.1885
3.4989 -0.0030 0.0025
3.5949 -0.0634 -0.2025
2.9371 0.4369 -0.1935
3.3475 -0.1472 0.0009
3.4258 -0.1296 -0.1148
3.1002 0.2363 -0.3012
3.4995 0.0458 0.5791
3.5538 0.5737 -0.1703
3.1284 0.1240 0.0304
3.3142 -0.1198 -0.3752
3.5585 -0.0606 -0.1707
3.5572 -0.3223 0.6123
3.5208 0.0028 0.3252
3.9502 0.7099 -1.5757
3.1239 -0.1911 0.7052
3.4072 -0.2879 -0.1790
3.3756 0.6287 -0.4060
3.7365 -0.3772 0.2737
3.1132 0.7299 0.2877
2.5915 0.1438 -0.3836
3.6113 -0.4395 -0.8742
3.6720 0.2283 0.6807
3.3739 -0.1211 -0.1251
2.8874 0.2914 -0.2811
3.1307 -0.3634 0.1747
3.4981 -0.0033 -0.2753
3.6077 -0.1809 2.5624
3.4280 -0.0752 0.9389
3.5435 -0.1270 -0.0605
3.4476 -0.3549 -0.2468
4.0455 0.6716 -0.2871
4.0469 0.4497 0.6874
2.7682 0.2994 -0.2487
3.4915 0.0318 0.8605
3.4357 -0.0684 0.3804
3.3958 0.1628 -0.1927
3.8930 0.1347 -0.1595
3.3510 -0.2420 0.2754
3.5107 0.0000 -0.0112
3.3077 -0.0983 -0.8230
3.6239 0.1488 -0.1035
3.5013 -0.0005 0.0131
3.2705 -0.5416 -0.5383
3.6456 -0.0447 -0.2071
4.4546 0.1746 -0.4551
3.4563 -0.5604 0.5868
3.7275 0.3110 -0.9042
