0.4102 0.6346
-0.2453 0.2185
0.0009 -0.0824
0.4826 0.8521
0.5267 -0.5739
0.6367 0.0277
0.5628 -0.2022
-0.3196 0.6295
0.1269 0.1489
-0.0114 -0.0074
-0.3593 0.3507
-0.0133 -0.0594
0.3320 0.3214
0.7237 0.2658
-0.7109 1.6017
-0.5055 -0.7648
-0.1502 0.3544
-0.7966 -0.1321
0.0622 0.2070
-0.4464 -0.1704
0.3134 0.0346
-0.1037 -0.3973
-0.0531 -0.0724
-0.6750 0.1585
-0.6725 0.6732
0.7741 0.3456
-0.1356 0.0168
0.0234 -0.0824
0.1441 0.1379
-0.2721 0.0214
0.2715 -0.1948
2.4110 -2.2047
0.2445 -0.2063
0.2399 0.1310
-0.7997 -0.0242
0.6433 0.5798
-0.3918 -0.0059
-0.6603 0.2857
-0.0075 -0.0112
-3.8812 0.1822
0.2315 0.1770
-1.2911 3.2506
0.1906 0.1023
0.3020 0.1064
0.8133 0.5440
0.6928 -0.6415
-0.2177 -0.4641
-0.0421 -0.0325
0.1048 0.0590
-0.7346 -0.3336
0.3945 -0.4147
-2.1912 2.1343
0.0734 0.0812
0.0203 0.1595
0.8462 0.2928
-0.2826 -0.1579
-0.6983 0.6286
1.5211 0.4883
-0.9365 0.2684
0.3325 -0.1563
0.6233 -0.2248
0.8676 -0.4711
-0.6383 0.1020
-0.0051 -0.0335
-0.1383 0.8237
0.0619 0.0751
0.2146 -0.1845
0.5300 -0.2081
-0.6622 -0.6755
-1.9479 0.7448
-0.8859 0.6986
-0.2943 -0.6317
-0.4421 -0.6132
-0.0134 -0.0390
0.7563 0.0029
-0.3985 0.1316
-0.9839 -0.9155
0.2388 -1.3037
-0.3729 -0.6647
-0.4590 0.5496
0.4794 0.0436
0.4091 0.1726
-0.0002 0.0000
-3.0160 0.8515
-0.8668 0.6368
-0.1661 0.8502
0.1188 -0.1422
-0.1543 0.5194
-0.2464 0.2461
-0.6369 0.0412
0.8848 0.4048
0.2610 -0.1047
-0.4548 -0.7985
0.7950 2.8478
0.4217 -0.0254
-0.0340 0.0294
-0.3420 0.2158
-0.0098 0.8430
-0.3519 -0.8679
0.9713 1.0516
7.2097 -2.1997
4.7946 -0.2560
7.5034 -0.0071
4.8786 -0.2504
6.0632 2.6445
4.3409 0.0404
5.2635 -0.6573
5.0712 -0.0484
5.4985 0.5621
5.0010 -0.4489
5.1606 -0.3618
4.4190 0.1667
4.5896 -0.2800
5.1051 -0.0289
5.0316 0.0768
4.2703 -0.1420
5.1596 -0.7250
4.2238 -0.0664
4.9273 0.5708
5.5112 -0.5659
5.2726 -0.1749
5.0429 -0.0273
3.5544 -0.2894
5.2401 0.8190
4.8431 -0.2131
5.4197 0.0036
5.2288 0.8787
5.1695 0.1373
5.4035 -0.5873
4.8368 0.3047
4.6766 -0.5124
4.6578 -0.3448
5.0248 0.1342
5.0541 -0.0348
4.3045 0.0530
4.8321 0.8322
5.4917 0.6325
4.4265 -0.1699
4.8777 -0.2830
4.6316 0.4225
8.3676 1.6559
5.4848 0.3680
3.9048 -1.8566
5.3012 0.5846
5.2364 -0.7509
5.1986 0.3355
4.7856 1.0776
4.8807 -0.4030
3.7611 0.5677
4.7844 0.1604
4.8716 0.2728
5.0295 0.5821
5.5467 -0.0985
5.0246 0.0185
4.0761 0.2434
4.9546 -0.0499
4.4046 -0.4359
4.9056 -0.0570
5.2177 -0.0810
3.4718 -2.2427
4.8711 0.8358
5.6964 0.0594
4.1561 -0.1502
4.2547 -3.4450
4.8493 0.2873
4.2757 0.6672
5.7482 0.3788
5.2685 0.6603
4.7115 0.0100
4.8646 0.3555
5.0491 -0.0814
5.0469 -0.0577
5.8142 -0.3106
5.2432 -0.0321
5.5241 -0.7815
5.0901 -0.0936
4.6832 0.1043
3.8966 -3.1913
5.7080 -0.4168
2.0293 0.2829
4.6807 0.1451
5.8580 -0.3260
4.8588 0.3099
5.1631 -0.1664
3.8066 -1.0157
5.0599 -0.0750
7.7478 -1.4875
4.3522 -0.0689
5.4131 -0.2941
5.1279 0.4431
5.2745 0.9490
4.7526 0.7415
5.4163 0.1498
5.0193 -0.0040
6.2027 -2.6983
5.6547 -1.7187
5.1134 0.0882
5.2009 -0.1017
4.1555 0.1092
5.5574 -0.5208
