3.933122887438340182e-02 4.976384318377514993e-02
-2.142930707477042063e-02 2.586887544146041495e-01
-7.358584824933693813e-01 2.426920800747427720e-01
-4.623334196230952653e-01 -2.477822279722948773e-01
-1.619364587843558634e-01 1.848204130358039460e-02
-2.743565411868864046e-01 4.027656322902545827e-01
-2.207258277135780711e-01 7.503173566751241141e-01
-2.689365052951235291e-01 -5.340175880849206136e-01
1.470669950395730452e-01 3.287410799586922283e-01
-5.628146370474672588e-01 2.991831210007576264e-02
8.021578219886030814e-01 3.461231916898809269e-01
-8.648089524670339312e-01 -4.942054666623929005e-01
-3.536995738575688698e-03 1.771702076338759757e-01
-2.421155337454041767e-01 2.154255818045619497e-01
-5.951002656489208231e-01 -6.761137671359196410e-01
4.293505037614043784e-01 7.761513129809435863e-02
-5.917804995304444260e-01 7.196108841885795471e-01
-9.164165814538731414e-02 3.170347077556604637e-02
4.312749752046720481e-02 -8.406906498067286126e-02
-9.253557226672536329e-01 1.611504241409874305e-01
-5.740324803437970580e-01 -5.857888282946625003e-01
1.207083067150495070e-01 -2.940435637659140067e-01
-6.561768796466452836e-01 -4.988957424450793376e-02
-3.032341228707472469e-01 3.166159249082343141e-01
-3.702980394308491019e-01 -1.165620803235578595e-01
1.962711067748590943e-01 -1.075778999890071169e-01
-1.851910719885475343e-01 1.595088739119712162e-01
-1.194631226767143700e-01 9.234802563867561265e-02
6.498857836366610241e-02 -5.231258593918944877e-01
-6.196563090081282921e-01 -3.797332179382917339e-01
9.387106635509924468e-02 -3.808543613514188686e-01
-1.468104378452495529e-01 -1.169784781727261497e-01
1.036311368230601049e-01 1.556325220653435315e-01
-1.362568081884365234e-01 9.402943303476271053e-01
-3.321430322266902269e-02 -4.953602694412673757e-01
1.112072174812091391e-01 -2.729039211758096245e-02
-1.920666470402607462e-01 4.335109978798050157e-01
-6.574067644318337678e-01 -6.626091078500704334e-01
-2.106399176222735758e-01 7.251044080989523799e-01
-5.699920990503997142e-01 -7.951684497870522561e-01
-1.151275817118416478e-01 -4.502810198233177519e-01
-1.577662232841615664e-01 1.505536316565221910e-01
-7.422892630528266089e-02 -4.292964102307486596e-02
-3.839174209640952018e-01 -2.832568699350450081e-01
3.569832907252977194e-01 -4.495399999744248420e-01
-5.927273224171217825e-01 -1.083695165360261531e-01
-1.134927044283865274e-02 1.426416431094048448e-02
5.055404343868168393e-01 1.729062746368892622e-01
-5.613249750152941170e-02 -3.583787417918682938e-01
6.275829765115790160e-01 -7.317334812569079583e-01
4.661213244696988056e+00 -8.925731687463460684e-01
4.544261808314553619e+00 8.953975790694747028e-01
5.409838511034598341e+00 5.723504831947386767e-03
4.921487043574470199e+00 -7.638893016044617790e-02
4.108712510893282044e+00 -1.357167813406454371e-01
4.349498630897479678e+00 -1.627685629822184579e-02
4.693708656073928509e+00 1.035705217259273864e-01
5.074066138954227867e+00 -9.536183361264075065e-02
4.112049639418689395e+00 -2.003528702262901140e-01
4.446549100713964364e+00 -1.817037123123161346e-01
4.494651171659741706e+00 6.743158380871123736e-01
4.570576873173322952e+00 2.440363305926366577e-01
4.952803085578021403e+00 -5.014863206484756475e-01
4.516962622943316852e+00 -5.061205801711540948e-03
4.677823604713994499e+00 -2.467955688311025339e-02
4.132842948466612931e+00 -5.787209053785316026e-01
4.252667116614897935e+00 7.834417434560285443e-02
4.682126822648061903e+00 9.628307604289325639e-01
4.428345565032198117e+00 -2.603117701565062503e-01
5.272536508171365099e+00 8.783707132532837109e-03
4.324244632917386255e+00 1.080716434032028272e-01
5.255381188909566959e+00 -2.030595365377235451e-01
4.847243481742553151e+00 -8.057970799062471601e-01
4.848475070465336323e+00 -2.788644600842107302e-01
4.134626463404940999e+00 5.143291504412911275e-01
4.449251461265927965e+00 -5.001776607027618587e-03
4.487932636239693629e+00 2.316422412020550242e-02
5.115306600576506213e+00 6.419012435271038708e-01
3.958498912505135969e+00 8.298847435386789151e-01
4.471781948976825127e+00 -5.964488829669862754e-03
4.356735821931008168e+00 -3.684243327730634676e-01
4.276713420322086456e+00 -1.489416383994064952e-01
4.588748327635127744e+00 -8.985604396129791283e-02
5.454479894418665431e+00 2.447715881337229893e-01
4.813864765063780027e+00 -7.982144204232122231e-01
3.805923186494402533e+00 -5.708420079064988606e-01
3.882962546902499312e+00 3.039893642431591991e-01
5.114542733486098669e+00 5.620096208058238396e-01
5.010423022091153200e+00 5.476211086114947113e-01
5.046726156330552548e+00 -2.129919344118993627e-02
5.026868304192726455e+00 6.101973980717959600e-01
4.889719261628583169e+00 -2.395188072298043147e-01
4.359735863989227411e+00 -2.556535137714415207e-01
4.371650750155886556e+00 3.387899958046799997e-01
4.364119907294415235e+00 5.795964213998854309e-01
4.036086370106690246e+00 5.414412971669112506e-01
4.060414722745704807e+00 -7.734179523579971793e-02
5.115634062051195308e+00 -1.883530975340645675e-01
3.945471636749311894e+00 1.921447883508697052e-01
5.126377294991321776e+00 4.719758677839577254e-01
