0.0053 -0.0397
-0.4997 0.0863
-0.5756 -0.1430
-0.1117 0.2009
-0.2163 0.2900
-2.9823 0.0037
0.6939 0.2769
-0.3092 0.2830
0.0873 -0.2221
0.7409 0.3844
0.5471 -0.7694
-0.3481 -0.8522
1.9696 2.7644
-0.0212 -0.0482
-0.8398 -0.3471
0.6880 0.5224
0.2421 -0.0810
-0.1207 0.2501
-0.1674 0.6538
-0.2626 0.6726
6.1788 -1.4997
2.0314 -2.1768
4.0854 -0.3203
4.5644 0.0860
4.2631 -0.5261
4.9848 0.2154
4.4002 -0.1262
3.7436 0.3145
4.1378 -0.3606
5.7570 -1.7111
4.8274 0.3124
4.5691 0.0914
5.1148 0.6850
4.4406 0.0752
4.3300 -0.4572
3.9796 -0.0777
4.3943 -0.1780
4.5260 -0.0393
2.9844 0.1077
4.6384 0.3455
