-0.0419 -0.0807 0.1455
0.9801 -0.0274 0.0554
0.8692 -2.9694 1.6275
-0.0012 -0.0038 0.0959
-0.0695 0.0897 0.1298
-0.7491 -0.2811 0.0796
0.1036 -0.3471 0.3208
-1.0124 -1.3258 1.8226
-0.4652 0.3479 0.6888
0.0682 -0.0988 0.0883
-0.3090 0.2619 0.3590
0.6410 0.2771 0.0284
-0.2946 -0.9168 0.2675
0.6975 0.3282 -2.3970
0.6655 0.6273 -0.2406
-0.5593 -0.1653 0.3750
0.0397 0.0164 0.0192
-0.0446 -0.2350 0.8732
1.8577 -0.7520 -0.1866
-0.6972 -0.2069 0.3464
-0.1381 0.0808 -0.3688
0.0234 -0.0427 0.0750
0.4499 0.5345 0.5448
0.0178 0.0518 -0.0403
-0.0394 -0.0666 0.0336
0.0014 -0.0078 0.0092
0.3396 0.3215 -0.1292
0.0243 0.1230 -0.0839
0.2709 0.1967 -0.8551
-0.0412 -0.2204 -0.0561
0.3061 -0.0071 0.3369
0.0217 -0.5412 0.4209
0.2369 0.0637 0.7596
0.7902 0.9035 -1.1992
0.0298 -0.1137 -0.1454
-0.0628 0.0787 0.0571
-0.3877 -0.3246 -0.4466
0.0151 0.0012 -0.0547
-0.0058 -0.0058 -0.0915
0.2918 -0.0211 -0.8708
-0.2705 -0.0371 0.1539
0.0401 0.0408 0.2090
1.1302 0.0598 -2.7379
1.2297 0.2250 -0.6960
0.1467 0.2590 -0.3794
-0.0988 -0.0617 0.3370
-0.0029 -0.0057 -0.0663
0.4949 -0.6910 3.3034
0.0477 0.0036 -0.0639
0.6434 0.3548 2.4600
-0.0300 0.0393 0.0385
-0.1451 0.0013 -0.0271
0.5694 0.3801 -0.1556
-0.1430 -0.2081 0.0373
0.0910 0.0783 0.0274
0.1761 0.2340 0.8714
0.2328 -0.0669 -0.1953
0.2783 0.1043 -0.7816
0.1519 0.0521 -0.2228
-0.0130 0.0502 0.1376
-0.0021 -0.0029 -0.9072
-0.1425 0.0084 0.0481
-0.1015 0.1860 0.2901
0.0218 -0.0228 0.0114
-0.0110 -0.6150 0.7842
0.1393 -0.7885 -0.0569
-0.8197 -0.5483 0.7453
-0.0359 0.1656 -0.2671
0.0436 0.0317 -0.0279
0.0949 0.4062 -0.2547
0.3302 -0.5686 -0.2281
0.7114 -1.1400 -0.4975
-1.6453 1.6048 -0.0914
-0.0057 0.6133 -0.2878
0.5830 -1.0278 -3.3481
-0.4097 -0.1450 0.2397
1.9443 -0.3353 3.0888
-0.0870 0.0161 0.5105
0.1300 0.0117 -0.0432
-0.1696 0.2659 0.6618
-0.3642 0.1384 0.6002
0.0445 -0.4705 -0.8074
0.4284 0.1098 1.1386
-0.0013 -0.4827 0.2213
0.0909 0.1584 -0.0204
-0.0186 -0.0675 -0.3645
-0.2756 -0.2660 -0.8101
-0.2871 -2.4295 0.8236
0.1400 -0.0869 -0.3076
0.0600 0.0353 -0.2475
-0.1318 -0.3624 -0.2599
-0.3317 -0.0358 -0.6570
-0.2431 -0.0447 0.0920
-0.1140 0.5814 0.2312
0.0053 0.0293 0.0056
0.8282 2.5561 0.6186
-0.3433 0.0407 -0.0053
0.0460 0.0334 -0.2552
-0.4807 0.2858 -0.3404
-0.1579 0.0686 -0.7780
-0.1655 0.1340 -0.4378
0.2156 1.4298 -2.5877
0.0349 0.0542 -0.4447
0.0734 0.2127 -0.1123
0.0075 -0.3399 -0.8115
-0.6565 0.6290 0.3742
0.2012 0.4425 0.4553
0.0189 -0.2570 -0.9404
0.0191 0.0407 0.0755
0.0386 0.4551 0.6675
0.9459 -0.5229 1.0714
0.2171 -0.0855 -0.0547
0.0352 0.0060 -0.1529
-0.3594 0.3515 -0.5235
-0.5206 -0.4122 0.2251
0.0095 0.4735 0.2266
-0.0216 -0.2440 0.0033
-0.1902 -0.3349 0.4235
0.1261 -0.1010 2.6344
2.6263 -0.9994 1.0724
0.3541 -0.2060 0.0876
0.1954 -0.6505 0.0360
0.1817 0.1026 -0.2519
-0.0582 -0.0021 0.0993
0.1208 0.2738 0.0105
0.1933 -0.5285 0.4779
0.1316 0.1727 0.3117
0.4107 -0.0413 -0.1729
-0.4237 -0.0255 0.2625
-0.6244 0.4561 -0.5276
0.0008 -0.0014 -0.0026
-0.3624 0.0029 -2.1720
0.0032 -0.0138 -0.2542
0.0622 0.1650 0.4961
-0.7489 -0.2664 -0.1862
0.0350 0.0123 -0.1366
-0.4235 -0.6832 0.4147
0.1777 -0.4598 -0.1538
0.0389 0.0045 0.6903
-0.7742 -0.0595 -0.4227
-0.0272 -0.0171 -0.7259
0.0006 -0.2496 -0.8143
0.0437 -0.0517 -0.3596
0.0194 -0.1402 0.6627
0.2723 0.2527 0.5015
-0.1320 -0.3310 -0.7502
-0.1130 0.0100 -0.2051
0.6755 1.4359 1.1676
-0.3987 0.1665 0.1008
-0.0009 0.0014 0.1737
-0.0763 -0.0576 -0.1078
0.1871 -0.2789 -0.5916
-2.3100 -1.3979 2.4078
-0.4694 -0.7478 -0.1701
-0.5269 0.6543 -0.5099
0.0372 -0.1167 -0.7486
0.1251 -0.6002 0.7665
-0.0050 0.0003 0.2877
0.2739 -0.6701 -0.2683
0.1002 0.1342 -0.6370
-0.0265 -0.2515 -0.1896
0.1901 -0.1353 -0.2704
0.3100 0.4619 -0.2612
-0.2509 0.4032 1.9971
-0.0457 -0.0014 -0.0132
0.2819 -0.3235 -0.0427
-0.5568 -3.1777 0.5736
0.0170 -0.0203 -0.2158
0.0039 -0.0138 0.1199
-0.3151 -0.4235 -0.7449
-0.4207 -0.6422 0.0448
1.8953 -1.2447 0.7255
-3.0852 -0.0381 0.3860
-2.2921 -0.5758 -1.0501
0.1155 -0.0105 0.0602
-0.3094 -1.9232 1.9334
0.7174 -0.0109 -0.3782
0.1459 0.8440 0.3722
-0.0211 0.7874 0.3758
-0.0025 -0.0013 -0.2687
0.3613 0.1630 -0.4222
-0.3538 0.0081 0.6345
-0.0502 -0.7110 -0.2212
0.0636 0.2533 0.7230
-0.3859 -0.3446 -0.2206
-0.0271 -2.1086 -2.0716
-0.0123 0.0345 -0.2974
0.0093 -0.0156 0.0601
0.5527 -0.2700 -0.5047
-0.2284 0.1039 0.2106
-3.0461 0.1795 -1.8627
0.1241 -0.0129 -0.0572
0.7354 -0.3028 -0.6690
0.0344 -0.0076 0.0242
-0.0064 -0.4105 0.5222
0.5732 0.3328 0.1117
1.1617 1.5981 -0.5836
0.0345 -0.0500 -0.1004
0.4051 0.0345 0.1673
-0.0439 0.0355 0.0328
0.4958 1.3261 -0.5319
-0.1435 -0.2742 0.7684
0.1702 -0.0715 -0.2939
-0.0065 0.0895 -0.1710
-0.1413 -0.5445 0.3058
0.0568 -0.0109 -0.0326
1.1151 1.6784 -0.7994
-0.0471 -0.4156 0.4117
-0.1718 -0.9654 0.0939
-0.2242 0.5215 2.5137
0.0369 0.0325 -0.6425
-0.0087 -0.0450 -0.0411
-0.0523 -0.2167 0.0681
0.7928 -0.2029 0.3442
0.7317 0.0442 -0.0512
-0.1166 0.0083 -0.0660
-0.0764 -0.4166 -1.9868
-0.5473 1.0149 -0.3402
-0.3229 -0.1834 -0.0530
0.0356 -0.1634 -0.0449
0.2201 -0.0772 0.3729
-0.1659 0.5348 -0.2770
-0.0957 0.1845 -0.1681
0.2874 -0.2139 0.1044
0.0736 -0.0203 -0.0399
-0.1792 0.0671 -0.0645
0.0281 0.0135 -0.0707
-0.0240 -0.0235 -0.0309
-0.3216 -1.7988 1.3305
0.1679 0.4706 0.0634
0.5732 -0.1564 0.1041
0.4446 0.0551 0.7861
-0.0367 0.0227 -0.0296
-0.1703 0.0329 -0.1313
-0.1985 0.0666 -0.1595
0.5422 -0.3079 0.0751
-0.0737 -0.2443 -0.0732
0.4545 -0.5055 0.5077
0.1219 0.0749 0.2282
-0.1122 0.4139 -0.3906
-0.4021 -0.5145 -0.3925
0.0150 -0.0103 -0.0635
-0.0181 0.1087 0.1205
0.6999 0.4611 -0.1979
-0.0166 -0.1704 -0.7449
0.1837 0.5881 -0.4049
-0.0443 0.0075 0.0197
0.2280 0.0501 -1.9590
0.0456 -0.0683 0.6608
0.4909 -1.4356 0.4219
4.4968 -0.0014 0.9902
5.1583 0.3927 0.2219
4.9131 0.1592 -0.1193
4.3253 -0.2097 -0.6596
4.4634 0.0232 0.3886
3.6562 -0.1659 -0.3329
1.4679 1.9492 -0.2637
4.5069 0.0151 0.6173
2.3923 -1.2186 2.6938
4.0659 -0.7485 -0.3983
4.0389 -0.1301 0.6869
4.6471 0.0202 -0.0626
4.5075 -0.0586 -0.1815
3.5336 0.4845 -2.9367
4.5309 -1.2311 0.8771
4.8664 -0.5191 0.4905
5.0795 0.2775 -0.1173
4.4406 0.0100 -0.3574
4.8544 0.3333 0.3796
4.7763 0.1423 0.0837
4.2134 0.3740 -0.8248
4.4981 -0.0071 0.0070
4.2883 -0.0373 0.1240
3.9654 -0.2461 0.6241
3.1948 -1.0300 -1.2190
5.3049 0.0034 0.1803
4.7503 0.5146 1.6717
4.2849 0.0612 -0.9735
4.4238 0.4794 0.6151
4.0710 -0.0256 -0.3866
4.6114 -0.0164 -0.1341
4.7735 0.0338 -0.5174
1.6320 0.4587 0.8789
4.9346 -0.3157 0.0447
5.6925 -2.6437 -1.8581
4.4977 -0.0018 0.0342
4.5267 -0.0092 0.8672
4.8831 -0.3635 0.0920
4.5280 0.0039 -0.0324
4.5170 0.0092 0.0185
4.5518 0.4023 -0.3319
4.5864 0.1377 -0.1214
4.3238 -0.1577 0.4159
4.2724 -0.5384 0.3141
4.0410 0.0823 0.2474
6.8259 -0.0648 0.7504
4.5338 -0.0298 -0.0031
4.3968 -0.4754 -2.2014
4.3809 0.0118 0.2036
4.0733 -0.3337 0.5475
4.8325 -0.2194 -0.4128
4.4931 -0.0071 0.0085
4.5084 -0.0905 -0.1720
4.8482 -0.0114 0.2987
4.3586 0.0545 -0.2047
4.4742 -0.0167 0.0357
4.4647 0.2139 -0.8498
4.5040 0.0395 -0.1695
4.9100 0.1130 0.3602
4.4880 -0.0446 -0.0164
4.3869 0.0708 -0.9988
4.6071 0.1004 -0.6339
3.9806 0.0247 0.6871
4.4855 -0.0069 -0.1014
4.6376 -0.1296 -0.4872
4.5008 -0.0012 0.0019
4.1264 -0.2722 -0.5239
4.5473 0.5279 -0.4280
4.4364 -0.1426 -0.0524
4.1802 -0.0324 -0.8147
4.9565 0.6105 -0.0911
3.8585 0.4360 0.0538
4.4085 -0.3156 -0.2432
4.4466 0.0296 -0.3962
3.6729 0.2270 -0.2027
4.6704 0.1929 0.0182
4.5375 -0.0398 0.6388
4.7814 0.0245 -0.3944
4.5847 0.0727 0.0900
4.2275 -0.2567 0.8328
4.6528 -0.2249 0.8458
4.5080 -0.3102 0.4550
4.6018 0.2019 -0.9543
5.2192 -0.2118 0.3749
4.5881 0.0346 -0.1437
4.1453 0.2431 -0.3623
4.5603 -0.0285 -0.6447
4.6356 -0.1200 -0.4813
5.2122 -0.0266 -0.4891
4.3308 0.4295 -0.3971
4.4171 0.0636 -0.1081
4.4566 0.0758 -0.1855
4.3439 0.2459 0.9390
4.8486 0.5737 -0.4047
4.0279 0.3004 -0.0975
4.4804 -0.0476 0.0614
4.8814 0.2800 0.7952
4.3168 -0.3097 0.4107
4.3664 -1.1944 -0.2081
4.8755 0.1275 3.4549
4.3696 0.2679 -0.2662
4.4077 0.0096 0.1377
4.4944 -0.0003 -0.2410
4.7054 -0.7162 -0.1819
4.4720 -0.0124 0.0469
4.3072 -0.3292 -0.7335
4.6553 -0.9830 3.1777
4.0265 0.8258 -0.0776
4.4194 0.0400 0.1545
4.5394 1.5485 2.2648
4.2696 0.4999 0.1240
4.8225 -0.3384 -0.2430
4.7226 -0.2424 0.0976
4.5944 0.2152 0.0031
3.9507 -0.2938 0.1717
4.5058 0.0022 -0.0191
4.1222 -2.4793 1.3542
4.7471 0.0527 0.7373
3.6432 0.0091 -0.2863
4.5007 0.0057 0.0902
4.5208 0.0741 -0.9146
4.5069 0.0337 0.0513
5.1011 0.6818 0.9063
4.4970 -0.1221 0.5463
4.6357 -0.3424 -0.0759
4.0395 -0.3210 0.3772
4.7259 0.2772 -0.2332
4.2688 -0.4926 0.4520
4.2604 0.3112 -0.0907
4.4833 0.0236 -0.0294
4.3945 0.0206 -0.0765
4.5064 0.1253 0.2527
4.5005 0.0000 -0.0001
4.5194 0.0099 0.3131
4.1608 0.2349 0.7611
4.5048 -0.0110 -0.0309
4.4959 -0.0108 -0.0963
4.7744 0.7356 -0.1169
3.3095 -0.7757 3.2677
4.5213 0.0252 0.0929
4.0306 -0.6714 -0.5831
5.1793 -0.0479 0.2575
4.4854 0.0276 -0.0176
4.4939 0.0080 -0.0004
4.5319 -0.0340 -0.0135
3.9728 0.7038 -0.1736
4.5584 0.0786 -0.5654
4.1471 0.7006 -0.5779
4.5775 -0.1056 -0.0544
7.0237 -2.3330 1.0419
5.1786 0.2234 0.0004
5.0768 -0.5268 0.2250
3.7545 0.7075 1.8833
4.9812 -0.2331 0.6776
4.4999 -0.0037 -0.0208
4.5450 0.0921 0.6609
4.6244 -0.0542 -0.0703
4.3181 0.0233 0.1483
4.3027 0.0583 0.0422
4.5108 0.1195 -0.7146
4.2721 0.0139 0.9309
4.2281 -0.3238 -2.1657
4.4847 -0.1159 0.1077
4.4996 -0.0004 -0.1923
3.4506 0.0241 -0.1639
4.4790 -0.0588 -0.9318
4.4576 -0.0374 0.0934
4.4905 0.0327 -0.5326
4.3602 0.0240 -0.6317
4.4659 0.1112 -0.7279
4.4855 0.0127 0.3477
4.7191 0.2954 0.0068
4.9941 0.1331 0.0681
4.5530 -0.0715 0.2132
5.0454 0.4319 -0.5389
3.7694 -1.5262 -3.0879
4.6255 0.5156 -0.2954
4.6518 0.3305 -0.2922
4.3280 -0.1318 -0.3550
4.3269 0.0129 0.5276
4.9175 -0.5650 0.0661
4.0791 0.1884 1.4344
4.4986 0.0042 -0.1980
4.1044 -0.5775 -0.4290
3.9935 0.0991 0.7400
5.5929 1.5312 -2.6063
4.4071 0.1138 -0.2232
4.5386 0.0381 0.1170
5.0767 -0.1816 -0.3763
4.4479 0.0191 -0.0740
4.2733 -0.0697 -0.2487
4.4715 -0.0035 -0.0788
1.5217 0.4478 -1.6656
4.4240 0.0707 0.0905
4.3365 -0.6588 2.7311
4.6944 0.3203 0.4677
3.7063 -0.1783 -0.5130
4.4818 -0.0749 -0.0301
4.4883 -0.3280 -0.0172
4.2962 -0.1285 0.0374
4.3129 -0.0048 -0.4077
4.4507 -0.1810 -0.0304
4.4341 0.0232 -0.0245
4.3367 -0.1097 -0.0820
4.5944 -0.0041 -0.8741
4.2470 -0.2913 0.0109
3.4772 0.6926 -1.3185
4.0861 0.2585 -3.5461
4.4056 -0.2610 0.4303
4.5960 -0.0602 -2.0271
4.3689 -0.0138 0.2457
4.6964 0.0771 0.6658
4.4264 -0.3686 0.8320
4.3870 0.4012 0.8199
4.6856 0.0550 -0.6423
4.8064 0.3928 0.4848
4.8346 -0.1513 0.1577
5.6599 0.7154 -1.5588
4.4266 0.0963 0.2540
4.3673 -0.0614 -0.3657
4.0249 0.4337 0.0728
4.3408 0.1265 -0.1118
4.3120 -0.9033 -0.3855
4.4549 0.0356 -0.0789
4.6118 -0.1406 0.6009
4.3406 -0.3653 0.0806
4.5455 -0.0732 -0.2170
4.8580 -0.7430 -0.4440
4.1981 0.8060 -0.2939
4.6604 -0.1105 0.5097
4.6159 -0.2347 0.4106
4.4941 0.0306 0.0750
4.4736 0.0046 0.0100
4.3774 0.2928 -0.2930
4.6302 0.1841 0.2032
4.5171 0.0067 -0.1455
4.0057 0.4167 -2.5383
4.4995 0.0078 0.3489
4.4660 -0.0407 0.3739
4.4611 -0.0608 -0.6031
4.4716 -0.0332 0.3911
4.5026 0.0385 -0.1910
4.8878 0.3748 -0.0216
4.4487 -0.6746 0.3470
4.4161 -0.0579 0.4854
5.0739 -0.1851 -0.7856
4.4931 0.0035 0.0007
4.5470 0.0927 -0.9143
4.5949 0.0036 -0.0687
4.1199 0.2751 0.5132
