-0.5724 -0.0975
-0.0168 0.0745
0.1564 0.7143
-0.8029 -0.4084
0.2767 0.0584
0.4295 0.3794
-0.0825 0.1140
0.2576 -0.3076
-0.2469 -0.2653
0.4066 0.2494
-0.4366 0.5357
-0.0825 0.8318
0.0835 0.3195
-0.3921 0.8912
0.1943 -0.4040
-0.6678 0.6306
-0.4781 -0.1316
0.0931 0.0427
0.4345 -0.4529
0.0274 -0.3304
0.1139 -0.1398
-0.2913 -0.5424
-0.1826 0.3944
-0.5559 -0.0568
0.4330 0.8569
-0.5656 -0.3196
0.1902 0.1539
0.1937 0.5156
0.2446 0.5308
-0.2026 0.9420
-0.6868 0.0343
0.1681 -0.9642
0.0569 -0.0256
0.9167 -0.0127
-0.0050 0.0403
-0.0215 0.1748
0.4301 -0.6187
-0.2049 0.6966
-0.2141 -0.4326
-0.4627 -0.4687
-0.1523 0.1864
0.1933 0.8611
0.2454 -0.0334
-0.0355 -0.0867
-0.0000 0.0291
-0.9110 0.1222
0.5675 -0.0185
0.4659 0.6915
0.0363 -0.2161
-0.1746 0.4872
0.1547 -0.6310
-0.0258 0.3302
-0.5684 0.8190
0.0636 -0.6179
0.0437 -0.4896
0.2795 -0.5104
0.2580 -0.1425
0.4139 0.1229
-0.0352 -0.1102
-0.8787 0.4164
0.0725 0.0584
0.2079 -0.1230
-0.2155 -0.1112
-0.5923 -0.4757
-0.1943 0.2399
-0.5126 0.1527
-0.3407 -0.1666
-0.0717 0.9051
0.2342 0.8258
0.9389 0.0389
-0.2036 -0.3211
0.3840 0.4676
0.0782 -0.4002
-0.7535 0.1673
0.1011 -0.1319
0.1933 0.2274
0.0094 -0.0067
-0.0256 -0.0040
0.5226 0.0704
0.0064 0.3132
-0.0149 -0.0791
0.2662 -0.6256
-0.1788 0.6072
0.5135 0.8440
0.2093 -0.6317
-0.5138 -0.1352
-0.2295 -0.1685
0.1441 -0.0063
-0.1513 0.8649
0.1609 -0.3128
-0.5345 0.5998
-0.4916 -0.1571
0.7481 -0.2224
-0.4840 -0.4908
0.1480 -0.2919
0.5548 0.2309
-0.3247 -0.2729
0.0526 0.2492
-0.1187 -0.0619
-0.1332 -0.1966
4.5699 -0.5135
3.9784 0.7381
4.0643 -0.7327
4.6270 0.3524
5.1396 0.1087
4.3439 -0.4722
4.8643 -0.5802
4.4748 0.8232
5.1474 0.4168
4.4589 -0.0490
4.9527 -0.3570
4.3090 0.6985
4.5758 -0.3622
4.9213 0.1429
4.4843 -0.3623
4.3296 0.6150
5.2225 0.2474
4.4499 -0.7050
4.6354 0.0884
4.7337 0.0266
4.8113 -0.9457
5.0145 0.5957
4.4987 -0.0003
3.9341 -0.4226
3.6741 0.2903
4.0201 0.7093
3.9903 -0.0961
4.1017 0.1239
4.1393 -0.5694
5.1232 -0.7288
4.1677 -0.1233
4.5450 0.2819
4.6462 0.1617
3.5956 -0.3843
4.6564 -0.1886
5.3245 0.4225
4.5093 0.0392
4.6072 -0.4733
4.2744 0.9075
4.1057 0.3303
4.6468 0.2822
4.2314 -0.1557
4.3583 -0.5164
3.8960 -0.4585
4.5480 -0.0022
3.9819 -0.0964
4.6895 0.5293
5.3042 0.0099
4.3276 -0.3906
4.5317 -0.0563
4.5501 -0.0015
4.9917 -0.3015
4.3024 0.2894
4.4278 -0.0105
3.8465 0.4346
4.4253 -0.0168
4.1396 0.4192
4.6594 -0.0798
4.4298 -0.1069
4.1429 -0.0868
4.9623 -0.1249
5.2552 0.0651
4.9412 -0.0053
3.9077 0.6309
4.6454 0.2768
4.6022 -0.6689
3.9771 0.8453
4.1811 0.7396
4.2889 0.1770
4.7010 0.3095
4.4238 0.0400
3.9424 0.3300
3.8373 0.1798
4.1406 -0.6439
4.2591 -0.2734
4.3107 -0.3710
4.4398 0.9783
5.3129 0.0758
5.2028 0.4192
4.2760 -0.8128
4.0457 0.6336
3.8582 0.3800
4.7964 -0.4728
4.3407 0.4960
4.9003 -0.1844
5.3252 0.2882
4.5859 -0.0054
5.1810 -0.5793
4.1674 0.3995
4.2712 0.3733
5.0985 -0.3260
4.4889 -0.7264
4.3498 -0.0584
5.0630 -0.5834
4.1792 0.7212
4.6519 0.1860
4.0876 0.3578
5.1291 -0.0798
4.6705 0.0707
5.4796 -0.1901
