-0.1358 -0.2770 -0.4751
0.0215 0.0041 -0.0198
-0.2541 0.8905 -0.1682
0.1131 0.6197 0.1607
0.7238 0.6864 0.1685
0.3171 0.2121 0.5747
0.2084 0.1826 0.0675
0.7067 -0.0130 0.1566
0.0115 0.0030 -0.1056
0.0612 0.1462 0.2229
0.3371 -0.1334 0.3751
-0.6485 0.2783 -0.1448
0.4891 0.7149 0.6317
-0.0311 -0.1606 0.3129
1.6754 0.1047 -0.2364
0.0120 0.0903 0.7548
0.4248 0.5648 -0.3936
-0.7799 -0.1033 -0.0999
-0.0616 -0.0373 -0.6339
0.3779 0.3527 -0.4516
0.0804 0.1309 -0.8825
-0.6892 0.6681 -1.1890
-0.0512 -0.1813 0.1833
-0.0060 -0.0181 -0.2245
-0.2433 0.0995 0.1491
-0.3034 0.1613 0.0653
0.2079 0.0938 -0.2381
-0.7126 -0.1682 0.0187
-0.3484 -0.0490 -0.1734
0.0199 -0.5872 0.0910
0.2887 1.2988 1.0303
0.3636 0.6006 0.1826
0.5259 -0.1323 0.0178
-0.2310 0.3712 -0.5914
0.0019 -0.0159 0.1139
-0.0014 -0.0031 0.0348
0.2542 -0.0736 0.4233
-0.9303 -0.4641 0.2969
0.5971 -0.1985 -0.4568
-0.0533 -0.0202 0.5207
