0.4143 0.6093
-1.0101 -1.2665
-0.0030 -0.2431
-0.5247 0.5593
-0.1821 -1.0122
-0.0843 0.0008
0.5993 0.0963
-0.3317 -0.3028
-0.0293 0.0435
-0.4865 -0.4840
-1.0696 -0.0015
0.4945 -0.2631
-0.1661 -0.6251
-0.0961 -0.2156
-0.0491 0.5091
0.0719 -0.1042
0.3249 -1.6168
0.1985 -0.8094
-0.3762 0.6100
0.0024 -0.0069
0.4458 -0.1386
-1.0846 -0.8745
-0.2582 -0.8753
0.0491 -0.0765
0.9978 0.2083
2.7636 -0.3602
2.9034 -0.3913
2.4765 -0.0471
1.4409 -0.7158
2.4842 -0.0116
2.3841 0.4509
2.9902 -0.2355
2.4239 0.2368
2.4338 -0.6799
2.4997 0.1090
2.7708 -0.4322
2.9304 -0.2589
1.9256 -0.7301
2.3551 -0.0506
3.0945 -0.2466
2.4914 0.0809
2.9902 -0.4385
2.5840 -0.0674
2.7317 0.1161
1.8072 0.2994
2.6248 0.5317
2.4494 0.9983
2.8110 -0.1084
2.7955 0.4976
1.9043 0.1323
