0.4065 0.5574
0.4899 -0.5425
0.1977 -0.1732
-0.3145 0.0032
-0.6021 -0.1082
0.8234 0.1425
0.0146 -0.0472
0.4523 -0.6821
0.4934 -0.4525
-0.7039 0.2369
-0.2339 -0.1314
0.0458 -0.1331
0.1157 0.7697
0.5509 0.0709
-0.1769 -0.4052
-0.7972 -0.4099
-0.6726 -0.5728
0.9038 0.4116
0.1733 0.0102
-0.5319 0.7825
2.3873 -0.2258
1.7538 0.9204
2.5374 0.3363
2.3296 0.3864
2.2312 -0.2434
2.0226 0.0054
2.2021 0.9242
1.6299 0.0873
1.7806 0.1774
1.0674 0.1628
2.4431 -0.5934
2.2066 0.5427
1.7021 0.2260
2.0985 0.3796
2.6390 0.6743
1.5632 0.2304
2.4314 0.3580
1.2396 0.2011
1.4640 0.2841
1.8181 -0.3701
