0.3228 0.3414 -0.0211
2.0421 0.7481 0.2213
0.2207 0.1969 -0.7939
0.0035 0.0445 0.1019
-0.0416 0.3472 -1.0213
-0.0739 -0.7366 -0.0854
-0.0958 -0.0453 -0.1375
-0.2351 -0.0791 -0.2879
1.3934 1.4911 0.3011
0.0464 0.0270 -0.4256
0.5260 0.1094 0.2829
0.0168 0.1369 0.9553
0.5118 0.0120 -0.0611
-0.4070 0.0425 -0.8603
0.0548 -0.1552 0.1353
0.0401 0.0164 -0.0717
-0.3432 -0.5879 -0.3942
0.5899 0.6578 1.1124
0.3684 -0.3626 -0.6897
0.2701 -0.4016 0.0757
-0.0137 0.0175 0.0475
-0.0198 -0.0090 0.0710
0.3124 -0.0971 -0.0503
0.5002 -0.2578 -1.2977
-0.0121 0.1108 0.7309
0.1007 -0.0102 -0.0141
-0.4450 -0.2416 -0.5140
0.2646 0.0108 -0.3237
-0.0165 -0.2136 -0.2372
0.0006 0.1912 -0.0211
0.0801 -0.6074 -0.6111
0.0324 -0.0151 0.6717
-0.5050 -0.0226 0.2725
-0.4363 0.3572 -0.6625
-0.3398 0.2541 0.4332
-0.3526 0.1466 0.3980
-0.0005 -0.2620 1.0009
0.2773 0.3847 -0.0544
0.0112 0.0036 -0.4737
0.0063 -0.0015 0.0453
-0.2507 0.0994 0.7523
-0.6596 -0.0352 -0.6073
-0.0412 -0.0963 -0.1498
-0.1872 -0.0893 -1.1599
0.1851 0.2976 -0.3005
-0.3706 -0.5557 -0.6302
-0.0300 -0.0496 -0.7490
-0.0039 -0.0058 0.0112
-0.8338 0.9421 -0.2155
0.0010 0.0330 -0.2452
3.7178 0.2894 -0.5075
2.8774 -0.0138 -0.1297
1.4659 1.2998 0.6283
2.9090 -0.1480 0.2994
2.9240 -0.5534 0.1398
3.1497 -0.0104 -0.5936
2.9190 0.4780 0.5999
3.3265 0.3672 -0.0391
3.2405 0.0403 -0.7386
3.0308 0.1554 0.9082
2.8218 0.1617 -0.0732
3.3774 0.2172 0.5111
2.6618 0.1657 -0.1494
2.8715 0.0773 0.4751
2.6963 0.5180 -0.7852
3.5070 0.1674 0.2601
1.5089 -0.3543 0.9338
2.8677 -0.1603 -0.5719
3.5726 -0.6853 -1.2584
3.1124 -0.0983 -0.6859
3.1331 0.5118 -0.4116
2.9996 0.0024 0.2482
2.6358 -0.2286 0.0854
1.3119 0.0666 -0.2346
3.0276 -0.0595 0.2317
3.0455 -0.5338 0.3647
2.9700 0.1604 0.1851
3.4782 0.0792 0.7393
1.5016 0.3344 -0.0160
2.8975 -0.3561 0.0540
3.2260 -0.5495 0.2118
3.0005 -0.0006 0.0019
3.0005 0.0007 -0.0092
3.3291 -0.3927 -0.1570
2.6440 -0.0788 -0.7746
3.4731 -0.6535 -0.2007
2.6152 0.4358 -0.0484
2.9515 1.6924 -0.0562
3.2751 -0.3405 0.1926
2.9211 -0.0556 -0.8245
3.0002 -0.0115 0.0484
2.4584 0.4380 -1.5173
2.7996 -0.0418 0.3560
3.1655 0.0620 0.0927
2.6075 0.2471 -0.2221
3.1634 0.1108 -0.9121
2.9922 -0.0095 0.3051
3.1011 -0.1215 0.7909
2.4875 -0.6116 0.4870
3.2216 0.5293 0.2934
