0.4885 0.4948
0.6591 -0.4061
-0.5626 -0.0442
-0.0279 -1.7729
0.1012 -0.3907
0.0040 0.0082
-0.7619 0.5314
0.3541 0.1102
0.5548 -0.6778
-0.0228 -0.3147
-0.7037 -0.1334
-0.1896 -0.6828
1.4702 -1.2839
-0.3007 0.3572
0.1100 0.3517
-0.6915 -0.2266
-0.1284 -0.1904
-0.1547 0.0437
-0.1980 0.1129
0.2467 -0.6355
-0.0565 0.9481
-0.5918 -0.9409
0.4022 0.3283
-0.2007 0.3481
-0.1529 -1.0044
-0.2769 0.4448
0.3592 0.7883
-0.6637 -0.1886
-0.0712 -0.1517
1.2636 0.2127
0.0744 0.2003
-0.0674 0.1056
1.3519 0.4348
-0.5748 -0.5915
0.5105 0.0077
0.3619 -0.1744
-0.4101 0.0323
-0.0863 0.0112
-0.1858 0.2742
0.2638 -0.2432
0.0188 0.0596
-0.8889 -0.2004
-0.0217 0.0029
-0.7487 -0.5799
-0.1108 -0.0716
-0.0325 -0.1488
0.2545 -0.1875
-0.7602 -0.2530
-0.1316 -0.0682
0.2806 0.2271
-0.2375 -0.0802
0.2584 0.4114
0.0683 -0.4311
-0.6222 0.9179
0.3744 -0.2377
-0.0056 -0.0219
-0.0334 0.0166
-0.6861 -0.1392
0.4252 0.1470
0.1032 -0.2008
-0.0286 0.0817
0.1124 0.0251
-0.1539 -0.4960
-0.6999 0.1209
-0.0225 0.1498
-0.2532 0.1943
-0.4048 -0.4592
0.5526 -0.7546
0.9656 -0.1527
-0.0787 -0.0023
-1.1723 0.0765
-0.3387 -0.1384
-0.5506 -0.7218
-0.1861 0.4911
-0.0109 -0.1039
-1.5314 -0.5945
0.6110 0.5172
0.1468 1.2115
0.0943 -0.2779
-0.0082 -0.0417
0.1250 0.1637
0.1479 0.7262
0.6516 -0.1697
0.6017 0.4287
0.0656 -0.8529
0.1175 0.1181
-0.9000 -0.3252
0.0751 -0.3456
0.2050 -0.2000
-0.2154 0.3422
-0.0040 -0.0157
-0.0800 -0.0955
-0.3772 0.5475
0.0032 -0.0004
0.0244 0.1591
0.3491 -0.1100
-0.6026 -0.3095
0.0214 0.1453
-0.4889 -0.7839
0.0698 0.1584
3.7809 -0.2784
3.0379 -0.0729
3.1099 -0.7954
2.3590 -0.5721
2.6237 0.9863
3.3801 0.5097
3.5343 0.4789
3.1797 0.0329
3.2601 -0.7656
3.2768 0.0151
3.6336 -0.0017
2.4328 0.1935
3.0290 0.2068
2.7846 -0.0179
2.9728 0.2396
3.0956 0.1337
3.3969 0.2916
3.2509 0.9422
2.8358 -0.7513
3.5860 0.0900
3.2139 -0.1861
2.8809 0.5071
2.9485 0.3169
3.0218 0.0388
2.9745 0.0189
2.9698 0.0095
2.4492 -0.5963
2.7946 -0.2789
2.7069 -0.2142
2.2944 -0.2094
2.2963 0.4149
0.9047 -0.1227
3.2964 0.6659
3.0035 -0.1226
3.3112 -0.7119
3.2167 -0.3294
3.8044 -0.1488
3.6659 0.0956
3.2527 0.8587
4.0897 -0.6241
2.3254 -0.1232
3.0236 0.3402
3.5356 -0.2104
2.6230 -0.1175
2.9338 0.2082
2.8397 0.6399
2.5835 -0.3918
4.8019 -1.0168
3.0001 0.0001
4.2971 0.6190
3.0716 0.7380
2.9182 0.2408
3.8775 0.4497
2.7473 -0.7422
3.2766 -0.1125
2.7812 -0.3557
2.6986 0.1581
3.5711 0.3518
3.2025 -0.0155
3.4280 -0.5754
3.8686 -0.0988
3.3627 0.0736
3.8424 0.3696
3.4250 -0.8299
3.7652 0.0450
2.9665 0.2338
3.1947 0.2153
2.3429 -1.7022
3.4461 0.8355
3.2326 0.0970
2.7090 0.2657
2.5271 -0.3660
3.1003 -0.0635
2.4402 0.1296
3.4369 0.2294
3.4809 0.2878
2.9644 -0.4269
3.2563 -0.0446
3.5351 0.0021
2.7662 -0.2554
3.6882 -0.2547
2.8783 -0.0890
3.0319 -0.0898
2.8030 0.1363
4.6440 -1.2885
1.8323 -1.3764
2.7616 0.4631
3.6741 -0.6560
2.9716 0.2656
3.3409 -0.1208
2.1380 -1.0301
3.3571 -0.3301
2.4605 -0.7092
2.1025 -0.2541
2.3716 0.6800
3.0961 -0.1386
3.8311 0.0126
3.2685 0.3682
3.0202 -0.4569
1.3606 0.6835
