0.6363 -0.1814 0.5905
0.0063 -0.2149 -0.4072
-0.7939 0.1692 0.3052
-0.0339 -0.0997 -0.9194
-0.0658 -0.0887 0.5143
0.1414 -0.0795 0.6779
0.6520 -0.2315 -0.1987
-0.0432 0.5693 0.2145
-0.5624 0.3931 -0.8068
-0.2001 0.0009 -1.4023
-0.0570 0.7801 -0.0561
-0.1006 -0.0440 0.1287
0.0450 0.0595 0.3612
0.4684 -0.3826 -0.7809
0.0803 -0.0399 -0.0311
0.0356 0.0263 -0.1446
0.2812 -0.8600 1.0064
0.0146 -0.1055 -0.1274
0.0795 0.3953 -0.2587
0.0145 0.1307 0.1149
0.2150 -0.4710 0.3084
0.0063 0.0049 -0.1716
-0.0665 -0.0295 -0.0990
-0.4353 0.5456 -0.4791
-0.1044 0.1499 0.4673
0.0698 0.0344 -0.7120
-0.3718 0.6771 0.5776
-0.2827 -0.1165 0.6401
0.4277 -0.5855 -1.5027
-0.0052 0.0489 -0.0051
-0.2528 0.0573 0.5451
0.2853 0.1721 -0.6836
0.3648 -0.2517 -0.0077
0.0227 0.0207 -0.0068
-0.0462 -0.6714 0.9600
0.9173 -0.8044 -0.5373
-0.0427 -0.3308 0.6456
-0.4718 0.3135 -0.8186
-0.0521 -0.0056 -0.1275
-0.3944 0.2763 0.6448
