-0.8234 -0.0561
0.5522 -0.2618
-0.4977 0.6183
0.1129 0.2442
0.9346 -0.4746
0.3681 -0.4323
-0.8904 -0.2086
-0.1864 -0.4235
0.8209 0.1804
0.6134 -0.1120
0.0090 0.1168
-1.5721 -0.2527
-0.0406 -0.0259
0.1529 0.0969
-0.8209 0.1418
0.7140 0.0217
0.7896 0.3065
-0.1804 0.1738
0.2250 -0.7755
-0.1570 -0.0293
-0.2346 0.2394
-0.5491 0.3632
0.0063 -0.0033
0.7879 0.2128
-0.6155 0.6699
-0.8881 -0.1367
-0.6625 0.5379
-0.9155 -0.3776
-1.1196 0.5947
-0.6583 -0.7560
-0.1730 -0.0857
0.7130 -0.3856
0.2700 -0.7488
-0.0961 0.0480
0.6919 0.4819
-0.2103 -0.0602
-0.8485 -0.0288
0.8186 -0.4508
-0.2427 -0.9170
0.4129 -0.0646
