0.6715 -0.5089
0.0253 -0.0142
-0.0050 0.0051
-0.0249 -0.3124
-0.0753 -0.1680
0.2383 0.1477
-0.3914 0.0495
-0.1832 -0.0877
0.5472 -0.3944
-0.2317 -0.3901
-0.0940 -0.1574
-0.0525 0.0168
-0.2403 -0.5610
-0.1813 -0.2481
-0.0008 -0.0011
-0.8938 0.6208
-0.5565 -1.1737
0.0591 0.7522
0.4686 0.3884
-0.5630 -0.2027
0.6721 -0.6174
0.8642 -0.4281
0.3814 0.3389
-0.1645 -0.3380
0.6277 0.2764
1.7539 0.5192
2.8786 -0.5572
2.6145 0.3304
2.5412 0.1493
2.5103 -0.1246
2.8989 -0.4282
2.5257 0.9041
2.4778 -0.2815
1.9028 0.5388
2.8387 0.3271
2.5262 0.3929
2.8677 -0.1625
2.8347 0.2408
1.6543 -0.4120
2.6108 0.3614
3.0303 0.0999
2.5303 0.1067
2.7901 -0.4482
2.4648 0.0203
1.5079 0.1180
3.0099 0.3555
2.4757 0.0373
2.8806 0.4415
2.6099 0.1909
2.6346 -0.2947
