-0.0015 -0.3561 -0.3585
-0.0251 0.1570 -0.1615
0.0311 0.0257 0.0973
-0.4252 -0.0160 0.3496
-0.1617 0.1306 -0.1052
0.2615 0.2934 0.4474
-0.2459 0.6101 -0.6034
0.1126 -0.1400 -0.2695
0.0152 -0.0182 0.2857
0.2771 -0.1775 -0.4185
-0.3644 0.2661 0.0788
-0.0483 -0.0094 -0.6486
1.6667 0.0813 -0.2757
-0.2290 0.3212 -0.1193
0.0351 0.0356 -0.0343
0.7472 -0.9162 0.4466
-0.2868 0.3013 -0.2940
0.1583 -0.3864 0.4662
0.3483 0.5169 -0.5045
0.3061 -0.0551 0.3641
-0.0677 -0.1400 0.2135
-0.4663 -0.1098 -0.7142
0.6747 0.2790 -0.1548
0.5259 -0.7567 -0.3036
0.3134 0.0909 1.0575
-0.0447 -0.0240 -0.2308
0.3427 0.2742 -0.7432
-0.2403 0.6060 0.2397
0.0947 -0.2169 0.3139
0.7215 0.1606 -0.1491
0.0990 -0.1978 0.0287
-0.0178 0.0002 0.0060
0.8370 -0.4240 -0.3947
0.0763 0.0429 -0.0729
-0.0035 -0.0199 0.2350
0.1613 -0.0750 0.1223
-0.1294 0.1736 0.8807
-0.2889 -0.4436 0.1809
-0.1562 0.0578 -0.0825
0.1002 -0.3156 0.2707
-0.1306 -0.2532 -0.4325
-0.0533 -0.3761 0.2904
-0.1119 -0.2844 -0.3905
-0.0065 -0.2122 -0.0905
-0.2880 -0.0168 -0.5044
0.0312 -0.1941 -0.2007
0.1472 -0.2214 0.0819
0.8359 0.2556 0.4615
0.0953 0.0226 -0.3951
0.8651 -0.2434 0.9836
-0.0596 -0.0649 0.5210
0.0682 -0.0466 0.0217
-0.4564 -0.0332 -0.3463
-0.2596 0.5097 -0.2103
-0.0742 -0.0354 0.0329
0.1472 -0.2341 0.3978
-0.3549 -0.1514 -0.6609
-0.0710 -0.1712 0.2053
0.1727 0.9906 -0.4970
-0.4211 -0.5725 0.2795
0.4026 0.0437 -0.3164
-0.2829 -0.2098 0.8676
-0.2214 0.1738 0.2209
-0.0593 0.1487 0.7282
-0.5448 -0.4504 0.6906
-0.0063 -0.0084 0.2281
-0.1973 -0.2725 0.1561
-1.4652 0.0578 0.6016
-0.1450 -0.2762 0.2385
0.0242 0.0380 -0.2522
-0.0897 0.2296 -0.0205
-0.0218 0.0060 -0.0012
-0.4959 -0.0003 -0.2919
-0.4952 0.4255 -0.6924
0.0325 0.0809 -0.0829
0.0060 -0.6701 -0.6589
-0.0037 -0.0370 -0.2461
-0.1225 0.0260 -0.2594
0.0954 0.1275 -0.1078
0.0297 -0.1672 0.6844
0.0039 -0.0240 -0.0816
0.0160 -0.0182 0.7406
0.0553 -0.0679 0.1012
-0.0013 -0.0019 0.0004
0.1165 0.3514 0.4289
-0.2669 -0.6799 0.3041
-0.0130 -0.0264 0.0404
0.6023 -0.0107 -0.1941
-0.7434 -0.0146 -0.5915
0.4622 -0.2698 0.2833
-0.1257 -0.1355 0.8116
0.0157 0.0162 0.2388
0.0123 0.0353 -0.2860
0.0203 -0.2159 0.3999
-0.0072 -0.0001 0.3430
-0.0369 0.2508 -0.3640
-0.1062 -0.1248 0.7804
0.0043 -0.0183 -0.0656
0.0391 0.0171 -0.4815
0.4261 -0.2035 0.2933
0.0881 -0.2701 0.3586
0.0486 -0.0996 -0.1449
0.0292 0.0027 0.5457
-0.0087 0.2587 0.6977
-0.5117 0.5181 1.4877
0.3991 0.2285 0.1793
-0.1228 0.5614 -0.2701
-0.0790 0.0831 0.0096
0.2168 0.0706 -0.0115
-0.0935 0.8248 -0.2693
0.0731 0.0733 0.7433
0.6088 0.2462 0.6611
-0.8626 0.1268 -0.3934
0.1820 0.0250 0.0789
-0.2994 0.1166 0.2309
0.0054 -0.3905 0.6109
0.5655 0.5922 0.3363
0.0250 -0.0320 0.2061
0.1563 -0.3110 0.3822
-0.0062 0.0002 0.0810
-0.0438 -0.0278 0.6771
0.0724 -0.1345 -0.0182
0.1343 0.2542 -0.7925
-0.1761 -0.2518 -0.9470
0.0003 0.0000 0.0002
0.1909 -0.1421 0.1835
0.0030 -0.0024 -0.0093
-0.1571 0.6175 -0.1728
-0.0176 -0.0129 -0.0501
0.0495 -0.3287 -0.7095
0.0184 -0.0077 -0.0685
0.1086 -0.0628 0.2680
0.4127 0.0814 0.8459
0.4333 0.1310 -0.5644
-0.0061 0.1407 0.0860
0.0303 0.2765 0.3417
-0.6057 -0.5413 -0.0304
-0.0139 -0.0117 -0.1347
-0.1450 -0.8755 -0.2707
0.1462 1.3820 0.7587
0.3505 0.6423 -0.2619
0.3623 -0.4119 0.1122
-0.0513 -0.1562 -0.1042
0.0336 0.0550 -0.1953
-0.0430 0.1043 -0.4580
0.2062 -0.2469 0.0084
-0.2016 -0.6751 0.4531
0.1215 -0.0473 -0.3434
-0.0081 -0.0057 -0.0430
0.0495 0.0661 -0.0447
-0.4997 -0.1140 0.2666
-0.6574 0.4957 -0.4801
0.2085 -0.0123 0.5165
-0.5319 -0.5579 0.1133
-0.4789 -0.5757 -0.3052
0.3248 0.2867 -0.7274
-0.1928 0.1094 -0.5669
0.1270 -0.0812 0.2660
0.1137 0.4313 -0.5263
-0.2612 0.3055 -0.6989
0.6262 -0.2483 0.6713
0.3907 0.0474 0.5243
-0.3641 -0.1212 -0.3397
0.2759 -0.1405 0.0479
-0.5614 -0.1193 -0.2561
0.2017 -0.1463 0.5831
-0.3664 0.4680 -0.0802
0.0113 -0.0607 0.1769
-0.3187 0.3852 0.3640
-0.3669 0.6502 0.4276
0.2648 0.3824 0.0022
0.0469 -0.2378 -0.5788
0.4851 0.6335 0.1444
0.1399 0.5641 0.4325
-0.0841 -0.9048 -0.0644
-0.0643 -0.2398 0.0826
0.1836 0.3795 -0.8984
0.0042 -0.0016 0.5060
0.0033 -0.0152 0.1586
0.2476 0.1133 0.3387
0.0769 -0.4220 0.0146
-0.0243 0.0502 -0.1046
-0.0955 0.2192 -0.5292
-0.1220 0.2261 -0.3040
0.1947 0.0482 0.1445
-0.4600 -0.5605 0.4731
0.1272 0.1379 -0.5037
0.2059 0.3611 -0.1769
-0.1502 -0.0880 -0.1526
-0.5106 0.2695 0.3947
1.0093 -0.8390 -0.2545
-0.2208 0.2174 -0.1122
0.0788 0.4651 -0.2295
0.0314 -0.0425 -0.0360
-0.0774 0.1531 0.4451
-0.0020 -0.0317 -0.0090
0.3993 -0.0121 -0.2501
-0.3060 0.0881 -0.3579
-0.1216 -0.2881 -0.1183
0.0360 -0.0240 -0.0438
-0.1893 -0.0742 -0.0960
0.5132 -0.6129 0.1809
0.2346 0.6761 0.0790
-0.4239 -0.4083 0.7170
-1.5316 -0.6813 -0.0912
-0.2358 -0.1361 0.3571
-0.2529 0.0740 0.0846
-0.4397 -0.1328 -0.3934
-0.0879 -0.0634 0.6877
0.4297 -0.1902 0.8819
-0.1406 -0.0803 -0.3704
0.0167 -0.0831 -0.0554
-0.1108 0.0611 0.0099
-0.0023 0.0078 0.0222
0.1614 -0.3192 -0.8595
0.1152 -0.0093 -0.4134
-0.6357 -0.0001 -0.1063
-0.0094 0.0538 -0.1095
0.2073 0.0699 0.1754
-0.1720 0.4785 0.1249
-0.5283 0.1612 0.5835
0.1835 -0.0842 -0.7829
-0.3837 -0.4901 0.8767
0.0087 -0.0299 0.0142
0.1072 -0.2611 0.5382
0.6064 -0.4238 0.3384
0.1801 -0.0990 -0.0412
0.7867 0.5129 -0.0360
-0.7130 0.3509 0.1330
-0.3161 -0.3411 0.4158
-0.0474 -0.0119 0.2488
-0.2301 0.0713 -0.1658
0.2627 -0.1594 -0.6722
-0.0863 0.0737 -0.0294
-0.0417 -0.0383 -0.7839
-0.4949 0.2773 0.2439
0.0165 0.0021 0.0338
-0.0581 0.2593 0.2961
-0.0505 0.2044 0.0244
-0.0482 0.0802 0.2371
-0.1702 -0.2336 -0.3513
-0.2965 0.1638 -0.2523
-0.1731 0.0562 -0.4966
-0.4947 -0.0924 0.1693
-0.5201 0.5090 -0.5310
-0.0022 -0.0055 0.0681
0.1886 0.2995 0.3025
-0.1556 0.4343 0.3728
0.7327 -0.4659 -0.3371
0.0681 0.2990 -0.3361
2.4895 -0.0288 -0.1924
2.2438 0.3796 0.0879
2.4560 0.0878 0.7629
2.5344 -0.1705 -0.3877
3.1297 0.1445 0.1600
2.1131 -0.0066 0.0916
2.2875 -0.2072 -0.1953
2.7613 -0.1218 0.0617
2.1887 -0.3231 -0.1633
2.4625 0.0222 0.0416
1.9080 -1.4729 -0.2451
2.8406 -0.6410 0.2635
1.9597 0.1617 0.7258
2.4140 0.0571 0.0297
2.2218 -0.3700 -0.7098
1.6708 -0.1548 0.5159
3.0108 0.4236 0.3916
2.7554 0.2593 0.0706
2.1775 -0.3284 0.4224
2.5363 0.0099 -0.0228
2.5402 -0.2480 -0.0638
2.9132 -0.0319 -0.6637
2.4969 -0.0066 0.2697
2.4853 0.0630 0.3901
2.6747 0.1017 -0.4199
2.6205 0.1129 -0.0794
2.5775 -0.0664 0.3964
2.4877 -0.3787 -0.1623
2.3571 0.3566 -0.2690
1.8997 -0.1242 -0.3400
2.0526 -0.4725 0.0693
2.4990 -0.0009 -0.0004
2.2810 -0.2674 0.1304
2.3130 0.4607 0.2910
2.6043 0.0523 0.1645
1.8411 0.3948 -0.6317
2.5090 -0.0027 0.0083
2.6621 0.2417 -0.1716
2.2144 0.3616 -0.6438
2.4970 0.0057 0.0098
2.5039 0.0374 -0.9055
2.5323 -0.0029 -0.5556
2.6156 0.3244 0.2801
2.7787 -0.2527 0.0677
2.4886 -0.2618 0.0577
2.4632 -0.1224 -0.3670
2.8432 -0.0572 -0.0382
2.5158 0.0633 0.1999
2.0594 -0.1188 -0.7129
2.4236 -0.0244 -0.0183
2.6839 -0.4130 0.1672
2.1042 0.5533 -0.0642
2.3203 0.0408 0.4672
2.9163 -0.0277 1.2505
2.5983 0.1147 -0.2338
2.5001 -0.0043 0.0273
2.5270 -0.4771 -0.0473
2.2115 0.8697 0.1748
2.3742 -0.1679 -0.3344
2.4987 0.2292 -0.1031
2.3330 -0.4079 -0.2394
2.3878 0.0574 -0.4931
2.4581 -0.0023 0.1167
3.0140 -0.2875 -0.8074
2.3620 -0.1102 0.9390
2.4640 -0.0495 0.0592
2.5231 -0.2956 -0.7556
2.4203 0.0002 0.3191
3.1234 -0.2280 0.6026
2.4019 0.0605 0.1374
2.3666 0.0168 -0.4471
2.5151 -0.1289 -0.7686
2.6391 -0.0308 -0.4156
2.5457 0.2680 -0.0392
2.5626 0.3307 0.7057
2.6351 -0.1548 -0.6057
2.4240 -0.1542 -0.7554
2.4894 -0.0507 0.0684
2.5642 -0.0337 -0.5528
2.5729 -0.0416 0.1286
2.6142 0.1286 -0.8550
2.4625 -0.0018 0.7106
1.6560 -0.0026 -0.2062
2.4740 0.6935 0.4448
2.5088 0.0082 -0.0644
2.6757 0.3843 -0.1105
2.6073 -0.0147 -0.1207
1.7154 -0.1996 -0.5173
2.5239 -0.1519 -0.0938
2.6352 -0.0257 0.6451
2.4537 -0.1370 0.0145
2.5015 0.0002 0.0690
2.6588 0.2918 0.9224
3.0922 -0.3201 0.3387
2.6451 0.1725 0.8218
2.3790 0.1395 1.0444
2.5169 0.0567 -0.2804
2.4941 -0.7632 1.1488
2.4982 0.0091 0.0197
2.5166 -0.0067 -0.1201
2.5237 -0.1316 0.3304
2.6903 -0.2207 -0.4550
2.4080 0.0408 -0.7680
3.0297 -0.1856 0.2728
2.7453 0.2266 0.5178
2.4997 -0.0008 -0.0393
1.8504 0.0545 0.1504
1.9448 0.1488 0.6267
2.5328 0.1354 0.1455
2.3972 -0.1179 0.9525
2.5329 0.3811 1.0731
3.0875 0.1803 0.0544
2.5012 0.7084 -0.4204
2.5380 0.0856 0.0636
2.3214 -0.3570 0.6205
2.2081 -0.2108 0.9166
2.5188 -0.0325 0.0226
2.8162 -0.3917 -0.8812
2.6567 0.1064 0.9186
3.3551 0.2197 -0.0593
2.7569 0.0292 -0.1886
2.4715 0.0775 -0.1595
2.0877 -0.4839 0.3741
2.4997 0.0005 -0.0001
2.5876 -0.1571 0.2965
2.7237 -0.0359 0.1964
2.3800 0.2144 0.1846
1.9839 0.1649 0.0104
2.2726 -1.2044 -0.8234
2.7827 0.7676 -0.2635
2.7890 -0.1559 0.3118
2.6280 -0.1448 -0.2122
2.5017 0.0795 -0.9432
2.6159 0.1596 0.1633
2.6658 0.0622 0.0643
2.1570 -0.2473 -0.6584
2.5272 -0.4931 0.2083
2.4659 0.0052 -0.0917
2.4813 -0.0469 0.5175
2.7505 0.6708 0.6058
2.2464 0.0003 0.8671
2.8298 -0.3230 0.3016
2.0606 0.3170 -0.1763
2.3060 0.1406 0.1460
2.5003 -0.0001 -0.0126
2.4596 -0.0732 -0.4386
2.4931 0.1635 -0.2344
2.6169 -0.0699 -0.6788
2.4237 -0.0879 -0.1581
1.9595 0.8975 0.5701
2.1736 -0.0304 0.0281
2.8146 0.3876 -0.3099
2.6010 -0.6006 -0.0435
2.4689 -0.9689 -0.1177
2.5034 -0.0289 0.0235
3.2001 -0.2840 0.4019
2.1273 0.7888 -0.3016
2.0481 -0.3966 0.0526
2.3916 0.2672 0.5939
2.5152 -0.0095 -0.0774
2.4425 0.0662 -0.0632
2.0744 0.2240 0.1058
2.6881 -0.2673 -0.0322
1.6573 0.0308 -0.3192
2.1354 -0.3036 -0.2988
4.0232 -0.6809 0.2683
2.4984 0.0174 -0.1287
2.5375 -0.0128 0.7938
2.2728 0.1678 -0.0943
2.6059 -0.0347 -0.6503
2.9334 0.2333 -0.4693
2.1968 -0.0603 -0.4510
2.3872 -0.0142 -0.2846
2.5299 0.0953 0.1205
2.5911 0.2671 0.5324
2.1810 0.7782 -0.2373
2.2908 0.1156 0.5361
2.2905 0.3322 -0.7952
2.9395 0.4326 -0.1346
2.1234 -0.1945 0.0839
2.5817 0.0556 -0.3296
3.2270 0.1979 0.4167
2.5591 -0.0208 -0.5337
2.5775 -0.1821 -0.2030
2.6438 -0.0365 0.3775
3.1821 0.1351 0.1754
2.4997 -0.0064 -0.1973
2.1424 0.0505 -0.3157
2.7116 -0.1467 -0.1941
2.4720 -0.1848 -0.7218
2.0483 0.4271 -0.6505
3.1942 -0.3600 -0.6913
2.6028 -0.0266 -0.4584
2.7610 -0.1118 -0.4828
2.7062 0.1889 -0.3743
2.8429 -0.1883 0.3400
2.1333 0.3648 -0.2663
2.5687 -0.0291 -0.1756
2.1708 0.1260 0.1697
2.3611 0.2184 -0.3762
2.4997 -0.0614 -0.8949
2.2533 -0.1708 0.4848
2.1580 -0.0590 0.1014
2.4502 0.2705 -0.0535
2.4815 0.0000 0.1808
1.8939 0.5635 0.2591
2.3543 0.0207 -0.7002
2.4973 -0.0047 0.0057
2.9789 -0.4728 0.5789
2.5083 -0.0089 0.0192
3.1484 0.3655 -0.1610
2.2871 -0.0015 0.0917
2.9040 -0.2644 0.3203
2.2199 -0.0132 0.0776
2.7439 -0.1455 0.2006
2.4429 -0.0509 0.4070
2.3496 0.0524 -0.0234
2.5486 0.0041 0.0276
2.5079 0.0103 0.8235
2.3858 0.2698 0.3717
2.4648 -0.0720 -0.6564
2.7127 0.3730 -0.1632
2.4014 0.0016 -0.3114
2.7679 1.1018 0.4407
3.0205 0.0513 -0.4544
1.8684 -0.3786 0.8258
2.8235 -0.2349 0.0371
2.4025 0.5597 0.5814
2.4852 0.0014 -0.0219
2.2383 0.0244 0.2761
2.4310 -0.2850 0.1683
2.5414 0.0531 0.4622
2.4253 -0.1651 0.4130
2.4214 0.0928 0.3181
2.4060 -0.0343 0.5090
2.5868 0.2278 0.0727
2.5298 -0.0412 0.1691
2.4174 0.3124 -1.3611
2.7995 -0.1928 0.5146
2.4721 0.3756 0.1424
2.7202 -0.5965 -0.5633
3.0704 -0.0814 0.7199
2.6144 0.1529 -0.2994
2.4785 -0.0841 -0.0442
2.4965 0.4821 -0.5271
2.6971 0.0497 -0.5451
2.4097 0.0486 -0.3968
3.0429 0.5137 0.5489
2.4995 -0.0260 -0.1647
3.0265 -0.3472 -0.6840
