-0.0007 -0.0095 -0.0485
0.5373 0.5854 0.2126
0.1256 -0.8348 -2.4806
0.0104 -0.0300 0.1466
0.1106 0.0393 -0.1440
0.0030 -0.0003 0.0524
-0.0006 0.1061 -0.6520
0.1769 -0.1363 -0.2902
0.0254 -0.0239 -0.0400
-0.1602 0.1751 -0.2680
-0.3501 -0.0012 -0.6773
0.0368 0.3766 -0.5800
0.0682 -0.5955 -0.4616
-0.7236 -0.2140 0.4323
-0.4500 0.0627 0.1389
0.0660 0.0805 0.7865
-0.0989 0.1330 0.1553
0.1556 0.3764 -0.0546
-1.9791 -0.9768 -1.7580
0.3742 0.2491 -0.6777
0.0444 -0.0033 -0.0716
0.0145 0.3606 -0.4664
0.0184 0.2050 -0.8007
0.0136 0.0077 -0.7227
-0.0523 -0.0481 0.0194
-0.0090 -0.0028 -0.1521
0.6644 -0.0822 0.8603
-0.2770 0.4931 0.6096
0.4313 -0.2882 1.9351
0.0854 -0.1640 -0.1994
0.0637 -0.2085 -0.4959
-0.4944 0.4593 -0.1500
-0.4498 0.0095 -0.2532
0.2599 0.9224 -0.2526
-0.0041 -0.0153 -0.0294
0.7272 0.2455 0.3776
0.1978 -0.1777 -0.1897
-0.3007 0.3278 -0.1756
0.4655 -0.2602 -0.5443
-0.3988 0.5166 1.7517
-0.0610 -0.0841 -0.5196
-0.0999 0.0060 0.1086
0.0301 -0.0641 0.6387
-0.8099 1.7176 1.8120
-0.3197 -0.1368 -0.0833
0.1580 -0.9133 0.0134
0.0690 0.2010 0.0622
-0.3538 0.6666 -0.0874
0.7196 -0.8192 0.6603
0.0066 -0.1827 0.0828
0.4255 0.4151 -0.6884
-0.2428 0.3438 0.1643
0.0163 0.0540 -0.0549
0.2521 -0.7724 -0.9678
-0.2450 -0.0947 -0.1205
0.5490 0.1901 -0.5984
0.5215 -0.0792 -0.8383
0.8063 0.1526 0.0456
-0.0439 0.0200 -0.7655
-0.2452 -0.7722 0.0175
0.2709 0.0438 0.0349
0.2987 0.0325 -0.3547
-0.6907 0.5165 -0.2124
0.3089 0.4367 0.2524
-0.0733 -0.0925 -0.4503
-0.0845 0.3545 0.6330
0.8216 -0.2872 -0.0848
0.0127 0.0152 -2.7420
0.3514 -0.0315 -0.0560
-0.5737 0.2962 0.1656
-0.1255 -0.1797 -0.0210
0.8000 -0.0794 -0.4090
-0.2800 -0.1187 0.3998
0.0012 -0.0047 0.0243
0.0309 -0.1011 -0.5469
-0.3252 -0.1270 0.4274
0.4545 -0.3789 0.5399
0.3914 -0.1815 0.6829
0.5040 -0.3599 0.5222
0.0650 -0.7155 -0.0496
-0.2101 0.1049 0.0542
-0.0648 -0.2550 0.5952
-0.2078 0.1146 0.2148
0.0253 -0.0315 0.0253
1.0585 1.3274 -1.1967
1.7389 -2.5075 -0.5490
0.0341 -0.0131 -0.0175
-0.0553 0.0189 -0.8349
-0.5005 -0.4258 0.2314
0.3054 -0.1128 0.0759
0.4409 0.2644 -0.4852
-0.0864 0.0255 0.1712
0.1625 -0.3267 0.0852
0.0099 -0.0050 -0.1846
-0.0368 0.0057 -0.2218
-0.4459 0.2996 0.3106
0.0267 0.1215 0.1212
-0.4830 -0.1918 0.7016
0.0065 0.0125 -0.0050
-0.0878 0.0160 0.0507
-0.0234 -0.0479 0.0542
0.2041 -0.1512 -0.0722
-0.3076 -0.3282 -0.5067
0.0337 0.3214 -3.1143
-0.0119 0.2391 -1.1503
-0.0957 0.1296 -0.2586
-0.3093 -0.1591 0.6540
-0.0259 -0.0154 -0.0245
-0.4949 -0.0711 -0.7823
-0.1684 0.2792 -0.5534
0.7146 -0.3380 0.1021
-0.0565 0.0242 -0.5644
-0.4270 -0.4390 0.5731
0.2228 0.0607 -0.1413
-0.5777 1.2712 1.5907
-0.3303 0.4693 0.5494
0.8105 0.8262 -2.1221
0.0342 -0.0712 -0.9695
0.1718 -0.4565 1.0147
-0.6113 0.7156 0.1603
0.6160 1.0270 -1.5248
-0.1331 0.0889 -0.0910
-0.2596 0.0568 0.1902
-0.0779 -0.0903 -0.0128
0.0390 -0.2481 0.6677
-0.4898 0.1701 -0.8024
0.0040 0.0760 -0.0748
-0.0179 -0.1989 -0.6556
-0.0301 -0.0016 -0.3203
0.0587 -0.0831 0.0174
-0.7533 -0.5808 2.1770
0.3498 -0.1436 0.9158
-0.0113 0.1183 -0.0467
0.2688 -0.3582 0.0973
-0.0453 0.0912 -0.0030
0.8103 -0.4648 0.3208
-0.9452 -0.6404 -0.3435
-0.0362 0.0200 -0.0857
0.5371 -0.3899 -0.0179
0.2820 0.0141 -0.4583
0.0483 -0.1111 -0.7476
0.1449 -0.6070 0.5648
0.1676 -0.3404 0.9215
-0.1794 0.0312 0.7283
-0.2391 0.4440 -0.3687
-0.1122 -0.4711 0.0046
-0.2061 -0.2626 -0.0117
0.3086 -0.0243 -0.1955
-0.5700 0.0651 -0.2095
-0.4990 0.0222 0.8200
0.4258 1.2609 -2.1415
-1.2378 -0.3927 0.0839
-0.0046 -0.0016 0.0115
0.5931 -1.6223 -2.2848
-0.2047 -0.5440 -0.0957
0.2463 -0.5714 -0.1061
-0.8911 2.1969 0.7066
-0.0806 -0.9812 0.1440
0.0279 -0.0269 0.2292
-0.0002 0.2205 0.0801
0.0219 0.0169 -0.2558
0.3569 0.0678 0.3972
-0.0610 0.0367 -0.4899
-0.0961 0.2744 0.3147
0.1882 -0.2220 0.0748
0.5331 0.1930 -0.4566
0.0311 0.0609 0.0156
0.4094 -0.1322 0.8157
0.2929 -0.3003 0.1591
-0.4537 -0.1580 -0.0284
0.0067 0.1295 -0.2411
0.5352 -0.0382 -1.8129
-0.0262 0.2828 0.7940
-0.1748 0.3527 0.5090
-0.2001 0.3440 -0.6145
-0.1168 0.0055 0.3500
-0.5736 -0.2082 -0.0907
0.5298 -0.3871 -0.3231
0.9720 1.3827 2.3536
-0.6207 0.1413 0.2507
0.7595 -0.1478 0.1644
-0.0295 0.0435 0.0673
0.2281 -0.8484 -0.0028
-0.6906 0.0859 -0.0128
0.6691 0.1220 -1.5948
-0.0806 -0.4184 -0.6294
0.1607 0.2972 -0.5465
-0.1289 0.0983 0.3941
0.2952 0.3560 0.7188
-1.0826 0.3493 2.5397
-0.0699 0.2373 0.8144
-0.5794 0.0876 -0.7940
0.1689 0.2240 -0.4962
-0.2074 0.0284 0.3187
0.5652 -0.5362 0.5466
-0.1240 -0.2101 -0.2846
0.4037 0.5792 -0.5295
-0.3171 0.3022 0.1481
0.0663 0.1900 0.0507
0.1783 0.2013 -0.7143
0.2180 -0.1423 0.0875
-0.0974 0.3702 0.0680
-0.0599 0.0771 0.1996
0.1125 0.4157 0.8367
-0.5862 0.4953 0.4527
-0.1418 -0.0664 0.2190
-0.5296 -0.3127 -0.7830
0.0171 -0.0113 -0.2090
0.0820 0.1028 -0.3907
-0.2766 -0.2006 0.0595
-0.0384 0.5870 -0.4546
0.0007 -0.0047 0.2582
0.0446 0.0261 0.1978
-0.6842 -0.0470 0.7101
-0.3000 -0.2156 0.5326
0.1448 0.0551 0.4801
2.5808 -0.8919 -1.1312
-0.0785 0.0564 0.2063
0.1648 -0.1206 0.2683
-0.0026 -0.0004 -0.0002
0.0990 -0.0742 -0.0927
-0.6746 0.3225 -2.0790
0.0836 0.0706 0.1668
0.3574 0.1912 -0.7014
0.0558 -0.1461 0.2523
-0.0494 0.0163 -0.2108
0.0018 0.2014 -0.1927
0.2223 -1.8041 0.8156
0.1754 -0.0937 -0.0326
0.1529 -0.0209 -0.3459
-0.2895 0.0637 -0.1328
0.4623 -0.5818 -0.5874
-0.0039 -0.0095 -0.0702
-1.8696 -0.9371 -1.8766
0.2807 0.8730 -0.0106
-0.0004 0.0023 -0.0133
0.2240 0.1848 0.1869
-0.0235 0.0143 -0.0091
0.0262 0.3514 0.5961
-0.3494 -0.6154 0.0813
0.0490 -0.0175 0.3877
-0.2492 -0.4211 -0.1533
0.4571 0.3418 0.7269
0.0772 -0.1040 0.0296
0.0473 -0.0138 0.0501
-0.0145 -0.0709 -0.1246
-0.1380 2.5799 0.5130
0.0826 0.8675 -0.4424
-0.1172 -0.0691 0.0149
0.7421 -0.5638 -0.3140
3.9556 -0.0816 -0.0245
3.9860 -0.0497 0.3020
4.0424 0.5055 -0.2026
3.9965 -0.0075 -0.2277
4.2431 0.8038 -0.5112
3.8988 -0.0729 -0.7516
4.0215 -0.0136 -0.3931
3.1726 -0.0678 0.3193
4.3566 -0.5658 0.3112
4.0776 0.0708 -0.3425
3.9122 -0.0123 0.9845
5.9804 -0.9926 -2.2733
4.8417 -0.4840 -1.0033
4.1028 0.4263 -0.1116
4.6272 -0.3200 -0.5908
4.0540 -0.0129 -0.9626
4.0684 -0.3698 -2.9963
4.0807 -0.1094 0.0984
3.6174 0.0430 -0.1246
3.8659 -0.0265 0.6972
4.2367 0.2379 0.0438
4.1714 -0.2281 0.7428
4.4195 0.3141 -0.2643
3.7833 -0.0780 0.1061
3.9811 0.0291 -0.0090
4.5827 0.1104 -0.4242
3.7440 -0.1059 0.8981
4.5765 0.0315 0.1317
3.8287 0.4930 0.4787
3.7137 0.8530 -0.1548
2.8160 -0.0706 -1.1120
4.2824 -0.3444 0.7921
3.6143 -0.6448 -0.3171
4.0023 -0.0068 0.0004
3.9253 -0.2383 0.3788
4.1807 0.1897 -0.1011
4.3076 -0.0143 0.3469
3.5778 0.2211 -0.1744
3.9258 -0.0733 -0.1001
4.0001 0.0016 0.1360
5.2005 2.1080 -2.0545
3.0664 0.8195 1.1735
3.9992 -0.0268 0.0475
3.4560 -0.1633 0.2041
4.0496 -0.0090 0.1231
4.3692 0.3110 -0.3996
4.0176 0.0598 -0.3756
3.9420 0.0271 -0.0276
4.5084 -0.6376 2.0754
3.1474 -2.8485 -1.0144
3.9632 -0.0304 -0.8132
3.9701 -0.0074 0.3222
3.9321 0.1138 0.1015
1.0457 -0.8182 -0.7350
4.0011 -0.0180 0.4285
3.9846 -0.0282 0.0105
3.9839 -0.0534 -0.0020
3.7551 0.2287 0.5928
4.3810 -0.1165 -2.3547
3.9113 0.0330 -0.6899
4.5777 -0.3676 -0.2801
4.2133 -0.8291 -0.1444
4.0558 0.2014 3.1547
3.4381 0.7575 -0.1079
3.7451 0.3218 0.1411
3.9300 1.3335 -1.8507
3.6561 -2.5107 -1.1958
3.9757 0.0283 -3.1079
3.3498 1.1497 -0.8586
4.0329 0.7392 0.3996
3.9836 0.0802 0.0205
4.4277 -0.5046 -0.5296
3.9989 -0.0046 0.0008
5.1858 -0.0909 0.5211
3.9215 0.2139 0.6848
3.9437 0.1726 -0.2928
3.9659 0.0480 0.2998
3.8279 0.0656 0.7570
3.6579 0.1647 0.5213
3.8704 0.1357 -0.2242
3.4637 0.2611 -0.2258
4.1854 0.1662 0.9002
5.2984 -1.7414 -0.1546
4.1552 0.0204 0.3541
3.2975 -0.4829 0.1861
3.9823 0.3301 -0.2265
3.2300 -0.0994 -0.0036
3.0530 0.0309 -0.3906
4.0194 0.0497 0.0001
3.9544 0.2117 -0.0488
4.2909 0.6443 0.6860
3.7898 -0.6240 0.2098
4.3151 0.4042 0.0789
3.8694 0.5027 -0.5839
3.4144 0.0792 0.1890
3.9340 0.1039 -0.1728
4.5918 -0.4902 0.4724
3.7088 0.0528 0.0417
3.9656 0.0082 0.0185
4.0004 -0.0035 -0.0017
4.1544 -0.1850 0.3259
4.6821 -0.3750 -0.1968
4.7839 0.5993 -0.1109
3.5233 -0.8086 0.0145
4.2329 -0.1062 -0.6164
3.8630 -0.0275 0.4651
3.7232 -0.6952 -0.3521
3.2229 -0.5537 0.2443
4.1488 -0.0567 0.4856
3.9338 0.0890 -0.0714
4.4851 -0.6155 -0.5419
4.1047 0.1311 -0.0240
2.9760 -0.0160 -0.5314
3.7270 0.1685 -0.5652
4.7951 0.2874 0.0009
3.7740 -0.0076 0.6100
3.8877 0.0377 0.1338
3.9520 -0.0832 0.6761
3.8472 0.1283 -0.0656
3.3064 0.1327 -1.6076
3.8538 0.2567 0.3959
4.6728 -0.0390 2.6775
4.2775 -0.6180 -0.4995
4.1820 -0.3230 0.1987
3.7394 -0.3250 -0.2706
3.4438 0.5160 0.2774
3.9956 -0.1499 -0.2262
3.9809 0.0086 -0.0519
3.9601 -0.0683 0.0624
3.9302 0.0425 -0.0144
3.1420 -0.0634 -0.4538
3.9744 0.0576 0.6926
4.0218 0.0236 0.0278
4.9667 -2.7384 0.6079
3.8802 0.0444 -0.0301
3.9460 -0.0025 -0.1672
1.4764 -1.9053 -0.1442
3.9609 0.0291 0.0436
4.2801 -1.1378 -2.2922
5.1169 0.1917 1.5172
4.4389 0.1027 0.8598
3.7455 -0.2580 0.2149
2.5492 -0.5223 -0.3700
4.0755 -0.0618 -0.0665
4.3538 -0.7145 -0.3544
3.0120 -0.4529 1.8695
3.2603 0.4208 0.4249
3.7492 0.0192 0.1191
4.0306 0.0262 -0.0320
3.9734 0.1949 0.1728
4.3557 0.2705 0.7982
3.9481 0.0527 -0.1263
3.5388 -0.4134 0.3228
4.4788 0.0216 0.3200
3.3142 -0.1382 -0.2916
3.2866 0.2569 0.1904
3.9706 0.2385 -0.0307
4.0461 -0.0459 -0.2200
4.0363 -0.0903 -0.8698
4.5848 0.0964 0.7018
4.0657 0.2127 0.2959
3.7163 0.2707 -1.5064
3.9325 -0.0734 0.2206
4.0630 0.0196 0.2758
3.9081 0.0196 -0.3674
3.9094 0.1401 0.2872
3.8865 -0.1419 0.0299
4.5812 -0.0304 -0.1909
3.9370 -0.0046 -0.1217
4.0018 -0.0021 -0.0489
3.9333 0.6738 0.4668
4.1394 -0.0517 -0.1200
2.4953 0.1203 -0.0860
4.6100 -0.1961 0.0265
4.0222 0.0406 0.0001
3.9390 -0.2139 -0.2938
4.6491 -0.5509 0.1000
4.2608 1.3356 1.2216
4.1506 -0.1830 0.2378
4.0043 0.0087 0.1734
3.9604 0.3324 -0.8240
4.1778 -0.5377 0.2234
4.0934 0.4353 0.1001
4.0321 0.0159 -1.6665
4.0764 -0.1839 -0.8360
4.0029 0.0261 0.0026
3.4101 -0.1242 -0.2265
4.4278 0.9380 -1.6915
4.2506 -0.7246 0.4333
4.2852 0.4391 0.1747
5.1556 -1.6867 2.4587
4.0065 -0.0301 0.6993
3.6758 -0.1064 -0.8406
3.9318 0.0193 -0.5749
3.4857 0.7814 0.0276
4.0484 -0.1294 -0.7261
3.9525 0.0124 -0.0111
2.6070 1.3451 2.0659
4.2374 0.2524 0.0227
3.7695 0.1865 0.3977
4.0666 -0.1549 0.4690
3.2934 -2.5610 0.2254
3.9340 -0.5777 -0.3873
3.4889 -0.4328 -0.7310
3.9221 -0.5688 0.7096
4.0067 -0.0031 0.0152
4.0168 -0.0232 -0.4934
4.5769 -0.0627 -0.4577
4.0020 -0.0007 -0.2296
2.9484 -0.7389 0.7903
2.6858 0.7318 0.3440
3.8656 0.0210 -0.0870
4.0760 -0.5111 0.6689
4.2599 0.4037 0.3018
4.0342 -0.0409 -0.6257
4.4825 0.2027 -0.4277
4.0264 0.0255 0.6287
3.8383 -0.0015 -0.0059
4.0773 -0.0282 0.1441
4.0002 -0.0000 -0.0003
4.0035 -0.0039 0.0501
6.6682 -1.1174 -0.2217
4.0150 0.0021 0.0247
3.9203 0.1184 -0.1061
5.3051 1.6812 2.0332
4.0247 0.0465 0.1105
3.8891 0.0840 -0.1224
4.0037 0.0011 0.0060
3.5468 -0.3541 0.0406
3.9899 0.0174 -0.0029
3.7877 -0.1332 -0.5840
3.8489 0.1339 0.3255
3.9938 0.0032 -0.5001
3.9712 -0.0557 0.6176
3.9513 0.4443 0.0697
3.8847 -0.0761 -0.8106
4.1934 0.0909 0.4803
3.3282 -0.3235 2.2899
1.5594 0.2183 -0.3135
4.2675 -0.2036 -0.0272
3.9967 0.0071 0.5375
4.0019 0.0040 0.2788
3.9025 -0.1109 -0.2762
3.3616 0.3261 0.3557
3.7817 0.2297 -0.8401
4.4298 -0.7937 -0.2809
1.5570 -1.7958 -0.6243
3.8917 0.1836 0.1412
3.7571 -0.2160 -0.5614
4.2793 1.6982 1.0221
