0.1525 -0.2922
-0.3009 -0.1275
-0.1529 0.0483
0.0843 -0.0469
0.2644 -0.1393
-0.5243 2.7444
0.2058 -0.3766
-0.0447 -0.5762
0.0002 0.0014
-0.6377 -0.7058
-0.1318 0.0165
-0.3535 -0.6947
-0.5693 -0.7133
0.0507 -0.6733
-0.0667 0.3002
0.0920 -0.1892
0.1093 0.1623
-0.4323 -0.7471
0.1490 -0.8433
-0.0000 -0.0002
0.4911 0.1102
1.1581 -1.2895
-0.3071 -0.1739
-1.0469 -2.6944
-0.4966 0.2823
-0.6696 0.6625
0.3665 -0.5226
-0.6268 0.1304
0.4624 0.7499
0.0342 -0.0295
0.3655 -0.3683
0.0803 -0.0115
-0.2941 0.2030
-3.8407 -1.1090
-0.6225 0.2272
0.5902 -0.2175
-0.1961 0.7445
-0.2094 0.1107
1.3904 -0.7993
0.6106 0.1111
-0.0725 -0.3322
0.6629 0.0397
-0.0324 0.0136
-2.7433 -2.7062
-0.6336 0.0028
-0.3169 0.1507
0.2355 0.8757
-0.6507 -0.0680
0.9169 -0.3774
-0.9036 -0.1025
4.2222 2.9916
4.8584 0.2474
4.7698 -0.2581
1.9418 -0.1514
4.9217 -0.0892
5.6780 -0.0266
4.9261 0.1001
5.4426 -0.1360
4.9003 0.1531
5.5888 -0.4258
4.3239 -0.2703
4.6034 -0.0836
5.5668 0.4071
5.1130 -0.0690
4.2208 0.3885
4.2990 0.6355
4.8594 -0.5274
5.4778 -0.0447
4.7644 -0.3686
5.2171 0.3027
5.3934 -0.2439
4.6607 -0.2617
5.2064 -0.3769
4.8264 -0.5870
4.6699 0.0366
4.7466 -1.2887
4.9950 0.0828
5.2854 0.1487
4.6002 -0.5346
5.0781 0.1923
4.4318 -0.4330
4.6787 0.1685
4.6082 -0.5152
5.2825 -0.4744
4.5645 -0.2233
5.5110 -0.2441
4.3264 0.7210
5.2340 0.5004
4.8675 -0.7118
4.6114 0.0603
4.9483 0.8914
4.7179 -0.4113
5.4921 0.0908
5.7731 -0.3415
5.0667 0.6490
5.0770 -0.0969
4.1473 -1.1317
5.2830 -0.4854
5.4291 -0.5775
5.7191 0.0165
