0.1096 0.3423
0.5866 -0.5518
0.3522 0.2044
0.2937 0.1142
-0.0013 0.1141
0.1384 -0.0105
0.0143 -0.0385
-0.0799 0.3455
0.6919 0.3224
0.4045 -0.1724
-0.4258 0.6401
-0.6328 0.5788
-0.0256 0.4730
0.3011 0.6031
0.7918 0.2553
0.1510 0.4936
0.1938 -0.0427
0.0048 0.5182
-0.2253 0.4085
0.1481 -0.0162
0.0724 0.4146
-0.1343 -0.6872
0.0917 0.1421
-0.1047 -0.5366
-0.7501 0.4415
-0.2106 0.0034
-0.1117 0.0117
-0.0317 0.7232
-0.1430 0.0476
0.3283 -0.1152
0.8506 0.2520
0.4559 0.7211
-0.1570 -0.0390
-0.0176 -0.0016
-0.3739 -0.1976
0.8402 0.4556
0.5321 -0.7960
0.9814 -0.0238
-0.0114 0.0074
-0.0095 0.1152
