-0.5436 0.7787
-0.2369 0.6527
0.4156 0.5535
0.1258 -0.4193
0.5328 -0.5117
-0.3488 -0.4506
-0.4365 -0.1891
0.0056 -0.0127
0.1499 -0.1090
0.2004 -0.1401
-0.0733 0.0002
-0.0369 0.1701
-0.8254 0.4337
-0.5219 0.3456
0.0017 0.0125
-2.2028 -1.3218
0.0382 -0.0261
0.1777 0.5910
-0.5979 0.0016
-0.4439 -0.5036
0.6109 0.2440
-0.0263 0.1750
-0.1087 0.1418
0.4377 0.1765
2.5189 -1.1748
4.6854 0.2131
4.7346 0.1330
4.0423 0.1102
5.3407 -0.0698
4.3818 0.3592
4.8751 -0.0323
5.9675 -0.0345
5.0600 0.0185
5.1421 -0.3893
5.3881 0.9121
5.3509 -0.7776
5.0391 0.0554
5.4494 -0.0393
5.1957 0.0684
4.6611 0.6246
4.8747 -0.2904
5.4878 0.8519
5.0405 0.1132
5.0039 0.7023
5.8287 0.3653
4.9074 0.0664
5.5583 -0.5603
5.4225 0.2872
4.9907 0.5315
4.9257 0.5023
