0.3355 -0.5263 -0.6049
0.0016 0.6806 -0.7025
-0.2505 -0.6881 0.1010
0.1296 0.0687 0.1107
-0.0103 -0.0186 -0.4136
0.4004 0.0866 0.0393
-0.0109 -0.0164 1.4405
0.0244 -0.0046 -0.0437
-0.4094 0.3494 0.4601
-2.2520 1.1869 -1.1438
-0.2494 -2.0626 -1.3642
0.0032 0.1237 -0.5924
-0.1777 -0.0369 -0.9018
0.2390 -0.2006 -0.3700
-0.0228 0.0168 -0.0134
1.3602 0.6517 -1.5193
-0.7095 -0.1391 0.0134
0.0382 -0.0417 0.0087
1.6643 -1.0119 2.8499
0.4228 1.6947 -2.7472
-0.2431 0.3173 -0.1873
0.1023 0.3475 -0.0517
0.0415 0.1625 -0.2091
0.1884 0.4968 0.3799
-0.0823 0.0777 0.1527
5.0415 -0.0242 0.0694
5.2151 0.1356 -0.1092
4.9186 0.3892 0.5032
4.6412 -0.0575 -0.0433
4.6810 0.1052 -0.1525
4.9915 0.0061 0.0477
5.0028 0.0155 -0.0420
4.6349 0.6018 0.2661
4.7205 0.1788 0.1019
4.7446 -0.1150 0.7696
4.9058 0.1177 0.2141
5.3905 0.7664 0.4000
3.3695 0.3082 -1.2615
4.4015 0.0121 -0.1755
5.0000 -0.0001 -0.0005
5.0211 -0.3274 0.6699
5.0507 -0.0729 -0.1721
4.9176 0.0893 -0.0587
5.1040 -0.1237 -0.0771
5.0702 -0.0219 -0.1772
5.6856 0.2784 0.3572
4.7552 -0.1790 0.8521
5.0424 -0.0445 0.1621
4.7112 0.5530 0.4225
4.6008 -0.1675 0.8877
