-0.0018 0.0048 0.3558
0.0876 -0.0992 -0.6309
-0.0535 0.3567 -0.3600
0.0336 -0.0654 -0.0931
0.5114 0.6927 -0.3264
-0.3014 -0.2238 -0.3684
-0.0508 -0.2039 -0.0345
-0.0290 0.1933 0.2124
0.8189 -1.0154 1.6501
-1.2736 1.0264 -0.0088
0.3665 -0.2032 -0.8098
0.5870 0.3027 -0.0170
0.0986 0.0114 -0.2012
-0.0246 -0.0107 0.0113
0.0761 -0.0114 0.1103
-0.4247 0.5025 0.2007
0.6959 0.0996 2.6330
0.0804 -0.0181 0.1536
-0.2277 0.4011 0.7772
-0.0109 0.0354 0.0835
1.3357 0.5968 0.3173
0.3160 -0.1319 0.8774
-0.0220 0.0480 -0.6878
0.1882 -0.1932 -0.2784
-0.2429 -0.0988 -0.1744
-0.0630 -0.1174 -0.0207
-0.0148 -0.0181 -0.0755
-0.1824 0.1959 -0.0662
-0.2159 0.1443 0.3230
-0.5789 -0.7635 -0.1693
-0.4568 0.2672 -0.3037
-0.0512 0.0501 -0.0385
0.4300 -0.2160 0.5708
2.6751 -1.1629 -0.0805
-0.0309 -0.1115 0.1520
-0.5952 0.0785 0.3970
0.9105 -0.7456 1.7947
-0.2488 -0.0426 0.3971
-0.0852 -0.0346 -0.5285
-0.1681 -0.1009 0.0178
