-0.1253 -0.2998
0.0652 0.2897
0.2622 0.9233
0.1017 -0.2028
-0.4315 0.4778
0.7819 0.5693
0.8795 0.0265
0.0656 -0.5763
0.2595 -0.1690
0.4951 0.5499
0.2633 0.5017
0.2329 -0.3152
-0.7959 0.4592
-0.8285 -0.2657
0.1527 0.5988
-0.3885 -0.0117
0.5480 0.3336
-0.2921 0.6886
0.0633 0.0449
0.1148 0.0425
0.1506 -0.0602
-0.0230 -0.3287
-0.7602 0.0275
0.3464 -0.3881
0.0661 0.4414
0.1684 -0.8422
0.0079 -1.1877
-1.0103 -0.3250
0.4056 -0.5190
0.3260 -0.4724
-0.6044 -0.0684
-0.2087 -0.5265
0.6794 0.5444
0.4500 -0.7373
-0.2215 0.0325
0.7086 -0.6190
0.3127 -0.7303
0.0208 -0.0116
0.2394 -0.3550
0.2581 -0.2498
0.6198 0.6674
-0.2854 0.1406
-0.0753 0.1720
-0.4189 0.1239
0.5379 0.1468
-0.1738 0.4994
-0.1367 -0.2420
-0.8014 -0.0738
-0.1780 -0.0098
-0.1248 -0.7607
-0.0130 0.0645
-0.3503 -0.0457
-0.8864 0.4036
-0.0438 0.2650
-0.1113 0.0598
-0.0119 -0.1828
-1.1460 -0.0318
-0.1074 -0.0720
-0.1491 0.1039
-0.1958 0.3055
-0.9265 0.6251
0.4581 -0.0781
-0.0980 -0.8194
-0.0417 0.5471
-0.3556 0.7105
0.0729 -0.0969
-0.8027 0.4758
0.1470 0.0224
0.7908 0.5398
-0.3605 0.5698
-0.0796 0.0703
0.0780 0.4432
0.1956 -0.8728
-0.0095 0.0042
0.5826 0.1054
0.2474 0.1258
0.2420 0.0417
0.0054 -0.0106
0.7787 0.3641
-0.0085 -0.0625
0.8266 0.3030
0.0749 0.1585
-0.0258 -0.0356
0.8424 0.4327
0.7356 0.3295
0.5233 -0.7007
-0.1690 -0.2440
0.1724 -0.3648
-0.2990 -0.7416
-0.5065 0.0607
0.1907 -0.5263
0.7373 -0.0901
0.0828 -0.1749
-0.2764 -0.1216
-0.4025 0.2517
-0.9120 0.6460
-0.1428 0.2004
-0.9621 -0.6862
-0.7381 0.6601
0.1836 0.3583
-0.0945 -0.3052
0.6408 -0.4784
-0.5786 0.2574
-0.5878 0.2888
-0.4225 -0.0083
0.0390 -0.0441
0.1314 -0.4401
0.4058 -0.1256
0.0726 -0.2590
-0.3037 0.5641
0.0342 -0.0782
0.1347 -0.0063
-0.2300 0.1511
-0.0380 -1.0045
0.1874 -0.0140
-0.1341 -0.2435
-0.0188 -0.1410
-0.7556 0.6014
-0.0462 -0.0034
-0.6893 0.3501
0.0253 0.0797
-0.0865 0.1505
-0.1800 -0.1615
0.3951 0.8757
-0.9917 0.4963
0.2897 -0.9088
0.0110 0.0427
0.0651 -0.1164
0.3016 0.4100
0.2029 -0.5000
-0.4007 0.1614
-0.1806 -0.1136
0.5379 0.8824
0.0961 -0.8956
-0.1434 -0.4321
0.0869 0.2955
-0.2809 0.3525
0.1917 1.1771
-0.1066 -0.4450
0.0622 -0.5728
0.2813 0.0614
0.0190 -0.0592
-0.9013 0.1788
0.7130 0.0494
-0.4857 -0.7626
-0.2657 0.0229
0.1660 -0.0727
0.0845 0.0823
-0.2164 0.6492
-0.3090 -0.0218
0.7579 0.5241
0.6095 0.4061
-0.0128 -0.1287
-0.5483 0.2506
-0.2445 0.1303
-0.3687 -0.8950
-0.0386 -0.0713
0.2606 0.2366
-0.6771 0.5230
-0.0093 -0.1102
-0.3283 -0.5819
-0.0068 0.6244
0.1440 -0.1788
0.7418 0.3051
-0.4200 0.0266
0.9074 -0.0298
0.1729 -0.6511
-0.4107 0.1142
-0.7138 -0.3577
-0.0720 -0.0385
0.6493 0.5139
0.0392 -0.0817
0.6862 -0.4476
-0.5829 -0.3014
-0.0814 -0.4089
0.2890 -0.9404
0.0233 -0.3193
-0.7339 0.6084
0.9673 0.1162
-0.1696 -0.1654
-0.5860 -0.5189
-0.1156 -0.4563
-0.8137 -0.2156
0.4555 -0.1165
0.1278 0.1668
0.7381 -0.5875
0.2477 0.0189
0.1796 -0.1663
0.0047 0.0304
0.4039 -0.6002
0.5430 0.6946
0.2611 -0.1065
-0.0284 0.0083
-0.0120 0.6224
0.1642 0.4390
0.4495 0.6179
-0.7029 0.0899
-0.0734 0.4587
0.8052 -0.1425
-0.8912 -0.4243
