0.5491 -0.6654
0.1546 -0.1126
-0.3799 -0.1084
0.6277 1.2942
-0.0024 -0.0202
-2.5530 0.3964
0.1768 0.4259
0.3540 0.3376
0.0418 0.0682
-0.0971 -0.2135
0.1693 0.1077
0.0997 -0.2323
0.6090 -0.6393
1.2867 -0.0322
1.6845 0.9037
0.5700 0.6385
-0.0765 0.0780
-0.0667 -0.0118
-0.8184 0.2981
-0.0546 0.2080
-0.0183 0.2962
0.0024 -0.1935
-0.1582 0.0137
-0.8525 0.3275
0.4755 -0.3533
0.4687 -0.6426
-0.7705 0.3506
0.5134 0.1348
-0.5957 0.7928
-0.1571 0.9794
-0.1178 -0.0177
0.1677 0.1213
0.0116 -0.0424
-0.2563 -0.1957
-0.3324 0.7937
0.2930 -0.5472
-0.7829 -0.6217
-0.0038 0.1517
2.2481 -1.1381
-0.0052 -0.3487
0.3054 -0.1419
0.3460 -0.2496
-2.1972 1.8510
1.8650 -0.0732
0.0806 0.0406
-0.0923 -0.2531
-0.1006 -0.2057
0.2862 -0.0849
-0.2975 -0.2237
-0.0683 0.2318
