-0.3944 0.3517
-0.1168 0.2760
0.1447 0.1543
-0.1067 -0.4169
-1.4024 0.0656
0.1893 -0.0901
0.5341 -0.4332
0.0085 0.0700
0.0727 0.7319
0.2203 -0.5803
-0.6860 0.1189
-0.0903 0.3688
-0.0293 0.0115
-0.5006 0.8393
-0.1041 -0.4292
-0.3722 0.0291
-0.1394 0.1538
0.4767 0.1238
-0.4137 0.1273
-0.9178 0.1508
0.3500 0.3256
0.1345 0.3273
0.3858 0.6103
-0.1304 -0.1625
-0.1148 0.1036
0.4863 -0.1379
-0.3251 -0.0165
0.0050 -0.0655
-0.0039 0.6890
0.3421 0.6086
0.2120 0.2854
0.3401 -0.4640
0.0455 0.3028
-0.4534 -0.6907
1.6671 -0.5474
0.0414 0.5589
0.9400 0.2370
0.8967 -0.4085
-0.1799 -0.1506
-1.6831 -0.0139
0.0957 0.3625
-0.3030 0.5318
-0.0585 -0.5077
0.0121 0.1564
0.1181 -0.1350
0.0804 -0.2219
0.2351 -0.1235
-0.9286 0.1375
0.2937 -0.3959
-1.9490 0.0381
-0.8335 0.3913
0.1230 -0.0619
0.2294 -0.0475
0.1363 0.0949
-0.2620 -0.2450
-0.0521 -0.2313
-0.0372 -0.2829
-0.2255 -0.1414
0.2147 0.6541
-0.7519 0.5524
-0.0839 -0.0791
-0.7908 -0.2316
-0.1425 -0.4494
-0.6469 -0.2555
-0.4517 -0.3117
-0.4394 0.8285
-0.9103 -0.0224
-1.6666 -0.1444
-0.2666 0.0030
-0.6237 0.2047
0.1150 0.8052
-1.5056 -0.1295
0.1080 0.4451
-0.5236 0.2259
0.6859 -0.5474
-0.0338 -0.0628
0.4027 -0.5999
-0.1560 0.3951
-0.0134 -0.0303
0.0992 0.3381
-0.4063 0.1663
1.4721 -0.1334
0.2421 -0.1355
0.7527 -0.6335
-0.0327 -0.0073
-0.9251 1.3711
-0.9262 0.2030
-0.1316 -0.0520
0.4809 -1.3813
-0.1856 -0.2786
0.0193 -0.1197
0.3849 -0.3953
-0.0257 0.1630
-0.0995 -0.0152
0.6037 -0.7684
0.7111 -0.3330
-0.5324 -0.8402
0.0175 -0.0414
0.6256 0.7541
-0.1049 0.2828
-0.6514 -0.0211
-0.6793 0.3927
0.0692 -0.3728
-0.2846 -0.5946
0.0795 0.9258
-0.8476 0.2188
-0.1872 0.6254
-0.5204 -0.1539
0.0816 0.0444
0.1901 -0.5425
-0.6203 0.4576
1.5957 0.7731
-0.3079 -0.4183
0.0096 -0.2377
-0.8481 -0.2789
0.1395 -0.0268
-0.0165 -0.0430
-0.4048 1.0319
-0.0154 0.0174
0.1472 -0.0290
0.6673 0.0076
0.2479 -0.0609
0.1230 -0.7320
0.2192 -0.2254
-0.0631 0.0221
0.8613 -0.1887
0.6968 -0.4538
0.5008 -0.2260
0.8143 -0.5579
-0.2833 -0.5499
0.0935 -0.0068
0.0581 0.3619
-1.7626 1.1283
-0.3857 -1.8833
-0.0510 -0.3036
0.3593 -0.0009
-0.8764 0.3729
0.0917 0.1844
-0.3957 0.0839
1.5494 -0.1961
-0.1263 -0.5439
0.2598 -0.6812
-0.2523 0.2241
0.8800 -0.0013
-0.0075 -0.0409
-0.7193 -0.1479
0.0280 0.9014
-0.6586 0.5505
0.7482 -0.5483
1.3060 -0.2595
0.9190 0.3033
-0.0946 -0.0805
0.0957 -0.2831
0.0994 -0.4006
0.6352 0.2505
0.3514 0.3325
-0.3431 -0.3891
0.2125 0.2323
0.1531 0.2316
-0.1136 -0.3740
0.1563 -0.2132
0.1182 -0.3107
-0.4078 0.7636
-0.1450 -0.4060
0.6167 0.7842
-1.7470 -0.3605
0.3099 0.9313
0.4210 0.5983
0.6583 -0.0111
-0.3529 -0.7436
0.0394 -0.0133
-0.0959 0.0844
-0.0324 -0.0587
-0.1665 -0.2919
-0.0411 0.1710
-0.2444 -0.1648
0.0798 -0.9442
-0.4326 0.8922
0.0199 0.1540
0.4002 0.3557
0.5558 0.2796
0.1023 0.0777
-0.0713 0.2517
-0.2902 0.7078
1.2052 -1.8096
0.3489 0.0057
-0.0864 0.7652
-0.5226 -0.2867
0.0097 0.0160
-1.3480 -0.3898
0.7391 -0.3487
0.3207 0.7630
-0.4521 -0.6152
0.5506 0.7466
0.2804 0.2443
-0.0147 -0.0673
-0.0569 -0.0200
-1.3348 0.1546
0.2767 -0.7585
0.7885 -0.4628
0.0033 -0.2343
0.1185 -0.5814
0.2278 -1.0087
-0.5715 0.4095
-0.0435 0.6446
0.3332 -0.1606
0.4381 0.3509
-0.1017 0.0886
0.1026 0.9402
0.0264 -0.0060
0.8452 0.9127
-0.3151 0.1917
0.1639 0.7884
-0.6170 -0.0180
-0.7845 1.1876
0.0054 -0.7145
-1.6829 0.4823
0.2249 -0.0394
0.3117 -0.6515
0.1655 0.4735
0.1328 0.9550
-0.1305 -0.1106
0.3664 0.2714
0.0321 0.0552
-0.0900 0.4117
-0.0950 -0.1929
-0.0216 -0.0284
0.0595 0.5597
-0.8389 -0.0909
-0.0231 0.3606
0.4199 0.3244
0.7289 -0.1255
0.0387 0.1183
-0.1219 -0.5736
-0.0218 -0.5405
0.4300 0.2884
-0.3111 -0.8799
0.3639 0.3042
0.0341 0.1381
-0.9300 1.9233
1.7993 -0.2920
-0.6923 0.5400
-0.4479 -0.2081
-1.4766 1.6228
-0.8097 -0.0362
-0.0147 -0.5182
0.0077 0.0937
-0.4520 -0.0603
-0.3120 0.4374
0.5143 -0.3686
0.7918 -0.2772
-0.6834 0.2466
-0.2873 -0.2922
0.1810 0.0060
0.4538 -1.1586
-0.0179 0.1893
0.2843 0.4256
-1.3001 0.8404
-0.5196 0.3611
-0.2545 -0.1872
0.4660 -0.6825
0.2091 0.9255
0.4551 -0.0910
-0.4310 -0.1337
-1.0238 -0.4350
-0.5823 -0.1236
0.4767 -0.2761
-0.3078 0.2786
-0.4300 -0.4228
0.0145 0.3944
-0.3172 -0.1455
-0.6424 0.1298
0.3525 0.1985
0.8059 0.0733
0.1242 0.1809
0.9140 -0.1821
0.1392 -0.0136
-0.1484 -0.3147
-0.0723 -0.1816
-0.0563 0.0577
0.0720 0.4290
-0.0004 0.5931
-0.3331 0.3020
-0.0167 -0.0696
-0.5272 -0.9012
-0.4326 -0.2620
-0.3455 -0.0798
-0.0741 -0.9080
0.1288 -0.6545
0.6539 0.1951
-0.8283 0.0721
0.2743 0.4914
0.0088 -0.2467
0.5567 0.0858
0.4681 0.1908
0.1003 0.4060
-0.5445 -0.1699
-0.3042 0.8386
-0.0313 0.0669
0.6918 -0.1182
-1.9389 0.0552
0.0271 -0.1303
-0.2804 0.1825
0.7831 -0.0915
0.6060 -0.3750
-0.1383 -0.5685
0.5318 -0.1957
-0.0923 -0.1953
0.1091 0.1626
0.2928 0.5562
-0.0144 -0.0072
-0.2939 0.0249
0.7788 -0.2956
-0.1301 0.0833
-0.2805 0.4728
-0.6549 -0.1660
-0.0368 0.8191
-0.0776 0.5522
-1.1212 -0.5102
-0.7789 -0.4518
0.1889 -0.2941
0.1859 -0.0645
-0.2048 -0.1328
0.4147 -0.4195
-0.0459 -0.0255
-0.1639 -0.9480
-0.0013 -0.4516
-0.6058 -0.2579
-0.8341 -0.1994
0.1827 -0.0066
-0.4096 -0.9848
-0.3662 -0.0734
-0.2192 -0.2809
0.0220 -0.0174
0.9266 -0.3046
-0.1467 -0.0579
0.1474 0.6249
-0.6238 0.6868
0.5533 0.7012
-0.2692 0.1212
-0.2226 -0.4334
0.1636 -0.3009
-0.4550 -0.5449
0.0158 0.1937
-0.5070 -0.3988
0.5162 -0.1964
-0.0625 0.3935
0.0832 0.1636
0.2361 -0.4900
-0.8683 -0.3591
-0.6019 0.7425
0.2620 0.1737
-0.0209 -0.1309
-0.4438 0.7469
0.0095 2.0348
-0.0897 -1.3477
0.3842 -0.4057
0.4316 -0.7028
-0.0371 0.5470
0.6365 0.4567
0.2325 0.3964
-0.0638 0.1871
0.6604 -0.4142
-0.5605 0.3587
-0.2733 0.5913
0.2488 0.2571
-0.2678 -0.7871
1.9254 0.2106
0.2486 -0.1891
0.5626 -0.2369
0.1278 -0.3200
-0.0436 -0.0113
-0.2883 0.2346
-0.1674 -0.1631
-0.3154 -0.6083
-0.2999 0.7823
-0.8025 0.1213
0.3084 0.6296
-0.6321 0.3099
0.0827 -0.0871
-0.0664 -0.7745
-0.3471 0.0642
0.1208 -0.0921
-0.2905 -0.6193
-0.0107 -0.2793
-0.0541 -0.0259
-0.8142 -0.4411
0.3273 -0.5394
0.2796 -0.1920
0.3332 -1.9620
0.1659 0.1007
0.0530 1.8114
-0.0855 -0.0123
0.1074 0.8688
-0.5848 -0.8080
0.1925 0.0689
-0.2005 0.8602
0.4265 0.7715
0.2880 -0.2227
0.0951 -0.7156
-0.4246 0.5963
0.8146 0.4174
-1.4414 1.1784
0.0042 0.1510
-0.0123 0.0014
-0.6571 -0.1040
-0.0372 -0.0152
0.4117 -0.6406
-0.1795 0.2313
-0.7829 1.3066
-0.4425 0.8392
0.6045 -1.4504
0.3455 -0.1887
-0.0371 0.0266
0.3344 0.1569
-0.4187 0.0619
0.0637 0.0383
0.0746 -0.0560
-0.0893 -0.1150
-0.0128 -0.0081
-0.0875 0.0747
0.2440 -0.1647
0.4682 0.3351
0.4286 0.0555
-0.0641 -0.0114
-0.1751 -0.2559
0.0372 -0.3256
0.2654 -0.3708
-0.0046 0.0004
0.3531 -0.0256
0.1025 -0.0937
-0.7716 0.4132
-0.9321 1.0203
0.0252 -0.0130
-0.0872 -0.1478
0.0803 1.6956
0.3485 0.2212
-0.3487 -0.1569
-0.8432 0.2677
0.1051 -0.1865
-0.0651 0.7396
-0.3665 -0.4160
0.4266 -0.4775
-0.0750 -0.2696
-0.3970 -0.0583
-0.0600 0.6358
0.4103 0.3518
0.1177 0.8779
0.0889 0.0546
1.5512 0.8036
-0.1594 0.1366
0.0338 -0.2844
-0.1938 -0.6441
-0.8907 0.0162
0.2394 -0.7689
-0.8390 1.6753
0.3607 0.1108
-0.0581 -0.0248
-0.4615 0.5273
-1.5361 0.5225
0.0669 -0.1170
0.2738 -0.1544
0.0057 -0.5877
-0.0705 0.0312
-0.3092 -0.0345
-0.0331 0.7530
-0.8782 0.2258
-0.3147 0.7275
0.3347 0.0522
0.2473 -0.1573
0.3149 0.6271
-0.0681 -0.0318
-0.3575 -0.2325
-0.0685 -0.0292
0.6929 1.2326
0.0481 0.0298
0.5817 0.6083
0.1367 0.0645
-0.2585 0.0887
1.0417 0.8083
-0.6561 0.0352
1.2252 -0.0964
-0.3060 -0.0111
0.0256 -0.6942
-0.0564 -0.0826
-0.1937 0.0120
-0.5649 0.1771
0.0089 0.0072
-0.4656 -0.6361
-0.2784 0.1672
0.0490 0.8791
-0.6054 -0.7250
-0.0190 0.0389
-0.7961 -0.2828
-0.0233 0.0437
-0.3474 0.5968
0.3507 0.0395
0.3702 0.0287
0.0558 0.1562
0.0947 1.3131
