-0.5626 0.1384
-0.4873 -0.0003
-0.5958 -0.1245
-0.1217 -0.3268
0.2634 -0.8286
-0.2003 0.7984
-0.0126 0.5609
-0.0915 0.8587
-0.0357 0.0102
0.9581 -0.2765
0.2378 -0.2037
0.3234 -0.4820
-0.1306 -0.0220
-0.6693 0.4860
-0.7261 -0.2643
-0.2725 0.4891
0.0665 -0.1500
0.0325 -0.0354
0.1044 -0.8138
0.3545 -0.2476
0.0245 -0.4000
-0.9229 -0.1571
0.2936 -0.5460
0.4580 -0.2144
0.1953 0.1166
-0.4344 0.2951
0.1458 -0.0726
0.0049 -0.0243
0.5976 0.5133
0.0870 -0.0180
-0.1784 0.0053
-0.7732 -0.3353
-0.0167 0.0305
0.3493 -0.6748
0.0589 0.1797
0.3470 0.1544
0.0115 -0.2782
-0.0635 -0.0144
-0.0571 -0.1087
-0.1920 0.0715
0.4885 -0.1958
-0.4440 -0.8707
0.1490 -0.3850
-0.3170 -0.0167
0.1207 -0.0438
-0.1998 -0.3032
0.8922 -0.2309
-0.4426 -0.8673
-0.3395 0.0926
-0.4220 0.5066
-0.0288 -0.1254
-0.4950 0.7814
0.5427 0.4058
-0.5392 -0.4632
-0.7135 -0.6785
0.5068 0.7184
-0.0691 -0.0396
0.0248 -0.0192
0.5774 0.1175
-0.8475 -0.2674
-0.5234 0.2850
0.2193 -0.5733
-0.0752 0.8064
-0.1188 0.5368
0.0322 -0.0926
-0.3014 -0.3136
-0.4154 0.6241
0.5898 0.1086
-0.8757 -0.1018
0.7865 -0.3333
-0.7107 -0.6837
0.1655 0.6812
0.0443 -0.1012
0.3021 0.3771
-0.4451 0.1636
-0.1180 0.3222
0.0771 -0.5998
0.1607 -0.0829
-0.1493 -0.2797
-0.1198 0.3149
0.1271 0.6705
-0.0048 0.2959
0.0590 -0.0709
0.5061 -0.5058
-0.7589 0.1304
-0.1142 0.0942
0.1616 0.4999
-0.0046 0.0200
0.4114 -0.2655
-0.2619 0.1622
-0.0776 0.7542
0.7275 -0.3271
-0.0814 0.0591
-0.9006 -0.0402
0.5105 0.7031
-0.1536 0.7328
-0.5954 0.6394
-0.5041 -0.0808
-0.3165 -0.0793
-0.4331 -0.1148
