-0.3694 0.1553 1.5611
0.0071 0.0072 0.0960
-0.0051 -0.1613 -0.1909
0.0157 -0.1522 0.1714
-0.0228 -0.3227 -0.1150
-0.2940 0.1228 -0.8265
-0.6938 -0.4003 0.0153
-0.4209 -0.1024 0.0172
-0.1635 0.0679 0.2027
0.1068 1.0802 -2.9143
-0.0193 0.0644 -0.1071
-0.2370 -0.2461 0.4374
0.5486 0.1632 -0.4513
-0.3892 -0.1427 -0.0480
2.5216 -0.6825 -1.0107
0.0547 0.1803 -0.3546
-0.0492 -0.0014 -0.0891
-0.0620 -0.0283 0.0444
0.1273 -0.0985 0.3045
-0.5781 0.6346 -0.4218
0.2138 -0.1945 0.9019
0.0829 -0.1965 -0.8014
0.7209 -0.2170 -0.4921
0.0119 -0.0023 0.0732
0.0240 -0.0136 -0.2698
0.2194 0.4296 -0.6669
-0.5826 -1.7653 1.3411
0.0822 0.0232 -0.0226
-0.0976 -0.0717 0.2417
0.1365 -0.1119 -0.3703
0.1699 0.5317 0.0079
0.1674 -0.2178 -0.8566
-0.0860 0.1136 0.0874
-0.0306 -0.0007 -0.0519
0.4719 0.8525 -0.1636
-0.5817 0.6586 0.1266
0.0625 -0.1173 -0.1066
-0.2103 -0.2316 -0.3755
0.1202 -1.0297 0.3940
-0.1955 0.1415 -0.3149
-0.0393 -0.1423 0.5857
0.0838 -0.0930 0.0007
-1.1691 -0.3857 3.3590
-0.7947 -0.4108 -0.0849
-0.0003 -0.0000 -0.0045
0.5199 -0.3367 -0.2825
-0.3862 0.2396 0.1795
-0.0051 -0.1117 -0.3491
0.1711 0.0630 0.8774
-0.1703 0.0447 0.1092
4.7353 -0.3729 -0.0668
4.0474 0.1750 0.1134
5.1812 0.5253 0.0373
4.0685 -0.0690 -0.8641
4.4989 0.0069 0.6170
4.6087 -0.1709 -0.3778
4.8221 -0.3442 -0.0470
4.5038 0.1577 -0.3998
4.5117 -0.0996 -0.0365
4.4689 0.0447 0.1650
4.5767 0.0547 -0.2049
4.5009 -0.0009 -0.0024
2.4337 0.5012 -2.6259
4.4777 -0.1633 -0.2814
5.1660 -0.0557 -0.0766
4.4749 0.1453 0.4419
4.1284 -0.0725 -0.3053
4.5213 0.2449 -0.0900
4.5779 -0.2796 -0.4020
4.4821 0.1635 -0.1616
4.7850 0.2404 0.8067
4.4456 0.0077 -0.4542
4.7262 -0.4481 -0.3981
4.3166 0.8379 1.1303
2.9661 -0.3440 1.2000
4.0157 0.5178 0.3621
4.5890 1.1288 1.6211
4.3091 0.7418 -0.1182
4.2781 0.3598 0.2793
4.1668 -0.4443 0.4289
2.9412 -1.9748 1.7323
4.8982 -0.2609 0.1964
4.1448 -0.4277 -0.0165
4.5402 0.1258 0.3564
4.8466 1.3107 1.3242
4.4997 -0.0866 -0.9938
4.3772 -0.1880 0.2892
4.4337 0.0200 0.3445
4.8191 -0.4651 -0.2897
4.4889 -0.0025 0.8810
6.2468 0.2870 1.7544
3.8478 -0.0029 3.5191
4.7328 -0.3165 -0.8648
4.2915 -0.0562 0.2165
4.5018 0.1783 -0.1564
4.5994 -0.0788 -0.3252
4.3654 0.7374 -1.6019
4.4627 0.0247 0.7777
4.7735 0.1633 -0.3670
5.1699 -0.3812 -0.0959
