-0.0117 -0.3437
-0.5721 -0.6334
-0.0453 0.2795
0.0925 0.1027
0.4175 -0.5218
-0.1786 -0.9281
-0.2572 -0.1553
0.2730 -0.1653
-0.6887 0.4581
0.0273 -0.2603
0.1949 -0.1134
0.3869 0.5391
0.1210 0.0442
0.3732 0.4726
-0.4610 0.5372
0.2558 -0.5681
-0.5077 -0.5900
0.0460 -0.9808
0.4694 -0.7391
0.2410 0.4629
0.9216 0.3305
-0.4212 0.1430
0.1850 0.9433
0.1324 0.1051
-0.4497 0.3567
0.3637 0.5586
-0.2988 -0.2725
-0.4018 -0.7024
-0.0040 0.0129
-0.3029 0.7043
0.1769 -0.3180
-0.0230 0.6788
-0.0489 0.0225
0.7345 0.1845
0.1779 0.0139
0.0629 0.9883
0.1957 -0.1952
0.2690 -0.2950
0.2576 0.0540
0.2019 0.3569
-0.4657 0.3849
0.7172 -0.4422
0.2510 -0.2294
-0.0250 -0.1125
0.1171 -0.2882
-0.8676 -0.0008
-0.4372 0.5354
-0.4374 0.8992
0.0134 0.0906
0.0947 -0.2602
-0.0327 -0.1811
0.3517 0.5158
-0.6273 -0.1388
0.8197 0.3252
-0.7571 -0.5695
-0.0836 -0.1795
-0.6127 0.2150
0.7039 -0.2152
0.2503 0.6051
-0.1385 0.6229
0.7321 -0.2672
-0.2553 -0.6146
-0.6186 0.3638
0.6100 0.3280
0.2028 -0.7152
0.1860 -0.1008
0.1041 -0.4895
0.2374 0.0673
-0.1772 0.1628
0.1129 -0.0796
-0.3282 0.4402
0.1288 0.6503
0.4645 -0.3696
0.1020 0.1008
0.1801 -0.6919
0.1668 0.1725
0.3754 0.8724
0.7306 0.2741
0.1074 -0.1848
-0.0976 -0.1681
-0.0689 0.2042
-0.1058 -0.0504
0.8787 -0.2006
0.3369 0.2889
0.6121 -0.1719
0.2176 0.2856
-0.6629 0.5031
-0.0299 -0.0379
-0.2844 -0.5160
0.1008 0.0091
-0.4642 0.2875
-0.0155 -0.3442
0.7398 0.3121
-0.7313 0.0291
-0.1824 0.6178
0.5881 -0.3661
-0.0040 -0.0574
-0.0294 -0.0222
-0.1665 -0.6286
-0.5781 0.4611
3.4988 0.1024
2.8267 -0.6907
3.5748 0.1223
2.9905 -0.2847
3.5615 0.2473
3.0952 -0.3901
3.4078 -0.2215
3.6728 0.2670
3.7921 0.2293
3.2166 0.0460
3.8889 -0.5060
3.2540 -0.3366
3.3113 0.1022
3.3897 -0.1755
4.1452 0.5874
3.6670 0.8596
3.9009 -0.1796
3.3616 -0.0821
3.2230 -0.7980
2.8852 0.5934
3.5257 -0.0814
3.0394 -0.0115
4.1929 -0.2742
3.4672 -0.0240
3.4415 0.1020
3.5357 0.7951
3.4997 0.0231
4.0951 0.4728
3.1573 0.3233
3.0833 0.1700
2.9776 -0.2213
3.9174 -0.9085
3.3872 -0.4735
3.4408 0.9479
3.6599 -0.0750
3.6209 0.1723
3.3969 -0.0524
3.4700 -0.7393
3.8028 0.0466
3.3895 -0.0936
3.4406 0.1142
3.9852 -0.0166
2.7558 -0.3077
3.5121 -0.0098
4.2082 0.5868
3.5102 -0.1005
3.3643 0.5191
2.9494 -0.0546
3.9512 -0.5563
2.9893 0.2340
3.6307 0.1404
3.8405 -0.2383
3.4892 0.0740
3.3418 0.1151
3.8910 -0.0332
3.5294 -0.9341
4.2742 0.5383
3.8388 0.3370
4.3060 0.0942
3.2686 0.3142
3.5821 -0.2273
3.6251 -0.6975
2.9449 0.7690
3.2675 0.6060
3.5722 -0.3368
3.4921 0.0050
2.9730 -0.1575
3.2275 0.8021
3.3838 -0.5804
3.0538 0.6950
2.9664 0.2456
3.4730 -0.2582
2.8600 0.5861
3.6395 -0.5780
3.5331 -0.2315
3.2341 -0.2773
3.9134 0.5506
3.5782 -0.4678
3.0175 0.4909
3.1406 -0.7746
3.4385 0.3521
3.6736 0.1165
3.1415 0.3574
3.6195 -0.1374
3.8876 -0.2576
3.2077 0.7745
4.3012 0.2719
3.4692 0.0862
3.3815 -0.0061
3.6998 0.5994
3.3144 -0.0963
3.3591 -0.8338
3.6118 0.8011
4.2598 -0.3270
4.2739 0.4910
2.8008 0.2620
2.7378 0.4264
3.4915 -0.7588
3.6643 0.2330
3.5578 0.0954
