0.6727 0.0403
-0.1952 0.6702
-0.0137 -0.1166
-0.2137 -0.1392
0.0067 0.0038
0.0003 -0.5119
-0.6608 -0.4183
0.0824 0.7272
0.3300 -0.1902
0.5690 -0.0456
0.0458 0.7911
0.2469 0.5440
0.6442 -0.7558
-0.2609 0.7267
-0.3024 -0.1389
-0.1325 -0.6088
-0.0592 0.9371
-0.0291 -0.0886
-0.3404 0.0390
0.2673 0.0798
0.5524 0.8292
-0.2498 0.1156
0.0875 0.0937
0.6208 -0.1256
-0.8954 -0.2510
0.0766 -0.0505
0.0542 0.2051
-0.3840 -0.0192
0.2456 -0.0754
0.4111 0.0360
-0.3644 0.2989
-0.5569 0.5131
-0.3485 0.5457
0.7852 -0.0507
-0.1527 0.4114
-0.1067 -0.5494
-0.1191 -0.0506
0.1179 0.1769
-0.8568 -0.0880
-0.5787 0.8092
0.1924 -0.3655
0.8254 -0.3576
-0.1227 0.8424
0.0271 0.0593
-0.8178 -0.0321
0.0120 0.0476
0.1461 -0.1941
0.1993 0.0257
0.0670 0.4340
-0.0113 0.0076
0.4165 -0.5971
0.6891 0.4917
0.1747 0.1359
0.0791 -0.2440
-0.6085 0.6332
-0.5484 -0.2018
-0.5256 -0.2957
-0.4246 -0.1618
-0.0481 -0.1307
-0.0423 0.1268
-0.1402 0.1499
-0.1242 0.1194
-0.0093 -0.2206
0.0121 -0.0009
0.0968 0.1374
0.0135 0.0571
-0.0048 0.0177
0.3760 -0.3761
0.2556 -0.5493
0.0296 -0.2257
0.5732 0.5594
-0.7198 -0.6118
-0.1899 0.4864
0.0515 0.0829
0.7406 -0.1841
-0.0041 0.0034
-0.2357 0.2874
-0.5172 0.1363
-0.6591 -0.6889
-0.0021 -0.2264
-0.1092 -0.0781
-0.6565 0.3128
-0.0963 0.5200
-0.0886 -0.5546
0.2137 0.2558
-0.1129 -0.6529
0.2013 -0.2365
0.6179 0.1494
-0.6190 -0.5146
-0.7193 0.2526
0.9191 0.2383
-0.7345 0.0609
0.2655 -0.3725
-0.0907 0.0953
-0.0035 -0.6300
-0.5849 0.0396
0.2725 0.6421
-0.3906 -0.7809
-0.2005 -0.0856
0.2373 -0.5539
2.8965 0.0309
1.3848 0.5762
1.9365 0.1764
2.4534 0.8339
1.8322 0.1734
1.7405 -0.8303
1.8351 -0.0235
1.7315 -0.7975
1.8993 0.3421
1.5442 0.2791
2.4308 -0.0785
2.1466 0.0267
1.7113 0.1283
2.1293 -0.2063
2.1861 0.7665
2.0644 0.1051
1.1938 -0.2062
1.9950 -0.0235
2.6584 -0.2782
1.9224 0.0712
1.5853 0.3716
1.8148 0.6910
2.5225 -0.6178
2.2743 -0.9225
1.6276 -0.7098
2.0324 -0.0669
1.4836 -0.5519
2.3812 -0.4432
2.8066 0.0111
1.9670 0.0349
2.9104 -0.0500
1.9622 -0.2889
2.7374 0.0191
2.4349 -0.5999
2.0334 0.7076
1.7316 -0.8897
2.8430 0.4197
2.2413 -0.0426
1.6813 -0.6311
1.6928 0.4166
2.8506 -0.0230
1.5999 0.0285
2.0352 0.0240
1.9981 0.0036
1.5445 -0.4306
2.0888 0.2862
2.9137 -0.0756
1.7993 0.3517
2.4984 0.2563
2.0267 -0.5881
2.2671 0.4829
1.9685 0.0119
2.3168 0.2796
1.7649 0.0348
2.4186 0.3843
2.2207 -0.3697
2.1719 0.8730
2.3050 0.1598
1.9600 0.4883
2.1301 -0.0238
1.9471 0.0470
2.7330 0.0916
2.0720 -0.1965
2.7549 0.0908
1.9808 0.2049
2.2503 0.4722
1.6250 -0.3036
2.1719 0.7216
1.0350 0.1653
2.1072 0.0808
1.8753 0.0447
2.6453 -0.2650
2.3770 -0.3073
2.4350 -0.0389
1.4447 0.8137
1.7162 0.7402
2.0475 -0.2696
2.2053 -0.0738
1.8019 0.5839
2.2323 -0.3878
1.9450 -0.1960
1.9527 -0.0274
2.1469 -0.4432
1.7435 -0.7932
1.5528 0.0142
1.7734 -0.4237
1.8614 -0.3688
2.8614 0.2732
2.1914 0.0098
1.2551 0.3252
2.1056 0.4589
2.0697 0.1671
1.9033 -0.6571
2.2024 -0.1583
2.7553 0.0819
2.2233 0.4570
1.4666 0.8291
1.3390 0.4939
1.9320 -0.0820
2.2070 0.6586
