0.4939 0.3757 -0.0259
-0.0566 0.0104 0.1142
0.0788 0.0503 0.5604
0.0956 -0.3320 -0.1970
-0.3452 0.2608 0.6568
-0.0027 0.3773 -0.8452
0.3278 -0.0504 0.3420
0.4499 -0.9071 3.8639
-0.1971 -0.1916 -0.1663
-0.3012 -0.0593 0.0291
-1.3434 0.9616 -1.9861
0.2388 -0.3364 -0.7642
-0.7524 0.3421 0.3281
0.0623 0.1085 -0.0661
-0.6527 -1.0934 0.9505
0.3613 0.1374 -0.0435
-0.0084 -0.0059 -0.2144
0.1693 0.2323 0.7587
0.1627 0.0661 -0.0328
-0.0378 0.4203 0.7654
-0.1967 0.6005 -0.3117
-0.2944 0.0778 0.1220
-0.5466 -0.5599 -0.4179
-1.3738 0.5422 -3.0052
-0.0179 -0.1944 0.7066
0.6016 -0.0879 0.4479
-0.0086 0.0116 0.0314
-0.0010 0.0014 -0.0823
-0.0052 0.0160 -0.2218
0.0197 -0.0082 -0.1406
0.0041 -0.1788 0.1133
0.2036 -0.0768 0.4068
-0.0127 -0.2484 -0.0828
-0.0438 -0.4980 3.5965
-0.2592 -0.5445 -2.8917
0.0378 0.0096 0.0447
-0.0130 -0.0351 0.3316
0.0114 -0.0261 -0.4912
-0.0376 -0.1431 0.3920
-0.2262 0.1871 0.4139
