-0.1778 0.1993
-0.0078 0.0924
-0.0215 -0.0051
0.4516 0.3315
-0.4050 -0.1765
-0.2705 0.1668
-0.3720 -0.3319
-0.7186 0.6279
-0.4421 -0.2654
0.0579 0.3136
-0.7218 -0.0168
0.6999 -0.2414
0.8630 0.4027
-0.6789 0.7563
-0.0814 0.0333
-0.1402 0.2366
-0.1742 0.5621
-0.5173 -0.0376
0.6318 0.6708
-0.0718 -0.6701
-0.5440 -0.3425
0.0051 0.0010
0.0002 -0.2851
0.2122 -0.3528
-0.2923 -0.0202
3.5061 -0.0300
3.7418 0.8065
3.1332 -0.1928
3.5647 0.5851
3.7896 0.0461
3.4293 0.0464
3.4199 -0.6265
3.4371 0.0557
3.4903 0.3859
3.5942 0.0922
2.7394 -0.4674
3.4791 0.2759
3.3572 -0.2506
3.3727 0.6185
3.4523 0.3191
3.6420 0.0114
3.5895 -1.7777
3.8456 0.2252
3.4526 -0.0541
3.4573 -0.2204
3.0927 0.3201
4.2132 -0.0109
3.5268 0.5426
3.3440 -0.0464
3.7954 -0.4452
