-0.4387 0.2359 -0.8462
-0.0058 -0.0078 0.5336
-0.0036 -0.0019 0.1202
0.8105 -0.0699 0.5228
-0.2401 0.3759 0.0205
-0.8536 2.1844 0.5709
-0.3789 0.1129 0.9152
0.0479 0.1571 -0.5235
0.2245 -0.2361 0.2422
0.5876 0.1001 -0.5534
0.2627 0.2834 0.4976
0.0017 -0.0007 -0.0031
0.1833 0.3878 -0.5582
0.0167 0.1119 0.0630
0.0237 0.0197 -0.0453
-0.0167 -0.0817 -0.1919
-0.2101 0.0798 1.7172
0.0041 -0.3379 -0.0791
0.0053 0.0816 0.4982
0.0479 0.2945 -0.1167
-0.8036 -0.2193 0.0782
-0.0445 -0.1321 -0.1175
-0.0371 0.0798 -0.1699
-0.3022 0.4983 -0.3485
-0.4150 0.2792 -0.8468
-0.3866 -0.3342 1.1062
-0.1300 -0.2534 0.8490
0.0166 0.0627 1.1087
-0.6810 0.4071 2.5416
0.0090 -0.0292 -0.4233
0.1637 0.3483 0.0896
0.0608 0.1933 0.6505
-0.0048 0.2123 0.5249
0.0026 -0.0221 -0.3987
-0.6204 0.4363 0.5568
0.0651 0.0245 -0.0810
-0.0243 -0.3155 -0.2876
0.0003 0.0166 -0.8844
-0.0372 0.1300 -0.0283
-0.0770 -0.1763 0.0599
-0.0975 -0.1319 0.3524
0.0835 -0.7375 -0.2038
0.2748 -0.1110 0.8197
0.0443 -0.0404 -0.0290
0.5288 -0.5256 0.1702
0.1426 -0.6829 -0.0734
0.1677 -0.0182 -0.3374
-0.6880 0.3416 0.1661
-0.7705 -0.2730 0.3404
0.3754 0.2164 0.0562
-0.2940 -0.4933 0.3069
0.1835 -0.2724 -0.5446
-0.4307 0.0572 -0.2974
-0.3230 0.2719 0.2153
0.0089 0.0157 -0.1123
-0.3088 -0.2575 -0.6809
0.0128 -0.0540 0.0793
1.0524 0.4463 -0.5096
-0.7344 0.5131 0.1328
-0.1770 -0.0025 -0.2040
-0.0949 -0.1463 -0.1528
-0.6414 -0.2312 0.1770
0.1355 -0.0032 0.3969
0.0009 -0.0013 -0.0041
0.2894 0.3273 -0.4014
1.3059 1.7379 0.8924
0.0229 -0.0164 -0.0124
2.1243 -0.9075 -0.7876
-0.1780 0.0406 -1.1393
0.0852 -0.3788 -0.5499
0.3946 -0.3639 1.2011
0.3224 -0.6052 -0.2283
0.0037 0.0045 -0.0005
0.1768 1.2574 -0.8217
-1.8560 -1.1238 1.0743
-0.1038 -0.1404 0.0775
-0.2179 -0.0510 -0.0160
-0.1787 -0.0774 -0.8625
0.2798 -0.6320 -0.4525
-0.5959 -0.5430 0.2187
0.2785 0.5297 -0.2294
-0.3623 -0.3074 1.8475
-0.1350 0.0326 0.0747
-0.1243 0.2026 1.4740
-0.0101 0.0091 -0.3401
-0.3818 0.1623 0.2249
-0.0266 0.0062 0.0213
0.3388 0.1174 -0.8573
0.0289 0.0137 0.3787
-0.0008 0.0208 -0.1800
-0.0230 0.0995 -0.1956
0.0989 0.1551 0.0268
-0.1776 0.0637 -0.1208
-0.2190 0.3434 -0.4340
0.3455 0.1689 0.4806
0.0395 -0.0493 -0.3287
-1.2561 0.3729 -0.3962
0.0581 -0.1754 -0.8920
0.1650 0.1490 -0.1702
-0.0172 -0.0264 -0.1396
-0.6096 -0.7904 -0.2361
-0.0033 -0.0029 -0.0016
0.1231 0.3280 0.3013
0.1231 0.0554 -0.0527
0.0829 -0.1824 0.4224
-0.3867 -1.0907 2.3245
0.3718 -0.1633 0.6555
-0.5280 -0.0074 -0.1354
-1.1952 -2.1571 -0.3238
-0.0110 -0.1042 0.9488
0.1366 -0.5713 0.6403
-0.1198 -0.1757 -0.5014
0.2895 -0.0919 0.0454
-0.0056 0.0108 -0.0284
0.0170 0.1007 -0.7488
0.4984 0.3806 0.3134
-0.6062 -0.1792 0.4336
-0.2604 -0.2772 0.5289
-0.2378 0.1215 0.0080
0.1073 0.0658 0.9349
-0.0011 -0.3844 -0.3209
-0.1679 -0.0054 0.1723
1.5493 -1.6450 -0.1330
-0.0085 0.1219 -0.8641
0.4019 -0.0292 0.9118
-0.0226 0.0045 0.0086
-0.4153 -0.2247 -0.7559
-0.6711 0.3111 -0.0549
0.0200 -0.0225 0.0433
0.0223 -0.0613 -0.2219
-0.0061 0.0079 -0.7747
-0.0175 -0.0102 -0.0056
-0.7973 -0.3524 0.2557
0.7513 -0.2054 -0.4430
-0.1472 0.1186 0.3299
0.3978 0.1861 -0.8015
0.1577 -0.0114 0.2951
0.3654 0.2735 -0.4808
0.0027 -0.0021 0.0690
-0.2189 -0.8858 -0.5838
0.0286 0.2825 0.7686
-0.1423 0.3105 -0.2233
-0.0916 0.4802 0.0947
1.0873 0.9149 0.1453
-0.0484 -0.0923 0.5216
0.0092 0.0369 -0.2825
-0.5450 -0.6733 -0.2954
0.8336 -0.4309 -0.3494
0.2444 0.7155 -0.0686
0.0146 -0.0795 -1.3008
0.0451 0.2017 0.0672
-0.1834 -0.3401 0.2787
-0.8724 0.3177 0.1392
-0.3255 0.7134 0.1201
-0.4126 -0.0345 0.4200
0.4804 0.2036 0.6605
0.0435 -0.0833 -0.0625
0.0098 -0.0199 -0.8699
0.1234 -0.0866 -0.9064
-1.0009 -0.0528 0.7616
0.1279 -0.1274 0.3956
0.1288 -0.0295 0.0136
0.2979 -0.0905 0.4002
0.0412 0.1342 0.2973
0.1529 0.2149 0.2900
0.0001 0.0013 -0.0180
-0.1209 -0.1935 -0.4746
0.1093 0.1167 0.9412
-0.4436 0.0316 0.9427
-0.6027 -0.6498 0.1704
-0.1051 0.0719 0.1046
-0.4150 -0.7827 1.6160
-0.3692 0.8799 0.1339
-0.1848 0.3528 -0.8011
0.0806 0.1309 0.0720
0.4594 0.4898 1.3452
0.0794 -0.3238 0.4163
0.1093 -0.1523 -0.1522
-0.2669 0.3577 -1.3436
-0.0405 -0.0233 0.0699
-0.4791 -0.6418 -0.0136
-0.0235 0.0045 -0.1000
-0.0002 0.0010 0.0008
-0.0982 1.7711 0.4914
0.5222 -0.3616 -0.1264
0.1668 -0.6752 -0.4532
-0.6878 -0.4814 0.5132
0.1875 -0.1601 -0.1782
-0.5199 -0.7132 -0.2902
0.4275 0.1832 -0.5366
-0.0057 -0.0065 0.0331
0.0561 0.0218 -0.0266
-0.1092 -0.3301 0.0114
-0.0326 -0.0252 -0.5450
0.0329 0.0169 -0.9613
0.2687 0.0100 0.3105
0.0017 -0.0007 -0.0042
1.7034 1.1684 0.7502
-0.4750 -0.0512 0.1076
0.5170 -0.7965 -0.1438
