-0.0623 1.0282
-0.8433 -0.3337
0.6000 -0.0848
-0.3656 -0.5302
-0.5249 0.0044
-1.6069 -0.8135
1.3908 0.2181
-0.0203 -0.0218
-0.0904 -0.3197
0.4143 0.3470
-0.6719 -0.1818
1.1091 0.5650
0.0499 0.0629
-0.2751 -0.3070
-0.0746 -0.0639
0.2780 0.2750
-0.5712 0.2029
0.3246 -0.0769
0.7359 0.3255
0.2071 0.9708
0.3564 0.2926
-0.0858 0.4994
0.0907 0.2101
-0.2701 0.1279
0.1337 -0.0998
0.1479 0.1970
-0.2204 0.4073
-0.5740 -0.3018
0.0771 -0.3750
-0.3544 -0.8284
0.0704 -0.0345
0.2990 3.3464
-0.4110 -0.2038
-0.6676 -0.3563
-0.0453 -0.1906
-0.6490 -0.3026
-0.2011 -0.5585
-0.0092 -0.0095
-0.2951 0.4664
0.0352 0.0040
-0.1395 0.9230
0.3097 0.0509
-0.6472 0.4595
0.1625 0.7304
-0.2152 0.7663
0.0631 -0.6785
0.1644 -0.0837
-0.0948 -0.6136
0.8144 -0.0230
0.4142 0.1143
-0.2096 0.3028
-0.9031 0.9498
-0.8789 0.3624
-0.2371 0.3750
-0.5745 0.4936
0.3518 -0.6963
0.5434 0.3369
-0.2316 -0.3571
-0.9744 0.0953
-0.1334 -0.1106
0.0838 0.0604
0.0784 0.0356
0.6484 -0.0288
-2.2365 -2.4529
-0.4133 0.8374
-0.3893 0.0602
0.3642 -0.0305
-0.6750 -0.4240
0.1883 0.4348
0.1426 -0.1601
-1.4835 -2.4510
-0.0246 -0.2906
-0.0850 -0.2171
0.0373 0.1867
0.1490 0.4664
0.6200 -0.7800
0.1822 0.1960
0.4264 2.3335
0.4517 -0.7461
0.0521 0.0522
-0.0415 0.6992
0.3972 -0.6626
0.5312 0.1954
0.2773 -0.4959
0.0494 0.4002
-0.0543 0.2714
0.5073 -0.5030
-0.9556 0.3823
-0.5353 -0.3871
-0.1796 -0.0323
-0.4192 -2.0270
0.0014 -0.0222
-0.0481 -0.9174
0.3330 -0.4864
-0.0461 0.0636
0.9813 0.1340
-0.7548 0.2064
-0.1717 -0.0661
-0.0399 -0.1979
0.4457 -3.2577
0.1687 0.1308
0.3754 0.1501
0.7631 -0.4772
0.4332 0.5997
-0.0033 0.6173
0.1313 -0.4567
0.0142 0.5987
0.3494 0.0787
-0.1106 -0.6773
0.6442 0.2360
0.2744 0.1523
0.7216 0.0873
0.1315 0.6999
0.0604 -0.0239
0.0843 0.0540
-0.1303 0.2688
-0.2341 0.2274
0.2380 0.5107
1.5977 1.3748
0.0089 0.0023
-1.6778 0.4480
-0.5972 -0.2655
0.2066 0.0703
0.1775 0.3902
-0.9603 0.1941
-0.4194 -0.3135
-0.9053 -0.2071
0.4343 -0.5426
0.0674 -0.1101
0.0015 -0.0002
-0.1182 0.6791
-0.0413 0.0002
0.0512 0.0412
0.3395 -0.1254
-0.3236 -0.4141
0.0063 -0.1409
-0.1738 -0.2708
-0.0271 0.0028
-0.4651 -0.7520
-0.3955 0.2519
0.4969 -0.0813
-0.1404 -0.0617
0.0023 0.0123
-0.7543 0.9937
0.1802 0.3330
0.2513 -0.0248
0.4516 0.5024
1.9512 -0.4177
-0.3833 -0.1061
0.2316 0.4900
-0.1466 0.1322
-0.4374 -0.4708
0.7986 -0.1843
-0.0888 -0.1715
-0.5266 0.1697
-0.7345 0.5206
-0.0308 0.6721
0.0082 -0.3841
0.3717 -0.3265
0.1407 0.0724
0.2080 0.0564
-2.4704 -0.4454
0.4484 -0.6880
0.3147 -0.1212
-2.9223 -1.7990
-0.4635 -0.2087
-0.6404 -0.5751
0.4124 0.6312
-2.6264 -1.9573
-0.4475 0.0581
0.8726 0.4731
-0.1616 -0.1380
-0.3591 -0.1179
1.2360 -0.1385
0.0858 0.9823
-0.2736 -0.1758
-0.3289 0.5527
0.4130 0.2115
0.0755 -0.0120
-0.1518 0.3150
-0.1625 0.0360
0.3391 -0.4008
0.4469 -0.4780
-0.8153 0.4411
-0.2536 -0.3192
0.9040 0.3984
0.0952 -0.1136
0.8069 0.4074
-0.0698 0.2052
-0.0260 -0.8601
0.0635 0.1834
-0.4354 -0.0225
-0.5680 -0.1426
0.2677 -0.7429
-0.0326 0.0382
-0.6426 -0.6718
0.0683 -0.0283
-0.0504 -0.0695
0.1849 -0.1685
-0.2697 -0.4184
