-0.2890 0.6578
-0.0629 0.1322
0.2737 -0.3344
0.4214 -0.6050
-0.1169 -0.6234
0.6460 -0.0118
0.6014 -0.7602
-0.2641 0.5846
0.7366 0.4326
0.0306 -0.0342
-0.9230 0.4561
-0.3427 0.0505
-1.8866 0.9581
-0.7592 1.2892
0.9859 -0.0902
-0.1003 0.3777
-0.8994 1.8545
-0.0442 -0.0076
0.1228 -0.1002
-0.6700 -0.0943
3.1335 0.0935
3.0249 0.3654
2.6693 0.3847
3.0964 0.0100
2.5009 0.3515
2.9360 -0.0231
4.3721 0.0193
3.3995 0.0110
2.7067 -0.5321
2.2019 -0.3217
3.8717 0.1597
3.7989 -0.2970
3.3409 0.4116
2.9396 -0.3586
2.8833 -0.2331
3.2066 -0.5641
3.1976 0.7409
2.4550 -0.1641
2.9712 0.0043
1.5929 -0.2029
