0.0415 -0.0310 -0.2117
-0.7660 -0.3937 0.3810
0.0238 -0.1685 0.3369
-0.0010 0.0276 -0.0114
-0.0051 -0.0005 -0.1905
-0.0226 0.0559 -0.0117
0.0033 -0.0330 -1.0418
-0.3351 -0.4861 0.4565
-0.0118 -0.0287 -0.6159
0.0371 -0.5616 -0.6857
0.0942 0.7824 -0.4604
-0.0265 0.0549 0.6887
0.2642 -0.1648 -0.1791
0.1684 0.1262 -0.3088
-0.0185 0.0014 0.1841
0.3676 -0.3841 -0.1702
-0.0874 -0.1522 0.5079
-1.4499 -0.4789 -0.1084
-0.0853 0.3111 -0.6837
-0.1998 0.8098 -0.3287
5.0556 -0.0367 1.4080
1.7360 0.8930 -0.6862
3.4992 -0.3149 0.7976
4.0486 -0.0174 -0.1903
3.2205 0.4312 -0.2978
4.8007 0.7483 -2.1588
4.1566 -0.2428 0.4324
2.7553 -0.6782 -0.9135
3.7751 -0.3421 0.2013
4.1945 -0.0598 -0.7449
3.8542 -0.1327 0.4840
3.2438 -0.4621 0.4074
4.0115 -0.3378 -0.6477
3.9985 -0.0535 0.0402
4.0595 -0.1598 0.7242
4.0178 -0.0371 0.9984
3.9175 0.0251 -0.9312
4.0083 0.2214 -0.7023
4.0259 0.0130 -0.1326
3.8309 -0.0610 0.1057
