-0.2427 -0.6248
-0.3200 -0.7530
-0.3238 -0.6394
-0.3821 -0.8759
0.3269 0.1103
-0.0056 0.0021
0.3765 -0.0055
-1.0084 0.3484
0.1419 0.0903
0.0001 -0.0023
-0.6622 -0.8797
-0.2798 0.2649
-0.6187 -0.1871
-0.1287 0.3620
0.4794 0.8992
-1.0109 0.3054
0.9059 0.4931
-0.1544 -0.4177
-0.1534 0.0999
0.1137 0.1974
0.4418 -0.5616
0.0033 -0.0630
-0.2883 0.1154
0.4310 0.5459
-0.0204 -0.1012
-0.3392 -0.3364
0.2011 -0.3135
-0.4822 -0.3667
0.5020 0.3012
0.7163 -0.0999
-0.1533 -0.9625
0.4337 -0.4564
-0.4463 0.5127
0.4608 -0.2991
0.4313 -0.1051
-0.0658 -0.0350
0.5779 0.1823
-0.5363 -0.0634
0.4315 0.1683
0.2556 -0.0168
-0.2481 0.1814
-0.0901 0.0275
-0.1262 0.0557
-0.2933 0.1506
0.2078 0.6964
-0.3079 -0.8272
0.4467 -0.0259
-0.1430 0.2507
-0.5393 -0.4073
-0.1745 -0.0259
-0.1751 0.0461
0.4212 0.4633
-0.6907 0.2262
-0.1399 0.0055
0.2291 -0.5632
-0.1825 -0.1352
0.0195 0.0374
-0.0878 0.5144
0.7334 0.0633
0.9209 -0.0514
-0.2463 0.0902
0.1792 -0.0083
-0.0289 -0.0912
0.1443 -0.5571
0.3766 0.8462
0.1176 -0.1791
0.1243 0.1318
0.1626 0.5112
0.8578 0.1079
-0.3298 -0.3155
-0.2987 -0.2450
-0.1052 -0.8649
0.3246 -0.1583
0.0071 0.4670
0.0210 0.0470
-0.6113 0.4748
-0.5156 -0.1556
0.3649 -0.3416
-0.6047 -0.0182
0.1149 0.0297
-0.0863 -0.0326
0.3397 0.9721
-0.5284 1.0719
-0.2490 -0.0357
0.5611 -0.6493
0.8324 0.0187
0.0917 0.3481
0.0712 -0.1414
-0.2697 -1.0053
0.0048 -0.3561
-0.5057 0.0742
-0.4410 0.1468
-0.6239 0.6484
-0.1261 -1.1629
-0.0891 0.3325
-0.2074 1.0171
0.1009 0.4392
-0.2484 0.1445
0.3044 -1.0631
0.4727 0.5451
-0.0979 -0.4138
-0.2799 -0.3006
-0.1081 -0.1968
-0.0177 -0.0007
0.8254 -0.1126
-0.6962 0.6194
-0.0788 0.0286
0.3154 -0.5715
0.1587 0.3312
-0.4644 0.2051
0.6173 0.6411
-0.7512 -0.0909
-0.4823 0.7160
0.0230 0.0666
-0.7422 -0.3024
0.3681 0.9735
-0.1396 -0.9414
-0.0010 -1.1200
0.0160 1.1638
0.0861 -0.0288
0.6478 0.3175
-0.8212 -0.0936
-0.8092 -0.6011
-0.5819 -0.1285
-0.9695 -0.1135
0.4542 -1.0859
0.0033 0.6449
0.0072 -0.0608
-0.7748 0.7858
-0.0605 -0.1279
-0.1656 0.1348
0.0545 -0.0003
0.7146 0.9279
0.0879 0.0717
0.1067 -0.0316
0.5000 -0.4990
-0.0133 0.0317
-0.8615 -0.6156
0.1788 0.1272
-1.0234 -0.4739
-0.2812 -0.5143
0.6374 -0.3281
-0.1178 0.1740
-0.1826 0.3582
0.0798 0.0962
0.2112 0.1321
-0.3583 0.5393
-0.1672 0.4444
0.4457 0.1675
-0.1703 -0.4243
-0.6879 -0.5067
-0.5905 -0.5631
-0.0147 -0.0543
0.0815 1.1481
-0.0286 -0.0095
-0.8654 -0.6751
0.7325 -0.1833
-0.7511 0.3836
0.5267 -0.5863
0.3117 0.4474
0.7686 0.3331
0.8912 0.2534
0.2294 -0.8786
0.7702 -0.9198
0.6740 0.0784
-0.3351 -0.3108
-0.7455 0.0642
1.0725 0.3508
0.2821 0.9141
-1.0671 0.5050
-0.4685 -0.1813
-0.0275 -0.1545
-0.0431 0.1722
-0.4799 0.5328
-0.5689 0.9712
-0.2612 -0.4991
0.6084 0.7223
0.7804 0.5564
0.3393 -0.1049
-0.0254 -0.1676
-0.2873 0.7043
0.4924 -0.7552
-0.0763 -0.7709
0.3601 0.5852
0.2805 1.0357
0.0926 -0.0077
-0.0117 -0.2060
0.0845 0.9047
-0.2519 -0.2575
-0.5748 0.1979
-0.0800 0.4319
-0.1088 0.9916
0.2800 -0.5836
-0.5017 0.8563
0.6324 -0.9341
0.9787 -0.4099
-0.2889 -0.1983
-0.5411 -1.0490
-0.0197 -0.1735
-0.2023 0.4021
