0.4591 0.2851
-0.0310 0.1044
0.8590 -0.2220
-0.7539 -0.1421
-1.7559 -0.2692
0.2969 -0.8582
0.0149 0.0540
-0.0417 0.2683
0.0728 0.6828
0.4095 0.8981
0.1013 0.0671
-0.4496 -0.3183
-0.0470 -0.7716
-0.6042 0.7965
0.1032 -0.6949
-0.1117 -0.1815
-0.1863 -0.3658
0.4428 -0.3550
-0.2615 0.0830
0.3453 0.0140
0.2282 0.2351
0.1548 -0.4758
-0.0636 -0.1233
0.0689 -0.0977
-0.1351 0.3465
-1.2242 0.2003
-0.2355 -0.1931
-0.1064 -0.1281
-0.3746 0.6256
0.2652 -0.3867
-0.9982 -1.0845
0.1928 0.5320
-0.7068 0.0431
-0.7426 -0.0056
-0.6727 0.3787
0.4580 -2.1291
0.1634 0.0585
1.3586 -0.0823
-0.0407 0.1020
-0.1460 2.4880
0.4796 -0.7266
-0.1656 0.1115
-0.0205 0.2402
0.4755 0.0592
-0.4875 -0.4835
0.6352 0.6697
1.4236 -1.0497
-0.0845 0.0661
-0.8340 -0.5517
-0.6499 0.4876
