-0.4809 -0.3090 0.7937
0.0251 0.0396 -0.2272
-0.1802 -0.1332 0.1920
-0.0818 0.0706 0.2754
-0.0864 0.1616 0.5949
-0.0192 0.0160 -0.0182
0.2279 -0.1824 0.4165
0.2271 -0.0806 0.2616
-0.0790 -0.0151 -0.3946
-0.0584 0.3647 -0.8000
0.2301 -0.2006 0.3174
0.7243 -0.4840 -0.2808
0.2171 -0.1675 -0.8916
-0.8736 0.3398 -0.2426
-0.2836 0.7718 0.4343
-0.1694 0.3243 -0.2216
0.2465 0.1435 -0.0696
0.2374 0.1359 -0.4416
0.0794 0.1110 0.1372
-0.9239 -2.2852 1.0647
0.0086 -0.0009 -0.0269
0.0026 0.0039 0.0151
0.0043 -0.0009 -0.2672
0.0566 0.0585 -0.7735
-0.0126 -0.0345 -0.8430
4.4474 -0.0986 -0.2504
4.7631 0.2116 0.1429
4.4761 0.0044 0.1352
4.3877 0.2427 0.0584
4.7373 0.0120 -0.0700
4.8352 -0.2360 -0.6313
4.7107 -0.3790 0.0552
4.2772 -2.1297 -0.9914
4.4942 0.0112 -0.0669
4.4979 -0.0296 0.0339
4.0462 -0.5654 -0.5887
5.0336 -0.4478 0.4457
4.5726 -0.1240 0.1411
4.3550 -0.3089 0.6172
4.0990 0.2837 -0.6236
5.1675 -0.1995 -0.1171
4.0567 -0.2671 -0.7799
4.1891 -0.4415 -0.0073
4.3160 -0.4679 0.2474
4.0367 0.2643 0.4775
4.6963 -0.3529 -0.3740
4.6533 0.1261 0.1429
4.7797 -0.0009 -0.1912
4.7538 -0.4979 0.4076
4.5844 -0.0529 0.0074
