-0.0685 0.1267 -0.0864
-0.0386 -0.1364 0.1988
0.1227 0.1289 -0.9336
-0.0322 0.1164 0.6677
0.1088 0.0038 0.3854
0.1193 0.2573 0.2746
0.7540 -0.6190 0.1282
0.1972 -0.1476 0.2413
-0.0565 0.0861 -0.4252
0.5887 0.1752 -0.5527
-0.2237 0.2845 0.1111
-0.2315 -0.3367 0.3031
-0.3264 0.3220 0.6515
-0.1438 -0.0866 0.3961
0.1732 -0.2946 0.3861
-0.1008 -0.0295 -0.9624
0.0154 -0.0130 0.4338
-0.0044 -0.0047 -0.2397
-0.0434 0.0073 -0.7166
0.4775 0.0721 0.2401
-0.0649 -0.0147 -0.1533
0.0060 0.0070 -0.0083
-0.1488 -0.1036 -0.0238
-0.1069 -0.0466 -0.1501
-0.0494 0.1038 -0.0143
-0.0767 -0.7349 0.6471
0.0976 0.1164 -0.3701
0.0842 0.0770 0.0976
0.0752 -0.0175 -0.7378
0.0838 0.4199 -0.6615
-0.0069 0.0024 0.5949
0.0644 0.0374 -0.0607
0.7377 -0.4754 -0.1395
0.0170 0.0233 0.0064
-0.1127 0.0393 0.3898
0.0008 0.0024 -0.0003
-0.0363 -0.7305 0.4187
0.0094 -0.0804 -0.0692
-0.0772 -0.0497 0.3077
-0.0014 0.0015 -0.0711
-0.2292 0.1172 -0.3279
-0.4029 0.0956 -0.4046
0.0092 0.0017 -0.3252
-0.1973 -0.8020 -0.0759
0.3650 -0.7236 -0.2692
0.2872 0.2129 0.2122
0.7295 -0.1530 0.4476
-0.0706 -0.7804 0.3831
-0.0060 0.0436 0.0410
0.4524 0.3000 -0.3888
