0.0451 0.0019 -0.8950
0.0320 0.0042 -0.0412
-0.0130 -0.0730 0.4279
0.0233 -0.1360 -0.0520
-0.0544 0.0500 -0.2473
-0.2227 -0.4207 -0.8107
0.2099 -0.8075 0.3720
0.4707 0.0219 -0.1725
-0.1461 0.0888 0.3567
-0.0529 0.0095 0.0295
-0.3628 -0.6010 0.1591
0.3790 -0.6423 0.2562
-0.1493 -0.5319 0.0213
0.2394 0.2304 -0.1447
-0.5655 0.1786 0.2406
-0.0397 -0.0868 -0.0092
0.3923 -0.1386 -0.0806
-0.1939 0.1046 0.1254
0.5717 -0.2252 0.4192
-0.0271 0.3896 -0.1257
-0.2796 -0.8692 -0.0674
0.2845 -0.0877 -0.1005
-0.2519 0.2168 -0.7249
0.0417 -0.1110 -0.1029
0.7262 0.5904 -0.1348
-0.1082 -0.3615 -0.1075
-0.2679 -0.1723 -0.0456
-0.0006 -0.0449 0.0179
0.1202 -0.0806 0.0909
0.0586 -0.0365 0.0252
0.4466 0.4798 0.2727
-0.0805 0.0890 -0.0433
-0.3587 0.8182 -0.3612
0.0157 0.0492 -0.0013
0.0251 0.0809 0.3223
-0.0268 -0.0328 0.0288
-0.1228 0.2517 -0.1639
0.0492 -0.1446 0.0454
0.0708 0.0015 -0.6656
-0.0010 0.0244 -0.8911
0.0455 -0.0194 0.0369
0.5096 -0.1591 -0.1935
0.2124 0.3887 -0.2180
0.0596 -0.0351 0.0570
0.2454 -0.1789 -0.3806
0.3277 0.0839 -0.6847
-0.0363 0.0940 0.4497
0.0127 -0.0145 0.8208
-0.0949 0.0705 0.0283
0.0043 -0.2278 0.3497
-0.0128 -0.3326 -0.6944
-0.2526 0.1516 -0.1152
0.1681 0.3210 0.5806
0.1693 0.4998 0.2727
0.0737 0.4046 0.2278
0.2303 0.5582 -0.5454
-0.0309 -0.0285 0.3617
0.2574 -0.0380 0.2787
0.0603 -0.1903 -0.7552
0.1708 0.1346 -0.6700
0.0500 0.1083 0.1270
-0.4276 0.4142 0.2714
-0.1973 -0.1668 0.0509
0.1271 0.0231 -0.6105
-0.1743 0.0433 0.7412
-0.0007 0.0017 -0.0903
0.0820 -0.4442 -0.4890
-0.3655 0.2890 0.0001
-0.0488 -0.2058 -0.3989
-0.2661 0.0863 -0.5349
-0.2854 0.0852 -0.1325
0.0401 -0.0144 -0.1487
0.0065 -0.0418 -0.2411
-0.0596 0.0602 -0.1021
-0.2217 0.6756 0.3332
0.0247 -0.0103 0.0990
-0.0379 -0.0186 -0.8871
-0.1532 0.0277 -0.3567
0.1430 0.0155 0.4329
-0.1742 0.1023 0.4909
0.0445 0.2139 0.1553
-0.1908 -0.3275 0.6905
-0.1822 0.1851 -0.2303
0.1036 -0.1106 0.1695
0.1506 -0.2306 0.0255
-0.0294 -0.2293 0.2254
-0.3999 0.0303 -0.1658
-0.1234 -0.0598 0.3427
0.0281 0.3010 0.4574
-0.0165 -0.0112 -0.0090
-0.1978 -0.5373 -0.3968
0.2836 -0.1929 0.8777
0.6869 -0.0134 0.2166
-0.1449 0.4740 -0.5428
0.0986 -0.0941 -0.1052
0.8664 0.0031 -0.0078
0.5139 -0.1068 -0.8209
0.7129 -0.3393 0.3237
0.0812 -0.3996 0.4368
-0.1616 0.1908 -0.0289
0.5534 0.6226 -0.0479
0.1030 0.4003 -0.0435
-0.0287 -0.0232 0.0936
0.2044 -0.1145 0.0083
0.5330 -0.3102 0.2286
-0.1101 0.0353 -0.1498
-0.3348 0.3436 0.2911
-0.1776 0.0493 0.3026
0.0982 -0.1369 -0.6867
-0.0779 -0.0891 0.2860
0.0568 -0.1622 -0.3834
-0.4157 0.0182 0.0324
0.0140 0.0379 0.3972
0.0390 0.0876 -0.5894
-0.7053 -0.0229 0.6194
0.1639 -0.2051 0.3201
0.9267 0.0048 -0.0463
-0.1730 0.2869 -0.2871
0.1756 -0.0237 0.0544
-0.0611 0.0090 -0.0665
0.0058 0.0618 -0.8414
0.0215 -0.0083 -0.0132
-0.7911 0.1389 -0.5575
-0.0405 -0.0376 0.0078
-0.0265 0.1003 0.0656
0.1352 0.6501 -0.2337
-0.0276 -0.0322 0.1347
0.2727 0.5119 0.8115
-0.5326 -0.3794 -0.1487
0.0749 -0.0559 0.9915
0.6792 -0.3809 -0.5222
-0.5510 -0.1591 -0.4386
-0.1000 -0.0014 0.4070
-0.0694 -0.3831 0.0146
0.0809 -0.2580 0.1714
0.0622 0.0085 0.2706
-0.0965 0.2322 0.2055
-0.3238 -0.0460 -0.3727
-0.4224 -0.3258 0.3191
0.0880 0.0352 0.1940
0.0538 -0.0613 0.0857
-0.1284 -0.0195 0.2371
0.0770 -0.2981 -0.4490
-0.4439 0.3695 0.1045
0.0412 -0.0180 0.1696
-0.1307 0.4172 -0.1973
0.1564 0.1179 0.3969
-0.6375 0.3388 0.1305
-0.0236 -0.0045 0.1434
0.0488 0.1395 0.7603
0.0032 0.4013 0.7513
-0.5596 0.3796 -0.2643
0.1844 0.0225 0.0811
0.1083 0.1733 -0.4075
0.1006 0.0743 -0.2685
-0.0199 -0.1857 -0.7942
-0.0136 0.0406 0.2184
-0.2001 0.8330 -0.4549
0.0329 0.0010 0.2410
0.0041 0.1274 0.0691
-0.0946 -0.2937 0.2428
-0.1388 0.5465 -0.2042
0.4260 0.3595 -0.2226
-0.8113 -0.4090 -0.1496
-0.1826 -0.0090 0.0379
-0.0320 0.2624 -0.0842
-0.2829 0.2827 0.4536
0.1082 -0.0063 -0.8206
-0.0270 0.1017 0.1672
-0.0972 -0.0034 0.1388
-0.0370 -0.0438 -0.2144
0.1017 0.8486 0.0623
0.1833 -0.6709 -0.0262
0.1832 0.1274 -0.5097
-0.4152 -0.0050 0.3593
-0.0130 -0.0318 0.0350
0.4159 0.3422 -0.2797
0.0000 0.0001 -0.1441
-0.0961 0.0560 -0.1958
0.3429 -0.4660 0.2214
-0.1480 -0.0720 -0.8649
-0.0300 -0.4367 -0.4933
-0.0774 -0.0311 0.3222
0.0147 0.1283 0.0329
0.4700 -0.6922 0.4865
0.1451 -0.0535 -0.2353
0.0754 -0.0134 -0.0223
0.1288 0.0858 0.6544
-0.4236 0.5782 -0.5004
0.3379 0.4197 -0.4419
-0.4802 -0.8405 0.0384
-0.0989 -0.5016 -0.1484
0.1979 -0.1100 -0.6481
0.2126 -0.0487 -0.1621
0.0248 -0.0849 -0.4460
-0.1558 -0.4226 -0.3328
0.1907 -0.2706 0.3882
0.1477 0.3809 -0.0730
0.0038 -0.0038 -0.0295
-0.0082 -0.0063 -0.1830
