0.5477 -0.1409 -0.6434
-0.1171 -0.1709 0.1549
-0.0517 -0.1277 0.6064
-0.3776 0.2185 0.7857
-0.1249 0.2636 0.3477
0.6285 0.0584 -0.1917
0.3116 0.1956 0.4663
-0.1679 -0.3115 -0.2572
0.1126 -0.0284 -0.1208
0.0085 0.1115 0.1598
-0.1298 -0.1825 0.1691
-0.0999 0.0475 0.4004
0.0056 -0.0101 0.0111
0.0813 0.1069 -0.0054
-0.0057 0.0008 0.5274
0.2287 -0.2865 0.0103
-0.3008 -0.2281 0.8997
0.0483 0.4859 -0.3600
0.0941 0.3313 -0.6280
2.4185 0.3536 1.7109
3.6652 -0.8522 0.0411
3.9437 0.1634 0.3756
4.2342 0.1035 0.2067
4.3924 0.1932 0.5872
3.9953 -0.1077 -0.0649
3.9803 0.0958 0.3822
3.9856 0.0041 -0.0391
4.4686 0.4790 -0.6127
4.6500 -0.6381 1.5371
4.4025 -0.0777 0.2172
4.4446 0.2533 -0.0238
4.4549 0.3792 -0.5889
5.2268 1.1640 -0.7209
3.3511 0.0578 -0.7419
3.9291 -0.0464 -0.4648
4.0735 0.5414 -0.2163
3.7012 -0.4871 -0.4283
3.8984 -0.0363 0.4168
3.8201 0.7876 -0.6009
3.4332 0.5256 0.3055
