0.3239 -0.2260 0.4445
-0.0909 -0.3455 0.1724
0.0760 -0.0509 0.9957
0.4948 0.0926 0.6811
-0.2203 0.1213 0.0222
0.0000 -0.0003 0.3586
0.7764 -0.5103 0.3137
-0.0001 -0.0000 0.0180
0.3598 0.2403 -0.5218
-0.2968 0.2972 -0.5784
-0.2552 0.0375 0.8036
-0.3315 0.2656 0.1437
0.0422 0.2379 -0.8356
0.0036 0.0192 -0.3298
0.0763 0.0427 -0.1857
-0.6644 -0.2356 -0.0000
0.0054 -0.0110 -0.0001
0.5009 -0.2552 0.5623
-0.4536 0.3434 0.4506
0.1350 0.1146 0.0431
0.1601 -0.0578 0.4451
-0.2449 -0.2266 0.5911
-0.0838 0.0053 0.0857
-0.3407 -0.0669 -0.7511
0.3457 -0.3094 0.3216
0.5223 -0.3296 0.2586
-0.7776 -0.2531 0.3162
-0.0673 0.3101 -0.8595
-0.0690 -0.3717 -0.0305
-0.1849 -0.3250 0.5981
0.1138 0.1939 0.0947
0.4887 0.0218 0.0444
0.0060 0.0005 0.1053
-0.1415 -0.2755 0.1785
-0.0106 0.2663 0.0184
0.0014 0.0048 0.2774
0.0768 -0.1799 0.2940
-0.2012 -0.2143 0.5230
-0.6163 -0.5207 -0.0376
0.2773 0.0139 -0.6805
-0.4373 -0.0722 -0.1597
-0.0992 -0.0393 -0.2394
0.0367 0.0891 -0.0076
-0.0053 0.0447 0.6399
0.0842 0.0707 0.0747
-0.0032 0.0008 0.4012
-0.0018 0.0016 0.0047
0.3341 -0.1666 0.0424
-0.2331 -0.2796 -0.0564
-0.8489 0.2115 0.0245
0.0043 0.0176 -0.8941
0.0043 -0.0256 -0.4183
0.0393 0.4151 -0.3956
-0.0392 0.0633 0.1316
-0.2951 -0.2397 -0.4519
-0.0276 0.0894 0.0334
-0.1423 -0.1322 0.9616
0.3108 -0.4759 0.6723
-0.0240 0.1061 0.8575
-0.0099 0.0567 -0.1716
0.4558 -0.3105 0.3507
0.8182 -0.1183 0.4794
0.2338 0.2702 0.0664
0.2602 -0.2011 0.0299
-0.0003 -0.0005 -0.1158
0.1379 -0.6038 0.0206
-0.0091 0.0072 -0.0049
-0.0528 -0.2314 0.0736
-0.1359 -0.5366 0.1895
0.0127 0.2179 -0.4340
0.1812 0.0254 -0.5720
-0.1250 0.1352 -0.1721
0.0379 0.0843 0.5393
0.1268 -0.1077 -0.0079
0.1151 -0.1244 0.1105
0.0038 0.4406 -0.0113
0.3547 -0.0092 0.5235
0.1919 -0.0126 0.1882
-0.3964 0.0329 -0.7736
0.3382 -0.5282 0.0440
-0.0195 -0.0060 0.1077
-0.2811 -0.1629 0.2789
0.0002 -0.0832 -0.0481
0.4546 0.2361 0.2550
0.2802 -0.2508 -0.0672
-0.3700 0.2008 -0.0539
-0.1016 0.6773 0.7248
-0.0629 -0.1180 -0.4256
0.0883 -0.2608 0.5364
-0.3557 -0.6068 0.5376
0.3279 -0.0593 -0.0582
0.8704 0.2804 -0.3549
-0.0005 0.4365 -0.5821
0.1886 0.2299 -0.8591
-0.8286 0.0039 0.1107
0.2448 0.0811 0.6909
-0.1434 -0.3271 -0.4539
-0.2764 -0.0197 -0.5971
-0.1602 -0.1800 -0.0602
-0.2965 -0.0264 0.3522
-0.0230 0.0142 0.8974
0.0071 -0.0242 -0.0998
0.1175 0.2224 0.4112
-0.5782 -0.3503 -0.4283
0.2798 0.5970 -0.3206
-0.1613 0.1019 0.8137
0.4523 -0.2310 -0.3219
-0.4429 0.1111 -0.5875
0.0043 0.0066 -0.0023
0.0921 -0.0314 -0.3508
0.6112 -0.3409 0.3862
-0.2403 -0.0464 0.8895
0.1651 0.9073 0.1789
0.0272 0.0450 0.0169
0.0636 0.0173 -0.1088
0.5457 0.2395 0.1710
-0.0147 -0.0247 0.0464
0.1725 -0.0043 -0.0384
-0.7680 -0.4170 0.3634
0.5020 0.1524 0.1143
-0.2421 0.3717 -0.3216
0.1050 -0.0123 -0.1840
0.1191 -0.0134 -0.2826
-0.1555 -0.5927 -0.0047
0.0045 0.0103 0.0438
-0.4551 0.5911 -0.6098
0.3639 -0.5982 -0.3708
0.0817 0.0711 0.0130
0.0453 -0.0486 0.4883
-0.1612 0.4356 0.6055
-0.0406 -0.0780 -0.1882
-0.4380 0.2487 0.3701
-0.1605 0.0165 0.5233
0.1903 -0.2619 0.2128
0.1138 -0.6364 0.6845
0.1726 -0.2376 0.5027
0.1510 -0.4246 0.5277
0.0877 -0.1739 -0.0873
0.0440 0.0678 -0.1506
0.0611 -0.0407 -0.3318
-0.0023 -0.0013 -0.0015
0.3232 -0.6414 0.2174
-0.3235 0.2580 0.6309
0.5300 0.5259 0.4158
0.2585 -0.0845 0.1585
0.1839 0.2095 -0.6214
-0.3112 -0.5577 0.3703
-0.3382 -0.0603 0.1553
0.5892 -0.2198 0.6137
-0.0097 -0.0752 -0.0812
0.2838 -0.1023 0.6051
0.8107 -0.0888 -0.1513
0.4466 0.2930 0.5908
-0.1886 -0.5967 0.3982
0.0966 0.3083 0.1337
0.0092 -0.0082 -0.2136
0.0280 0.0234 -0.1768
0.0342 0.8103 0.3000
0.1227 -0.1176 -0.1904
0.4670 -0.4399 -0.5292
0.1945 -0.1174 0.0151
0.1005 0.7989 -0.1796
0.0805 -0.1005 -0.3075
0.1354 -0.0997 -0.4261
0.4223 -0.2736 0.4618
-0.3072 -0.3324 -0.0150
-0.4054 0.1605 0.6548
0.2826 -0.3711 0.6784
0.0015 0.0446 -0.2219
0.0027 0.0050 -0.1006
0.0480 0.0490 0.0445
-0.0461 0.1368 0.1229
-0.1401 -0.4665 -0.6323
-0.3326 -0.0325 0.4136
0.0176 0.0552 0.1504
-0.0115 -0.0050 0.0266
0.0510 -0.3750 -0.0353
0.0335 -0.1029 -0.0991
0.0043 -0.0076 0.1551
-0.0709 -0.1327 -0.0421
-0.0093 0.1804 0.2757
-0.0973 -0.3851 -0.2890
0.0150 0.0051 -0.5405
-0.2626 -0.4345 -0.7229
-0.2901 0.0438 -0.6282
-0.2169 0.0800 -0.4962
0.1744 0.9603 -0.1639
-0.0779 -0.0897 -0.1847
-0.1975 0.2277 -0.7635
-0.0004 -0.0065 0.4221
-0.4623 0.2633 0.7533
-0.7557 -0.5143 0.2601
0.1602 -0.0478 -0.0766
0.1167 0.0349 -0.0083
-0.1554 -0.5495 -0.3454
0.4833 -0.2976 0.7645
-0.0128 -0.1432 0.9828
-0.1713 0.3728 0.5089
-0.1277 0.1011 -0.0950
-0.6944 0.0877 0.1074
-0.0358 -0.2232 -0.2719
-0.3303 0.4802 0.5536
0.2213 -0.5065 0.5219
0.0081 -0.5530 -0.5180
-0.0084 -0.1027 0.1046
-0.6980 0.1688 0.4182
-0.1109 -0.0065 -0.1127
-0.0022 0.0014 0.2459
0.0750 -0.3163 -0.1289
-0.2363 -0.2667 -0.4698
-0.1054 -0.3831 0.1120
-0.8156 0.1165 -0.0967
-0.8410 0.2470 -0.0523
-0.4852 0.1242 0.2424
0.8298 -0.2242 0.0468
-0.0577 0.0185 -0.0993
-0.0482 0.0374 -0.0314
0.0269 -0.0371 -0.0216
-0.1878 0.2866 -0.1036
-0.0841 -0.2196 -0.3695
0.1524 -0.0927 -0.0146
0.0231 0.0278 0.4625
0.0565 0.1124 0.1961
-0.0281 0.0658 -0.0183
0.5844 -0.3780 -0.0342
0.0359 -0.0789 -0.4192
-0.2763 -0.3957 -0.0660
0.0133 -0.0269 -0.3088
0.0040 -0.0006 -0.0114
0.6149 -0.4079 0.3227
-0.0584 -0.3141 -0.2756
0.0905 -0.4910 -0.0784
-0.0455 -0.0984 0.4659
0.0494 -0.0301 -0.2336
0.2143 -0.0111 -0.4815
-0.2880 -0.6160 -0.0940
0.3243 -0.6497 0.2011
-0.4292 0.1105 0.1588
0.0623 0.2633 0.7411
-0.0795 0.1685 0.4029
0.0270 0.0280 0.0999
0.2415 0.1040 0.1417
0.2429 0.5463 0.4089
0.2890 -0.3254 -0.6145
-0.0679 -0.0253 0.9125
0.2347 0.7560 -0.1466
-0.0654 0.0528 -0.3941
0.0002 -0.0001 -0.0844
0.0385 0.4980 0.0624
0.7850 0.0482 0.1760
-0.3310 -0.4717 -0.7824
0.2589 -0.1567 0.1296
0.3371 -0.1129 -0.4885
-0.9140 -0.1269 -0.3591
-0.0885 -0.1435 0.2073
-0.1156 -0.0181 -0.5553
-0.0051 -0.3850 0.3691
-0.0031 0.0487 -0.6457
0.5715 -0.0180 0.2143
-0.0438 0.2301 0.9685
-0.4519 -0.6497 -0.6042
-0.5214 -0.4806 -0.6418
-0.0671 0.0239 -0.4558
-0.0345 -0.0139 0.3024
0.0313 0.0150 0.3424
-0.0390 0.1006 0.4428
-0.0684 -0.1106 -0.5028
-0.3290 0.4430 0.1360
0.0082 0.0176 0.0537
-0.2295 -0.1060 -0.0833
-0.0117 -0.3237 0.0785
0.3095 -0.0060 0.3639
-0.3111 -0.4539 0.2845
-0.1948 -0.0599 -0.2814
-0.6695 -0.1373 -0.2887
0.4864 0.3302 0.1235
0.1623 0.1862 0.5306
0.0309 -0.2750 -0.5910
-0.0660 -0.0062 0.3891
0.0366 -0.0300 0.0604
-0.0009 0.0021 -0.1244
-0.0025 0.0016 -0.0286
0.0890 -0.0548 0.0245
0.4593 0.1494 0.2783
-0.1829 -0.0618 0.0627
0.1879 -0.0996 0.1322
0.0226 0.1512 0.0297
0.2870 -0.1838 0.0603
0.4285 0.1077 0.8771
0.2401 0.1919 -0.0888
-0.2275 -0.2173 0.1023
0.6476 -0.2006 -0.3908
0.0027 -0.0103 0.4374
-0.4432 0.1633 0.4778
-0.4299 -0.1535 0.6453
-0.0203 0.0368 -0.1809
0.2641 0.0835 0.7255
0.5171 -0.0866 0.4604
0.6396 0.5733 -0.1677
0.1800 0.7531 -0.2128
-0.2269 -0.1408 -0.5751
-0.0044 0.0091 -0.4846
0.0218 -0.0410 0.0314
-0.0687 0.0934 -0.0050
0.4045 0.3133 0.2843
-0.0921 -0.0413 0.1765
-0.0000 0.0001 0.0017
0.0108 -0.0652 0.0475
0.8937 0.0453 -0.1155
0.1121 0.1651 -0.9500
-0.0859 0.1352 0.1627
-0.0217 -0.0121 0.7795
0.2902 -0.3357 0.2000
-0.4473 0.2638 -0.4887
0.0357 0.0245 -0.0195
-0.1210 -0.2831 0.4515
0.0557 0.0035 0.0996
-0.0012 -0.0028 0.3185
-0.0217 -0.0137 0.0571
0.0714 -0.1351 0.5163
0.0138 -0.2194 0.7608
-0.4313 -0.1378 -0.1228
-0.0027 -0.3508 0.4986
-0.4648 0.3996 -0.2190
0.2533 0.8056 0.0795
0.0203 0.0327 -0.3026
-0.7314 -0.5270 0.2125
-0.2610 -0.2195 -0.5406
-0.2469 -0.1212 0.6143
0.0207 -0.1154 -0.2241
0.0006 -0.0073 -0.0044
0.0135 0.0493 -0.8165
0.1942 -0.9594 0.1588
0.7445 0.1968 -0.5994
-0.0244 -0.2787 0.6266
-0.4364 0.4278 0.3828
-0.2023 -0.0856 0.5953
-0.0694 -0.0060 -0.0426
0.1836 -0.0333 0.3239
0.0885 0.0319 -0.0993
0.2066 0.0809 0.9279
0.3628 0.4725 -0.0611
0.0120 -0.0017 0.1102
-0.0183 -0.1645 0.2929
-0.0771 0.0427 0.8484
-0.2409 0.6298 0.6373
-0.0978 0.3772 0.0209
0.3416 -0.0920 -0.1814
-0.1161 0.1299 -0.8901
-0.1356 0.0622 0.0070
0.3393 0.0952 -0.3534
-0.0472 -0.1876 -0.2569
-0.4240 -0.3478 0.2947
-0.0492 -0.0125 -0.0987
0.3001 -0.5704 -0.2513
0.4291 -0.3885 -0.1106
-0.1219 0.2515 -0.5530
0.3759 -0.2634 -0.1057
-0.6415 0.7004 0.2421
0.4685 -0.2013 0.3187
0.0221 0.1610 -0.0388
-0.0005 -0.0004 0.0130
-0.0190 -0.1115 -0.3003
-0.2538 0.3389 0.2105
-0.0699 0.1536 0.3270
-0.3178 0.0854 -0.5186
0.1207 0.3953 0.5950
-0.0593 0.6969 0.3908
-0.2912 0.8590 -0.2182
-0.1353 0.0192 0.2709
0.0816 -0.3282 -0.0345
-0.1726 0.5011 -0.6905
0.1278 0.2196 0.2780
0.0476 -0.1513 -0.3255
-0.4050 0.1685 0.2440
-0.4756 0.3650 0.4077
-0.7707 -0.2588 0.5043
-0.4606 0.0166 0.0506
-0.1481 -0.1975 0.7086
0.0474 -0.1217 -0.4340
0.4660 0.6968 0.0498
0.0352 0.0418 0.8876
-0.2920 -0.2658 0.4124
0.4137 0.1287 0.1829
-0.0020 0.0403 0.6409
-0.0171 -0.0231 0.4620
0.2940 -0.5755 -0.0544
0.0042 0.0007 0.0133
-0.0221 0.0070 -0.8689
0.4648 -0.1804 0.2979
0.6342 0.2583 0.6934
-0.1382 -0.0123 0.1234
0.4000 0.4858 -0.0801
-0.0488 0.0386 0.1596
0.5385 -0.1426 -0.7900
-0.0044 -0.0010 0.1129
0.1399 -0.1068 0.3151
0.0051 -0.0533 0.0149
0.0968 -0.1162 -0.3719
-0.0756 0.2176 0.0768
0.1675 -0.0208 0.0602
-0.4597 -0.0636 0.1714
0.5206 -0.7976 0.1683
-0.0232 0.0315 -0.0158
0.4817 0.0417 -0.0922
0.2268 0.1653 -0.0028
0.0123 -0.0353 0.3155
0.0361 0.0118 0.0289
0.0461 0.0891 -0.7930
0.6866 -0.0782 0.2631
0.1034 0.3829 -0.1035
0.3055 0.2949 0.1793
0.3302 0.4494 -0.3783
-0.1347 -0.0668 0.0533
0.0210 0.1014 0.2526
-0.1581 -0.0222 -0.3338
0.1241 0.2720 0.4697
0.1168 -0.0308 0.4820
-0.2509 -0.4850 0.7359
-0.0883 -0.7110 0.0853
0.0010 -0.0706 -0.9594
-0.3359 0.4752 0.3939
-0.0646 0.6725 -0.5268
0.0458 0.1747 0.1865
0.0933 -0.0052 0.9726
-0.0230 0.0151 -0.1117
-0.1553 -0.0957 0.7148
0.0111 -0.0661 -0.1146
0.0290 -0.0137 -0.0273
0.0001 0.0000 0.0018
-0.0563 0.3857 0.7166
-0.0108 0.1727 0.6332
-0.4137 0.1463 0.1302
0.0186 0.3536 -0.3168
0.0679 -0.2026 -0.3191
0.5663 0.6938 0.2150
0.0191 -0.0040 0.1756
-0.1583 -0.0686 0.7721
0.2872 -0.0460 -0.1511
0.0426 -0.3994 0.6297
0.1187 0.1845 -0.1757
-0.1519 0.5822 0.5275
-0.0647 0.0081 0.2690
-0.0169 0.0017 0.7124
0.2542 0.0867 -0.3078
-0.0167 0.3943 0.0010
0.1505 -0.1303 0.1483
0.1753 -0.0177 0.1557
0.7957 -0.1455 -0.3514
-0.0119 0.1150 -0.4811
-0.1881 -0.3315 0.4427
0.2199 -0.2081 0.7470
-0.3300 -0.4020 -0.3817
-0.2090 0.6026 0.5480
-0.1670 -0.1035 -0.2438
0.1243 -0.2408 -0.0589
-0.0530 -0.0832 0.7054
0.0208 -0.6646 -0.5670
-0.1210 -0.1818 0.4535
-0.1599 -0.1772 0.6165
-0.0067 -0.0133 -0.4356
0.2178 0.2110 -0.4099
0.2856 -0.1154 0.7016
-0.3365 0.2797 0.1023
-0.0484 0.0154 0.0678
-0.1644 0.1060 -0.0839
-0.2730 -0.0643 0.1465
0.0022 0.1606 0.1351
-0.0522 -0.0625 -0.1868
-0.4484 -0.3543 0.3806
0.0267 -0.0410 0.0764
-0.7433 0.6667 0.0125
0.2526 -0.4254 0.7990
0.0629 0.0679 0.0701
0.0301 0.0217 0.0004
0.0383 0.0829 0.1354
-0.4473 -0.7482 -0.1095
0.0032 -0.0031 0.0103
-0.0127 0.0827 -0.1164
0.0087 -0.0390 -0.3365
0.0691 -0.1692 0.2403
0.0332 0.1557 -0.5438
0.0123 0.3190 -0.0391
-0.4675 0.0770 0.7968
0.0850 -0.1642 0.0934
0.0009 0.0068 0.1287
0.0095 0.0423 -0.0761
0.0002 0.0004 -0.0224
-0.2363 0.1073 0.7574
-0.2207 -0.1076 -0.3704
0.0147 0.2681 0.9027
-0.0166 0.1395 -0.0875
-0.7819 -0.5177 -0.1402
0.0438 0.1427 0.9471
-0.3719 0.1949 0.8932
0.0037 -0.2572 0.8710
0.1596 0.0851 -0.0161
0.3274 -0.1013 0.3689
-0.0476 -0.2962 0.3183
0.0461 -0.0454 -0.0515
