-0.0007 0.0073 -0.0480
0.3349 0.0650 -0.4339
-0.1523 -0.3272 0.6553
-0.1341 0.0324 0.6812
0.0550 -0.0440 0.6060
-0.0259 -0.8528 1.2510
0.0663 -0.0660 0.7163
0.1017 -0.5748 0.0006
0.0066 -0.1092 -0.7768
0.1952 -0.3132 -0.2627
0.0233 0.5823 -0.0716
0.2915 -0.0312 0.7690
-0.2206 -0.1120 0.5215
-0.1913 -0.5862 0.4663
-0.1092 0.1012 0.2542
0.0204 -0.1491 0.0739
-0.3772 -0.3030 -0.2730
-0.1399 -0.3239 -0.3016
0.0086 -0.1625 0.4820
-0.0174 -0.0014 -0.0096
0.0765 0.0444 0.0829
-0.2028 -0.2026 0.8631
0.0997 0.0342 -0.4132
0.0050 -0.2032 -0.0533
1.1493 -0.4961 0.6661
-0.2570 0.5464 -0.2371
0.3098 0.3017 0.8445
0.7947 -0.5823 -0.3087
-0.1638 0.2559 -0.1053
0.0299 -0.2138 -0.1259
0.3756 -1.2970 -0.7614
-1.4532 0.6381 0.3498
0.4757 -0.5159 0.6583
0.0458 0.0094 -0.0363
-0.1889 -0.1456 0.7669
-0.0514 -0.0329 0.0125
-0.1382 -0.0380 -0.3807
0.2157 -0.0228 0.0300
-0.2376 -0.2417 0.7485
0.0627 -0.1850 0.0200
0.6263 -1.1034 -0.1859
0.0287 -0.0057 0.2180
-0.0710 0.1605 0.8157
-0.0711 0.8483 -0.1365
-0.2306 -0.4520 -0.3050
-0.0005 0.0823 0.0032
0.0803 -0.0009 0.0457
0.0063 -0.0087 0.0263
0.5293 0.0519 -0.1053
0.3945 -0.5412 0.1073
0.1489 0.5519 -0.0444
0.5200 -0.1125 0.2666
-0.1095 -0.1883 0.5935
0.1937 -0.4614 -0.3299
-0.0121 -0.0350 0.8304
-0.2399 -0.1452 -0.4969
1.3680 0.4245 0.7564
-0.0635 0.4752 0.1337
1.3968 -0.3424 0.5202
-0.1138 0.4289 0.1319
-0.1733 0.0903 0.0247
0.2664 -0.0476 1.5305
0.0144 0.0299 -0.0220
-0.0304 -0.0024 0.0620
-0.7429 -0.7511 -0.4376
-0.1256 -0.3321 0.8485
0.4661 -0.6145 0.0103
-0.1740 0.0949 -0.3458
0.1840 0.4013 -0.4043
0.8540 0.7761 0.6900
0.3342 0.4014 -0.0015
-0.0048 0.1960 -0.4490
0.0322 -0.0021 0.4487
-0.0016 -0.0269 -0.1885
0.4143 -0.3188 0.6008
-0.0767 0.2705 -0.0942
0.0532 -0.1026 0.3206
-0.0176 -0.1212 -0.1858
-0.0089 -0.0027 -0.0004
-0.2238 -0.2127 -0.2640
-0.2172 -0.8099 -0.1187
0.1850 -0.3179 -1.6043
0.2254 0.4426 -0.3144
-0.4948 0.0322 -0.8398
0.8923 -0.2800 -0.1602
-0.2358 0.0079 0.3586
0.4240 -0.3828 -0.5518
-0.1627 0.6133 0.2148
0.1920 0.4380 0.6261
-0.1871 -0.0434 0.5147
0.2022 0.3543 0.1986
0.5456 -0.0417 -0.3857
0.3052 0.6663 0.5878
0.8381 0.3083 -0.2552
0.0002 -0.0008 0.8807
0.2127 -0.2437 -0.0669
-0.8473 0.0988 -0.0472
-1.0559 -0.4593 0.8073
0.0269 -0.0669 0.3777
-0.0795 -0.0492 0.0420
2.5406 0.5117 -0.3536
3.0428 -0.1907 -1.2815
2.6474 -0.1444 0.1540
3.1491 0.2543 -0.9963
3.2029 -0.5113 -1.1990
1.7212 -0.5112 -0.2003
3.1635 -0.3608 -0.4981
2.1598 0.1140 0.2993
2.7213 0.2509 -1.1484
2.5153 0.0036 0.4340
2.5585 -0.0419 0.4295
2.4068 -0.1041 -0.1456
2.6172 -0.0286 0.6492
2.2198 -0.2465 -0.2357
2.4393 0.0418 -0.0200
2.4228 -0.1173 -0.0353
1.8104 0.3647 -0.3955
2.3594 -0.1735 0.4675
2.1557 1.2490 -0.4124
3.0876 0.1222 -0.0896
2.9709 0.1131 -0.2581
2.6984 0.1264 -0.7237
2.5506 0.0229 -0.7458
2.5166 -0.4209 0.8168
1.1223 -0.6790 0.2362
2.5470 -1.0033 -0.0192
2.6041 0.2003 0.7291
2.5101 -0.1293 0.0601
2.6296 -0.1755 0.2906
2.6341 0.2308 -0.1273
2.2711 -0.1716 -0.5651
2.4253 -0.0328 -0.0441
3.2769 0.2659 0.1595
2.4811 0.0912 0.2744
2.5072 0.0017 0.0178
2.6890 0.5718 -0.5680
2.7270 0.7375 0.9766
2.3948 -0.1717 -0.0995
1.9988 -0.5938 0.3124
2.5045 -0.0011 0.0003
2.5103 0.3580 0.1959
2.5074 -0.0069 0.3489
2.4054 0.0112 -0.5997
2.5097 0.0614 0.7983
2.5425 -0.0640 0.0553
2.1780 0.5299 0.7195
2.5306 0.0431 0.0975
2.3739 -0.6170 -0.4316
3.0123 0.0306 1.3620
2.7718 0.2390 -0.3228
2.2961 -0.0107 -0.2537
3.1284 0.1596 0.6173
2.5273 -0.3274 -0.2942
3.1748 0.5918 -0.6472
2.4819 -0.0072 0.0092
2.5074 -0.0023 -0.4524
2.9679 0.4274 0.6275
2.4304 0.0670 -0.6559
2.4178 0.0330 -0.1110
2.4431 -0.2876 0.0812
2.3844 0.0014 0.0024
2.4383 0.0327 0.1203
3.2429 0.2035 -0.1779
2.2107 0.1356 -0.6075
2.4716 0.0327 -0.4421
2.1180 0.5707 -0.2511
2.4073 -0.0110 -0.3525
2.5044 -0.0175 0.0063
2.5829 0.1419 -0.2799
1.8284 -0.9016 -0.2913
3.0343 0.2260 0.2266
1.9050 0.2799 -0.1426
2.0857 0.0776 0.8264
1.7715 0.7105 0.0541
2.4294 0.0118 0.1557
2.5221 0.0483 -0.2906
2.6242 0.0284 -0.2281
2.6026 0.1213 0.3996
2.3745 -0.0244 -0.1212
2.4834 0.0111 1.1247
2.3084 0.9243 0.5856
2.5197 0.1055 -0.1491
2.5409 -0.6900 0.0765
3.3806 -0.3474 0.7087
1.3858 0.3518 -0.4068
2.3618 0.0528 0.4280
2.4924 -0.0648 0.0260
2.5104 0.0032 0.0930
2.4840 0.0143 0.2660
2.7190 0.1417 0.2750
2.5187 -0.0129 -0.0949
2.3794 -0.2306 0.1855
2.7786 -0.0717 -0.2681
2.0908 0.1652 0.2457
2.3431 0.3751 -0.0917
2.4076 0.1543 0.1835
3.3449 0.2102 1.3762
2.3718 0.0188 -0.9853
2.5449 -0.0228 -0.1746
2.4652 -0.8439 0.3127
