-0.0179 0.0007 -0.5211
-0.2680 -0.1532 0.7192
-0.2925 -0.3240 -0.1066
0.0627 0.0833 0.2191
0.3196 0.4050 0.1233
0.1909 0.0216 0.7946
-0.0290 -0.0246 -0.0382
-0.1754 0.0276 0.0490
-0.2075 0.0567 0.3554
-0.2872 0.4844 -0.1249
-0.0576 0.4690 -0.5117
0.0003 0.0006 -0.0764
-0.0621 -0.1243 0.5901
-0.5869 -0.4087 0.5837
0.1144 0.2893 0.4287
0.0727 0.1299 -0.2078
0.5070 -0.0217 -0.2379
-0.0289 -0.0222 0.0087
0.1041 0.2353 -0.5151
0.2150 0.1066 -0.5197
0.0691 -0.5003 -0.0911
-0.1124 0.5733 -0.5720
-0.5395 0.0670 -0.0357
0.0209 0.0213 -0.4240
-0.1878 0.0222 -0.4313
-0.1278 -0.3237 -0.9180
-0.4594 0.2158 0.8584
0.1797 0.5745 0.3900
-0.0881 0.1254 -0.1557
-0.0088 0.0498 0.0424
0.1346 -0.1274 0.5668
-0.0598 -0.0417 -0.0054
-0.0155 0.0004 0.1143
0.0777 0.2030 -0.9327
0.0822 -0.1982 0.4114
0.2701 0.1971 -0.3031
0.0045 0.0020 0.0472
-0.0186 -0.0135 -0.0413
0.3356 0.4703 0.7679
0.3327 -0.1069 -0.3616
-0.0003 0.0237 0.0607
-0.0214 -0.0029 0.0696
-0.0010 0.0014 -0.0014
0.0114 0.4988 -0.5131
-0.0447 -0.0497 0.0808
-0.0768 0.7357 -0.3129
-0.2077 0.3980 -0.5910
0.0110 0.0355 -0.7486
-0.1843 -0.2219 0.3840
-0.0265 0.0327 0.8594
0.1301 -0.1573 0.3497
-0.1411 -0.3059 -0.5582
0.0970 -0.2036 -0.0553
-0.0369 0.1188 -0.2328
-0.3721 0.4650 -0.3052
-0.0085 0.0173 0.0883
0.0449 -0.0320 0.6468
-0.0209 0.0058 0.0054
0.0012 0.0001 -0.2589
0.1389 -0.1394 -0.4656
0.0400 0.0986 -0.4563
0.5520 -0.1824 -0.3141
0.0599 0.3521 0.4786
-0.1476 0.0374 0.0542
0.1217 0.1722 0.8918
-0.1282 -0.0151 0.0882
-0.0281 -0.0072 -0.2945
-0.1073 -0.3060 -0.4519
-0.0205 0.6698 0.1641
-0.7611 0.2558 0.5208
0.0095 0.0025 0.6915
0.4369 0.0537 0.7028
0.0304 -0.1849 0.0404
0.1598 -0.0400 0.2783
-0.0413 0.0052 -0.0144
0.2856 -0.4429 0.4980
-0.3621 0.2165 -0.2138
0.0357 0.0409 -0.1278
0.2725 -0.2688 0.4940
-0.0613 -0.0768 0.0947
0.4579 0.2195 -0.4734
0.0588 -0.1988 -0.0763
-0.0207 0.1557 0.3616
0.2091 -0.3506 -0.7507
-0.2480 0.5745 0.1307
-0.0949 -0.1149 -0.9451
-0.5766 -0.1913 0.0020
-0.0100 -0.1542 -0.4749
-0.2300 -0.1613 -0.1688
-0.1702 -0.3880 0.2116
-0.4030 -0.1040 0.6043
-0.0010 0.0118 0.0160
0.0303 -0.0984 -0.4811
0.1120 -0.3295 -0.2595
-0.2037 -0.4946 -0.4870
0.2447 -0.7499 0.4526
0.0003 0.0049 0.0070
0.0478 -0.0016 0.0757
0.6234 -0.6122 -0.2001
0.0480 0.1631 0.0526
