-0.0104 -0.0002 -0.0051
0.4732 -0.0720 0.0143
-0.2070 -0.3203 -0.7381
0.0750 -0.0803 -0.1011
-0.1151 -0.2495 2.7470
0.3219 0.0160 0.8634
-1.1054 -0.5139 -2.6753
0.9797 0.1865 1.4759
0.2341 -0.1336 -0.2390
-0.0183 -0.0611 -0.9424
-0.0435 -0.0701 0.2160
-0.1432 -0.0231 0.0868
0.0066 -0.0606 0.1693
-0.1310 -0.5077 -0.5422
-0.0451 -0.0887 -0.5642
0.0536 -0.0283 0.3686
-0.6304 0.5474 1.4464
-0.0235 0.2372 -0.3083
-0.0265 -0.0142 0.5687
-0.5280 0.1307 0.2280
-0.8210 -0.1165 -0.1273
-0.1288 -0.2714 0.5633
0.0274 0.0127 0.0843
-0.5513 -0.2968 0.6883
-0.7296 0.4981 -0.0715
0.4163 0.0284 -0.0625
0.4073 0.7775 -0.2538
0.3606 0.1276 -0.8959
-0.5265 0.3194 0.4948
-0.0095 0.0111 -0.0692
-0.0296 0.0193 0.2281
0.2090 0.2277 -0.0106
0.1077 0.0190 0.7624
0.1393 0.0074 -0.2699
0.2668 0.1617 0.7122
-0.6723 0.1980 -0.0625
-0.0336 0.4044 0.6756
-0.3085 0.0636 0.4180
0.3180 -0.4518 -0.1012
-0.6109 -0.0462 0.3471
