-0.1266 0.0459 0.7003
0.0158 0.0026 0.0860
0.4821 -0.3889 -0.6137
-0.3984 0.2263 0.4042
-0.1500 -0.0785 -0.3482
0.0462 -0.0139 0.0894
-0.1800 0.0821 0.0535
0.0189 0.0182 -0.0023
0.3537 -0.6584 -0.1785
-0.0691 0.0074 0.6306
0.1235 0.0275 -0.1958
0.0924 0.3340 0.4804
0.1651 -0.5006 -0.2783
-0.0412 -0.0060 0.3447
-0.0481 -0.8267 0.4731
-0.5196 -0.7794 0.1009
-0.6985 -0.2340 0.3811
0.0004 0.0022 -0.0034
-0.3292 -0.2174 -0.2045
0.1104 -0.0058 -0.0718
-0.0143 -0.0076 0.1143
-0.0358 -0.1162 0.0297
-0.2580 -0.0211 -0.0889
0.0045 -0.0030 0.4070
0.2878 0.0385 0.3292
-0.4905 -0.3830 -0.7771
-0.0582 0.0157 -0.0932
-0.0809 -0.3123 0.2933
-0.0837 -0.3602 0.0574
0.0706 -0.0374 0.6482
-0.0610 -0.0410 0.4499
-0.0253 -0.6501 -0.2605
0.1012 0.0117 -0.0076
0.1907 -0.0258 -0.0660
-0.1279 0.0564 0.0367
0.6663 0.4998 0.0305
-0.0037 0.1562 0.4475
0.2958 -0.5646 -0.4014
-0.5649 -0.6650 0.0844
-0.3817 0.1175 -0.0143
-0.0032 -0.0079 -0.8688
0.0046 0.0306 0.8867
-0.0057 -0.0224 -0.0270
-0.2533 -0.1336 0.6196
-0.0549 0.1542 0.6657
-0.0492 0.2496 0.0986
-0.1929 0.0413 -0.9796
-0.0014 -0.0010 0.0004
0.2202 0.2391 0.4433
-0.1980 0.1003 0.2095
