-0.2122 -0.4190 0.2423
-0.0889 0.1908 -0.0045
-0.0379 0.1528 0.0701
0.0088 0.1502 -0.7766
-0.3603 -0.1919 -0.6602
0.3832 -0.8594 0.2483
0.2069 -0.0894 0.5045
0.0114 -0.0685 -0.0342
0.5990 0.2329 0.1475
0.0013 0.0066 0.1076
0.1986 -0.0681 0.6087
0.6457 -0.3140 -0.5521
-0.0880 0.3101 -0.6565
0.6987 0.3142 -0.2493
-0.0328 -0.0599 -0.0302
-0.0009 0.0323 -0.1574
-0.1242 -0.2236 -0.0182
-1.4445 -0.1980 2.6665
0.1323 0.0749 0.0896
0.3852 0.5001 0.4656
4.6917 0.3350 0.5606
4.3599 -0.0177 0.0290
4.4687 -0.0280 -0.0511
4.6478 0.1152 -0.0091
4.5519 0.5223 -0.8463
4.7274 0.0148 0.0538
4.2905 -0.2014 0.0656
4.3940 0.1254 -0.5099
4.7165 0.1079 -0.9666
3.8382 0.3969 -0.2438
4.2329 -0.3434 0.1346
4.4062 -0.1792 0.0942
4.4700 0.0328 -1.1469
4.9640 0.5758 0.4311
5.0023 0.1460 -0.4881
4.8903 -0.1165 0.3360
4.6515 0.2655 -0.1240
4.3188 0.1860 -0.8930
4.4229 0.2265 -0.0035
4.6701 -0.0644 0.6295
