-0.3034 0.2168
0.1879 0.6711
-0.5666 0.5145
-0.4870 0.3638
-0.3038 -0.4792
0.0761 -0.0627
-0.3327 0.1508
0.0727 0.5815
0.0196 -0.9431
-0.7944 0.2197
0.0245 -0.0379
-0.4304 0.0046
0.0641 0.3417
0.0050 -0.5433
-0.6974 0.6178
-0.3661 0.5241
0.0567 -0.0492
0.1231 -0.0426
-0.3506 -0.1609
-0.4710 0.0974
3.9048 0.0426
4.6061 0.5995
3.9338 0.7593
3.6629 0.6249
3.9175 0.1837
3.8269 0.2168
3.6051 -0.6746
4.2734 -0.3316
4.0025 -0.0102
4.7441 0.0023
4.2857 -0.1318
2.3922 -0.1880
3.5788 0.2805
4.3472 0.0038
3.9916 0.1398
3.7357 -0.3282
3.8875 0.0369
3.9715 -0.0717
4.0996 -1.4141
4.6580 -0.0555
