0.3525 -0.8540 -0.2420
0.6142 0.6043 -0.0567
0.4199 -0.4217 -0.0289
-0.3175 0.0703 -0.1511
0.0995 0.0468 0.1165
0.1770 -0.0339 0.1643
-0.3271 0.0367 -0.8776
0.0652 0.0862 -0.1640
-0.0284 -0.0426 -0.1926
-0.0843 0.1191 -0.5422
0.2262 -0.7540 0.2010
-0.4568 0.0461 -0.2826
0.0323 0.1409 -0.9145
0.1174 -0.0622 2.1896
-0.5073 -0.4600 0.3193
0.0088 -0.0104 -0.0246
-0.2585 -0.0589 -0.1216
0.0854 -0.0390 -0.9898
0.1743 0.7023 -0.4946
-0.7312 0.2541 -0.1039
-0.3329 0.1542 0.8566
0.0805 0.1510 0.7673
0.0979 -0.1286 -0.3344
0.1454 -0.1514 -0.1356
1.0426 0.2242 -0.9502
-0.1752 -0.0738 -0.0159
-0.0052 0.0138 -0.3431
0.1422 0.7638 -0.4241
0.1016 -0.1192 0.0964
-0.0725 0.0223 0.6450
-0.2662 -0.3006 0.2694
-0.2566 0.0438 -0.4351
-0.2416 -0.5255 0.7552
0.3125 0.2291 0.2231
0.1178 0.3851 0.0621
2.0817 0.6495 -2.2039
0.4020 -0.3547 -0.4213
-0.1150 -0.6243 -0.2943
0.5368 0.3708 -0.6592
0.0412 0.5961 0.4828
0.5704 0.0344 0.3742
0.6394 0.0860 -0.1303
-0.0031 -0.0715 -0.1057
0.6567 -0.3168 0.0078
0.0016 -0.0098 0.0291
1.9597 -1.0168 0.6297
0.0033 -0.0064 -0.1220
-0.0498 -0.0247 0.0008
0.4672 0.4378 -0.2578
-0.0916 0.1043 0.4352
0.8017 -0.3244 -0.2342
-0.0465 0.8636 0.2619
0.2099 -0.2283 0.4258
-0.0071 -0.1598 0.1369
0.8843 -1.3043 0.1302
-0.4108 -0.0736 -0.6468
-0.0043 0.0200 0.2564
-0.1830 -0.0583 -0.1876
-0.5690 0.5306 -0.1365
-0.2526 0.3262 -0.3852
-0.3607 -0.3682 0.5533
0.0073 0.0133 -0.1849
-0.2648 0.1408 0.0389
0.0773 -0.2160 -0.9397
0.1534 0.0507 0.0952
-0.8078 -0.2885 0.2393
-0.0024 0.0461 0.0140
0.4248 -0.3013 0.5535
0.1824 0.0450 0.5845
-0.2631 0.1801 0.1640
0.0426 -0.1073 -0.8710
0.2845 -0.1292 0.5075
0.0863 -0.2777 -0.9187
0.0784 -0.1714 -0.2267
0.0543 0.0342 -0.0678
0.5181 0.0252 0.1817
-0.0878 0.1818 0.2989
-0.0032 -0.0071 -0.3100
-0.0758 0.0915 -0.1494
-0.3788 -0.0920 0.3353
-0.0150 0.0834 0.0134
-0.0566 0.2115 0.5095
-0.3790 0.1705 0.2448
0.1134 -0.9813 1.0056
0.1208 -0.0655 0.1667
-0.8578 -0.1074 0.2109
0.0529 -0.1258 -0.1249
0.0080 -0.0078 -0.0038
-0.0602 -0.1071 0.0639
-0.0540 0.0411 -0.0192
-0.0116 -0.3736 0.2524
0.0245 0.2841 -0.3551
-0.4579 -0.1202 -0.0873
-0.0041 -0.0078 0.1836
-0.0202 0.0273 -0.0230
0.0795 0.0870 -0.1739
-0.1384 -0.5999 0.5392
-0.2350 -0.7333 0.1609
0.0338 -0.0597 0.8998
-0.0014 0.0408 -0.0899
0.1040 0.3321 -0.6439
0.2324 0.1041 0.0823
0.1656 -0.8076 3.0817
0.0486 -0.1160 -0.1749
-0.8003 0.1735 -0.4229
-0.5461 0.1843 -0.7348
1.2405 -0.8003 -1.1737
0.0291 -0.1097 0.8280
0.5198 -0.0292 -0.0332
0.4237 0.0275 0.1859
0.1401 0.2306 -0.8791
0.0208 -0.0348 0.6541
-0.2109 0.0021 -0.4283
0.1535 -0.1497 -0.2971
-0.9477 0.1563 0.8390
0.1765 -0.0244 0.4352
-0.1939 0.7452 0.3501
-0.0023 -0.6679 0.6295
0.5209 -0.1506 -0.2800
0.1474 -0.0035 -0.2430
-0.0029 -0.0021 -0.0044
0.3377 -0.0426 -0.2063
-0.2292 -0.0721 -0.8077
0.1173 0.0392 0.2094
-0.0310 0.7900 0.0054
-0.1041 0.6901 0.7149
0.0141 0.0007 -0.0183
0.0008 -0.0925 0.1178
-0.0812 0.2092 -0.0217
-0.1255 -0.2528 0.8230
-1.2767 1.0983 -0.9079
0.0570 0.0972 -0.5680
-0.4870 -0.2587 -0.0806
-0.2339 0.3247 0.3775
-0.0625 0.1257 0.0330
-0.4626 -0.0473 -0.5837
-0.7273 -0.3899 -0.1185
0.5074 -0.2879 -0.1122
0.0200 -0.0286 -0.0266
-0.2438 0.2182 0.4909
-0.0371 0.0126 0.1982
0.2006 0.0253 -0.2433
-2.2026 -0.9399 -1.3649
0.1418 0.7278 -0.1797
-0.0540 -0.0868 0.1927
-0.3968 -0.2261 -0.4523
0.1261 0.2447 -0.1975
-0.4844 0.2340 0.4552
2.8839 0.8897 0.1570
0.6383 0.2541 -0.2009
-0.0026 -0.0068 -0.0142
-0.0118 0.0397 -0.0680
0.5521 -0.0444 -0.7840
0.0739 -0.2821 0.2367
0.0252 -0.0055 -0.1282
0.1396 0.0744 0.2349
-0.3427 -0.1193 0.0986
0.1807 0.1466 0.1027
-0.0272 0.0268 -0.5326
-0.3002 0.3682 -0.2936
0.0743 0.3302 -0.5610
0.0933 0.1873 -0.7458
-0.1872 0.0050 0.4569
0.0013 -0.4952 -0.3428
-0.3803 -0.4377 0.2458
0.0127 0.0408 0.1478
0.0918 0.3728 0.2954
-0.4686 -0.5531 0.1080
0.3463 0.0925 -0.7307
0.3871 -0.4527 -0.4402
0.0591 -0.8595 -0.6466
-0.0012 0.0055 -0.0037
0.5022 -0.3421 -0.2838
0.2638 -0.6689 -0.4731
0.8296 -0.4518 -0.1032
0.2223 0.0447 0.0776
-0.2834 -0.2784 0.8221
2.3692 -0.7000 -0.1279
-0.1272 -0.2930 -0.0450
-0.2094 -0.4835 -0.3488
-0.2875 0.2402 0.2977
-0.0507 0.1913 -0.1174
0.1503 -0.0252 0.5039
-0.0162 0.3241 0.3659
-0.0939 -0.3438 0.1658
-0.2837 0.7519 0.4774
0.5676 -0.5778 0.2338
0.0221 0.2436 0.0463
-0.0804 0.1193 0.1935
0.3393 -0.1217 -0.0395
0.2340 0.1801 0.0606
-0.0200 0.0225 -0.4270
-0.1146 -0.1258 -0.5634
-0.4377 -0.2273 0.7817
0.7577 0.0222 -0.0870
0.1054 -0.0403 -0.0922
0.0074 0.0004 -0.3389
-0.0637 -0.0210 0.5541
0.5217 0.5146 0.2442
0.1990 -0.0563 -0.7745
-0.6537 0.1659 -0.4397
-0.0261 -0.0944 -0.5313
0.0857 0.6030 0.2839
0.1019 0.2051 0.8141
0.1880 0.1770 -0.0844
-0.0924 -0.3572 -0.7650
-0.3328 0.3336 0.3495
-0.0556 0.0664 -0.0241
-0.0354 -0.1039 -0.3966
0.0370 -0.0218 0.0403
0.3343 -0.5564 0.6869
-0.2484 0.1874 -0.8490
-0.0026 -0.0407 -0.0083
0.3568 -0.0580 0.2816
0.2976 0.0724 0.1225
0.1657 -0.5935 -0.6919
-2.1224 2.3098 0.1880
0.1077 0.0012 -0.4079
0.1748 0.1492 0.0063
0.0624 0.1183 -0.2148
0.0511 -0.1824 -0.8145
0.0477 0.0634 0.4689
-0.3951 -0.6458 -0.0706
0.7828 -0.4088 0.0220
0.0098 -0.5609 0.6842
-0.0285 0.0442 0.2001
-0.0137 0.0390 -0.1061
-0.1964 0.1454 -0.3527
-0.8608 -1.6018 -1.5539
-0.1108 -0.1273 0.6162
0.5510 0.2139 0.5084
-0.4149 0.5857 0.5161
-0.0560 0.0566 0.0108
0.1266 -0.2738 -0.0263
0.1154 -0.0563 -0.9459
0.4361 0.0203 -0.8189
-0.0921 0.1602 0.4493
-0.2734 -0.2448 0.4009
0.3550 -0.1076 0.2476
-0.3379 -0.6051 0.4594
-0.0823 -0.0326 0.4599
-0.1132 0.0356 0.2900
0.2047 -0.1196 0.5623
-0.0363 -0.2696 -0.5150
0.6784 -0.0847 0.1081
0.1369 -0.2167 0.0169
0.5833 -0.4993 -0.2242
-0.3502 0.2934 -0.3721
-0.0083 -0.0552 -0.0417
0.6238 -0.5460 0.2934
-0.0748 0.1246 -0.1923
-0.0068 -0.0047 0.0166
0.5491 -0.3962 0.1666
0.2802 -0.6307 -0.4980
-0.4992 0.2566 -0.3707
0.1492 -0.1175 -0.1563
-0.4209 0.5371 0.6785
0.4729 0.4406 0.4527
0.3703 -0.2308 -0.1986
-0.7648 -0.4894 -0.0963
0.2145 -0.6834 0.1563
0.0322 -0.0554 0.0280
0.0010 -0.0046 -0.0295
-0.2667 -0.1304 -0.2696
0.3369 -0.1885 -0.4798
0.3494 0.0178 0.1152
0.1905 0.4675 0.7587
-0.6344 0.0611 0.7289
0.1831 0.3419 0.0043
0.0028 0.0133 0.2293
-0.0023 -0.1475 -0.1490
0.2442 0.0640 0.1915
0.7572 -0.0281 0.1914
-0.0677 -0.0111 -0.0478
-0.1182 0.0650 0.2864
0.1322 -0.3519 1.0080
0.0991 -0.0792 -0.2533
-0.1797 -0.0587 0.1476
-0.1414 -0.1102 0.7761
-0.1842 -0.2114 0.0783
0.2261 -0.2914 0.3360
-0.4176 0.4628 -0.5960
0.1159 0.1515 -0.6426
-0.0532 0.0933 0.7449
-0.5753 -0.4498 -0.3163
-0.0378 0.0651 0.1906
0.0201 0.0017 0.3465
-0.0488 -0.5805 -0.5513
0.2971 -0.4851 0.1098
-0.3269 -0.5339 -0.4055
0.4394 -0.1321 0.7038
0.2229 -0.4386 -0.5141
-0.6721 0.5141 0.4738
-0.0859 0.1185 0.3142
-0.1186 -0.0805 -0.9364
-0.0795 -0.0017 0.1202
-0.0095 0.0146 0.2585
0.0080 0.0042 0.0912
0.8320 -2.1899 -0.2077
-0.1652 0.0277 -0.5683
0.1472 0.8745 0.2437
-0.2684 0.1525 0.1715
0.2260 -0.0152 0.0161
0.6460 0.2298 -0.5044
0.0004 -0.0004 -0.0053
0.6589 0.1127 0.4306
-0.0071 0.0074 -0.1320
-0.0490 0.1761 -0.2367
0.0085 0.0108 -0.5441
-0.3692 -0.0333 0.7692
-0.3105 0.3397 0.4723
0.0006 -0.0001 -0.6687
-0.0565 0.0198 -0.3315
-0.5384 -0.4974 -0.6008
0.1313 0.1689 0.0074
-0.1027 0.1025 0.0546
0.1903 0.0054 0.8671
-0.0157 -0.0773 0.0874
-0.4317 0.4553 0.0385
-0.3402 0.0421 -0.4042
0.0056 -0.0129 -0.7942
-0.4100 -0.3052 0.1579
-0.2208 0.1023 -0.4178
-0.0008 -0.0024 0.0247
0.4086 -0.3140 -0.5619
0.1657 -0.1893 -0.7046
-0.0020 0.2115 -0.0089
0.5504 -0.0265 -0.5324
-0.1064 0.0383 -0.0711
-0.2629 0.5075 -0.0412
0.1703 -0.0525 -0.3142
0.1045 0.1248 0.0937
0.5855 0.1094 0.3100
0.5517 0.2421 0.5462
-0.3946 0.4101 0.0667
-0.1652 -0.0202 0.1378
-0.0369 0.1267 -0.6624
-0.3050 -0.0479 -0.6123
-0.1633 0.1578 0.1569
-0.4166 0.1239 0.6864
0.2056 0.4796 -0.2079
0.0843 -0.5702 -1.0828
-0.1824 -0.3346 0.8759
0.1589 0.0118 0.4298
-0.0204 -0.0175 -0.0842
-0.0069 0.0472 0.6315
-0.1268 0.0263 0.3319
0.1194 0.1075 -0.0119
0.0232 -0.0048 -0.0525
0.0546 0.3185 -0.1789
-0.0154 -0.0437 0.0348
0.0244 0.0253 -0.5612
-0.3800 0.0615 -0.5042
-0.6551 -0.0474 -0.1548
-0.0677 -0.8621 0.2128
0.2510 0.1454 0.0326
0.0286 0.4226 0.7692
-0.0969 -0.2551 0.6589
0.0002 -0.0144 0.0921
-0.2734 -0.6947 -0.1899
0.3834 -0.3447 -0.2682
0.6434 0.4836 -0.5121
-0.0504 0.0321 0.2281
-0.0117 -0.4936 0.6215
-0.0509 -0.0085 -0.2364
0.3550 -0.0158 -0.1192
0.0376 0.0714 0.0393
-0.8441 -2.0668 0.9930
-0.0201 -0.0102 -0.0541
-0.0532 -0.0411 0.1050
-0.5398 0.3530 0.3445
-0.1875 0.6146 0.1216
0.0276 0.0114 -0.6525
-0.0228 -0.0795 -0.0961
0.1819 -0.0216 -0.2098
-0.3010 -0.1403 -0.7995
0.0188 0.0280 0.0105
0.4953 -0.1933 -0.7619
-0.2660 0.1379 -0.8994
0.0633 0.5922 0.3227
0.0332 0.0043 0.0738
-0.0860 0.1971 -0.1204
-0.1344 0.6818 -0.1672
0.0012 0.0716 -0.8669
-0.4579 -0.2342 -0.7487
0.1099 0.0053 0.3015
-0.0033 -0.0034 0.1019
-0.0034 0.0134 0.4923
0.2151 0.1827 -0.3173
0.1542 -0.0612 0.8949
0.0385 -0.0372 -0.9926
-0.6260 -0.4578 -0.3095
0.8211 0.5145 0.1714
0.4042 0.1056 0.4999
-0.0105 0.0094 0.2548
-0.0190 -0.0102 0.0671
0.0268 -0.1989 -0.0248
-0.2724 -0.2342 0.5659
0.0609 -0.1878 -0.8371
-0.5284 0.3188 -0.1325
0.1642 -0.0221 0.2009
-0.2052 -0.1943 0.1457
0.0656 -0.7139 -0.4871
-0.0117 -0.0123 -0.4446
-0.0192 0.0896 0.6926
-0.0262 0.0282 -0.7693
-0.7667 -0.4767 -0.2618
0.1955 0.0620 -0.1340
0.0599 0.0749 0.3875
-0.2808 0.5303 1.8350
0.0059 0.0176 -0.1832
0.4054 -0.4520 0.3850
0.0571 -0.1904 -0.8030
0.0130 -0.6883 -0.2004
0.2781 0.0651 -0.0277
-0.2690 0.1384 -0.4557
-0.5988 0.1029 0.6299
-0.1452 -0.1481 0.6092
-0.0017 0.0039 0.0203
-0.2109 -0.3089 -0.7461
0.1952 -0.1694 -0.2968
0.0272 -1.4068 0.8266
-0.0899 -0.4548 -0.1263
-0.6549 -0.5539 0.1107
0.0337 -0.0356 -0.1435
-0.2965 -0.1683 -2.2666
-0.0703 -0.2505 0.1743
0.0023 -0.0000 -0.0184
0.0899 0.4394 -0.3638
-0.1308 -0.9326 0.2434
-0.1349 -0.1492 0.0363
-0.2672 0.3772 0.0568
0.2463 -0.0943 -0.5023
0.6783 0.0169 -0.6013
0.0069 -0.5060 0.5686
0.0171 -0.0047 0.0387
0.1903 0.3649 0.5174
-0.1005 0.3309 0.0412
0.4339 0.2349 -0.2376
-0.3786 0.2917 -0.1242
-0.0406 -0.2299 0.4053
0.0258 -0.2990 -0.7986
0.3709 0.4475 0.0464
-0.2232 0.1089 0.8157
0.0010 0.0138 0.0325
0.0031 -0.0022 0.5136
-0.5193 0.3929 0.2177
-0.0492 0.3434 -0.1787
0.0875 0.3214 0.0012
-0.2709 -0.0896 -0.3159
-0.0351 0.0835 -0.3465
0.0048 -0.0016 -0.0091
-0.0221 0.0294 -0.1856
0.0029 -0.0839 0.1438
-0.1438 0.2834 0.0852
0.0265 -0.3162 -0.1501
-0.1146 -0.1337 0.4439
-0.5966 -0.4915 -0.0219
-0.0208 -0.0551 0.3205
0.2686 -0.5738 -0.6266
-0.1845 -0.5116 0.2939
-0.3396 -0.0747 0.8449
-0.9565 -2.9319 0.1252
0.3897 0.3132 -0.0343
-1.5183 -1.9380 0.4884
-0.1959 -0.0106 0.7842
0.1998 -0.6055 0.1804
-0.0437 0.0117 -0.0020
-0.0334 -0.0150 -0.1043
-0.1871 0.0344 0.7700
-0.0274 0.0671 -0.0468
0.4351 -0.7592 0.2192
0.0801 0.0312 0.0288
0.2026 0.1566 0.8025
-0.0040 0.1013 -0.4735
0.4327 -0.4628 0.7279
-0.3455 0.0993 0.2752
0.0218 -0.0669 -0.6474
0.0594 -0.0361 0.0416
0.8462 0.2725 0.4552
-0.2624 0.3401 0.0232
0.4748 -0.3339 -0.0388
0.0116 -0.0093 -0.0044
-0.3087 -0.3035 -0.2328
-0.7917 -0.5019 0.1687
0.0016 0.1011 -0.1280
-0.0528 0.6726 -0.5230
-0.2110 0.4446 0.1421
0.0469 0.4817 -0.2519
-0.0676 -0.1353 -0.2724
-0.5452 0.2635 0.0913
0.1405 -0.4039 -0.8201
-0.5114 -0.0661 -0.8387
0.1669 0.0455 -0.0379
0.4195 -0.4817 0.5986
-0.0588 0.0002 0.0179
-0.0070 0.0817 -0.3964
0.4769 -0.3796 -0.6309
-0.0789 0.1132 0.4386
0.0074 -0.6206 0.2615
