0.1397 -0.3998 0.5001
0.4523 0.4574 -0.3086
0.0052 -0.0517 -0.1741
0.2282 -0.1941 0.0241
0.1448 -0.0698 0.1178
0.1645 -0.0600 -0.6560
-0.0575 0.0438 0.0073
0.1139 0.0239 -0.0016
-0.0884 0.1734 0.0519
0.1218 0.5566 0.1520
-0.0562 -0.0719 -0.1993
0.4825 0.1334 0.3880
-0.9769 0.6349 0.5542
0.1356 -0.2231 0.3719
0.3799 -0.4281 -0.1370
4.5181 -0.0590 -0.1958
4.7386 -0.3047 0.1429
4.3224 0.1469 -0.0791
4.4758 0.0452 0.1855
4.4577 0.0365 0.0185
5.0292 0.0815 0.3124
4.7885 -0.5980 0.7084
4.4697 -0.0493 0.0913
4.5367 0.0830 0.9396
4.5534 0.2633 -0.7513
4.5000 -0.0000 0.8659
4.4690 -0.0124 -0.2011
5.2663 -0.6223 -0.0023
4.4442 -0.0486 0.0108
4.2771 0.2915 0.0699
