-9.681274104415456272e-02 -2.546722513637001417e-01
-8.952504346185204132e-02 9.133637061299996196e-01
-9.442724527850306915e-01 -2.118127874553681067e-02
3.626587267787162450e-01 7.019959985025998606e-01
2.155834440775295791e-01 -6.666158817740545917e-02
4.159440229513956533e-01 -1.147670747581161221e-01
6.117987222710344897e-01 -5.249717231334718459e-01
-2.963280426016421942e-01 6.620909221097841524e-01
6.410122998891532031e-02 -4.812822292729230234e-01
1.721492105766504466e-01 -2.267049271843941255e-02
2.385597594136785737e-01 1.856200780611268475e-01
-4.792103644599723378e-01 5.211739447272544234e-01
1.148959194814633406e-01 2.059600260031748675e-01
-6.499238949455606040e-02 -5.124090579726608974e-01
-1.410276185334843613e-01 3.209787841828440902e-01
3.042038817488070257e-01 1.776109985085805032e-01
-8.278379795630078641e-01 -3.087139731371276175e-01
4.535063410026852204e-01 -5.607629692541482580e-02
-1.294999098853467402e-02 1.211136246504374014e-01
-3.469438103150102037e-01 6.021327620688730203e-02
-5.714627879184075443e-01 -4.930568028187642948e-01
8.022828006177044197e-03 2.890057828782327184e-02
6.750267848344558841e-01 -5.769863297244820499e-01
6.604301037155510534e-02 2.605316871938276879e-01
6.046855909795272044e-02 -4.006393388593314231e-02
5.817494958111651959e-01 -3.261085602452143961e-01
-1.932760287535434940e-01 -7.181562529665207369e-03
7.820793183002158200e-01 -1.097194563152846941e-01
-7.616533068100771464e-01 3.203499192040631383e-01
2.528033883972323759e-01 4.272105331804951223e-01
4.917297962303667225e-01 -2.178418037810408714e-01
4.156918756130219966e-02 -7.398161782963357247e-01
1.972836149601836231e-01 -1.122014455638014191e-01
-7.154362116845713881e-01 4.041298370834696674e-01
-4.980535309977884850e-01 2.697712585556459874e-01
2.857772072823216436e-01 -3.664422163407697330e-01
5.726191204352142072e-02 6.455386985431950109e-01
-5.562965181985328744e-01 -8.039104565686370218e-01
5.202372847027937341e-01 -6.270559944622519088e-01
6.314062715893502264e-02 4.250144945489698484e-02
-5.776132152103536921e-01 -2.965537526125777146e-01
1.272490024532630937e-01 3.604299169627017130e-01
5.025455054361104290e-01 3.390576380699689141e-01
5.234841661711659988e-01 -2.365453985408087212e-01
-4.313054828445599953e-01 5.253652856840852481e-01
-2.192147804021595259e-01 -5.974011415345836795e-01
1.178788311897799451e-01 -2.877587817301749396e-01
-3.487545706069414830e-01 -1.174811890984042428e-01
7.915307513927585803e-02 -9.196756767393843290e-02
3.435543317391271390e-01 2.366099024644556237e-01
2.173679043677382072e+00 4.619613745183326348e-02
2.161541301886164668e+00 2.198306023179753821e-01
2.331880922636611508e+00 4.170018444720571260e-01
1.920609578151379671e+00 4.229587993526991441e-01
3.187288288678286730e+00 7.967161753236197408e-02
3.340939154501468611e+00 1.299112127214730461e-01
1.975076043977348039e+00 3.157822948046381528e-01
2.596558832837877251e+00 4.490723055023066457e-01
2.264304335306237537e+00 -2.787368249354817973e-01
2.626541068540098500e+00 -7.322452353251697466e-02
2.684665530981126480e+00 -1.183074617344576501e-01
2.963723834261539736e+00 5.231555723307256267e-01
2.822105704783528957e+00 4.088666284783768617e-02
2.595587148267206601e+00 -1.979735732809277497e-03
2.210241614819758116e+00 -8.629820610795829738e-01
3.212947150983102240e+00 -4.888661071087134768e-01
2.490680710295965827e+00 8.977210331998039528e-03
3.012260143705272508e+00 7.438043904916445959e-01
2.393485549328746576e+00 8.652769391953959444e-01
2.747351007100518494e+00 -2.750098017850058918e-01
2.418725725244408764e+00 1.155401718884590048e-02
2.452639577078222555e+00 3.558981207993180407e-01
2.428730936537092155e+00 -7.122297794962477446e-02
2.868038955702745696e+00 5.738098827656061829e-01
3.084368321821748804e+00 7.324761955593031004e-01
2.148299623340584219e+00 2.196635036523983675e-01
2.591625241561677395e+00 2.039223854366107869e-01
2.584773752148189274e+00 -5.745150995015677609e-01
2.259875043494162572e+00 5.079180584041720348e-01
2.269164749627209154e+00 4.636248420175473894e-01
2.119051838706068835e+00 -2.700658469121518523e-01
2.368630459625930662e+00 -6.515741620646126053e-01
2.617235717509105442e+00 1.095784891368959263e-01
2.423903686487106857e+00 -8.417193300394705535e-02
2.437416524446524235e+00 1.377990142996960571e-02
1.936782283527102688e+00 4.756908011411629111e-01
2.720888245192826904e+00 -2.960054254841937849e-01
2.432794986510272484e+00 1.025566410583545335e-01
2.383371516356368236e+00 -9.683942018425583109e-01
2.801159059700866205e+00 1.009668875962395768e-01
2.202328203159693132e+00 -2.213867347829144849e-01
2.252525355791412220e+00 8.640196287688652055e-02
1.580168610830826381e+00 4.413972255960338376e-03
2.991242472446489664e+00 5.159498173180347980e-01
3.311609167952011212e+00 -4.503117967195555127e-01
2.770211660631221040e+00 -2.322478681582843818e-01
2.857805184435161738e+00 5.443081568864798631e-02
2.199939856703258201e+00 1.972056006015902307e-01
2.581919936745233457e+00 1.182664048568474319e-01
2.529068272886088486e+00 -3.670366039859119384e-02
