-0.2120 -0.0071
0.2592 -0.3718
-0.4628 0.1477
-2.8722 -1.0889
0.3764 0.2000
0.1382 0.0047
-0.0365 0.4145
0.1534 0.2953
0.4772 -0.1168
2.1223 -1.8160
-0.4324 -0.6878
0.2046 -0.3611
-0.3967 -0.4792
0.0706 -0.0549
-0.0343 -0.0535
-0.0317 0.0872
0.1407 -0.1971
-0.0438 0.4121
0.6481 -1.5793
-0.0752 -0.2697
-1.2418 -3.0942
-0.2631 -0.0944
0.0684 -2.6804
0.1161 -0.1085
0.9246 0.2275
0.3791 0.1353
-0.4883 -1.4698
-0.1632 0.0145
0.3083 -0.2813
0.0312 -0.5237
0.4398 0.7597
-0.6454 -0.5450
0.3769 0.1204
-0.0876 -0.6798
0.1140 -0.0048
0.0949 -0.1251
0.0617 -0.8508
0.5925 0.5395
0.5459 -0.0132
0.8047 0.4754
-0.0701 0.2097
0.6122 -2.2111
-0.0830 0.5452
-0.3647 -0.3241
0.7074 0.0083
0.4613 -0.4867
0.2892 -0.6205
-0.1553 0.1720
-0.2750 0.0766
0.0425 0.4749
