0.1623 -0.3986 -0.2431
-0.1788 -0.0964 0.1945
0.0503 0.4884 -1.0471
-0.5557 0.0739 0.1762
0.3368 0.1486 1.6032
-0.1282 -0.3087 0.4754
-0.1189 -0.7448 -0.0834
0.1421 -0.4474 -0.4425
0.0082 -0.0581 -0.9347
-0.4457 0.3649 -0.1659
-0.2633 0.5489 0.1271
0.0573 -0.0066 0.0504
-0.0729 -0.0360 0.5158
-0.1515 0.0050 0.4017
-1.3572 0.1388 -1.3634
-0.1929 0.4894 0.5445
-0.1284 0.0755 0.0944
0.3071 0.6056 -0.5814
0.0141 0.0464 0.1933
0.0018 0.0017 -0.0697
0.8097 -0.0775 -0.4062
0.0229 -0.0916 -0.0164
-0.0017 0.0052 0.0037
0.1691 -0.5410 -0.4839
0.0677 0.0266 -0.5751
-0.0069 -0.0381 0.0161
-0.0122 0.0484 0.2306
0.3671 -0.1062 -0.8041
-0.0091 -0.0493 -0.9231
-0.0197 0.5031 -0.0704
-0.0699 -0.0320 0.3417
-0.4245 -0.8185 0.0719
-0.1998 1.4537 0.7594
0.3791 0.0074 -0.0689
-0.3503 -0.2773 -0.6750
-0.2978 0.2331 0.8606
-0.0041 -0.0208 -0.0514
-0.0132 -0.0788 0.9454
-0.3859 -0.1948 -0.0950
-0.0784 0.1350 0.1503
