0.0861 -0.2442
0.2030 -0.2509
-0.3775 0.4463
-0.1787 -0.8430
0.3066 -0.6501
-0.4343 -0.0200
-0.0343 -0.0804
0.6487 -0.5357
0.6949 0.0695
0.1037 -0.0590
-0.5528 0.3751
0.0207 -0.0003
0.1055 -0.6090
0.0695 0.4502
-0.1546 -0.1452
0.7157 0.0640
0.5647 -0.3066
-0.0865 -0.0219
0.6311 0.2178
0.6591 -0.4277
-0.0025 -0.0249
-0.2774 0.0961
-1.0620 0.6756
0.0183 0.0146
-0.2281 -0.2738
3.0396 -0.2061
3.0334 1.6151
2.0272 0.1117
3.3411 -0.7152
2.6140 -0.5360
2.9300 -0.4417
3.8920 -0.1589
2.5434 0.6323
2.8517 -0.1849
3.6294 -0.5565
3.1283 0.0397
2.6446 0.5032
3.0001 0.0002
2.5946 -0.1800
4.8366 -0.0583
2.6504 -0.3068
2.9277 -0.5723
2.4631 0.4227
3.2582 0.7884
1.5627 -0.7589
2.5824 1.7041
2.5482 -0.4648
2.6860 -0.4873
3.1324 0.0007
3.4051 -0.1931
