-0.0070 0.1737 -0.0008
0.2637 0.2500 1.0669
-0.1999 0.3701 -0.2151
0.3199 -0.0355 0.9024
-0.2937 -0.1285 -0.1746
0.0029 -0.3065 0.2808
-0.3155 -0.7648 -0.5459
0.7630 0.0089 -0.6996
-0.0107 -0.0073 1.0447
-0.1950 0.0519 -0.0860
-0.1600 -0.1719 -0.3677
-0.0783 -0.1309 0.5872
-0.0092 -0.0283 -0.5265
-0.0377 0.0763 -0.6595
0.0723 0.0342 0.0533
2.8829 0.3694 0.1982
2.2259 -0.8983 -0.2000
1.3833 0.3048 -0.2628
1.9630 -0.4478 -0.8753
2.0003 0.0013 0.0032
1.8450 -0.1189 0.2959
1.5662 -0.0082 -1.0472
1.8858 0.2148 0.9386
2.0052 -0.3492 0.8978
2.0121 -0.0078 -0.0007
1.9881 0.2082 0.7021
1.4717 0.7593 -0.0410
2.1722 -0.6730 -0.4001
2.3913 -0.1568 0.3185
2.1759 0.2770 0.0668
