0.0203 -0.2358 -0.3191
0.4782 0.3302 -0.1937
-0.0382 0.1847 -0.0515
-0.0225 0.0465 -0.0482
-0.3274 -2.0017 1.6761
-0.0095 0.0495 -1.4017
-0.1972 0.0364 0.3775
-0.2014 -0.1108 0.7620
0.1711 0.5164 -0.2097
0.8938 -0.3169 0.0074
0.1018 0.0386 -0.0282
-0.2368 0.0789 0.1861
0.8343 -0.0960 -0.1432
0.7213 -0.4107 1.1050
-0.1418 -0.0814 0.5571
0.0421 -0.5544 0.5831
-0.1468 0.1147 0.3949
0.2239 0.4812 0.4630
-0.1695 -0.0531 -0.5634
0.3890 -0.1570 0.5347
0.0321 -0.0891 0.0009
-0.1182 0.0789 -0.3635
-0.6505 0.4904 0.2795
0.8911 2.1919 0.4323
-0.0167 0.0318 0.0455
-0.1221 0.0640 -0.4779
-0.6738 -0.4686 -0.3882
0.0896 -0.0074 -0.1240
0.0098 0.0021 -0.0949
0.8931 0.3910 -0.5750
0.3827 -0.0440 0.0509
-0.1162 -0.0328 0.0893
-0.4869 -0.0630 0.1932
-0.3245 0.7830 -0.1206
0.1231 0.0829 0.3097
-0.1177 0.3475 -0.7809
0.0779 0.1211 0.4954
-0.3105 -0.1065 0.2685
1.3314 1.5176 0.5137
0.0912 0.3077 -0.7477
-0.1547 -0.1921 -0.8095
-0.0989 0.3354 0.7287
-0.6085 0.0951 0.7408
0.0145 -0.1072 0.6753
-0.0201 0.0648 0.2258
0.6873 0.5432 0.1071
0.1233 0.0439 0.6611
0.0712 0.8342 0.5231
0.3580 -0.2553 -0.7435
-0.0775 -0.1859 -0.7382
-0.2427 0.0354 0.5698
-0.3988 0.1622 0.6552
-0.0239 0.0886 -0.4265
0.2716 0.2004 -0.1785
-0.1306 -0.0651 0.2308
0.0386 -0.0286 0.0082
0.1376 -0.1229 -0.0218
-0.2100 -0.3605 0.4002
0.1043 0.5409 -1.4847
-0.0485 0.0893 -0.0312
0.1913 -0.0430 -0.6243
-0.0093 -0.0572 0.3149
0.1630 0.0189 0.6171
-0.0003 0.0005 0.1043
0.5236 0.6812 -0.2627
2.0706 -0.4005 -0.1104
0.2281 -0.1104 0.1786
-0.0322 -0.0520 0.7754
-0.1057 -0.1588 -0.0123
0.1177 0.0676 0.3183
-0.0060 -0.0312 -0.3705
-0.0291 -0.7286 -0.3487
0.3597 0.2677 0.1570
0.5906 -0.2322 0.0340
0.0196 -0.0046 -0.2211
0.0944 -0.4484 0.5415
-1.5855 -1.6906 -0.4922
0.1093 0.1647 0.2336
-0.0029 0.0081 0.1163
0.1280 0.3733 0.3139
-0.4400 -0.0586 0.7085
-0.0747 -0.1903 -0.2409
0.1089 0.0207 -0.0971
0.0262 -0.0287 -0.0538
-0.5960 -0.0064 0.0432
0.4879 -0.1100 0.6901
0.3026 -0.3320 -0.1166
-0.0825 0.0158 0.0727
-0.2462 -0.3247 -0.7314
-0.0249 -0.0605 -0.0855
0.2943 -0.1876 -0.4141
-0.1063 -0.0325 0.1316
-0.6794 0.1246 -0.1928
0.3990 -0.3559 -0.2474
-0.0366 0.0639 0.0425
-0.0388 0.0666 -0.0095
-0.4342 -0.1624 0.6168
0.2506 -0.5572 0.2749
-0.3780 0.1534 -2.1589
0.2206 -0.1023 0.7631
