0.2245 -0.2185 -0.3179
0.5648 0.0623 0.4943
0.1143 -0.0359 -0.9348
0.3822 0.0604 0.0283
-0.0960 0.0343 0.3099
-0.0902 -0.1815 -0.2695
0.1274 -0.1534 0.3436
-0.5836 0.0363 -0.2315
0.2512 -0.0263 -0.1451
-0.4616 -0.0554 0.0885
-0.0683 -0.0056 -0.0672
-0.0015 0.0005 0.0274
0.0081 0.0065 -0.5555
-0.3481 0.7186 0.3431
0.1550 0.4007 -0.1653
0.7520 0.3771 1.2590
-0.5273 -0.2590 0.5903
-0.1878 0.1969 -0.1395
0.2668 -0.2405 -1.6178
0.2318 -0.0521 0.3668
-0.0567 -0.2291 -0.3782
0.1867 0.1042 0.6201
-0.0568 -0.0453 0.0019
-0.4250 -0.0193 0.4668
0.0970 0.0962 0.0775
-0.0950 -0.0350 -0.1991
-0.0609 0.0548 0.5092
-0.2325 0.2372 0.1615
0.0236 0.0079 0.0373
0.3564 -0.4111 0.1529
-0.0559 -0.7289 -0.0624
-0.0057 -0.0019 0.0282
-0.2674 0.0068 -0.3450
0.0873 0.4173 -0.1835
0.1571 -0.3372 0.1976
-1.6892 -0.3089 2.1075
0.1027 -0.1869 0.0559
0.5761 0.6958 -0.2891
0.3017 -0.0096 0.2332
-0.0479 0.0544 0.0401
-0.1006 0.0772 -0.0054
0.0359 0.0186 -0.0628
0.4425 0.7620 1.1667
-1.2893 -1.7280 -1.7689
0.8813 -0.9066 1.5958
0.0751 -0.2486 0.5180
0.0431 -0.7477 0.0937
-0.4301 0.1514 0.4771
0.0350 -0.0125 -0.0374
-0.4416 -0.0096 0.0330
-0.0651 0.0716 0.7698
-0.0132 0.0011 -0.0409
-1.2389 -0.2006 -1.9216
0.0220 0.7119 -0.5560
-0.3178 0.0134 0.2310
0.1135 -0.3440 0.5431
0.0390 -0.1433 -0.6010
0.1767 -0.6150 0.1603
0.1212 -0.1987 -0.6666
-1.3892 0.5131 1.2660
-0.4178 -0.4399 -0.4055
0.0590 0.4417 0.3770
-0.0420 0.0554 0.6723
-0.2229 0.1180 -0.8690
-0.0429 -0.1301 0.8056
0.0624 0.1642 -0.4307
0.5924 -0.2296 -0.2337
0.0229 -0.0742 0.0658
-0.0855 0.0621 -0.5902
0.4839 0.6055 0.5460
-0.8033 0.2402 -0.0458
0.2377 0.2135 0.1858
0.4446 0.7121 0.0679
0.1975 0.1806 -0.1335
-0.0333 0.0214 0.0313
1.6038 2.4154 -1.3183
-0.6523 0.3485 0.1741
0.1741 -0.0392 -0.1186
2.0378 0.8398 -2.2795
-0.2968 -0.0285 -0.1471
0.4635 -0.1752 -0.4192
-0.1048 0.2974 -0.2869
-0.3895 0.6808 -0.3737
-0.0683 -0.0057 0.0028
0.5040 0.0054 -0.6891
0.0640 0.1065 0.0402
-0.1386 -0.5887 -0.0821
-0.0219 0.0027 0.3214
0.1726 -0.1866 -0.4374
0.5364 -1.8441 1.3722
0.0977 0.3361 0.1340
0.4684 0.3128 -0.5270
-0.0769 -0.1493 0.0244
0.9160 1.2138 2.1532
-0.9647 0.6405 -0.8444
-0.0379 0.0523 -0.1112
0.0421 0.1916 -0.3986
0.1424 -0.3720 0.1735
-0.0873 -0.2830 -0.4437
0.1808 -0.0024 0.8088
-0.2992 0.1648 -0.8823
0.0781 0.0864 -0.8781
0.3677 -0.4437 -0.6443
0.0374 -1.2164 -0.5857
0.5197 0.2222 -0.6294
-0.0175 0.0199 -0.8469
0.3489 -0.0760 0.5889
0.0573 -0.2441 0.0501
-0.2158 -0.0951 0.0011
-0.0050 0.0060 0.1164
-0.0191 0.4393 -0.2250
0.3052 0.2241 -0.0375
-1.3339 0.6787 0.9132
-0.1334 0.0225 -0.0951
0.0067 -0.0121 0.7731
-1.0995 -1.2554 2.2735
0.3217 0.0971 -0.1826
0.3534 -0.3127 0.5707
-0.3514 -0.4950 -0.6949
-0.3539 0.3996 0.0109
0.4479 -0.1163 2.1675
-0.7327 0.2200 -2.1395
-0.1251 2.0370 -1.1068
0.0582 -0.6077 -0.3378
0.0167 -0.0346 0.2122
0.3786 -0.7542 -0.5257
0.5535 -0.0526 -0.5250
-0.0586 -0.1224 0.0331
-0.2914 0.1035 -0.1486
0.3321 -0.8318 -0.5752
0.1724 0.0064 -0.1809
0.0926 0.0553 0.0818
-0.4602 -0.3739 -0.6486
0.0620 -0.0547 0.6797
0.0087 -0.1658 0.7810
0.0681 0.0168 0.1065
0.0046 -0.0911 -0.3148
0.3658 -0.2060 -0.0271
0.1239 0.4876 -0.2222
-0.1537 0.1020 -0.2513
-0.0091 -0.1244 0.1434
-0.3208 0.0889 0.2604
-0.4509 -0.3244 -0.1661
0.1368 -0.0310 0.7157
1.2956 1.8402 -1.2426
-0.0140 0.0482 -0.0125
0.1548 0.0846 -2.6909
-0.1202 0.1849 0.6625
-0.7750 0.0490 0.4306
0.2223 -0.2029 -0.1142
-0.4583 0.2451 -0.4477
-2.1361 1.5003 0.6781
0.0319 0.1455 -0.3145
0.6849 0.3731 -0.2413
-0.1213 -0.3058 0.3132
-0.0339 -0.0951 0.6321
0.1831 -0.0764 0.1888
-0.2378 -0.1614 0.0528
0.1545 -0.0065 0.2034
0.2511 0.1364 0.9154
-0.0246 -0.7006 -0.1586
-0.7595 0.3764 1.0568
-0.5227 0.0074 0.0847
1.1755 0.2006 -0.2841
0.0173 0.0035 0.0404
-1.0121 1.5515 1.3078
-0.0928 0.1494 -0.0323
0.2517 0.0702 0.1111
-0.4810 0.4032 -0.1528
0.1347 -0.0437 0.2493
0.0424 -0.0351 0.5170
-0.3513 -0.4871 0.7374
-0.5287 -0.2024 0.3583
-0.0974 0.2901 0.2058
0.4721 -0.1884 0.5631
0.0143 -1.7856 0.5673
-0.0451 -0.1644 -0.0336
-0.1911 -0.6132 0.2597
-1.6462 -1.9486 0.6737
-0.2228 -0.2266 0.4540
0.0269 0.0043 -0.1917
0.0498 -0.0337 0.2629
0.1423 0.1256 0.0088
-0.1540 -0.4690 0.0192
-0.0557 -0.1496 -0.0454
0.2271 -0.0032 0.6844
-0.0610 -0.6508 0.2860
-0.4506 0.5332 -0.0257
-0.0525 0.0065 -0.0595
-0.0555 0.3728 0.9166
0.4305 0.6237 0.5493
0.0813 -0.0497 -0.5517
-0.2497 -0.1306 0.0707
0.2939 0.1616 -0.7630
0.0089 -0.0037 -0.1551
0.3132 -0.0088 -0.6060
0.1676 0.1451 0.8141
0.1650 0.5239 -0.7270
-0.1082 0.2002 -0.1221
0.4696 -1.8587 1.1237
0.2152 0.2225 -0.4865
0.0841 -0.1231 0.3798
-1.1574 -0.0577 1.6645
0.0118 -0.0226 -0.0223
0.3174 -0.4700 -0.0259
0.2508 -0.6695 0.5745
0.1763 0.1970 0.7036
0.0393 -0.0370 -0.0803
-0.0478 0.5432 -0.0022
2.1306 1.1980 -0.8624
-0.7473 -0.4992 -0.0899
0.1167 0.0983 0.4226
-0.4396 0.3699 0.2780
0.6429 -0.2103 -0.1800
0.4366 0.9960 0.8026
0.3602 0.1860 0.0817
0.0093 -0.0862 -0.0995
-0.5493 -0.0666 -0.7236
-1.3910 0.6303 1.7827
0.7964 1.0979 -0.3255
-0.0054 -0.0027 0.2371
1.2746 1.6079 2.0091
-1.2467 0.5173 -0.2724
-0.0459 -0.0037 -0.1350
-0.1976 0.1599 0.0336
0.1873 0.8428 1.5998
-0.0175 -0.5939 -0.0253
0.1172 0.1035 -0.1150
-0.1157 -0.0776 0.1606
-0.0588 -0.2080 -0.2440
-0.6119 -1.0548 0.3510
1.2729 1.1411 -1.1619
0.0040 -0.0382 -0.0588
-1.7056 0.0973 -1.9580
0.0749 -0.1309 -0.0000
0.0747 -0.1672 -0.7116
0.1491 -0.1976 0.5804
0.1075 -0.0493 -0.0860
1.7576 -0.3833 -0.5649
-0.1234 -0.0400 0.4167
-0.4990 0.1631 1.1633
-0.1000 -0.2634 0.1618
-0.0101 -0.0236 -0.0491
-0.0652 -0.4887 0.1339
-0.0129 -0.1268 -0.2486
0.0062 -0.0047 -0.2824
-0.0096 -0.0010 0.8657
-0.0520 -0.0647 0.0538
0.3527 -0.1110 0.0443
0.1932 -0.4415 0.1848
4.0624 -0.8531 -0.4428
6.0440 -1.6365 -1.4794
4.0835 0.1462 -0.3689
3.7696 0.2611 0.1991
3.5218 0.0051 -0.1363
4.0852 -0.0618 0.5901
3.6593 0.4305 -0.7906
3.9275 0.4476 0.2203
3.7970 0.5034 -0.3931
3.4074 -0.0864 0.1116
4.0033 0.2541 -0.8340
4.5225 0.0724 -0.2471
4.0282 0.0399 0.0381
4.0128 -0.0398 0.6565
3.9672 0.0282 0.1433
3.6894 -0.0238 -0.7898
3.9208 -0.0432 -0.3584
3.5506 -0.0956 0.1603
4.9524 0.3778 1.6735
3.6077 -0.3428 -0.1215
3.9984 0.0008 0.0034
3.5405 -0.6012 -0.3698
1.4238 0.9359 -0.8357
4.0607 -0.1011 -0.0411
4.2348 0.2148 -0.3148
4.1291 0.0657 0.3549
3.9554 -0.0588 0.0175
3.7753 0.2102 -0.4176
4.0051 0.0115 0.0643
3.9054 0.1585 -0.3746
3.9409 -0.0033 0.8051
4.7111 -0.0329 -0.1652
3.9109 0.1745 0.4276
3.8566 -0.1546 0.5629
3.8546 0.0804 -0.0917
4.1741 0.0720 -0.2264
4.6024 0.4143 -0.2344
4.0461 -0.0444 0.2602
3.6886 0.3318 -1.6426
3.2153 0.3455 0.0927
3.9860 -0.0922 -0.8541
4.2305 -0.0416 -0.3995
3.1575 0.0541 0.4405
4.0841 -0.1551 0.3377
4.7802 0.3325 0.5099
4.6013 -0.0382 0.5871
6.2071 -0.1661 0.5852
3.7932 0.0630 0.9344
3.8655 -0.0125 0.1368
3.3825 0.3493 -0.5555
3.7067 0.7736 -0.3945
3.8227 0.0852 -0.1255
3.9092 0.0696 0.0058
4.1069 -0.0314 0.9658
3.1772 -0.1882 0.2487
4.2172 -0.0236 0.3680
4.2831 -0.8462 0.4014
3.7881 0.3607 -0.5354
4.4864 0.6995 -0.4152
2.9991 -0.9503 0.5331
2.1071 1.7208 0.4413
4.0335 0.0396 0.0295
4.0323 0.0141 -0.4733
4.1754 -0.2389 -0.1509
3.6279 -0.0455 0.7142
4.1247 -0.2705 -0.2135
5.8273 -1.7576 -0.9642
3.9102 0.0226 -0.0637
3.9588 0.0458 -0.0579
3.9440 0.3158 0.7700
4.2708 2.3321 -0.2614
4.2974 0.2518 -0.2983
3.9995 0.1378 0.4790
3.8504 0.2226 -0.3102
4.5730 -0.2798 -0.6459
4.0001 -0.0001 0.1550
4.0792 0.0890 0.1174
4.2085 0.3062 -0.8702
4.2393 0.3075 0.0078
5.3493 1.0048 -0.7948
4.3944 -0.2766 0.0756
4.0282 0.0210 -0.0481
2.3737 1.2174 2.4169
3.9971 -0.0014 0.0977
4.3539 -0.0430 -0.3558
4.2511 -0.4890 0.0716
4.2839 0.0964 0.7586
4.0486 -0.0403 -0.0036
4.2381 0.8523 -0.3826
4.4838 -0.0258 -0.6098
3.5533 -0.7411 0.1802
4.0798 0.1305 -0.0667
3.9927 -0.1373 -1.5845
4.8598 -0.0841 -0.8191
3.8176 0.2551 0.7122
4.9854 1.1094 0.1673
4.3996 -0.4069 0.7543
3.8389 -0.4600 -0.1951
3.9962 -0.0330 0.0056
3.9345 0.2589 0.2001
3.8878 -0.0196 0.5147
4.8846 -0.2576 -0.2334
4.0442 0.8735 0.1202
3.8666 0.0554 -0.0195
4.2335 -0.5671 -2.4489
4.1740 -0.4741 -0.3437
3.9878 -0.0902 0.3720
4.2491 -0.2656 0.1582
4.0312 -0.1809 0.0372
4.1616 -0.1578 0.1426
4.1970 -0.7870 -0.5041
4.3292 -0.3815 0.1266
4.0456 -0.0067 -0.0749
4.0493 -0.3104 -0.9450
4.3333 -0.4038 0.8199
3.9443 -0.3000 -0.9501
4.0284 -0.0184 0.0314
3.9224 0.0052 0.7133
4.3697 0.4887 -0.2700
4.1340 -0.0412 -0.0376
4.0930 -0.2428 -0.2939
4.2750 -0.2036 0.2799
3.9865 0.1535 -0.7391
2.6714 -1.0706 -1.0504
3.4205 -0.2473 0.3500
4.4349 -0.1401 0.3058
4.0021 -0.0027 0.0491
3.8609 -0.5732 0.1458
2.5359 -0.7700 0.0384
4.4587 0.9566 -0.2729
3.6636 -0.2171 -0.0621
4.0256 0.0148 -0.1352
4.3034 0.3368 0.1214
3.7901 0.0743 -1.1123
4.1827 0.3226 -0.8257
3.9744 0.0128 -0.0267
3.5756 -0.0152 0.2372
3.7838 0.2802 0.6061
4.0007 -0.0168 0.0225
4.0038 0.0017 -0.0235
3.9670 0.2735 -0.0569
3.4140 -0.6919 -0.3922
3.9862 -0.0604 0.6110
3.6449 -0.1385 -0.1309
3.8664 0.0954 0.5172
4.1703 0.2905 -0.1052
4.3366 -0.3255 0.1628
3.9455 -0.0431 0.0364
4.1636 0.3268 1.8387
4.3342 -0.0340 0.4316
3.4345 1.1103 -1.4834
4.1158 0.0466 -2.7466
3.9980 -0.0061 0.0044
3.7002 0.1225 0.8239
3.8003 0.1188 0.9189
3.2159 0.5282 -0.1243
4.0435 0.0052 0.0123
3.2790 -0.3145 -0.4000
3.9180 -0.0113 0.0337
3.9520 0.0388 0.0337
4.0520 0.0668 0.3733
3.1591 -0.4157 -0.3212
3.5162 0.1009 0.7344
3.7281 -0.3651 0.7181
3.8181 0.4503 -0.8584
4.1346 0.0670 0.1170
3.7505 -0.4146 0.2616
3.9960 -0.0165 0.9983
2.3110 1.3773 1.8283
3.9852 0.1863 -0.4090
3.6645 -0.0145 -0.5683
3.9111 -0.0410 -0.1118
3.9462 0.0937 0.0354
4.0066 -0.0878 0.1790
4.0748 -0.1461 0.6555
4.9007 0.1291 -0.1864
3.7637 -0.2409 0.3946
4.2959 0.7542 -0.0052
4.5031 -0.1046 -0.7585
3.9798 -0.1509 -0.0859
4.3576 -0.1515 -0.6953
4.0055 0.0524 0.0687
3.7491 -0.2796 -0.6018
4.0697 0.1304 -0.0130
3.9164 0.8576 -0.0919
3.6695 -0.3555 0.2339
3.9599 0.0391 -0.1878
3.9804 -0.6421 -0.4565
4.2440 -0.0971 0.1157
4.0731 -0.0266 0.0668
3.7396 0.1149 0.0786
3.5222 0.1662 -0.7747
3.9990 0.0466 -0.1355
4.0287 -0.0194 0.0368
3.7976 0.1337 0.0187
3.9604 0.5014 0.1926
5.9962 0.3189 1.2519
4.0210 -0.4771 0.7943
4.8109 0.4779 0.8193
4.0293 0.0360 -0.4843
4.2919 0.2514 0.9990
3.9513 0.0001 -0.0646
4.3293 -0.3595 -0.3160
4.1530 -0.0788 -0.0929
3.6289 0.1086 -0.2565
4.0415 0.0922 -0.3073
3.0434 0.5372 0.4225
3.9298 -0.1334 -0.3019
4.7164 0.5074 2.7601
3.7419 0.1026 -0.0219
4.0395 -0.1450 0.0994
3.9838 -0.2171 0.8536
4.0140 -0.0040 -2.5291
3.8347 0.1655 -0.2384
4.2380 -0.4953 -0.8114
4.0436 -0.0103 -0.2895
3.9930 -0.0108 -0.1487
4.0315 -0.2986 0.0733
4.2621 0.7571 2.0621
3.8938 0.8405 -0.2853
5.2463 0.3104 -0.1408
4.1959 -0.4151 0.8414
3.3552 0.1861 -0.5860
3.9835 0.0008 -0.0371
3.8867 0.4320 0.0722
4.7101 -1.1482 2.8491
4.6925 -0.5972 0.2193
4.0345 -0.0085 0.2186
4.0511 -0.6994 -0.5559
4.0051 -0.0066 0.0049
5.7145 -1.5746 1.0192
3.9756 -0.0237 -0.0089
3.8397 0.0726 -0.0047
4.4317 -0.0031 -0.4286
3.8829 -0.8385 -0.1379
4.0219 0.0340 -0.0333
4.0394 0.0759 -0.8179
3.7314 -0.1610 -0.0675
4.3846 -0.2070 0.5480
3.9665 -0.0568 -0.1383
3.4943 0.0706 -0.5331
4.2758 -0.3571 0.0033
4.3618 0.1385 0.7679
4.0073 0.1300 -0.3510
3.9952 -0.0013 0.0521
3.9382 0.0328 -0.0296
4.0753 0.5428 -0.1719
4.6953 -0.3441 0.0861
4.2332 0.4090 0.0143
3.9944 -0.0035 0.0206
