-0.0699 -0.0271 0.1737
0.0340 0.0915 -0.0271
-0.0404 0.1168 0.4433
-0.5446 -0.0100 -0.3214
0.2534 -0.2523 -0.1101
0.3903 -0.4248 -0.2575
0.3573 -0.0468 -0.8259
-0.1060 -0.0084 -0.1672
-0.3671 -0.1314 0.0476
0.0264 -0.0039 0.0102
-0.6293 0.1119 0.5835
0.1148 0.1896 -0.5734
0.0574 -0.3252 -0.2230
-0.2279 -0.0423 -0.7666
-0.4210 0.7955 -0.3396
0.5742 -0.3626 0.3520
-0.4247 0.6138 -0.3770
0.0300 0.5262 0.5095
-0.0425 -0.2172 0.4831
-0.0698 0.1331 -0.1589
-0.7663 -0.1460 0.3663
0.0309 -0.0319 0.2767
-0.1677 -0.5348 0.0558
-0.8213 -0.2518 0.0722
0.6707 0.1963 -0.7040
0.2469 0.0938 -0.9193
0.1323 0.4631 -0.5940
0.0574 0.1997 -0.9460
0.0206 -0.0110 -0.0304
0.3718 0.3098 -0.0815
0.5853 0.0121 0.7001
0.1806 -0.5026 -0.8048
0.1426 0.2471 -0.1296
-0.2782 0.3555 0.0829
-0.2102 -0.0350 -0.1182
-0.2208 -0.8679 -0.2904
-0.2974 0.1178 0.9263
0.0559 0.0427 0.0679
0.0863 -0.2959 -0.2247
-0.0191 0.2532 0.4692
-0.1174 -0.5378 0.1638
-0.1233 -0.3660 -0.7333
0.0023 0.0005 -0.3612
0.5742 0.3890 0.3032
0.1194 0.3399 -0.4929
-0.3442 0.0878 -0.2857
0.1610 0.1449 -0.2315
-0.4399 0.0037 -0.1871
0.4506 -0.0624 0.5067
-0.1287 0.0342 0.6487
-0.0396 -0.0160 -0.4071
-0.2235 -0.2949 0.1874
-0.1084 -0.3797 -0.1757
-0.1000 -0.1600 0.1435
0.0847 0.0510 -0.0065
-0.0474 0.2317 0.7912
0.2323 -0.0594 -0.0985
0.0167 0.0026 -0.7615
-0.2810 -0.4727 0.5033
-0.0067 0.0981 0.0858
-0.9748 -0.0947 0.1499
-0.4629 0.5441 -0.3863
0.1779 -0.1009 -0.0349
-0.5577 0.3677 -0.2871
0.1368 -0.0543 0.4300
-0.4515 -0.2649 -0.0522
0.0124 -0.1440 -0.0561
-0.1309 -0.2085 0.5346
-0.1748 -0.7989 0.3511
0.1039 -0.0852 -0.0699
-0.3713 -0.2594 -0.1639
-0.0020 -0.0014 -0.1722
-0.5699 -0.0319 0.0835
-0.0003 0.0006 0.0190
-0.0311 0.0566 0.1702
-0.0697 -0.1818 -0.1049
0.0750 -0.1016 0.6483
0.0320 0.1470 -0.5283
-0.1628 0.7309 -0.5253
0.1915 0.2956 -0.0945
0.2325 0.5564 0.6426
-0.3488 -0.1186 -0.1777
-0.1480 0.3828 -0.5252
0.3521 -0.7290 0.0506
-0.0292 -0.1992 0.2033
-0.3318 0.7337 -0.1352
-0.0890 -0.2540 -0.8555
-0.0452 -0.6995 -0.6818
-0.2321 -0.4706 -0.1566
0.0472 -0.1917 -0.8780
-0.0069 -0.0003 -0.1476
0.0003 0.0288 -0.0141
-0.3446 -0.1090 0.1323
-0.4393 -0.0259 -0.2916
0.0433 -0.5567 -0.3313
-0.1208 -0.3162 -0.1820
-0.0223 -0.5792 0.5060
0.2455 -0.2846 0.7750
0.7802 -0.3414 -0.4682
-0.1240 0.0750 0.0102
