0.2045 0.8410 0.2734
-0.1770 0.1031 -0.5122
-0.5192 0.5327 0.4923
0.0153 0.0363 0.7099
-0.4149 0.2368 0.5525
0.1195 -0.0473 0.0141
-0.2424 -0.4642 0.5959
-0.1336 -0.1488 0.6362
-0.0218 0.0329 0.0613
0.0083 -0.0346 0.0978
-0.6949 0.3897 -0.1018
0.0125 0.0148 -0.2823
-0.3068 -0.0935 -0.2358
-0.6453 -0.0653 -0.1205
-0.2316 0.0501 0.1153
0.0178 0.5956 0.5369
-0.1521 0.1237 1.0094
0.4764 -0.4394 -0.8673
0.1514 -0.1188 -0.1928
0.0611 -0.4372 -0.6597
-0.0163 -0.0008 0.0160
-0.1302 0.4352 0.3176
-0.3544 -0.2128 0.7994
-0.1433 -0.5945 -0.5020
-0.2764 -0.2620 0.9039
0.0806 -0.0217 -0.0331
0.0749 0.0933 0.2262
0.1275 -0.4186 -0.3777
0.3244 0.5519 0.0179
-0.0025 0.0017 -0.4181
-0.0894 -0.0998 -0.2424
-0.0391 0.1962 0.6429
-0.1860 -0.6502 0.5122
-0.6446 -0.7269 -0.0065
0.0082 -0.0116 -0.2367
-0.0438 0.0135 -0.3923
-0.1070 0.0720 0.0082
0.5763 0.5681 0.4129
-0.2835 0.2295 -0.1800
0.1331 -0.0631 -0.4013
