-3.431516048142257413e-01 -1.173399256702907650e-01
-9.769491102113020409e-02 -1.654748036993677618e-01
-3.261514066750831331e-02 -4.944968240833473860e-01
-7.739260505528642309e-01 -4.373954182503005383e-01
5.077438144112164098e-01 -3.381707189518090573e-01
3.769286060634114421e-01 1.773684723736196067e-01
8.117220774035405206e-02 -5.654915622301414507e-02
-1.080880014293156416e-01 -1.109036512272575103e-01
1.625153190940084869e-01 -9.839122438926582725e-02
-1.236183666393124020e-01 -2.534165625541855427e-01
-1.930115709947505254e-01 -3.206950919505427988e-01
2.201212733035678992e-01 -5.419195375331619102e-01
1.274104851965785490e-01 -5.913606541271938521e-01
-1.486875589647566054e-01 2.669640066695043168e-01
-2.459417357025224862e-02 -2.621859899890748302e-01
-1.175297551572039856e-01 -5.949500042984956494e-01
-1.580807955530242892e-01 -2.921435616967159032e-01
-3.467675111167016211e-01 -8.868516145977746179e-01
5.868287372505863464e-02 5.018787049741604278e-01
-5.778679928857977099e-01 -2.530385299664709708e-01
5.246691585860493445e-01 2.964413849814187540e-01
-3.630368383901268481e-01 9.043702274419959108e-01
1.616826435975566301e-01 6.609897702414363474e-01
-1.776080216732302819e-01 -3.367044259370943760e-01
-9.092249678930179602e-03 4.574026557255996689e-03
-2.151691427123604561e-01 2.872588383575480631e-01
-2.882192432707487706e-01 8.886857760482601565e-01
5.929614460157197620e-01 5.544049719171854074e-01
3.902369735620349611e-01 5.448159549123053613e-02
-1.573828724327209494e-01 7.264752544516238641e-01
-7.431536277186560069e-01 -6.063565929498103690e-01
-6.634790874668894389e-01 -3.179367034967635619e-01
-3.018733055276435237e-04 5.920560238523224451e-04
-3.851838108243978986e-01 -6.234348837500408580e-01
1.242073163297827271e-01 3.665758455939316929e-01
8.218256340372361024e-02 6.125962247283974760e-01
2.172813602616277817e-01 4.014766212925585664e-01
8.152194890995766441e-01 -5.107326360704651513e-01
-5.256300828632427535e-01 -6.320336599930544974e-01
-6.149572061907196963e-01 -2.036527341930134405e-01
5.970116095235450393e-01 3.185588516967456929e-01
-1.036314829813390070e-01 -2.078522061377135466e-01
-5.041972759630396483e-01 -2.038327038887016163e-01
6.220840853514701674e-03 -1.702548491863700502e-03
2.515433812496121746e-01 9.306981256092330401e-01
3.213087699809632491e-01 -9.241939082997846500e-01
-3.843259207108699060e-01 4.384996282326488748e-01
1.508073550203768709e-01 5.780868961160743336e-01
-1.851798027382568490e-01 2.621598322508815748e-01
-3.274516521907169242e-01 -2.922021953696405383e-01
2.999929953310923381e+00 -8.373376795378913531e-05
3.361374561599207222e+00 2.628578366590720305e-01
3.166363712259954610e+00 7.844220746896574115e-01
2.410035822572581310e+00 3.675095698991850957e-01
3.623255647631458132e+00 -3.095800653727114327e-01
3.363138630351925507e+00 1.253946187449183347e-01
2.990768942892923388e+00 -8.665266761108422755e-02
2.921889340811390401e+00 2.771758279247598655e-01
2.568013250760087463e+00 1.059576823727350486e-01
3.328552367618053953e+00 8.029166789102698543e-02
3.271798675273957624e+00 -1.105335977024786698e-01
2.487008859465805521e+00 -4.788169393949182062e-01
3.342839055949650362e+00 5.549836864270631942e-01
2.171014602586573972e+00 3.958797569578721975e-01
2.985418675104027919e+00 -1.460692846063527395e-01
3.036221403642121786e+00 -3.058344673531887201e-02
2.699723098282635458e+00 -4.833912540217998044e-02
3.766712183137101544e+00 -2.160767296246881575e-01
3.117268442258844807e+00 -8.600142692494679997e-01
3.429864806713913250e+00 7.925510187801869735e-03
2.915547030639027870e+00 4.137349574097509697e-01
2.991859626701669050e+00 -4.388540039081049310e-02
2.898916487471367542e+00 3.383278701680421663e-01
3.083809032142439843e+00 -1.797858455414551998e-02
2.074838703945780960e+00 2.649082233628506367e-01
2.974766558985960430e+00 -1.252093478085646722e-02
2.499800426225641470e+00 6.040864407459799468e-01
2.894807743045907156e+00 1.986772470258351964e-01
3.826169390172555307e+00 -1.608524069661976252e-01
3.448020376407397336e+00 5.552456626879097579e-01
3.282284199092685650e+00 -8.370461589253926915e-01
3.112579287725690591e+00 3.530671896054305980e-01
3.225789417438079010e+00 2.180611376483174157e-01
3.577331288351525806e+00 1.883638022393412104e-01
3.131193716929827175e+00 4.629847536365654798e-02
2.967564305178429507e+00 -6.084556401262005039e-03
3.488275145712642189e+00 6.625402337917638551e-01
2.374015796727363181e+00 -5.315120099155235672e-02
3.448889046877961828e+00 -1.147915711640003222e-01
3.902671431285663850e+00 -2.396429842631017382e-01
2.694492987466244660e+00 4.075164093711674748e-03
2.967147775110686947e+00 -3.926854045189637210e-02
3.323504646598305357e+00 -7.327225388929718974e-01
2.980301456456005305e+00 5.715766602473668773e-02
3.075630953738701656e+00 4.564000626528628701e-01
3.486180721280605077e+00 7.057630824424053761e-01
2.079371241909718560e+00 -1.027502764348734443e-01
3.097258815296381140e+00 -2.124541384001598920e-01
2.975823718369068782e+00 -4.457234329699513165e-01
2.353695349979229245e+00 -2.773938967954988830e-02
