-0.4646 -0.2391 0.1900
-0.0030 -0.0238 0.0018
0.0023 -0.3652 -0.2168
-0.0962 -0.0604 -0.1055
0.0011 0.0146 0.0205
0.0762 -0.1173 -0.1187
-0.4761 -0.1588 0.7450
-0.4200 0.3487 0.5201
-0.0087 0.0007 0.1922
0.0693 -0.3019 -0.5882
-0.1482 0.1096 0.0395
-0.2207 -1.6822 -0.3696
-0.0098 0.0189 -0.0038
-0.0685 -0.0059 0.4316
0.5141 -0.1710 -0.2950
-0.0050 0.0225 -0.4718
-0.5186 -0.2599 0.1151
-0.0057 0.8466 0.4865
0.0190 -0.1614 -0.2955
0.2982 -0.5424 -2.1700
0.1946 0.1010 0.5280
0.2664 0.1028 0.2693
-0.3305 -0.0800 -0.9028
-0.5359 0.3626 -2.0820
0.0198 0.0111 -0.0068
0.1720 0.4717 0.0673
0.8383 -0.1928 -0.1858
-0.3240 0.0721 -0.5729
-0.1682 0.1634 0.5405
-0.0921 -0.0631 -0.6105
0.1186 -0.0073 1.0274
-0.0104 -0.0836 0.1169
-0.5612 0.6745 -0.3429
0.4881 -0.2545 -0.2838
-0.0479 -0.0345 -0.0673
-0.0605 0.4282 -0.4663
0.5646 0.1968 -0.4389
0.1515 0.4484 -0.4299
-0.0262 -0.0175 0.0225
0.0131 0.2160 -0.7657
0.8532 1.5204 0.7514
-0.3914 -0.0528 0.8129
0.1101 -0.1804 -0.0367
0.5028 -2.2325 0.7942
0.3003 0.0138 -0.9206
0.0079 0.0322 0.7133
-0.0222 -0.0228 -0.0107
-0.3000 -1.1171 0.6231
-0.0420 0.1820 -0.2354
0.3102 -1.1554 0.3209
0.0734 0.0723 0.3272
0.7026 -0.0949 -1.2056
-0.2185 0.4522 -0.2021
0.0666 -0.0010 -0.0355
0.0636 0.0382 -0.2852
-0.0596 -0.0597 -1.0891
0.0502 0.5272 -0.3236
0.0020 -0.0025 0.0049
-0.0004 -0.0452 -0.0411
0.0296 -0.0012 -0.0222
0.2057 0.2609 0.6161
-0.1354 0.6711 0.3477
-0.0821 0.1725 0.4383
-0.5539 -0.8095 -0.4750
-0.0858 0.7270 0.5318
0.0248 0.0086 0.7740
-0.2607 -0.0166 1.0950
0.0004 -0.0004 -0.0016
-0.0121 0.1266 0.2256
-0.0129 -0.0230 -0.9234
0.1247 -0.7265 0.5033
-0.3388 0.0150 0.4215
-0.1887 0.0583 -0.0398
0.2035 0.8221 0.4714
0.0011 -0.0001 0.0063
0.0074 0.0857 0.1400
1.3854 1.6218 0.3927
0.0108 -0.0678 0.4282
0.0061 0.2222 0.1070
0.0099 0.0397 -0.0141
-0.1018 0.0908 0.8346
0.5227 0.2301 0.7788
0.2797 -1.7351 -0.4051
-0.1381 -0.0545 0.2350
-0.0855 0.0021 -0.1163
-0.0169 0.0883 0.1282
-0.0926 0.0738 -0.7717
-0.1554 -0.1749 -0.2200
0.4049 -0.4223 -0.2452
-0.0023 -0.4296 0.4247
-0.0022 -0.0184 -0.0207
0.8348 0.1128 0.3778
0.0013 0.0508 -0.4110
0.0029 -0.0038 -0.4236
-0.5429 -0.1900 -0.4129
0.1940 0.0956 0.4589
0.1908 -0.1761 -0.6617
0.3308 0.0729 0.6634
0.1230 0.1709 0.2704
-0.3018 -0.4770 -0.0346
-0.8775 0.9508 -0.5649
-0.1015 0.4176 0.2666
0.0485 0.7001 -0.1006
-0.0077 -0.4003 0.0927
-0.2503 -0.0481 0.2123
-0.2733 -0.4864 0.7720
-0.3480 -0.1942 -0.3838
-0.4174 0.5438 0.5707
-0.1034 -0.0328 -0.3927
0.6899 0.0595 0.0383
0.0775 -0.3052 -0.4804
0.0891 0.0362 0.2188
0.1662 0.0127 0.5057
-0.3254 -0.3007 0.2075
0.0298 0.1094 0.5281
0.0245 0.2148 0.2616
0.3556 0.5051 -0.3694
-0.0220 -0.0110 -0.0538
0.3935 0.1070 -0.3270
0.0510 -0.0241 0.0126
0.2369 -0.5015 -0.3870
-0.0628 0.1791 0.1576
-0.4294 0.7897 0.1775
0.0003 0.0057 -0.1290
0.7241 -0.6204 -1.5440
0.6714 -0.3268 -0.4114
0.5061 0.3818 -0.0985
-0.1085 -0.3095 0.5511
-0.0112 0.0003 0.0095
-0.2324 -0.0846 0.5876
0.0527 0.0396 -0.1322
0.2603 0.1886 -0.0551
0.2897 0.0073 0.1618
-0.0079 -0.0482 -0.7486
0.3849 -0.1792 -2.3275
-0.3697 -0.2816 0.6002
0.2122 -0.1821 -0.1198
-0.1076 -0.7552 0.2310
0.0101 0.3205 -0.5973
0.1103 0.9025 0.2504
-0.0887 -0.5162 -0.7266
0.3805 -0.3675 0.0263
-0.5374 0.7594 0.3491
-0.2682 -0.3973 0.6658
-1.1044 -1.2309 -1.2989
-0.2697 -0.1938 0.4022
0.1611 -0.1097 -0.0100
0.4563 -0.8360 0.0723
0.7367 -0.7444 1.4241
0.3099 -0.4222 0.7854
2.1037 0.1707 -1.5740
0.0513 0.1411 -0.2212
-0.2148 0.6607 0.6261
-1.7088 -1.5569 -0.6551
0.0523 0.0075 0.0655
-0.0855 0.0311 0.0997
0.0221 0.0118 -0.2381
0.5753 -0.0046 -0.1281
0.0450 -0.0214 -0.7129
1.8278 1.6927 0.8099
0.9292 -0.1222 -2.0320
0.1891 0.1963 0.0109
0.7711 -0.2526 0.3431
0.8178 0.2408 0.1087
0.3823 0.1282 0.3695
-0.7120 -0.7765 -0.0782
-0.2164 -0.6492 1.7143
-0.4413 -0.3036 -0.5692
0.0925 0.0810 -0.0415
0.0516 0.1076 -0.0056
0.3295 0.0908 -0.8315
0.0712 -0.3514 -0.4409
0.6530 0.5561 -1.4332
-0.2511 -0.3873 -0.4795
-0.1628 -0.2309 -0.0094
-0.3313 -0.0646 -0.0972
-0.0949 -0.0165 0.7103
0.3628 -1.7880 -1.6192
-0.5328 -0.5240 2.1080
-0.0072 -0.0134 -0.0074
-0.1597 -0.5037 0.7294
0.1171 0.0059 -0.4556
-0.3903 0.4084 -0.2025
0.0194 -0.0219 -0.1359
0.0620 -0.0510 -0.1981
-0.6048 -0.1268 -0.2257
0.0312 -0.0002 -0.3308
-0.0203 -0.1134 0.3063
0.1771 0.0473 0.0011
0.0360 -0.0116 0.1023
0.1171 0.0252 -0.7556
0.5801 0.5230 -0.1767
0.0054 -0.0074 0.7390
-0.0252 -0.0016 -0.2084
-0.1819 -0.0843 -0.1117
0.2019 -0.1900 -0.1427
0.1291 -0.5012 -0.2235
-0.4381 0.3125 0.0296
-0.6883 1.6943 -1.8773
-0.1485 0.1845 0.1279
-0.1214 0.2719 -0.0574
-0.7773 0.4959 0.2842
0.6098 -0.2081 0.4220
0.1795 -0.8752 0.5948
0.0724 0.1374 0.7465
0.2775 -0.2561 -0.6248
-0.3145 0.1323 -0.0983
-0.3191 0.5766 0.0547
0.0934 -0.1246 -0.1573
0.9325 -0.1750 -2.5043
-0.1901 -0.1277 0.4861
-0.1960 0.3575 -0.6678
0.2112 0.4941 -0.7800
0.1386 0.0984 -0.3449
-0.6165 -0.4235 -0.2237
0.0038 0.0055 0.0112
-1.1406 0.5079 0.9021
-0.3658 0.5814 -0.4663
0.4368 -0.4471 0.5451
-0.2011 0.2150 0.0066
1.8655 -0.4025 1.7857
-0.0128 -0.1898 0.3309
-0.3332 -0.0295 0.2754
-0.7048 0.2247 -0.1554
-0.0075 0.0840 -0.1305
-0.0116 0.0243 -0.0668
0.0200 -0.0059 -0.0325
0.3978 -0.6841 -0.4162
0.0229 -0.0380 -0.3879
0.0240 -0.0022 0.1296
0.1939 -0.1913 0.0675
0.0122 -0.2737 -0.9158
0.0076 0.0181 -0.0758
-0.1757 -0.2084 0.0887
0.0214 0.0067 0.1291
-0.4360 0.6785 0.5350
0.2911 0.5450 1.3532
0.0300 -0.1050 -0.5917
0.3316 -0.1858 -0.6442
-0.0677 0.8204 -0.2110
0.0137 -0.0169 -0.3913
-0.2070 0.2663 0.0712
1.1135 0.5666 1.8540
1.2490 -1.7512 0.8496
0.1495 0.0596 -0.2083
-0.1445 -0.1724 0.6874
-0.4529 -0.2391 -0.3729
-0.0799 0.2172 -0.6312
0.0430 0.1225 -0.0993
-0.1827 0.1282 0.4957
-0.0227 -0.0890 0.2938
0.1494 -2.6173 -0.0502
0.2585 0.1485 -0.4739
0.0467 -0.5103 -0.4093
0.1462 0.3287 0.3575
0.0157 0.0059 0.0542
0.1444 0.3810 -1.0133
-0.0160 0.0055 0.3399
-0.2073 0.4747 0.3356
0.0515 -0.0114 -0.4708
-0.7389 1.0502 -0.2017
0.3793 0.4909 -0.2954
-0.3143 0.2111 -0.0321
-0.1230 -0.2108 -0.0400
0.1074 -0.7316 0.3151
-0.1875 -0.4116 0.2749
0.1320 -0.0609 0.2865
-0.4438 -0.2311 -0.8036
0.0354 0.1638 -0.3174
-0.2255 -0.5795 0.0418
0.1176 0.0028 0.0459
-0.3804 0.3191 -0.0486
-0.0935 -0.1277 -0.1205
-0.2834 -0.2308 0.3568
-0.2396 -0.5106 -0.2209
-0.2940 1.6206 -0.6749
-0.4448 0.3391 -0.4591
0.0031 0.0787 -0.0278
-0.2488 0.2897 -0.4083
-0.1098 -0.1282 -0.0841
0.2352 0.4318 0.4585
0.2723 -0.1326 -0.3794
0.0645 -0.0094 -0.0189
0.8156 0.4034 -0.3868
0.4133 0.8615 -0.1431
0.0005 -0.0431 0.0153
-0.8528 0.7030 0.9319
0.0251 0.0721 0.0974
1.2881 1.1564 -0.2824
0.1010 0.0199 0.1252
0.0004 -0.1429 -0.0972
-0.5125 -0.3303 -0.4342
0.0047 -0.0968 0.0921
-0.0001 -0.0001 0.4356
0.0713 -0.0914 0.9901
0.3578 0.2001 0.6997
-0.6937 0.3146 -0.3656
1.6711 -0.7232 0.5852
-0.5799 -0.6698 0.4387
-0.1147 0.0279 -0.2470
0.1869 -0.1549 -0.8389
-0.6578 -0.9410 -0.3723
0.1220 -0.1673 -0.2375
1.0171 1.8615 -0.4823
0.7419 0.0649 1.2286
-0.5711 -0.3051 1.4005
-0.0857 0.5992 -0.7126
0.1092 -0.0622 -0.2761
-0.4190 -0.4340 0.7694
-0.2438 -0.2583 0.2916
0.2197 -0.2683 -0.6938
0.0510 -0.0822 -0.0749
-0.2710 -0.0527 0.3641
0.2203 0.0575 0.1503
0.0727 -0.4097 0.5302
-0.0020 -0.0673 -0.1445
0.0002 0.0011 0.0085
0.1850 -0.2380 -0.5812
0.2355 -0.3293 0.8176
-0.0005 -0.2252 -0.3071
0.2781 -0.1376 0.6545
-0.0002 0.0004 -0.0037
0.8006 -0.7485 -0.7007
0.0891 -0.4464 0.2191
0.4189 0.3571 -0.3684
0.0167 0.0337 -0.0462
0.0266 -0.0768 -0.0503
0.5362 0.5675 0.1638
1.7675 0.5184 -0.1513
-0.0687 0.2778 -0.6986
-0.0068 0.2159 1.3062
0.6732 0.3619 0.5153
0.1529 -0.1070 -0.1795
0.5135 -0.0727 0.4334
-0.0274 0.0077 0.5833
0.3013 -0.1125 -0.1042
-0.0571 -0.0318 0.0504
0.1310 0.0357 -0.0909
-0.0014 0.0012 0.0036
0.0264 0.2548 -0.5062
0.6520 -0.2561 -0.2816
-0.1015 0.1378 -0.0652
0.0622 0.0331 0.4079
0.0161 -0.0696 -0.1617
0.0659 0.1057 0.8322
-1.3754 -0.2740 0.4317
-0.0626 0.0702 -2.0555
-0.0131 -0.0269 0.2454
-0.1043 -0.6798 0.3892
2.0165 -0.7992 -0.9764
0.9020 -0.5968 0.9900
0.2146 1.9328 -0.0946
0.0549 0.8129 -0.0335
0.0426 0.0267 0.0336
-0.2537 -0.3818 0.5091
-0.2327 -0.1478 -0.2201
-0.0800 -0.0599 0.2097
0.2955 0.9099 -1.1043
0.0043 0.3230 -0.6498
0.0631 -0.0235 0.0836
-0.0032 -0.0882 -0.0653
0.0361 -0.3519 0.5437
-0.0185 -0.1060 -0.0582
0.0249 -0.0699 0.0121
0.3694 0.1905 -0.6708
-0.5534 -0.2458 -0.0064
-0.0460 0.2513 0.7987
0.0020 0.0101 -0.0156
0.0955 -0.0240 0.0051
0.1989 -0.0055 0.1177
0.1991 -0.1105 0.0415
-0.0657 0.1079 0.1271
-0.0311 0.6361 -0.1074
0.2678 -0.3138 0.3840
-0.4118 0.0347 -0.5346
0.0009 -0.0027 -0.0525
-1.3365 0.0222 0.0776
-0.0002 0.0059 0.8626
0.0485 0.0382 0.4010
0.0325 0.2439 0.7384
0.3707 -0.1140 -0.6159
-0.0615 -0.4407 0.3422
-0.1328 0.3735 -0.1422
0.2335 0.7540 -0.7068
-0.0084 -0.0922 0.0475
-0.4338 0.4868 0.0809
0.3333 -0.5097 0.4128
-0.0163 0.0032 0.1109
0.1848 -0.9370 1.6434
0.0151 -0.2745 -0.3805
-0.5176 0.3327 0.3489
0.7852 0.5530 -0.5271
0.1671 0.4463 -0.3210
0.0578 -0.0145 0.0154
0.0023 -0.0058 -0.0470
0.2752 0.3427 2.3910
-0.0171 0.1006 -0.5537
-0.6212 -0.5628 -0.4615
0.4152 0.2035 0.6095
0.2800 0.0180 -0.1416
0.1990 0.0138 0.3892
0.0310 -0.0933 0.2395
0.2652 0.3069 -0.0283
-0.0863 -0.0781 0.2533
-0.3146 -0.3438 0.0060
0.0606 -0.0471 -0.9150
0.4844 -1.5436 1.5845
-0.1161 0.1044 0.4547
0.4382 0.1408 0.8297
1.8358 -0.6165 -0.0468
0.0199 0.0417 0.1006
-0.0601 -0.0887 -0.6663
-0.0078 0.0326 0.4677
-0.1840 -0.1527 0.1125
-0.0312 -0.0196 0.0514
-0.5658 0.0444 -0.4420
0.6911 0.0811 -0.4874
0.6792 0.1030 -0.0778
-0.1799 -0.0766 -0.4446
-0.5869 -0.3795 0.3169
0.1662 -0.7869 0.1980
-0.7431 0.0814 -0.0608
0.3957 -0.0523 -0.5301
0.1512 -0.1649 -0.1181
0.2856 -0.2025 -0.4131
0.0106 0.0733 0.0422
0.4821 -0.6779 0.3361
0.1079 -0.0505 -0.9260
0.1603 1.9288 0.0931
-0.6817 -0.2318 0.1772
-0.4981 0.0495 0.5246
0.1101 0.6143 0.1921
0.2603 -0.1786 -0.2002
0.1068 -0.5948 -0.6898
0.3952 0.2659 -0.5355
-0.6406 0.3174 -0.5744
-0.0029 -0.0488 -0.0036
-0.4681 0.7207 0.1798
-0.0094 0.0002 0.0113
-0.0133 -0.0323 -0.0331
0.0485 0.0170 -0.8822
-0.5838 0.1194 -0.5972
0.3159 -0.2272 0.0868
-0.0010 -0.0064 0.9212
-0.5544 0.6076 -0.4718
-0.2613 -0.2322 0.0962
-0.3490 -0.0626 0.6466
0.8093 -0.4638 2.2328
0.5098 0.1990 -1.5192
-0.1814 0.2475 -0.0571
-0.0006 0.0032 -0.0035
0.1299 0.0435 0.3189
-0.1496 -0.0261 -1.3457
-0.2444 -0.3947 -0.4674
0.1650 0.0933 -0.5296
-0.0871 -0.0691 -1.6446
-0.4179 -0.1377 -0.5318
0.0200 -0.0970 -0.0497
-0.7676 -1.1721 0.8902
0.0000 0.0055 -0.0332
-0.1992 -0.4992 -0.3748
-0.0036 -0.0034 -0.0053
-0.4696 -0.1461 0.6595
-0.3996 -0.3443 0.9298
-0.2167 0.4466 -0.3323
-0.0502 -0.1484 -0.6199
-0.0183 -0.0086 -0.3244
-0.6177 -0.0847 -0.0965
0.0110 -0.1254 0.1769
0.5158 -0.2907 -0.5505
-0.2585 -0.4994 1.0787
-0.6496 0.0028 0.5932
0.2027 0.0624 -0.6327
-0.3537 0.0130 0.5191
-0.1102 0.2480 -0.2094
0.5801 0.5164 -0.1435
-1.0012 -1.7711 -1.0410
-0.2918 0.1314 -0.8282
-0.0047 0.0774 -0.0706
0.2047 -0.8974 -0.0400
1.2349 0.4018 -0.3642
0.0050 -0.0038 0.0354
0.8484 -0.3743 0.3582
0.3762 -0.3781 0.1188
0.7813 -1.5175 -0.1293
-0.6509 -0.0183 -0.4439
-0.0646 0.3111 0.0975
-0.1514 0.0451 0.0153
-0.1154 0.6193 -0.0893
0.2745 -0.6517 0.1953
-0.5962 -0.5970 -0.9940
-0.5010 0.7769 0.0178
0.2047 0.1333 -0.3161
-0.0547 -0.2272 0.7740
-0.0282 -0.1177 0.6842
-0.7654 -0.5445 -0.0916
-0.0039 0.0065 0.0513
0.0180 -0.0012 0.8793
0.0787 -0.5975 0.5277
0.3177 -0.6647 0.0629
