-0.1829 0.2059
1.3561 -3.6759
-0.2031 -0.4844
0.0306 -0.3791
-0.3864 0.3884
0.1030 0.6671
0.7760 -0.0651
0.2439 0.1578
0.1802 -0.1889
0.6574 -0.1880
0.6011 0.2704
-0.4640 -0.5581
0.3850 -0.0839
-0.2388 -0.1615
0.9633 0.1601
0.1904 -0.1510
-0.2477 0.3093
-0.0757 -0.2390
0.3827 0.5544
0.1106 -0.3237
-0.3825 -0.5131
-0.1087 0.0214
-0.0287 -0.1094
-0.3627 0.4280
2.1895 -2.2571
-0.2665 -0.3441
-0.0085 -0.2927
-0.0213 -0.0277
0.2551 -0.3220
-0.1958 -0.1414
-0.1196 -0.2639
2.7998 -0.6262
0.0422 -0.4116
1.0651 -1.6254
-0.3681 -0.7186
1.1312 3.9613
-0.0039 0.0668
-0.0312 -0.2189
0.1416 0.0392
0.6155 -0.3360
0.1257 -0.4606
-0.1222 0.1158
-0.4622 0.0188
-0.0830 -0.0512
0.5184 -0.0846
0.0392 -0.8007
-0.1935 -0.4044
-0.1379 -0.1217
-0.1221 -0.1796
-0.0209 0.0977
5.1984 0.4766
5.9443 2.2202
6.6341 -2.5854
4.6871 -0.5722
4.1785 -0.5668
4.4727 -0.0070
4.8987 0.0402
4.7192 -0.1266
4.6581 0.1928
4.9208 0.1510
4.9040 0.0250
4.5124 -0.0610
5.8707 0.1541
4.3963 0.4140
4.8995 0.2627
5.4086 -0.1881
4.9920 -0.0996
4.9886 0.0660
5.3325 0.4466
5.1328 -0.9395
5.0629 -0.1531
5.2548 0.3135
5.4557 -0.8288
5.5429 -0.5769
4.6426 -0.1313
4.8381 -0.0890
7.0539 -1.9687
4.9667 0.0570
5.9127 -0.3834
4.1349 0.4435
4.9279 -0.0018
4.2388 0.0891
5.5089 -0.0379
4.8641 -0.2180
5.4799 -0.4057
5.7580 0.1591
8.1970 1.1995
4.7747 -0.9336
5.4173 -0.5950
5.2611 -0.7895
4.5730 -0.1610
4.4228 -0.3606
4.4474 -0.5155
5.1494 -0.0569
4.4731 0.7222
0.9488 -0.1221
5.1040 -0.0162
4.6311 -0.6676
5.0708 -0.1547
4.4371 0.1117
