-0.4016 0.6182 -0.5033
-0.0033 -0.0860 -0.1521
0.0008 0.0041 -0.0151
0.4392 0.0141 0.6697
-0.0572 0.0520 -0.1247
-0.6284 0.8922 -1.1466
0.7005 0.6523 -0.0693
-0.5013 0.1616 0.2261
0.0067 -0.1115 -0.4002
-0.0388 0.3777 0.4493
0.0267 -0.0080 -0.3055
0.6894 0.8273 0.2408
0.1286 -0.1615 0.0307
-0.0793 -0.3264 -1.3417
0.1453 0.0072 0.3337
3.2033 0.4945 1.2490
3.5849 0.5930 0.2072
3.0174 0.6353 0.3988
3.5323 0.0948 -0.0632
3.5505 0.3989 -0.4189
3.5001 0.0339 0.1296
3.1131 0.5871 0.3406
3.8218 0.0669 -0.4687
3.6211 -0.0472 0.9357
4.0451 0.4055 -0.1902
3.3711 0.4015 -0.1996
3.4622 -0.0970 -0.8349
3.5128 0.0075 -0.1172
3.8658 -0.1518 -0.4214
3.8922 0.5933 -0.6004
