0.0151 0.1814
1.5229 -2.0575
-0.7510 -0.1547
-0.4726 0.4025
-0.0824 -0.0845
0.0296 0.0987
-0.2707 0.8133
0.1303 -0.4875
0.1167 -0.5916
0.2409 -0.1100
-0.6169 -0.0377
0.6497 0.7447
0.7717 0.6031
0.4850 -0.7975
-2.4847 -2.5358
-0.1174 -0.1504
-0.0485 0.0009
3.5602 0.5699
-0.1183 -0.7964
0.9497 -0.2590
0.0112 0.1330
-0.0275 0.0616
2.1347 0.4787
0.1430 0.1721
-0.3841 0.2811
-0.9100 -0.3780
0.1228 0.0978
-0.0419 0.1582
0.6656 -2.6529
0.2570 0.3994
0.0260 0.0233
-0.4690 0.7158
0.3225 -0.3905
-0.0121 0.0162
0.0006 0.0022
-0.0741 0.0752
0.2867 -0.1534
-0.0267 0.2506
0.1297 -0.3907
0.3400 0.8367
-0.0617 -0.3488
0.1926 0.0806
-0.2765 0.2335
0.5599 0.4618
0.2012 0.2118
2.3376 2.7344
0.4836 0.0320
0.1748 0.0398
-0.5364 -0.4758
0.4997 -0.1840
-0.3053 0.2004
0.5639 0.8704
-0.0171 0.3570
-0.4090 -0.2263
-0.0672 -0.2327
-0.5222 0.4483
0.1776 0.0443
0.3322 0.0600
0.0950 0.8599
0.2857 -0.3868
0.7052 -0.1036
-0.1132 0.3895
2.1165 -2.9510
-0.7692 -0.6001
-0.2530 -0.2280
-0.1636 0.1652
-0.4207 -0.1263
-0.0612 0.1364
-0.1613 0.1668
0.8065 -0.4825
0.3403 -0.5632
-0.0173 0.0868
0.4725 0.6224
-0.1060 0.0416
-0.3710 0.5928
-0.3462 -0.0151
-0.0937 -0.0088
-0.0097 0.7112
0.0494 0.1540
-0.6332 0.6787
-0.1969 -0.6898
-1.8382 0.3127
0.7091 0.2366
-0.0565 0.2874
0.5912 -3.1381
0.5469 -0.0045
0.7393 0.3011
2.8161 -1.4930
0.3465 0.0797
0.8011 0.1265
0.7515 0.9266
0.1275 -0.2129
0.5247 0.5422
0.0393 -1.2245
-0.6204 0.2459
0.2197 -0.6915
-0.0722 0.9353
-0.1672 -0.0834
-0.2778 -0.3951
0.0449 0.5576
4.9642 0.1115
3.7718 0.2367
4.3500 -0.7185
4.5399 -0.8821
4.4333 0.1040
4.0662 0.0866
3.7143 -0.5469
4.3301 0.1086
4.7948 -0.1374
4.2452 -0.1309
3.7550 -0.6253
4.1795 -0.3714
4.3333 -0.0665
4.3520 -0.7802
5.0332 -0.5838
4.6343 0.0274
5.1923 0.2422
4.3939 -0.1259
4.5962 0.5283
4.5037 -0.7563
4.8498 -0.0268
5.1752 -0.6453
4.5905 -0.2326
4.3035 -0.4068
3.8096 0.3491
4.2073 0.9534
6.3979 -1.0853
4.5672 -0.2259
5.8827 1.0885
4.6551 -0.0504
4.5385 -0.1163
4.8482 0.2165
4.4218 0.0557
4.1196 -0.2297
4.8812 0.1060
4.3611 -0.3615
4.7075 0.0895
4.6373 0.9226
7.0377 -0.4865
4.9920 -0.7279
5.5999 1.4865
3.3846 1.2462
4.3844 0.3255
2.4082 0.3562
5.0821 -2.4875
3.9185 0.7261
4.2968 -0.9116
5.1101 -0.2058
4.4269 0.0008
4.1954 0.2657
4.1185 0.0153
3.2441 -0.1879
4.0581 -0.2729
4.4659 -0.0019
4.3752 -0.1358
6.4779 -1.4285
4.4123 -0.0931
4.4606 0.2398
4.6948 0.2554
4.6927 0.6281
4.1856 -0.0227
5.0776 -0.6152
3.8549 -0.1952
5.6739 -0.8488
5.3340 -0.4999
3.8548 0.7560
4.4505 0.0324
5.7966 -2.1262
3.7082 0.5176
4.3317 -0.2085
4.5992 0.0919
4.5282 -0.0072
3.5224 0.0043
4.0941 -0.1797
1.5720 1.9160
4.2418 0.4314
4.5051 -0.1725
6.9628 0.1267
4.9466 -0.2150
4.1853 0.3786
4.3626 -0.2066
3.9400 0.2171
3.8716 -0.0852
4.4525 0.0015
4.5149 0.0390
4.7898 -0.5942
3.5185 -0.7379
4.9689 0.6684
4.4331 -0.3841
4.0987 -0.4559
4.7532 0.0513
3.8325 -0.2370
4.5256 -0.3646
5.8512 -1.3110
4.5504 0.1229
4.7830 -0.4123
4.7671 0.2853
3.2483 -2.1422
3.1425 2.5634
4.3249 -0.0183
