-0.0758 1.3681 -0.9943
0.1771 -0.1323 0.6938
-0.1096 -0.1357 -0.0158
0.3104 0.1470 0.7658
-0.7419 0.0477 -0.3018
-0.4780 0.0363 -0.3560
-0.1180 -0.0533 -0.1460
-0.5620 0.0336 -0.7976
1.0854 0.6064 0.6828
0.1234 0.5009 0.7358
-0.8251 0.4526 -0.1889
-0.0384 -0.6550 0.6251
0.1149 -0.0189 0.1433
0.0384 0.0450 0.1235
-0.2009 0.0451 0.3208
-0.0489 0.0073 -0.4353
0.0663 -0.3046 0.3721
-0.2729 0.2916 -0.0153
0.1315 -0.2217 0.2261
0.0010 -0.0025 0.0854
0.1011 0.2490 0.2820
-0.0020 -0.0401 -0.0287
0.0094 -0.0484 0.2604
0.1212 -0.0587 0.0952
-0.0968 -0.1924 -0.6039
0.4880 -0.1833 -0.4193
-0.4551 0.2427 -0.3759
0.0173 -0.0179 0.0128
-0.3391 0.3374 -0.4666
0.0537 0.6744 0.0751
-0.0444 -0.0729 0.2872
-0.0749 -0.0390 0.3124
-0.0780 0.4598 0.8700
0.2304 -0.3504 0.0004
-0.0951 0.0560 0.7077
-0.8803 0.1978 0.3584
0.0193 -0.3828 -0.1078
-0.0734 -0.0598 -0.1647
0.0001 -0.0157 0.2990
-0.7735 0.2817 0.1195
0.1944 -0.0707 0.0471
-0.0219 -0.0530 0.3433
-0.2539 -0.2319 0.3499
-0.0793 -0.1353 -0.2776
0.1953 -0.1586 0.2769
-0.4544 0.0509 -0.3412
-0.0005 -0.0266 0.0306
0.3323 0.1467 0.8276
-0.1007 -0.8943 0.1687
0.0187 -0.1474 0.1691
0.1933 0.3188 -1.4845
-0.2552 0.1312 0.5150
-0.1447 0.1318 -0.9573
0.3723 0.0687 -0.0061
-0.0670 -0.2337 0.7066
0.6582 0.0907 -0.1711
-0.0923 -0.1111 -0.0169
0.0131 0.1104 0.0693
-0.2187 0.1019 0.1329
-0.0421 0.0615 -0.3828
-0.1105 0.0025 -0.0115
0.0563 -0.2122 -0.2954
-0.2772 -0.6727 -0.3715
-0.0232 0.0643 0.1610
-0.0038 0.0030 0.0308
-0.7121 0.7213 -0.3780
-0.0309 -0.1538 0.2151
0.0190 0.0907 0.0691
0.0299 -0.1616 0.4098
-0.0184 0.0026 0.3463
-0.0266 0.0396 0.1680
-0.0840 0.6404 -0.3494
-0.0644 -0.1142 0.2458
-0.8674 -0.9937 2.0269
0.0008 -0.0012 -0.0040
-0.3275 0.8717 -0.3279
0.0281 0.0555 0.0042
-0.0003 -0.0005 -0.0001
0.0009 0.2229 0.2433
0.3462 -0.3286 0.7572
-0.0032 -0.0159 0.2374
0.0729 0.7660 -0.0423
-0.0409 -0.0045 -0.1837
-0.3219 0.5458 0.3885
-0.5434 0.3688 0.6535
0.1122 0.5495 -0.4827
0.3409 0.5117 -0.5559
-0.0796 0.1187 0.1070
0.3658 0.0149 0.2892
0.0450 -0.6103 -0.4497
-0.0165 0.3145 0.4406
-0.0081 -0.0242 0.0063
0.1485 0.1725 -0.1420
-0.0112 0.0323 0.0583
-0.5608 0.7707 -0.2240
-0.2321 0.6972 0.0879
0.4834 -0.3332 -0.2966
-0.5797 -0.2723 -0.7448
-0.0375 -0.0478 0.3297
-0.2067 0.3483 -0.4417
