-0.2427 -0.6248
-0.4660 -1.0967
-0.3238 -0.6394
-0.3821 -0.8759
0.3269 0.1103
-0.0056 0.0021
0.3765 -0.0055
-0.6578 0.2273
0.1419 0.0903
0.0001 -0.0023
-0.2221 -0.2950
-0.2798 0.2649
-0.6187 -0.1871
-0.1287 0.3620
0.1985 0.3723
-0.7029 0.2123
0.0437 0.0238
-0.1544 -0.4177
-0.1534 0.0999
0.1137 0.1974
0.4418 -0.5616
0.0033 -0.0630
-0.2883 0.1154
0.4310 0.5459
-0.0204 -0.1012
-0.3392 -0.3364
0.2011 -0.3135
-0.4822 -0.3667
0.5020 0.3012
0.7163 -0.0999
-0.1533 -0.9625
0.4337 -0.4564
-0.4463 0.5127
0.4608 -0.2991
0.4313 -0.1051
-0.0658 -0.0350
1.0648 0.3358
-0.5363 -0.0634
0.4315 0.1683
0.2556 -0.0168
-0.9420 0.6886
-0.0901 0.0275
-0.1262 0.0557
-0.2933 0.1506
0.2078 0.6964
-0.3079 -0.8272
0.4467 -0.0259
-0.1430 0.2507
-0.5393 -0.4073
-0.1745 -0.0259
-0.1751 0.0461
0.4212 0.4633
-0.6907 0.2262
-0.1399 0.0055
0.2291 -0.5632
-0.1825 -0.1352
0.5122 0.9838
-0.0878 0.5144
1.0398 0.0898
0.9209 -0.0514
-0.2463 0.0902
0.1792 -0.0083
-0.3609 -1.1392
0.2777 -1.0718
0.3766 0.8462
0.5964 -0.9087
0.1243 0.1318
0.1626 0.5112
0.8578 0.1079
-0.3298 -0.3155
-0.8770 -0.7193
-0.1052 -0.8649
0.3246 -0.1583
0.0071 0.4670
0.0210 0.0470
-0.6113 0.4748
-1.0424 -0.3145
0.3649 -0.3416
-0.6047 -0.0182
0.1149 0.0297
-0.0863 -0.0326
0.0085 0.0245
-0.3864 0.7838
-0.2490 -0.0357
0.5611 -0.6493
0.8324 0.0187
0.0917 0.3481
0.0712 -0.1414
-0.0199 -0.0742
0.0048 -0.3561
-0.5057 0.0742
-0.4410 0.1468
-0.6239 0.6484
-0.1039 -0.9577
-0.0891 0.3325
-0.0380 0.1863
0.1009 0.4392
-0.2484 0.1445
0.0520 -0.1817
0.4727 0.5451
-0.0979 -0.4138
-0.2799 -0.3006
-0.1081 -0.1968
-0.0177 -0.0007
0.8254 -0.1126
-0.6962 0.6194
-0.0788 0.0286
0.3154 -0.5715
0.4808 1.0033
-0.4644 0.2051
0.6173 0.6411
-0.7512 -0.0909
-0.4823 0.7160
0.0230 0.0666
-0.7422 -0.3024
0.2778 0.7349
-0.1396 -0.9414
-0.0007 -0.8576
0.0019 0.1371
0.0861 -0.0288
0.6478 0.3175
-0.8212 -0.0936
-0.2364 -0.1756
-0.5819 -0.1285
-0.9695 -0.1135
0.2235 -0.5343
0.0033 0.6449
0.0072 -0.0608
-0.5858 0.5941
-0.0605 -0.1279
-0.1656 0.1348
0.0545 -0.0003
0.1607 0.2087
0.0879 0.0717
0.1067 -0.0316
0.5000 -0.4990
-0.0133 0.0317
-0.6292 -0.4496
0.1788 0.1272
-0.0649 -0.0300
-0.2812 -0.5143
0.6374 -0.3281
-0.1178 0.1740
-0.1826 0.3582
0.0798 0.0962
0.9251 0.5784
-0.6213 0.9351
-0.1672 0.4444
0.9917 0.3726
-0.1703 -0.4243
-0.6879 -0.5067
-0.5905 -0.5631
-0.2703 -0.9985
0.0302 0.4258
-0.0286 -0.0095
-0.7333 -0.5721
0.7325 -0.1833
-0.7511 0.3836
0.5267 -0.5863
0.3117 0.4474
0.7686 0.3331
0.8912 0.2534
0.2294 -0.8786
0.1065 -0.1271
0.6740 0.0784
-0.3351 -0.3108
-0.7455 0.0642
0.0122 0.0040
0.2821 0.9141
-0.0944 0.0447
-0.4685 -0.1813
-0.0275 -0.1545
-0.0431 0.1722
-0.4799 0.5328
-0.3424 0.5846
-0.4950 -0.9459
0.6084 0.7223
0.7804 0.5564
0.3393 -0.1049
-0.0254 -0.1676
-0.2873 0.7043
0.4924 -0.7552
-0.0763 -0.7709
0.3601 0.5852
0.0144 0.0533
0.0926 -0.0077
-0.0117 -0.2060
0.0845 0.9047
-0.2519 -0.2575
-1.0257 0.3531
-0.1963 1.0595
-0.1088 0.9916
0.4764 -0.9931
-0.5401 0.9218
0.3425 -0.5059
0.2907 -0.1217
-0.2889 -0.1983
-0.1341 -0.2600
-0.0197 -0.1735
-0.2023 0.4021
