-0.0216 0.5459 0.7861
-0.8098 0.1694 0.0853
-0.5590 0.6380 -0.0831
0.2783 -0.0495 -0.4552
-0.1514 -0.8649 -0.0488
-0.0414 0.6615 -0.3803
-0.0482 0.1061 0.2535
0.2877 0.4995 -0.2322
0.0282 0.0137 -0.2086
0.6803 0.3168 -0.4366
0.4206 -1.0368 0.0494
0.0834 0.2373 -0.2838
-0.0078 -0.0273 -0.1976
-0.1684 -0.0084 0.0634
0.0326 0.0027 -0.0691
-0.5008 0.7596 -0.1291
-0.0644 0.1289 0.2377
-0.4777 0.0799 0.0257
-0.0289 0.0532 -0.9066
0.1185 -0.4872 0.1419
-0.0773 -0.2818 -0.3290
-0.0098 -0.2023 -0.2381
-0.0185 0.1026 -0.3796
-0.4542 -0.7335 0.2263
0.3324 0.4041 0.0437
-0.2654 -0.1061 -0.6706
0.0952 0.3521 -0.2780
-0.0280 0.0181 -0.0180
-0.4893 0.5451 -0.6505
0.3960 -0.3598 -0.4966
