0.5362 0.2984
-0.0415 0.4147
-0.4619 -0.4445
1.2920 0.2271
-0.6714 0.0680
0.0051 -0.6702
0.2950 -0.4168
-0.3324 0.5915
-0.2728 -0.5015
0.3989 0.8006
0.4746 -0.2265
0.0622 0.2886
-0.0490 0.0208
-0.2963 -0.0467
0.2159 -0.5908
0.0111 0.9596
-0.1031 0.1910
0.1487 -0.2130
0.4552 0.4931
0.1045 0.8872
2.3515 0.0563
2.3531 -0.2105
3.2695 0.5452
3.2695 0.4942
2.8426 0.4093
1.8898 1.1404
2.5215 -0.0450
2.4889 0.0095
1.7578 -0.0522
2.5737 0.1222
2.1625 0.1253
1.6690 0.4707
2.5182 0.1136
2.6808 -0.0665
2.7952 0.2552
2.4357 0.0895
2.8062 0.2649
3.1588 0.2174
2.4391 -0.1282
2.0288 0.1118
