0.0067 -0.1061 0.2079
0.6189 0.0200 -0.6423
-0.6183 -0.1587 0.1787
-0.2851 0.6535 -0.0098
-0.0040 0.0201 0.0182
-0.4253 0.1689 0.1891
0.2298 -0.5529 -0.2163
0.3304 -0.5365 -0.1402
-0.8269 0.1797 0.4142
0.0318 -0.2051 0.2379
-0.0313 0.5018 -0.2596
0.4125 -0.0130 -0.2100
-0.2661 -0.0521 -0.2283
-0.2412 -0.3040 -0.2762
0.0357 -0.2810 0.3498
0.0420 -0.1033 0.2824
0.1342 0.4265 -0.8768
-0.3306 -0.2060 0.5872
0.1420 -0.5191 0.7734
0.4211 0.3198 0.2193
0.0208 -0.1238 0.6486
-0.7788 -0.0180 -0.5710
-0.0391 -0.0341 0.1737
0.0797 -0.3149 0.5325
0.0208 -0.0202 -0.1744
-0.6476 0.0829 -0.3181
0.3060 -0.1110 0.4802
0.0389 0.4319 0.2336
-0.0756 0.0399 -0.0933
0.0022 -0.0101 0.1261
-0.2213 -0.0622 -1.1784
-0.1407 0.0478 0.2757
-0.0004 0.0010 -0.0154
0.0053 -0.0731 0.3326
0.4580 -0.2092 0.5010
-0.7275 -0.4294 0.9897
0.0745 0.0240 0.3331
0.5436 -0.1394 0.7230
-0.0466 -0.1793 0.6300
-0.2386 0.1442 0.4988
-0.0426 -0.0320 0.7659
-1.1015 0.9905 -1.2464
-0.0912 -0.0237 0.2697
0.1436 -0.1567 0.8701
0.5353 0.0136 0.2388
0.4876 -0.1246 0.5212
-0.0244 -0.0339 -0.2449
-0.5666 0.3950 -0.6845
-0.0292 0.2286 0.0935
-0.0159 -0.4630 -0.5841
-0.0019 -0.0034 -0.0154
0.0711 -0.2046 0.3209
-0.2015 -0.7909 -0.3143
0.2880 -0.2599 -2.7749
0.0435 -0.2038 -0.8299
-0.0614 0.0402 -0.7526
0.1018 0.0933 -0.1144
0.0097 0.0224 0.7187
0.0256 -0.0176 0.1244
-0.1839 0.2527 -0.1880
0.2624 -0.0264 0.2425
0.0533 0.9734 2.2296
0.2452 -0.3357 -0.5492
0.0558 -0.1480 0.5379
0.0769 -0.0637 -0.3286
0.0580 -0.6314 -0.0296
-0.0110 0.0134 0.0226
-0.2646 0.2608 0.7259
0.0493 -0.2544 0.4571
-0.0024 0.1469 -0.0926
0.0996 0.1227 -0.3423
0.0179 0.0316 -0.3029
0.0172 -0.6155 0.6284
-0.0153 0.0309 -0.0816
-0.0126 -0.0148 0.0821
0.2994 0.1019 0.5879
0.4855 -0.0008 -0.7580
-0.4847 0.4181 0.6481
-0.0826 -0.1495 0.8631
-0.0041 -0.0160 0.9428
0.1805 -0.1134 -0.1506
0.2061 -0.4847 -0.2363
0.5355 -0.0865 0.0441
-0.2029 -0.0022 0.1821
0.2579 0.5149 0.7684
0.0040 -0.0137 -0.0656
-0.1064 -0.1490 0.2064
-0.0416 -0.0486 -0.1258
-1.9960 -1.5600 -1.2994
0.0162 -0.0559 0.1354
0.2232 0.4208 -0.1460
-0.2536 0.2128 0.1348
-0.5427 -0.0090 -0.7462
0.0244 0.1711 -0.0004
0.0338 0.3494 0.3388
-0.0221 0.0085 -0.0490
-0.1275 -0.1910 -0.4180
-0.4445 -0.2815 -0.6513
0.1751 -0.2100 0.0797
-0.0242 -0.0789 -0.4210
-0.6120 0.0920 0.4935
-0.0029 0.1093 0.1997
-0.1019 0.0292 -0.0950
-0.2704 -0.1093 -0.5455
-0.1273 -0.0188 0.0429
0.0354 0.2126 0.4387
-0.1014 -0.0067 -0.5158
0.0827 0.0484 -0.7366
0.1296 -0.5004 -0.7470
-0.2100 -0.1886 0.2632
0.1955 -0.0839 0.8669
-0.0067 -0.0160 0.0046
0.0385 0.0059 -0.0217
-0.0841 -0.0265 0.6127
-0.0628 0.2490 -0.2490
-0.0124 0.0394 -0.7016
-0.0669 -0.0551 0.0194
-0.0814 0.0081 -0.1973
0.0376 -0.1880 0.8895
-1.9069 -2.4836 1.0677
0.0084 -0.0829 -0.2671
-0.7714 0.3869 0.3192
0.0908 -0.3135 -0.4400
-0.5459 0.5052 -0.2555
-0.2953 -0.1739 0.7495
-0.0165 0.0139 0.0160
0.0060 -0.0016 0.0013
-0.2211 0.1171 -0.0267
-0.0168 0.0496 0.1529
0.1225 0.0302 -0.0766
0.1649 0.0371 -0.1113
-0.4464 0.0476 0.0250
0.0229 -0.0166 -0.6266
0.2953 -0.4547 0.2449
-0.4052 0.2224 0.6279
0.3034 -0.2491 -0.3323
-0.0761 0.0014 -0.1263
0.0642 -0.0287 -0.3128
0.1119 -0.2509 0.2443
0.0318 0.0503 0.0101
-0.2340 -0.1687 -0.6934
-0.0237 -0.0384 0.1533
0.0269 0.0286 0.0119
-0.1275 -0.1729 -0.2071
0.0811 0.0335 -0.5830
-0.0195 -0.0538 0.7718
-0.5388 0.7773 -0.2065
-0.2074 0.0189 0.0176
-0.0006 0.0003 -0.0067
0.0708 0.1183 -0.0801
0.1178 -2.0373 0.6291
0.0149 -0.0197 -0.0523
0.2502 -0.2195 -0.5118
0.4777 -0.0883 -0.1389
-0.0426 -0.0207 0.0639
-0.4078 -0.3764 -0.8136
0.0220 0.0186 -0.0744
-0.0085 0.0870 -0.0366
0.0090 0.3412 -0.7861
-0.8212 0.1810 0.0419
-0.0760 -0.0572 0.1086
-0.0007 0.0667 -0.0114
0.1215 -0.2372 0.1951
0.1411 0.1726 0.1023
-0.0015 -0.0316 0.7201
0.0065 -0.3860 0.7965
-0.2204 0.4841 0.5462
-0.6506 -0.0852 0.2037
0.0971 -0.1124 0.0509
-0.0851 0.9858 0.0641
-0.0950 0.0657 -0.6671
0.8709 -0.0408 -0.3630
-0.0742 -0.0091 -0.0371
0.2251 0.0055 3.4472
-0.0218 0.0026 0.2862
-3.3512 0.3511 -2.0122
0.0035 0.0058 0.2601
-0.0174 -0.0230 -0.1792
-0.2199 0.0604 -0.2052
-0.0023 0.0091 0.0396
-0.2362 -0.1127 0.0636
0.1494 0.0080 0.0303
0.2902 0.2621 0.1645
-0.2918 -0.2206 0.4264
-0.4040 0.2339 -0.2735
0.3245 -0.1168 -0.9187
0.2543 -0.3675 -0.6730
-0.2431 -0.7424 0.4865
0.2349 0.1445 -0.5661
-0.4702 -0.2195 0.8691
0.4724 0.7727 -0.3444
-0.0480 -0.2971 -0.3965
-0.2774 0.2407 0.3620
-0.1959 0.0491 0.1382
0.4140 0.6510 -0.5447
-0.2575 -0.1639 0.0507
-0.6467 0.1549 -0.5050
0.0877 0.1505 0.5407
0.0153 0.0343 -0.1713
0.0219 0.0092 -0.0454
0.0190 -0.0255 0.0596
-0.2700 0.3280 0.4710
-0.5195 0.5380 -0.8997
0.0036 0.0153 0.0019
0.2198 0.0195 -0.7400
0.1308 -0.3808 -0.5388
0.0018 0.0399 2.4439
-0.1994 -0.2834 0.0448
0.7615 0.2448 -1.5822
-0.2740 0.0797 -0.7383
0.0124 0.0556 -0.9567
-0.0790 -0.0700 -0.0498
-0.4457 0.1335 -0.7525
0.1024 0.0991 0.1931
0.3105 0.1002 0.0941
-0.5975 -0.0914 -0.4201
-0.0630 -0.5721 -0.8082
-0.0494 -0.0982 -0.2432
-0.6295 0.3297 0.3126
-0.2476 -0.0492 -0.5096
0.2260 0.2058 0.6482
0.0332 0.0064 0.0453
0.5443 0.5035 0.4299
-0.6110 0.0532 0.5165
-0.1039 0.0219 0.9713
-0.1494 -0.2229 -0.2609
0.7347 -0.1128 -0.3223
0.0371 -0.0720 -0.8761
1.5275 -1.0170 3.4994
0.1411 -0.1468 0.7018
-0.0019 -0.0123 -0.0157
0.4761 -0.2157 -0.6808
0.2488 0.0329 -0.6271
0.5616 0.5832 0.1026
-0.1826 -0.0964 -0.5862
-0.3711 0.3606 -0.2815
-0.0742 0.1289 0.1146
-0.1821 0.3003 -0.8399
0.1550 -0.0420 -0.2846
-0.0273 0.0361 0.2464
-0.5369 -0.0633 -0.3327
0.0086 0.0489 0.0688
0.0273 -0.0376 -0.0218
-0.0740 0.0518 0.0570
-0.2122 -0.4067 -0.0825
-0.7419 0.0004 1.5777
0.6242 -0.2418 -0.4246
0.3712 1.0133 0.5342
0.2034 0.0519 -0.3134
-0.0710 0.0992 -0.9606
5.1308 0.0517 0.1346
4.2281 -0.3656 0.4974
5.0215 0.0034 -0.9750
4.4716 -0.1311 -0.7588
5.0371 -0.0524 0.0851
5.5044 -0.1661 0.6333
4.9537 0.0634 0.2274
5.4413 -0.0311 0.5288
5.3044 -0.4223 0.6355
4.5264 -0.2339 -0.2504
5.0047 0.0492 0.0323
5.0044 0.0074 -0.3983
4.6394 0.3464 -0.5103
5.0789 -0.2310 0.0655
4.8020 -0.1461 0.3281
4.7307 -0.3855 -0.4731
4.2422 0.4310 0.0573
4.9866 0.0190 -0.0429
5.2976 0.4052 -0.1964
5.4678 -0.5591 0.5395
5.4387 -0.0376 0.1391
4.7816 -0.6926 0.4664
5.1156 -0.0532 -0.1816
4.4845 -0.8543 -0.4791
3.6419 -0.3029 2.5381
4.9748 -0.0411 -0.6700
4.7658 -0.8097 -0.2977
5.5897 0.8313 -0.5455
4.6785 -0.2939 -0.1959
4.9294 0.1856 -0.1808
5.4344 0.4004 -0.2125
4.8346 -0.3680 -0.0174
4.9677 -0.3107 -0.4657
5.0045 -0.0030 0.0120
4.7930 0.1051 -0.8774
4.6485 -0.0179 1.0108
4.1972 -0.2827 -0.4723
4.7843 -0.3775 0.0413
4.9826 -0.1936 -0.0567
5.4238 3.6461 0.6665
4.8411 -0.1642 -0.1003
4.9542 -0.1489 0.1911
4.6825 -0.2352 -0.3005
1.6243 -0.0451 -1.6292
5.0350 -0.2696 0.4369
4.6119 -0.2462 0.2305
4.8879 -0.0341 -0.9688
5.0641 0.2130 0.0769
4.9922 0.0451 -0.0264
4.9977 0.0081 0.0723
5.2862 0.4540 -0.5907
5.5860 0.0268 -0.2531
4.9999 -0.0017 0.5310
5.0660 -0.0336 0.6229
5.5083 -0.1870 0.3578
5.0001 -0.0000 0.5855
5.0741 0.0638 -0.1119
4.9412 -0.0761 0.1663
5.0867 0.4656 -0.6429
5.1271 -0.2162 -0.4486
5.1069 0.6133 -0.1008
4.9759 0.1408 0.8984
4.9999 0.0136 -0.0135
4.9227 0.0171 0.0234
4.3837 -0.7219 -0.0041
4.6149 -0.4345 -0.4749
5.0183 0.0116 -0.1325
5.0745 0.2014 -0.3909
7.0006 -1.2225 2.4574
5.0630 0.2201 0.4026
4.8131 0.0532 0.0679
4.6705 0.2874 0.7325
4.3764 0.2463 0.0932
5.0245 -0.3399 0.2727
5.1338 -0.0367 -0.6113
5.2848 -0.2507 0.5373
4.6710 -0.0203 0.4297
5.0001 0.0001 0.0073
4.7729 -0.5859 0.2301
5.0534 -0.0451 -0.0762
4.9601 -0.0190 0.0553
4.7096 0.1022 -0.1867
5.1451 0.5462 -0.6972
5.0786 -0.1408 -0.4095
4.1150 0.4521 0.7019
4.7151 -0.8713 2.6416
5.0010 -0.0009 -0.0322
5.4157 0.2708 -0.3103
4.9055 0.0750 0.7634
4.9461 0.0187 0.4169
5.0941 0.5838 -0.2422
5.0048 0.0077 0.0263
4.9426 0.0665 0.0111
5.1268 -0.0864 -0.0805
4.3554 0.0228 -0.5333
5.0506 0.0196 -0.4518
4.3606 -0.1480 -1.5263
5.1653 0.2939 0.9141
5.3113 -0.1805 0.8864
5.0004 -0.0018 -0.0048
5.1972 -0.2335 -0.7209
4.9687 -0.7420 -0.6556
5.8027 0.0496 -0.2539
4.8902 -0.0325 0.0018
4.9385 0.0453 0.7796
4.9660 -0.0502 -0.0005
4.0740 0.0052 -0.0948
4.8328 0.0794 0.2281
4.9760 0.2094 0.3248
4.9051 -0.0732 -0.3568
4.7513 0.1319 -0.0367
5.1505 -0.2237 -0.0183
4.9422 0.6116 -0.3443
4.9409 0.0498 -0.1369
4.9748 -0.0383 0.0054
5.3667 -0.6704 -1.2501
5.1217 0.0491 0.5559
7.5841 1.5033 0.1124
5.1954 -0.0962 -0.3297
5.2668 0.0794 -0.3316
4.9292 0.3511 -0.8018
5.0639 -0.3228 -0.1997
4.9150 -0.1339 -0.2952
5.0006 0.0007 0.0405
4.9933 -0.0162 -0.3210
4.7083 0.2851 0.2455
4.5246 -0.1668 -0.5289
5.0161 0.4125 0.3133
4.9513 -0.1110 -0.0168
5.1141 -0.5166 0.0123
4.8297 0.0550 -0.1924
5.0184 1.0253 -2.5967
5.0328 0.8798 0.3645
5.1303 -0.2242 -0.5703
4.3555 0.5531 0.0979
5.1278 0.1411 -0.4038
3.7387 0.2149 -0.8784
4.9988 1.0861 -1.8171
4.9369 0.0841 -0.1285
5.0034 0.0017 -0.0008
5.1488 0.0441 -0.0728
5.5450 -0.1662 0.1535
4.9043 0.1987 0.2409
4.6457 -0.4287 0.0081
4.9317 -0.1703 0.7521
5.2106 -0.0496 -0.7886
5.0410 0.0947 0.3852
5.2246 0.0163 3.3163
6.0376 0.3603 -0.6566
4.9809 -0.1691 0.1660
4.9306 -0.0908 0.5218
4.6319 -0.1815 0.2302
4.9857 -0.1143 -0.1174
4.9365 -0.0125 -0.0884
5.1330 -0.7634 0.0978
4.9034 -0.0466 0.0227
5.0946 0.1403 0.2533
5.6783 0.1699 0.6627
5.0196 0.0243 -0.1379
4.9875 -0.0013 -0.0110
4.9523 -3.1212 0.8701
3.4154 -2.1018 2.9995
7.1144 -0.4427 -0.1934
4.9888 -0.0154 0.5597
4.9702 -0.0070 -0.0357
4.9354 0.0194 0.3199
4.9551 -0.3850 -0.3539
3.8294 -1.7000 1.4363
4.8882 -0.5762 -0.1662
5.0544 0.0054 0.6817
4.9211 1.6582 -1.7027
3.7206 -1.0813 -1.6399
4.9119 0.0699 0.0407
5.4181 -0.1455 -0.2131
5.4396 0.0351 -0.3562
4.6430 0.2195 -0.0870
5.2363 -0.0157 -0.1607
5.7958 -0.0746 -0.1259
4.9617 0.0009 0.8503
5.0027 0.0132 0.0005
5.2453 0.5617 -0.0663
5.4431 1.5971 -1.1820
5.0354 0.1223 -0.2081
4.7998 -0.0180 -0.7258
5.0040 -0.0062 -0.1332
5.0612 0.1706 0.3094
4.9412 0.2344 0.9291
4.5266 -2.3535 -0.5383
5.0054 -0.0098 -0.0029
4.8905 -0.0035 0.2144
5.0371 -0.0264 -0.7299
4.5527 -0.1700 -0.8376
5.2672 0.1724 -0.4094
5.5349 0.3006 0.4074
6.8806 -0.5511 3.1077
5.1312 -0.0843 -0.3724
4.7475 0.2886 -0.0291
4.9991 0.0024 -0.0053
4.5782 -0.1382 0.6778
4.6033 -0.0391 -0.7031
5.0212 -0.7424 -0.3660
4.9978 -0.0037 0.0079
4.8815 0.4723 0.0321
4.9943 -0.0026 0.8546
5.2545 0.2937 0.5462
5.0104 0.0597 -0.6428
4.9718 0.1053 0.0265
5.0265 0.0225 0.2549
4.4703 -0.3426 -0.5195
4.7714 0.0747 0.2051
4.2532 0.5329 0.0047
5.6700 -0.0638 2.4436
5.0343 0.3754 -0.1362
5.0722 -0.4280 0.6432
5.0008 0.0234 -0.0660
4.8086 -0.1155 -0.0326
5.0151 -0.0899 -0.5713
4.0328 1.4594 2.2324
4.6076 0.2215 0.5358
4.8773 -0.0096 -0.2735
4.0960 0.1586 -0.0713
4.9397 0.1384 0.0000
4.9939 0.0806 0.3112
5.0618 0.1350 -0.1398
5.0485 0.0013 -0.1417
5.6343 0.5029 0.3411
4.8899 -0.3341 -2.0061
4.7672 0.5217 0.6286
4.5613 -0.6613 -0.3422
4.8982 0.0892 -0.0306
5.0374 0.3034 -0.0252
4.9387 -0.0354 -0.0661
4.9176 -0.2613 -0.3266
4.9127 0.0499 0.0061
5.2948 0.2480 1.6574
4.9513 0.0362 -0.3582
5.0649 -0.4557 -0.6535
4.9146 -0.1001 0.3650
5.6487 0.0225 -0.5321
5.3626 0.4762 0.0038
5.2218 0.1421 -0.1295
2.2743 0.8660 1.9129
4.7546 0.0580 -0.3104
8.5267 1.0506 1.8154
4.3020 2.7188 0.8402
4.5710 -0.5397 -0.1257
5.1088 -0.0595 0.0391
5.0188 0.0324 0.3627
5.0323 -0.0921 -0.6091
5.2218 0.1938 -0.4639
