-0.5996 0.0125
0.2304 -0.4822
0.0333 -0.3764
-1.5706 0.8892
-0.0370 0.1039
0.6419 0.3873
-0.2667 -0.6471
0.4525 -0.5970
0.0485 -0.2357
-0.6407 0.2913
0.2486 0.4285
-0.0217 0.0751
-0.1085 0.1584
-0.1617 -0.0423
-0.8790 -0.9879
-1.5684 -1.3597
0.7678 0.0414
-0.3004 -0.0918
1.9505 -1.2642
-0.0695 0.1286
-0.2262 2.3339
1.3942 0.3783
0.2981 -0.6249
-0.0061 0.0936
0.3975 -0.1376
-0.1399 -0.0265
0.1724 -0.4851
0.1311 -0.6492
0.0879 0.1331
-0.1666 -0.8598
0.5454 -0.6299
-2.2593 -0.2405
0.2960 -0.6517
-0.8398 0.2120
-0.2268 0.8182
0.5741 -0.2940
-1.9840 -0.2873
-0.1583 0.5182
-0.0327 -0.1700
-0.0655 -0.1450
0.3035 0.4163
0.2227 -0.5220
0.3497 -0.0792
-0.2423 0.1132
0.3364 -0.0597
-0.2095 -0.9216
0.1738 0.2677
0.0180 0.2887
-0.5489 -0.3024
0.2781 -0.2631
0.2042 -0.1367
0.3227 0.1766
-0.3098 0.6747
0.4819 1.3604
0.1953 -0.1028
-0.0877 -0.6960
0.3452 -0.0099
-0.3466 0.2866
0.2141 -0.3949
-0.4410 -0.2926
-0.6130 -0.0059
-0.8749 -0.3076
-0.0437 -0.2431
-0.8547 -0.0903
0.3032 0.3822
0.7954 0.0452
0.4731 -0.1619
-0.5744 -0.4090
0.1177 -0.0961
1.0767 -2.3538
0.0321 0.0023
-1.4454 1.9104
-0.1618 0.4960
0.4033 -0.1898
-0.8342 0.3152
-0.1009 -0.1662
0.1854 -0.2833
-0.5573 0.4823
-0.1171 -0.3236
0.2783 -0.0033
0.4735 0.4072
-0.2063 -0.6977
-0.0809 -0.1580
-0.2474 0.3111
0.5515 -0.8286
-0.2400 -0.2273
0.0732 0.0685
-0.1441 0.3242
0.5334 2.1580
-0.9828 -0.1041
0.0007 -0.0032
0.0932 -0.5141
-0.0440 -0.1281
-0.0182 0.1091
0.5715 -0.5666
-0.2059 0.0857
0.0512 -0.5428
-0.1797 0.0261
-0.4396 0.6054
-0.3289 0.6375
3.8799 -0.2506
2.8452 0.1939
3.5357 0.2751
2.8180 -1.1235
3.8407 0.3057
3.0239 -0.2319
3.8214 0.2796
3.0574 0.0506
4.2751 0.2053
4.0933 -0.2052
3.2079 -0.1557
2.1051 -0.1784
3.1476 -0.8342
5.6717 -0.8428
4.0815 -1.5499
3.2391 0.2704
3.3853 -0.3834
3.1325 0.1049
3.4107 0.0820
4.0619 -0.7689
3.1782 0.3621
3.9045 0.0698
3.7097 -0.6298
3.5002 -0.0011
2.5937 0.2443
3.6722 0.6581
3.1427 0.2007
3.4339 -0.4176
3.4366 -0.4265
5.7972 -0.8143
4.1465 -0.4022
3.7157 -0.3609
3.5247 0.7687
2.9925 0.0091
3.8880 0.6479
3.9077 -0.0065
3.4166 0.5015
3.1863 0.0333
3.6527 0.2848
2.7619 -0.0353
2.8894 0.6141
3.1666 -0.0742
3.5210 0.3410
3.5884 0.1596
3.3742 0.0982
3.2836 -0.1653
3.5536 0.1220
2.8459 -0.4922
3.3391 0.1420
3.2486 0.3397
3.6988 -0.3637
3.3489 -0.4896
2.8329 0.1981
3.4101 0.5687
3.7993 -0.8544
3.6633 0.2457
3.6304 0.1189
3.4883 0.0192
3.7178 -0.4607
3.0272 0.8809
2.8066 0.6837
4.2145 -0.0422
3.6433 0.3156
3.2445 0.3600
3.6227 0.1215
3.5437 0.0119
3.3288 -0.1653
4.0720 -0.2826
3.8479 -0.5971
3.5630 -0.0676
3.5276 0.0133
3.6933 0.1614
3.2819 -0.9158
4.0012 0.6823
2.8644 0.7623
3.5067 0.0626
2.7035 -0.5846
2.7242 -0.3055
3.8901 -0.7193
3.4721 0.1239
3.9595 -0.9616
3.0787 0.0237
4.3732 -0.0328
3.5397 0.0633
3.4199 -0.3373
3.3764 -0.0204
3.4042 -0.2264
3.1207 0.1045
4.7909 -0.1325
2.7344 -0.2060
4.0829 -0.2234
2.8173 -0.1075
3.4948 -0.6627
3.5852 0.0236
3.8976 0.2806
3.2512 -0.4103
2.9350 0.4576
1.3497 -0.2307
3.3058 0.4034
3.4829 -0.0453
