0.1664 0.0848 -0.6495
-0.0204 0.0303 0.1480
-0.2963 0.0110 0.1753
0.0447 0.0211 -0.0315
-0.5347 -0.3064 -0.5784
-0.6022 -0.1121 0.5663
-0.0737 0.0215 -0.7984
0.0113 0.3411 -0.0838
0.0272 0.1358 -0.0039
0.0519 0.5535 0.7642
-0.9508 -0.2683 0.0021
0.2043 -0.6702 1.2482
0.3747 0.0339 0.6738
-0.6663 0.3684 -0.6387
0.3540 0.7466 -0.4755
0.6214 -0.0929 -0.2695
0.6629 0.9571 0.7006
-0.3388 -0.0292 -0.2488
0.1600 0.4745 0.4404
0.2350 -0.0551 -0.0445
2.4903 0.0094 -0.4875
2.4970 -0.0077 -0.0325
2.8512 -0.2953 -0.0407
2.4159 0.1533 0.1150
1.6860 0.1468 0.2722
1.9720 -0.3546 0.4620
3.0746 0.3961 -0.0909
2.2280 -0.1204 -0.0378
2.6406 0.1041 -0.0536
2.5289 -0.1210 -0.0622
2.6240 -0.0397 -0.0009
2.5825 0.8346 -0.3617
2.8072 -0.4145 -0.6485
2.3042 0.2209 -0.0866
2.4898 -0.0037 0.4315
2.8245 -0.6243 -0.2249
2.5221 -0.4842 -0.3857
2.8543 0.0162 -0.0212
3.1613 -0.3371 0.2535
2.8865 -0.4624 0.1120
