0.0282 0.0932 0.1471
0.2988 0.2511 -0.3381
1.2057 -0.0852 1.4352
0.0139 -0.0000 0.0229
-0.0608 0.2635 0.4660
0.0434 -0.0723 0.5221
-0.1990 0.1578 0.7373
-0.0387 0.0787 -0.0613
0.1643 0.3450 0.7282
0.2196 0.5722 0.3021
0.0531 -0.0146 -0.0361
0.0047 0.1458 -0.9748
-0.3211 0.1163 0.4368
0.2287 0.0782 -0.1606
0.0003 0.7452 -0.0877
0.5405 0.5268 -0.5359
0.0106 0.0923 0.0797
0.2375 -0.3509 1.2962
-1.7513 0.8313 -0.3961
0.3526 0.0619 -0.6863
-0.0189 -0.0445 -0.1910
-0.0332 0.0521 -0.2190
0.2372 0.3291 -0.7202
0.9264 -0.1877 -0.1845
1.1761 -1.1335 0.6711
-0.3214 0.2833 -0.7916
-0.0308 -0.4324 -0.0755
0.0381 0.1746 -0.1330
0.2669 0.2026 -0.0459
-0.5092 -0.6209 -0.1462
