0.1363 -0.1957
-0.7910 0.4079
-0.7043 0.3301
0.0119 0.0116
-0.6869 -0.0178
0.6591 0.5467
0.9109 0.0268
-0.1906 0.2359
0.4928 0.4873
-0.7614 -0.3659
-0.0046 0.0198
-0.1921 -0.0784
0.1273 -0.0322
0.2040 -0.4367
0.4755 -0.7182
0.1460 0.1657
0.0186 -0.1739
0.8111 -0.2499
0.0265 0.4662
0.3051 0.4650
0.4778 -0.6171
-0.6170 -0.4354
0.4212 -0.5942
0.2233 0.3260
-0.3100 -0.1230
-0.0886 0.1164
-0.2433 -0.5875
-0.0855 0.1536
-0.0827 0.6118
0.9078 0.1498
-0.0190 0.8957
-0.4752 -0.8027
-0.5204 -0.3876
-0.1139 -0.1269
-0.3296 0.3285
-0.2874 0.1657
-0.3153 -0.2786
0.1616 0.0891
0.6161 0.4196
0.4230 0.0704
-0.0131 -0.1681
0.4038 -0.1954
0.3048 0.4310
-0.2944 0.3570
0.0995 0.8793
-0.3892 0.7758
0.4539 0.0460
-0.8224 0.3138
0.5524 -0.0281
-0.2623 0.2500
-0.7540 0.5239
-0.0778 -0.0184
-0.5369 0.5626
0.5398 -0.0197
-0.0283 0.0209
0.1816 -0.2220
0.0622 0.0136
-0.0678 0.4575
0.1516 -0.3984
-0.8246 -0.1314
0.1595 0.3186
0.3954 0.4656
0.3556 0.6964
0.4561 -0.1025
0.2571 0.2749
0.2704 -0.2993
0.4314 -0.0744
0.1324 -0.0069
0.0554 0.0413
0.5486 -0.4471
-0.1139 -0.0163
0.8327 -0.1673
0.0414 -0.4153
0.4171 -0.3975
0.0190 -0.2124
-0.4396 0.0242
-0.0882 -0.2381
-0.5856 0.2578
-0.0583 -0.0469
0.0148 -0.0022
-0.3229 0.2733
-0.1517 0.0416
0.1264 0.7250
0.2125 -0.2127
0.2820 0.4432
-0.0373 0.7290
0.2056 0.0659
0.0014 -0.0055
0.2410 0.0319
-0.9029 0.2599
-0.0675 0.0906
0.6382 -0.4417
-0.5802 0.8134
-0.3581 -0.0025
-0.1487 -0.0228
0.4635 -0.1856
-0.0975 0.1119
0.2611 0.3056
0.2108 0.1206
0.0918 -0.5518
-0.1680 0.2397
-0.1532 0.1949
-0.4875 0.3743
-0.1279 -0.3110
0.2305 0.8083
0.1651 0.0373
-0.6066 0.3937
0.8953 -0.0533
-0.6494 -0.1973
0.2722 -0.7812
0.2065 0.4770
-0.6194 0.6914
-0.0375 0.3651
0.6141 0.1805
0.0726 0.8977
-0.5239 0.4727
0.1028 0.6662
0.2491 0.1007
0.0008 -0.0179
0.0326 -0.1389
0.2226 -0.0961
0.4700 -0.0979
0.2928 -0.1811
-0.6690 -0.5500
-0.1935 0.6821
-0.5472 -0.1815
-0.0222 0.0100
0.0268 0.0396
0.1846 -0.1341
-0.0555 0.6345
0.7923 0.5182
0.7300 -0.6130
0.8289 -0.2268
0.5670 -0.0914
-0.1091 0.7279
0.8136 0.0287
-0.1591 0.3161
-0.6013 0.7960
0.8765 -0.0753
-0.8639 -0.4772
-0.0132 -0.8009
-0.5533 -0.7249
-0.0817 0.3143
-0.5322 0.1776
-0.0973 -0.0223
-0.0552 -0.3138
0.2611 -0.6219
-0.1194 -0.3093
-0.0450 0.0577
0.2325 0.4685
0.3162 -0.1494
0.2011 0.7021
0.6897 -0.6016
-0.1581 0.0330
-0.0047 0.0156
0.2044 0.4586
0.1133 0.5902
-0.8894 -0.2959
-0.0652 -0.0265
0.1021 -0.5218
-0.2726 0.4473
-0.3652 0.6519
-0.2330 0.2747
0.8089 -0.5110
0.1085 0.0903
0.4824 0.0457
-0.9962 0.0782
0.8431 0.1052
-0.2194 0.8932
-0.0205 0.2866
0.0827 0.0111
-0.3919 0.3706
0.3114 -0.4295
-0.1181 -0.4251
0.0505 0.4885
-0.1864 0.4493
-0.3859 0.3616
0.2645 -0.3961
-0.1074 -0.1207
0.3602 -0.0342
-0.2248 0.4189
0.0387 0.0257
-0.8109 0.3328
-0.0463 0.0021
0.2150 0.3652
-0.0055 -0.0996
-0.7199 0.4229
0.0463 0.0740
-0.1803 0.0970
-0.5818 -0.2299
0.2550 0.1435
-0.0095 -0.5676
0.3182 0.0274
-0.4862 0.3238
-0.7662 -0.1602
0.2389 -0.6404
-0.4454 -0.1659
-0.0026 0.0963
0.0789 -0.2239
-0.0615 -0.0425
-0.4141 -0.4595
-0.2469 0.7540
-0.1141 -0.2791
-0.4007 -0.0576
0.1300 0.2308
-0.1751 -0.2307
-0.0778 0.2109
0.4405 -0.0148
-0.2492 -0.0976
-0.0966 0.8883
-0.0391 0.1146
-0.6464 0.3518
-0.5444 0.1076
-0.0661 -0.2468
-0.1276 0.0238
-0.3133 0.2744
-0.0666 -0.0039
0.0321 -0.0235
0.0231 0.0625
0.7116 0.4464
-0.1309 0.8800
-0.5211 0.3686
0.0936 -0.3250
-0.0660 -0.6623
-0.0708 -0.2019
-0.7090 -0.3316
-0.1777 0.0227
-0.0643 0.4207
0.1070 0.9232
0.3076 0.4627
0.2220 0.8890
0.2253 0.6633
-0.4642 0.8043
0.9007 0.2996
-0.2987 0.2933
0.0291 -0.3077
0.3697 0.0913
0.2061 0.9524
-0.0267 -0.5161
0.3427 0.1407
0.1279 -0.4541
0.8456 0.0039
-0.1567 -0.0320
0.2591 0.2416
0.5582 -0.5492
-0.3499 -0.0513
0.1526 -0.4450
0.1744 0.0816
0.4681 0.0792
0.6120 0.5274
0.1970 0.8396
0.1250 -0.0149
-0.6516 0.0031
-0.0534 -0.4199
-0.2154 -0.0337
-0.7582 0.0355
-0.2086 -0.9316
0.6349 0.1664
0.0090 0.0351
-0.2496 -0.3955
0.8841 -0.1533
-0.4931 -0.5364
-0.0317 0.0325
-0.0183 -0.1531
0.8332 -0.1678
0.0081 -0.2253
0.1912 -0.6033
0.7297 -0.4285
-0.6558 -0.2425
0.1228 0.7322
-0.7571 -0.5928
0.6676 0.0204
0.0167 -0.0227
0.1569 0.7977
-0.5691 0.0696
-0.0597 0.0561
0.4003 -0.0413
-0.3849 0.2819
-0.0179 0.0241
-0.1807 -0.0341
0.4826 0.0566
-0.2601 0.3129
-0.1078 -0.0352
0.3625 -0.2769
0.2115 0.0607
0.0321 -0.0722
-0.4756 -0.0031
0.0825 -0.0231
0.4916 -0.8506
0.3636 0.0014
0.5363 0.4204
-0.8079 0.0774
0.3407 0.3112
0.0928 0.0370
0.4296 -0.8005
0.4761 0.3706
-0.2287 0.7051
-0.7044 -0.1503
-0.1328 0.1211
0.1868 -0.2070
-0.0705 -0.0808
-0.4080 0.8222
-0.2950 0.0143
0.5944 0.2655
0.2379 -0.3511
0.9099 0.2310
-0.2461 0.3636
-0.4098 -0.2346
-0.8000 0.1556
0.1725 -0.3917
0.5682 0.0066
0.0204 -0.5245
0.4874 0.1188
0.2673 -0.5755
-0.1569 0.7611
0.4192 0.6540
-0.0654 -0.0621
0.8095 0.1895
-0.7648 0.4172
-0.7275 -0.2764
0.5423 -0.1103
-0.0205 0.4241
-0.3739 -0.1144
0.6782 0.0063
-0.1767 0.5409
0.2590 0.2726
0.0520 0.0113
0.5996 -0.6389
-0.1522 -0.1359
0.0394 0.5458
-0.7553 -0.5258
-0.1724 0.0403
-0.4661 -0.8104
-0.3039 -0.3529
0.2005 0.9506
-0.1389 -0.0015
0.0476 0.3334
0.0120 0.0086
0.0799 -0.1129
0.1335 0.0113
-0.3935 -0.1251
0.1321 0.5016
-0.1978 -0.7638
0.0857 -0.2631
-0.0515 0.0734
0.0324 -0.2054
0.4329 0.0884
0.2231 -0.4124
-0.4678 0.1128
-0.5399 -0.2931
-0.1980 0.4890
0.7769 0.4257
0.8112 0.0417
0.6474 -0.4464
-0.3078 0.2206
-0.2475 0.2314
-0.5174 -0.7269
-0.1321 0.2244
0.0048 -0.0266
-0.2590 0.3809
0.6799 -0.4019
-0.2897 -0.1617
-0.0909 0.7623
0.4387 -0.5108
0.5838 -0.4270
-0.4738 0.6252
-0.8493 -0.1653
-0.2751 0.1945
0.2661 0.0866
0.1914 -0.2698
-0.0258 -0.4831
-0.2518 0.9610
-0.1806 -0.0856
-0.0604 0.1265
-0.0864 0.2471
0.0571 0.1970
-0.3741 -0.6131
0.4823 0.6159
0.0223 0.1647
0.3084 -0.1221
0.1891 0.6230
-0.1979 -0.3351
0.1624 -0.6281
-0.0004 0.0019
-0.8023 -0.4631
0.5083 -0.0782
0.0810 -0.8251
-0.8742 -0.4413
0.5922 0.5611
0.2979 0.0738
0.7193 0.1236
-0.4379 0.4595
-0.6169 0.5197
-0.7761 -0.5056
0.0207 -0.0176
-0.0716 -0.4949
0.5812 -0.1601
-0.0300 -0.6450
-0.0972 -0.0918
0.1813 -0.7940
-0.5082 -0.8281
0.1455 0.2059
0.3212 0.0059
-0.5703 0.0951
-0.1925 0.1464
0.4413 0.1820
0.1608 0.8602
-0.0704 -0.8024
-0.4568 -0.7803
0.5668 -0.6193
0.0275 -0.2190
-0.6923 0.2375
0.7388 -0.1420
-0.5072 -0.1859
-0.0539 0.6301
0.3670 0.1090
-0.1622 -0.0107
0.2712 -0.0959
-0.2469 -0.8424
-0.0878 0.7631
0.2981 -0.0541
-0.2258 0.7184
0.6843 -0.6363
0.5306 0.0882
0.2899 -0.6366
0.3502 0.1294
0.1004 -0.0702
-0.8219 0.0376
-0.6077 -0.2931
0.0717 0.2777
0.4636 -0.6113
-0.0844 0.0077
-0.0115 0.5159
0.0969 0.2775
0.5041 -0.2267
0.6599 0.2373
-0.0558 0.8643
-0.2093 -0.3035
0.0936 -0.2320
-0.6408 -0.5349
-0.5996 -0.3455
-0.7200 -0.1816
0.4414 -0.6885
0.0022 0.0195
-0.3163 -0.0672
-0.1017 0.4034
-0.3630 0.1233
0.8089 -0.3590
-0.7903 0.1139
0.6439 0.0375
0.3033 -0.2680
-0.0329 0.1409
-0.0596 -0.0286
-0.7897 -0.3262
-0.1368 0.3120
0.0215 -0.1252
-0.4982 -0.1347
-0.3152 0.0752
-0.5411 -0.0237
0.4270 -0.2055
-0.9591 0.1670
0.0111 -0.5592
0.3540 0.6691
0.4958 -0.2443
-0.0424 0.0678
-0.0057 0.0060
0.0190 0.1191
0.4238 0.5577
0.2911 0.0490
0.9804 0.0663
0.1843 -0.7223
0.2358 0.2175
0.1245 0.2022
-0.3223 0.3553
-0.0528 -0.0354
0.5513 0.2083
0.1928 -0.0607
0.0217 0.2294
-0.7563 0.0792
0.0128 0.0162
-0.0477 0.0590
-0.1485 -0.3795
-0.0963 -0.0595
0.0539 0.1154
-0.3400 -0.6776
0.5508 0.0029
-0.6093 -0.1558
0.0026 0.7407
0.4690 0.0400
-0.3689 0.7239
0.4901 -0.8061
-0.0684 0.0011
0.2846 0.5816
-0.8803 -0.0913
0.0949 0.0546
-0.5540 -0.7049
0.2247 0.3028
-0.0180 -0.0802
0.2853 0.5452
0.0021 0.0156
