-0.0029 -0.2689
-0.1104 0.8153
0.3673 0.0556
0.1075 -1.1325
-0.1404 0.3908
0.7219 0.1395
0.2799 0.9109
0.0682 -0.0344
0.3045 -0.4787
-0.2153 0.5537
0.4157 1.0753
-0.6502 -0.6352
0.1057 -0.2649
1.1684 -0.2585
0.0200 0.8892
0.9685 0.1049
-0.4399 0.3483
0.3246 -0.4094
0.1209 -0.2910
-0.3756 0.4233
0.0807 -0.0041
0.9313 0.0443
0.3034 -0.2540
-1.0804 0.2321
-0.0332 -0.0564
2.7847 0.0560
2.5590 -0.7439
1.9183 0.8079
1.5345 0.0630
1.0212 0.5980
1.4418 0.7029
2.4626 -0.7243
1.8773 0.2191
2.2930 -0.8325
1.8397 -0.0830
2.6436 -0.1993
2.1446 0.1674
2.3705 -0.5043
2.0549 -0.0389
1.2476 0.8697
1.9389 0.0473
2.0673 0.3537
1.9197 0.4184
2.0867 0.2873
2.1072 0.7125
3.0152 -0.0752
2.4188 -0.8040
2.1503 0.1919
2.1372 -0.2212
2.0851 0.0245
