0.0243 0.0110 0.0267
0.3654 0.1977 0.5237
-0.0633 -0.0381 -0.0736
0.2648 0.1964 -0.1392
0.0132 -0.0015 -0.8828
-0.3308 -0.1690 -0.5640
-0.0017 0.1484 0.3758
-0.0326 0.7636 0.4566
-0.0433 -0.2666 0.1871
-0.0327 0.2686 -0.3899
0.0361 0.0659 -0.0292
-0.1470 0.0919 0.5229
-1.2397 -1.0618 1.8220
-0.0110 0.0202 -0.0757
0.6963 0.5351 -1.1621
0.1759 0.1072 -0.6563
0.0041 0.0075 -0.0174
-0.0911 0.2475 -0.1928
0.0431 -0.0965 -0.0283
-0.1559 0.1683 0.0972
0.0514 -0.5923 -0.4433
0.2760 0.1314 0.1354
0.0122 0.0060 -0.0187
0.0798 -0.0276 0.8737
-0.2011 0.4111 0.2173
0.3543 0.6160 -0.5962
0.3170 0.5283 -0.2431
0.2606 0.3743 -0.6608
0.1087 0.3531 0.1869
0.0555 0.1210 -1.1330
-0.6334 -0.4147 0.0162
-0.1436 0.0434 0.3106
0.0432 0.0300 -0.2064
-0.5650 -0.3097 -0.3061
-0.0079 -0.1292 0.0143
0.5312 -1.7425 -0.4478
-1.5085 1.8093 2.5200
-0.1477 -0.3218 0.3542
-0.0901 -0.0195 0.4305
0.8564 -1.0952 -0.2297
-0.2360 -0.6393 0.3065
-0.0377 0.1413 -0.8902
0.6613 0.0623 -0.4431
-0.0170 0.0622 0.2278
-0.4074 0.8552 -0.2690
-0.0051 -0.0766 -0.1708
0.4552 0.2045 -0.1216
-0.3546 -0.1838 0.1777
0.0236 0.0036 -0.0650
0.0127 -0.0389 0.0012
-0.0870 -0.0742 -0.6987
-0.9996 0.2351 -2.7777
0.7257 -0.5441 -0.3175
0.0472 0.0671 -0.8386
-0.1446 -0.1824 -0.5917
-0.2651 -0.5430 0.0182
0.3125 -0.0980 -0.5460
-0.6790 0.2293 -0.6196
-0.0615 -0.0146 0.4214
-0.1044 0.2645 -0.0721
0.2590 -0.2935 0.1950
0.0117 -0.0266 0.0626
-0.1267 0.0255 0.1138
-0.2652 -0.7899 0.3223
-0.2802 -0.2199 0.3260
-0.2193 0.4207 -0.3247
0.0138 0.0222 -0.2011
0.2794 -0.1631 -0.1460
-0.0462 0.1791 -0.8168
0.0489 -0.0942 -0.8579
0.3364 0.0095 0.2001
-0.0936 0.0635 0.0046
-0.6388 0.4040 -0.1101
0.0012 -0.0707 0.5187
0.2128 -0.4025 0.4733
-0.0040 0.0091 -0.0273
-0.1737 0.2352 -0.5117
-0.7701 -1.8817 1.4825
-0.0329 -0.4231 0.2993
0.1699 -0.0921 0.4339
-0.0918 -0.1038 0.3990
-0.5359 -0.4164 -0.5961
-0.1093 -0.0430 0.0485
0.0268 -0.0047 0.0204
-0.0841 -0.0797 -0.0296
0.5063 -0.0601 -0.3658
2.9184 -0.7048 0.6812
-0.1901 0.1234 -0.6095
0.0828 -0.2393 -0.1766
-0.0856 -0.0685 -0.4371
0.0912 0.0744 0.8600
-0.0159 0.0042 -0.7410
-0.4705 0.1624 0.5418
-0.3492 -0.5011 2.4054
-0.0718 0.0203 0.0631
0.0150 -0.1422 -0.1553
-0.5218 0.4673 0.5414
0.4622 0.0621 0.2662
0.0033 -0.0777 0.0595
-1.9449 1.6088 -1.1545
4.8621 0.0845 0.2387
5.4647 0.1440 0.3108
5.2826 -0.5638 0.2003
4.6256 -0.0174 0.3652
5.3915 -0.7429 -0.0123
4.9631 -0.2300 -0.2099
4.9635 -0.0092 0.2162
4.9290 0.7525 0.3098
5.4278 0.2888 -0.3726
4.4814 -0.3209 -0.0878
5.0499 -0.4835 -0.1555
4.8941 -0.3402 2.5482
4.9242 -0.2182 0.2602
4.7197 -0.0730 0.2034
5.6989 -0.1158 -0.1178
4.8834 0.0252 0.0923
5.1428 0.1599 -0.7792
5.0085 -0.3693 0.5174
5.6435 -2.9917 2.2065
5.1217 0.2084 -0.6608
5.2104 0.0675 -0.2023
4.9796 0.1006 -0.0586
4.9904 -0.0108 -0.0345
4.9121 -0.2778 -0.2254
4.9259 0.2075 0.2684
5.7286 1.8775 -1.7900
5.0124 0.0297 -0.1746
5.9853 -0.8505 1.8938
5.1689 0.1824 -0.7699
5.2687 -0.1642 -0.0921
5.1989 -0.1909 -0.6978
5.2170 -0.3483 0.0784
5.0267 -0.0086 -0.1871
5.5570 -0.0833 -0.3050
5.2395 0.1447 0.3156
4.8368 -0.1960 0.8310
5.4430 -0.0588 0.3154
4.9089 0.0084 0.0161
4.8755 0.3473 0.0095
5.2878 0.3658 0.5963
5.0295 0.1464 0.2227
5.0800 -0.0021 0.0044
4.9981 0.9416 0.1615
5.0003 0.0014 -0.1278
5.5409 0.4747 2.6406
5.1618 0.2744 -0.8238
5.0645 0.0252 0.0814
5.0738 -0.6271 2.1929
4.1658 2.1609 -2.8691
4.6248 -0.0441 -0.5659
4.9090 0.0014 -0.4529
5.0659 -0.2069 0.8366
4.9132 0.3856 0.8743
5.2348 0.4312 -0.5877
5.1995 -0.1231 -0.0557
5.1113 -0.0547 0.1597
5.0000 0.2125 -0.1928
5.1321 -0.0822 -0.3677
5.8671 -0.3932 3.0881
4.6856 -0.2923 -0.6905
4.3958 -0.3155 0.3894
4.8875 -0.4923 -0.4783
4.7924 0.3870 -0.5809
4.9943 -0.0022 0.0647
4.7276 0.5611 -0.0943
4.9436 1.3125 -0.2047
5.2100 0.2437 -0.3374
5.1102 -0.0986 -0.7211
4.6600 -0.5180 -0.3399
4.8336 0.3831 -0.5562
3.2888 -2.8735 2.2622
4.7384 -0.1558 0.2589
5.0480 0.1247 0.0888
4.9835 0.1288 -0.0759
6.2795 0.7068 2.3985
5.0564 0.0353 0.2434
3.3605 -0.3691 1.8244
5.1180 0.0437 -0.1038
5.8934 -1.1746 -3.1212
5.3060 0.4199 -0.5380
4.9956 0.0271 -0.1018
4.9767 -0.6075 -0.5527
4.9095 -0.1373 0.0081
4.9432 0.0259 0.0464
3.9837 0.7176 -1.8752
4.9954 0.0089 0.0035
4.9786 -0.3500 -0.5426
1.4805 0.1146 0.3534
5.3033 0.5569 -1.1961
4.9165 0.3065 -0.2099
4.9841 -0.0953 0.0412
4.8386 -0.0483 0.5556
4.4762 -0.8494 1.3229
5.0017 -0.1414 0.8496
3.7659 1.5939 0.8424
5.0255 -0.0662 0.0625
4.7274 0.0940 -0.3093
4.8501 0.3844 1.0786
5.0578 0.3873 0.1217
5.2966 0.2193 -0.7693
