-0.0759 -0.3770 -0.1489
-0.1367 0.0445 0.1373
0.1814 0.1115 0.1295
0.0029 -0.0029 0.0069
0.4264 0.2099 -0.5607
0.4973 -0.3112 -0.1403
0.4852 -0.5844 -0.5925
-0.0401 -0.0774 0.0277
-0.3315 0.2066 -0.2294
-0.0143 0.0563 -0.2895
-0.4666 0.1724 0.5950
0.0043 0.0725 0.7069
0.0550 -0.0476 -0.0427
0.1661 -0.1168 -0.0657
-0.2836 0.3396 -0.7695
0.0117 0.0906 0.3630
-0.6738 -0.1395 -0.1899
-0.7257 0.3176 0.0567
0.4668 -0.8149 0.2183
0.1585 0.0794 0.0759
-0.0188 -0.0424 0.1154
0.1302 -0.7725 0.5827
0.0040 -0.0094 0.0952
0.1203 -0.1080 0.8070
0.0618 -0.0723 0.0379
-0.1324 -0.1133 -0.5896
0.0001 0.0002 0.0015
0.0069 -0.5931 0.7925
0.4284 -0.3384 0.2652
-0.2773 -0.0829 0.2008
-0.2187 0.0639 -0.5353
0.3809 0.0736 -0.6581
0.0065 -0.1586 0.0017
0.0931 0.0811 -0.0777
0.4236 -0.1305 -0.1196
0.0457 -0.0772 -0.0229
-0.0897 0.1129 0.0718
-0.1469 0.2275 -0.0144
-0.2943 -0.0800 0.0731
-0.4990 -0.1273 -0.1520
0.0695 -0.0014 0.5639
-0.0179 -0.0511 -0.1724
-0.0519 -0.0177 -0.4936
-0.0526 0.0529 0.0426
0.1976 0.2804 0.0918
0.7529 -0.3471 0.3469
-0.7248 0.1495 -0.3007
-0.1598 0.0646 0.2268
0.3289 -0.3738 -0.1222
0.0838 -0.0088 0.2480
-0.1158 0.1294 -0.1464
-0.2255 0.0736 0.1147
-0.1380 0.1099 -0.8288
0.0911 0.1569 0.4751
0.0704 -0.4766 0.5741
0.4566 -0.0678 -0.1313
-0.0664 -0.0304 -0.3984
0.4233 -0.6095 -0.1750
-0.7540 -0.0250 0.4899
0.1873 -0.1931 -0.3845
0.0190 -0.0399 0.4081
0.1429 0.3140 0.1466
0.0539 -0.0687 -0.0783
-0.3367 -0.1368 -0.2634
-0.1243 -0.9402 -0.2682
0.3868 0.3633 0.3449
-0.8340 -0.1045 -0.3728
-0.1953 -0.0275 -0.1267
0.0852 0.1100 0.0169
0.1193 -0.1248 0.0141
-0.3898 -0.0010 0.5280
0.0017 0.0091 0.0197
0.6771 0.1286 -0.5355
-0.8129 -0.0312 0.1382
-0.0014 0.0033 -0.0064
-0.7047 0.3590 -0.3388
0.0198 0.0134 0.0073
0.0028 0.1559 0.1619
0.0140 -0.5361 0.6496
-0.0712 0.5569 -0.5184
-0.2040 0.0529 -0.2500
-0.3460 -0.1893 0.2190
-0.1922 -0.1549 -0.1568
0.1489 -0.0480 0.9820
0.2400 -0.6814 0.0838
-0.0592 0.1865 -0.1388
-0.0988 -0.0421 0.1157
0.2939 -0.0167 0.8776
0.4437 0.3299 0.6464
-0.2104 0.1973 -0.6155
0.6000 -0.5177 0.2997
-0.0966 -0.0075 0.1384
0.0504 -0.3652 0.2302
-0.0386 -0.0372 0.0393
0.6816 0.4530 -0.3686
-0.7798 0.2274 0.2638
-0.2869 0.1700 -0.6129
-0.2000 0.7515 -0.2821
-0.5084 0.0233 -0.7175
-0.4500 0.1543 0.3271
0.1898 -0.1027 0.1138
-0.1477 0.0580 -0.2384
-0.0513 0.0114 0.6009
0.1502 0.1145 0.6010
-0.1139 0.1454 -0.1000
0.6251 0.0185 -0.4914
-0.0978 0.0674 0.3045
-0.3348 -0.1496 0.4137
-0.6444 0.0506 -0.4377
-0.0078 0.0027 -0.2079
-0.1126 -0.2041 0.4084
0.0553 -0.2450 0.1283
0.3522 0.7472 -0.1123
0.0830 -0.0636 -0.0885
0.2993 -0.0829 -0.0352
0.1134 0.0201 -0.3383
0.0346 -0.7724 -0.0612
0.1184 0.0245 -0.3162
0.4031 0.4906 -0.0841
0.4679 -0.4271 -0.1784
0.7972 0.0843 -0.5384
0.1180 -0.0168 -0.3977
-0.0008 0.0035 -0.2487
-0.1254 0.2167 -0.7468
0.6120 0.5970 0.1388
0.0079 -0.0483 -0.2634
0.7533 0.2070 -0.2871
-0.1141 0.8031 0.5350
-0.1720 -0.0793 -0.8546
-0.5070 -0.6263 -0.0995
0.2654 0.0870 -0.2397
-0.0000 0.0007 0.4459
0.0355 -0.0886 0.1595
0.1086 -0.0556 -0.0144
0.2621 -0.1607 0.6452
-0.4159 0.5328 -0.3112
-0.0100 -0.1836 0.6399
0.4769 -0.0298 0.0102
0.6312 -0.5046 0.5105
-0.4465 -0.1568 -0.0796
-0.0374 0.0147 0.1469
0.0211 0.0096 -0.1910
-0.0386 0.0018 0.5227
-0.5590 0.1877 -0.3291
0.0157 -0.1791 0.2749
0.2025 0.2864 -0.0477
-0.0736 -0.2930 0.1112
0.4954 0.1755 0.0885
-0.2403 -0.1446 0.3754
-0.0009 0.0057 0.0048
0.0102 -0.0267 0.1504
-0.3502 -0.4738 -0.7879
0.0299 0.0599 -0.6676
0.0080 -0.0001 -0.5500
0.3098 -0.2823 0.7623
-0.1429 0.4361 -0.8163
-0.5222 0.3314 -0.2790
-0.2053 0.0653 -0.8940
0.1841 -0.8396 0.4286
0.0658 0.1546 0.2237
0.5051 0.3925 0.2958
-0.1156 0.3951 -0.3217
0.0161 -0.0224 0.0918
0.8368 -0.4172 -0.0282
0.3493 0.2910 0.3146
-0.0002 0.1495 -0.0916
-0.2253 0.7732 -0.0397
-0.4659 -0.0605 0.5558
0.2213 0.1107 -0.5432
0.0739 0.1229 -0.3993
0.5072 -0.7275 -0.3720
0.0945 -0.1701 -0.1566
-0.0269 -0.3593 -0.1742
-0.4758 -0.1538 -0.5234
-0.4152 0.3988 0.6108
0.0293 0.2749 0.5720
-0.0389 -0.0178 -0.6451
0.8094 -0.1437 0.2358
0.1388 0.0803 0.1879
-0.1510 0.0233 -0.0463
0.3404 -0.1578 0.0099
0.5525 0.2827 0.6999
-0.0001 -0.0001 0.2633
-0.1222 -0.2450 0.0792
-0.0226 0.0819 -0.3154
0.0048 0.0115 0.0743
-0.1161 0.3236 -0.8269
0.2939 0.1915 -0.0922
-0.0170 -0.0127 -0.0709
0.2122 0.0545 -0.1761
0.0577 0.4002 0.4915
0.1363 0.0633 -0.4606
-0.2486 0.0105 -0.8514
0.1942 -0.3025 -0.2066
0.0073 -0.4642 0.6940
0.0450 -0.0293 0.1683
-0.0048 -0.0301 -0.9491
0.1033 0.0643 0.3115
0.1029 -0.0210 -0.0336
-0.0080 -0.2623 0.6504
-0.0077 -0.0090 0.2072
-0.3641 -0.6834 0.0431
0.7344 0.2925 -0.1912
0.2215 -0.1191 -0.9526
-0.0035 0.0657 -0.9966
-0.3125 -0.1623 0.7090
0.4986 0.5507 0.2573
-0.5125 0.3360 0.1997
-0.0683 0.6629 -0.1455
-0.2934 0.6449 0.0242
0.6265 0.0171 -0.2332
0.4386 -0.2688 -0.3038
-0.1017 0.0469 0.1253
-0.0194 -0.2161 0.1414
-0.0527 0.2295 -0.9086
0.3032 -0.0031 -0.3486
-0.2041 0.7392 -0.2138
-0.3290 -0.4705 -0.1480
0.4607 -0.6386 -0.5614
0.0602 0.0114 -0.0252
-0.7892 -0.0614 0.2776
-0.0151 -0.5927 -0.6867
0.0063 -0.0333 0.1273
-0.2544 0.0272 0.0449
-0.0639 0.0289 0.2242
0.5370 -0.0530 -0.2809
0.7422 0.1988 -0.0509
-0.1090 -0.1709 0.7108
0.1708 -0.4122 0.7744
0.9028 -0.0361 0.2140
-0.2675 0.1345 0.0151
0.4528 0.8026 0.2404
-0.2014 0.3062 -0.5220
0.0726 -0.0182 0.1003
0.3900 -0.1493 -0.3115
-0.0029 -0.0226 0.3122
0.2106 0.0324 -0.5605
0.1004 -0.4997 0.7783
0.1716 0.3902 0.1127
-0.3751 -0.4093 -0.2187
0.2362 -0.1379 -0.1467
-0.4091 0.1523 -0.1946
-0.2359 0.0095 0.0699
0.0026 0.9714 -0.2076
-0.3531 -0.1918 0.5931
-0.0231 0.0783 0.1064
0.1903 0.2072 0.1750
-0.3251 -0.0622 0.3166
0.1380 0.1393 0.0709
0.5055 0.0867 -0.0123
0.2039 -0.0887 0.6357
-0.0446 -0.1398 -0.1455
-0.3428 -0.0740 0.3507
-0.2286 0.0269 -0.8636
0.0327 0.0339 -0.0008
-0.1205 -0.0236 0.1477
-0.0284 -0.0815 -0.0356
-0.0178 0.0297 0.8179
0.0277 0.1745 0.6213
0.1066 0.2695 -0.4835
0.5234 -0.3962 -0.6742
0.1893 0.1555 -0.9429
-0.2311 -0.4469 0.0101
-0.2781 -0.1105 -0.1768
0.0016 -0.0007 0.0002
0.0848 0.1103 -0.3369
-0.0772 -0.2637 -0.7815
0.3516 0.4450 0.2098
-0.4517 0.0488 0.1471
-0.1872 -0.1484 -0.2820
0.2146 -0.4074 -0.4290
0.9124 0.1184 0.0281
-0.5622 0.8197 0.0914
0.3274 0.5925 0.6624
0.0407 -0.0066 -0.8160
-0.2638 0.0673 -0.0213
0.1800 -0.0214 0.1221
-0.0989 0.0749 0.7462
0.0225 -0.0302 -0.9464
0.8185 -0.1329 0.0394
-0.0328 -0.0497 -0.1195
0.3449 -0.7189 0.2365
0.2022 -0.4666 0.6996
-0.0895 -0.0602 -0.2095
-0.0433 -0.1748 0.3705
-0.2668 0.1585 0.1141
-0.0222 -0.0022 0.0551
-0.4190 -0.0963 0.0434
0.2680 0.3648 -0.6395
-0.1021 0.2013 -0.0522
-0.0150 0.0846 -0.0168
0.1387 -0.1002 0.0115
-0.6030 0.0698 -0.1900
0.2759 -0.8833 0.1316
0.3528 0.6825 0.3582
-0.0245 0.0169 -0.0497
0.7904 -0.2237 -0.1016
-0.2029 -0.0921 -0.0823
0.0391 0.1140 -0.0287
-0.8957 0.4258 -0.0562
0.0089 -0.0307 0.0262
-0.0421 -0.0008 -0.3619
0.1073 0.1408 -0.2334
0.2852 0.4215 0.3061
0.1474 -0.0718 0.4349
-0.0056 -0.0199 -0.6406
-0.0162 -0.3807 -0.6508
0.0011 -0.0002 0.0853
0.0203 -0.0472 0.0182
0.0158 0.0057 -0.0254
-0.8855 0.1337 -0.0327
-0.0054 -0.2133 0.0404
-0.0047 0.0009 -0.4137
0.6078 -0.0099 0.3265
-0.3720 -0.1148 0.8200
0.0708 -0.0003 -0.2679
0.5196 0.1565 -0.2632
0.0008 0.0013 0.2031
-0.0043 0.0161 0.0472
0.3503 -0.0213 -0.7987
-0.0865 0.1128 -0.4630
0.0997 0.1385 0.3663
0.0401 -0.0112 0.0252
-0.0552 -0.0799 0.2187
0.4833 -0.0893 0.8233
-0.2065 0.1220 -0.1122
0.1403 0.4521 0.2592
-0.2083 0.5615 -0.7352
0.0588 0.0900 0.6518
0.5360 -0.3360 0.7611
0.2475 -0.2497 0.2420
0.9612 0.2117 -0.1156
-0.1614 0.1679 0.2856
0.4069 0.6167 -0.2375
0.0399 0.2854 -0.1020
-0.0465 -0.2182 0.4546
-0.2705 0.1848 0.0921
-0.1758 0.2316 -0.0671
-0.5476 0.1247 -0.1044
0.5426 0.7431 0.2892
0.3340 0.0509 -0.8254
0.0624 0.0694 0.3626
-0.0260 0.3326 -0.3477
0.1265 -0.0895 -0.4468
0.1390 0.3544 0.1028
0.8190 0.1170 -0.0658
-0.5601 0.0425 -0.3517
-0.0320 0.2255 0.9167
0.8127 -0.3766 -0.0935
0.0382 -0.0064 0.1665
0.6093 0.3871 0.2280
-0.2960 0.4060 -0.2290
-0.6902 0.3711 0.1549
-0.2416 0.0791 -0.3102
0.1565 0.6641 0.0705
-0.0531 0.0435 -0.3308
0.5183 0.1362 -0.2786
-0.2374 -0.2004 0.6086
-0.0517 -0.1488 -0.5371
0.1347 0.0569 -0.1608
-0.0198 -0.0030 0.0666
0.0035 0.0014 -0.0890
-0.0350 -0.0085 0.0580
-0.0503 -0.0925 0.0069
-0.1197 0.6130 0.0138
0.0459 -0.1591 0.3992
0.1698 -0.1683 -0.8859
0.0927 0.0373 0.6361
-0.1381 0.3245 -0.0707
-0.3767 -0.2423 0.3837
-0.1587 -0.0594 -0.2195
0.0019 0.0232 -0.0928
-0.2398 -0.4332 -0.4239
0.0733 -0.0093 0.1832
-0.0324 0.0157 -0.6085
-0.0284 0.0926 -0.1060
0.3758 -0.4021 0.3188
0.6081 0.1834 0.0134
0.0344 -0.3848 -0.9163
0.1946 0.3275 -0.2895
-0.0173 -0.0481 0.1871
0.7550 -0.1016 0.1902
0.0012 -0.0296 0.0694
0.6486 0.0872 -0.7557
-0.0002 -0.0009 -0.3020
-0.0361 0.1488 0.1334
-0.3594 -0.1687 -0.4522
0.0141 -0.0108 -0.0549
0.7394 -0.4341 -0.3568
-0.6528 0.5708 -0.3034
0.1915 0.0012 -0.8736
0.0729 0.1016 -0.3836
-0.2477 0.2220 -0.5669
0.0589 -0.0666 0.7251
-0.0986 -0.0382 -0.0656
0.0246 0.0133 0.1808
-0.0317 -0.1132 0.0151
-0.8948 0.1576 -0.0099
-0.2422 0.0109 -0.1725
-0.0319 -0.0855 -0.1291
0.1545 -0.0937 0.1003
-0.0546 0.0083 -0.0030
0.1627 0.2060 -0.0490
-0.0239 -0.2295 -0.3175
-0.3221 -0.0056 -0.6275
-0.0138 0.0275 -0.9565
0.2507 0.1960 0.1730
0.2533 0.2407 -0.2484
-0.1051 -0.0810 0.5206
-0.0347 -0.1040 -0.0631
0.1868 -0.2368 0.2337
0.4610 0.4803 0.7430
-0.6813 -0.2718 0.4722
0.0081 0.0182 0.0057
0.2234 0.6978 -0.2044
0.1827 0.2598 0.5057
0.2929 -0.3040 0.1586
-0.0445 -0.0761 -0.0165
0.0022 -0.0610 0.3095
-0.0732 0.6429 -0.2816
0.0149 -0.0259 0.0170
0.0793 0.7664 0.3064
0.0437 0.0316 0.1978
0.0608 -0.0377 -0.1284
0.2164 -0.0408 -0.3595
-0.1692 -0.0562 0.0483
-0.0627 0.7337 -0.2788
0.0534 0.0263 -0.0763
-0.0272 -0.0105 0.5224
-0.3505 -0.0262 -0.3505
0.3139 -0.0290 -0.2320
0.2178 0.1050 -0.2521
0.0085 -0.0157 0.1423
0.0220 0.1289 0.4671
-0.1012 0.4820 0.0090
-0.1144 0.2054 -0.3851
0.0069 0.0269 0.0418
0.2472 -0.0696 0.0239
0.7276 0.1711 -0.6113
-0.0625 0.0851 0.9416
0.5378 0.4641 0.4300
-0.3278 0.2281 -0.5329
0.3075 -0.4651 0.3776
0.1410 0.3628 0.0637
-0.0348 0.1081 0.0947
0.0503 -0.0555 0.3231
-0.0940 0.0321 -0.1052
-0.0062 0.0135 -0.2536
-0.0498 0.0701 -0.0488
-0.1440 0.4346 -0.1315
0.0521 0.1526 -0.0395
-0.3962 0.8021 -0.3627
-0.2167 -0.1820 0.2030
-0.2328 -0.0156 -0.1142
0.1079 -0.0008 -0.0887
0.0065 -0.2848 -0.1622
0.0312 0.0132 0.0503
-0.2764 -0.1137 0.2477
-0.0803 0.0102 -0.1161
0.0849 0.0554 0.1218
-0.1904 0.0688 -0.2596
-0.1095 -0.7409 0.2621
0.7450 -0.2066 -0.6235
0.3373 -0.5208 0.5287
0.1051 -0.3369 -0.7335
0.7605 0.2267 0.3711
-0.5487 -0.4862 0.5457
0.3667 0.1589 0.8853
-0.0254 0.0153 0.1062
0.0170 0.0028 -0.0414
-0.0949 -0.0701 -0.8061
0.3457 0.0822 -0.4750
0.0702 -0.2197 0.1905
0.0431 -0.0408 0.3077
-0.1235 0.0158 -0.7869
0.4711 -0.6856 -0.1148
-0.0121 -0.0001 -0.1110
-0.2912 -0.1648 0.0257
-0.2700 0.2060 0.5955
-0.0357 0.3208 0.4111
-0.0010 0.0011 0.2100
-0.0001 -0.0234 0.1443
-0.0000 -0.0002 -0.2827
-0.0078 0.4343 0.5643
0.1226 0.0134 0.3418
0.1535 0.6660 0.2486
-0.0854 -0.0072 -0.0518
-0.4914 0.3906 -0.2718
-0.0222 -0.3799 0.4805
0.0518 -0.0509 -0.1240
-0.1604 -0.9200 0.2431
0.1866 -0.6311 -0.5432
-0.0500 -0.0237 -0.3244
-0.0332 -0.3619 0.3786
-0.0004 -0.0000 0.0004
-0.2939 -0.1048 0.4292
0.8618 0.1347 -0.2705
0.0016 -0.2554 0.1503
0.1452 0.0101 -0.3638
0.3816 -0.6258 -0.0730
