-0.0820 0.0619 -0.2487
0.0070 0.0644 0.0661
-0.1781 0.0999 -0.1005
0.1761 0.4939 0.7659
-0.5662 -0.5799 -0.2988
0.2700 -0.3164 -0.0825
-0.2323 -0.0084 0.3525
0.4500 0.9167 0.0583
-0.1756 -0.1808 0.2026
0.1627 0.3173 0.0224
-0.5142 0.6787 0.0368
0.2503 -0.2274 -0.8908
0.2171 0.3969 0.1122
0.0176 -0.0203 0.6646
-0.1717 0.0199 -0.6295
0.0592 0.2331 0.3524
-0.1283 -0.0698 -0.2164
0.3403 0.2336 0.0158
-0.0330 -0.1986 -0.0420
0.0012 -0.1077 0.1314
0.4824 -0.3682 -0.0650
0.0216 0.2130 0.0479
0.0078 0.0063 0.0084
-0.4349 -0.6450 0.2819
-0.2942 0.0821 -0.7185
2.0077 -0.8185 0.5024
1.9419 -0.0557 0.9684
2.4659 -0.4750 0.6334
2.4351 -0.4995 0.2487
1.9345 0.5997 -0.5645
2.3724 -0.5813 0.3809
2.0049 0.1312 -0.4264
1.4433 -0.3847 0.0477
1.9169 -0.4210 -0.2082
2.5471 -0.5592 0.1136
2.5649 0.0982 0.1965
2.1787 -0.1788 -0.3693
2.2866 -0.0904 -0.2938
2.3027 0.0455 0.2883
2.6520 0.3857 -0.5424
1.9796 -0.0860 -0.0416
1.9669 0.0139 -0.2252
1.6848 0.2617 0.4918
1.0342 -0.4878 -0.2494
2.0436 0.0381 0.4590
1.5996 -0.2102 0.1254
1.5882 -0.0958 0.4154
1.6076 -0.1482 -0.4728
2.4314 0.7814 0.1878
2.0877 0.0477 0.3477
