-0.5373 -0.0828 0.4987
-0.1315 0.6503 -0.4620
0.0023 0.0020 0.8989
0.0044 -0.0064 -0.3390
-0.3575 -0.1007 0.0306
-0.1971 0.1189 0.9055
-1.0849 -0.2006 -0.3831
0.1084 -0.0275 -0.0786
-0.0093 0.0044 -0.0369
-0.1974 -0.5899 -0.2495
0.0235 -0.0071 0.8211
-0.0891 0.0512 -0.7418
-0.1179 -0.0211 0.0057
0.4033 0.7432 -1.3127
-0.2100 0.3458 -0.5433
-0.1508 -0.0124 0.8280
-0.0251 0.1407 -0.0964
0.6766 -0.2865 -0.6944
-0.6672 -0.2202 -0.2244
0.0733 0.1318 0.2568
-0.2646 0.0728 -1.3840
0.0896 0.3842 -0.0516
-0.4756 -0.0203 -0.5021
-0.8916 0.6411 0.4915
0.8216 0.5519 0.0585
2.6760 -0.1369 -0.0973
2.9049 0.6769 -0.3295
1.7103 -0.1285 -0.4602
2.6046 -0.0409 0.8792
2.4620 0.0001 0.2262
2.7515 0.4812 0.0829
2.3271 0.5599 -0.2467
2.4586 0.0054 -0.0790
2.1091 -0.3597 0.0378
2.5288 0.0254 -0.0341
2.0104 0.0284 -0.1486
2.2466 -0.0418 -0.2636
2.4009 -0.3484 -0.5637
2.9198 -0.0805 0.1408
3.1041 -0.7775 0.3214
2.5055 -0.2317 -0.8413
2.6924 -0.4305 -0.1951
2.4444 -0.1103 -0.2059
2.4954 -0.0531 -0.7225
2.3926 -0.0126 -0.2007
2.7517 -0.0451 0.7268
2.5433 0.0364 0.4846
2.4856 -0.0013 0.2755
2.4917 -0.0001 -0.1485
1.6600 0.3798 0.9687
