0.5056 0.4574
0.0631 -0.0070
-0.3108 -0.5987
-0.0356 -0.5172
0.7427 -0.2596
0.6392 -0.5259
0.2073 0.4204
-0.1173 -0.1440
-0.5919 -0.8957
0.6619 0.3715
0.5559 0.7710
0.8756 0.0296
-0.2854 0.3688
0.1415 0.3574
0.3552 -0.1021
0.4052 -0.4211
0.7950 0.0967
0.6021 0.9773
-0.0155 -0.0727
-0.4315 1.0220
0.1964 -0.1736
0.3788 -0.7724
0.3157 -0.8180
0.0183 -0.3634
0.3969 0.2283
-0.5450 0.2667
0.6752 0.6110
-0.2931 0.1713
-0.0564 -0.0443
0.6569 0.1542
0.0090 0.0085
-0.1404 0.1725
0.1272 -0.1820
0.1873 0.2780
-0.5197 0.6586
-0.1460 0.0521
-0.2009 -0.3527
0.0431 -0.0059
1.0204 0.2037
-0.3515 0.1002
0.3879 -0.2189
-0.0929 -0.1696
-0.3729 0.0954
0.1368 0.5008
0.3018 0.4300
0.3495 -0.2132
0.2079 0.1015
0.2316 0.5405
0.1644 0.3669
0.6688 -0.1530
0.6117 -0.4630
-0.8620 0.3655
-0.7026 0.5329
0.0350 -0.8295
-0.6859 -0.1036
-0.0699 0.0547
0.0100 0.4049
0.0063 0.6399
-0.5320 -0.2287
-0.4781 0.8510
-0.1894 1.0522
-0.0013 0.4923
-0.2249 -1.1625
0.2645 0.1260
-0.0542 0.2713
0.0200 0.1011
0.2509 -0.7508
1.0156 0.2730
0.1562 -0.5573
0.2312 -0.9358
-0.4471 0.1856
-0.3181 -0.3541
0.5682 0.6735
-0.6580 0.5265
-0.0325 -0.0008
0.1508 -0.2267
-0.8256 -0.3432
0.1648 -0.5542
-0.7140 -0.3161
0.5029 -0.3352
0.6947 0.6283
0.0179 0.4968
0.3814 -0.6882
0.1370 -0.0267
-1.0861 -0.4857
-0.4621 -0.5828
-0.3663 0.1554
-0.3811 0.6219
0.3138 -0.9365
-0.4055 0.3972
-0.3778 -0.6069
0.2049 -0.3836
-0.4039 0.8359
0.6308 0.7699
0.0212 -0.1135
0.3162 -0.5265
1.0113 0.0418
-0.0068 0.9714
0.1533 0.2032
-0.9686 0.3157
-0.1197 -0.1126
0.0527 0.1600
-0.4005 0.2363
0.7129 0.1340
0.0034 0.0985
-0.2513 -0.7299
-0.0604 0.3402
0.5453 0.1956
-0.0688 0.1672
-0.2647 -0.1196
-0.4072 0.3642
-0.3266 -1.0718
-0.7535 0.4314
0.4362 -0.6323
0.1163 -0.5830
0.8311 0.1203
-0.1158 0.0607
-0.8154 0.2268
-0.9283 0.0297
-0.6522 -0.8651
-0.0271 -0.0023
0.9665 0.6411
-0.3851 0.8302
-0.0861 -0.1608
-0.0795 0.2039
-0.1697 -0.2929
0.2473 -0.5444
0.7552 -0.3497
-0.0546 -0.0242
-0.0010 0.0010
-0.6749 0.2756
-0.2007 0.0475
-0.1324 -0.0505
-0.8062 -0.5547
1.0421 -0.0755
-0.0778 0.0521
-0.0906 -0.9073
-0.5930 0.8142
-0.2607 0.5376
-0.1274 -0.0164
-0.1673 -0.0476
-0.1345 -0.6958
-0.0752 -0.3774
0.7498 0.6904
0.2138 -0.8436
0.0681 0.8150
-0.9723 -0.1782
-0.3163 -0.2359
-0.0699 -0.6091
0.5716 -0.1718
-0.6993 0.8838
-0.0525 -0.1013
0.0172 0.0169
-0.4649 -0.4563
0.0142 0.0399
-0.4840 -0.1531
-0.6226 0.2456
1.0441 -0.0913
-0.7606 0.3578
-0.5421 0.2495
0.7305 -0.4996
-0.2720 -0.4567
0.8471 -0.8059
0.1315 0.1837
-0.1221 0.0368
0.5588 0.7292
0.3606 0.0879
-0.1669 -0.2232
0.3930 0.1035
-0.1835 0.0705
0.6566 0.2539
-0.1312 -0.1808
-0.8103 0.3024
0.4462 0.4490
0.3736 0.4894
-0.0963 0.4647
-0.4402 0.2374
-0.8905 -0.2346
-0.0856 -0.4748
0.0110 -0.0546
-0.0777 -0.0296
1.0169 -0.2224
-0.0585 -0.0962
0.6565 0.1363
0.2362 0.1738
-0.2084 0.5972
0.6124 0.2860
-0.3011 -0.5761
0.7280 0.8801
-0.0443 -0.1026
0.2525 -0.7679
-0.1106 0.0401
0.3695 0.2690
-0.0772 -0.3674
-0.4698 -0.1181
0.5018 0.3362
0.0779 -0.5912
-0.8646 0.1679
-0.1323 0.2988
-0.0644 -0.9933
0.3841 -0.2208
-0.1523 0.0131
0.4052 0.2606
-0.6936 0.3423
-0.4871 -0.7519
0.4879 0.2395
0.5541 -0.9805
0.1811 -0.1645
-0.9109 0.1695
-0.3756 0.5321
-0.3187 0.1739
-0.2245 0.1319
-0.0193 0.0391
0.0104 0.7236
0.3121 0.0394
-0.1732 -0.1637
-0.0161 -0.1287
-0.5433 0.4716
0.0356 -0.0297
0.8582 0.2678
-0.0890 0.5504
-0.2533 0.0125
-0.5589 0.8138
-0.8699 -0.0489
-0.4474 -0.0747
-0.8174 -0.2524
-0.1308 0.0031
0.5927 -0.5542
0.6478 -0.5911
0.0813 0.5779
-0.0536 -0.1769
0.3157 0.6167
-0.1068 -1.0127
0.7860 -0.6171
0.3495 -0.5644
0.1719 -0.2253
-0.0375 0.6444
-0.6291 0.7127
0.2694 -0.3947
-0.3512 0.8049
0.5182 0.3066
0.0199 0.0041
0.7205 0.6173
-0.6540 -0.4844
0.0877 -0.2425
0.4908 0.1349
0.1565 -0.1129
-0.5138 0.3026
0.7585 -0.3998
0.0834 -1.0825
-0.4394 0.3007
-0.8212 0.3277
0.6442 0.7633
0.5018 0.1737
0.2079 -0.6499
0.8974 0.6305
-0.0105 0.5024
-0.1657 -0.3865
0.1404 0.1264
-0.6771 -0.8712
-0.2231 0.0825
-0.5850 -0.2099
-0.3070 -0.9361
0.7150 0.0091
0.8399 0.2577
0.6542 0.6926
-0.6977 0.5277
-0.0222 0.1561
0.0855 0.0859
-0.4069 0.7809
-0.6224 -0.1507
0.0370 0.0993
0.6967 -0.3834
-0.8654 -0.3986
0.8057 -0.0018
-0.1103 -0.3214
0.1443 -0.1835
-0.0313 0.0182
-0.1996 -0.0171
-0.0212 -0.0067
0.0705 0.2840
-0.2358 0.8722
0.0950 0.2681
0.1615 0.3022
-0.0066 -0.0353
0.2641 -0.6028
-0.6130 -0.8387
-1.0157 -0.5812
0.0909 -0.5860
0.6923 0.7454
0.0008 -0.0000
-0.3453 -0.2909
0.0836 0.2056
-0.2831 0.6144
-0.0664 0.2814
-0.1044 0.0803
0.1394 0.1588
0.0725 0.4204
-0.1802 0.5151
0.0558 0.0038
-0.0778 -0.2789
0.5631 0.0980
0.0868 0.3296
0.1916 -0.3561
-0.0039 -0.9820
0.5126 0.0639
0.3596 0.3859
-0.5071 0.8936
-0.2480 -0.6436
-0.0569 0.5040
0.3855 -0.3152
-0.8280 0.0719
0.9277 -0.1420
-0.5880 0.9981
0.1628 -0.1300
0.1582 -0.0412
-0.5263 0.3502
-0.5659 0.0166
-0.3535 -0.4408
-0.7330 0.5730
0.5744 -0.1576
0.8683 0.7964
-0.0472 -0.6358
0.1860 -0.8967
-0.7406 -0.3776
-0.6252 -0.2934
-0.3325 -0.4746
0.6375 -0.1553
-0.0386 -0.7747
0.4961 -0.6779
0.0711 0.8759
-0.2326 0.6854
-1.0807 -0.0894
-0.7238 -0.5290
0.2719 -1.0443
-0.0178 0.7422
0.3221 0.4584
0.5027 0.0728
0.0521 0.1109
0.1087 0.0953
-0.4114 0.7635
0.0138 -0.0152
0.1010 0.1132
-0.0695 0.1594
0.7679 -0.0935
-0.5368 0.0331
-0.4394 0.1774
0.7893 0.0005
-0.0523 -0.1016
0.1245 -0.4979
-0.3246 -0.3568
0.7179 -0.1776
-0.0477 -0.0280
0.4219 0.0621
0.4754 0.7339
1.0632 -0.3606
-0.6077 0.6125
0.0019 0.0259
-0.0883 0.1901
0.2731 -0.6838
-0.0720 0.2601
-0.1469 -1.1442
-0.4055 -0.2775
-0.8376 -0.2247
-0.3415 0.1102
0.0523 0.5799
-0.6560 -0.0289
0.0876 0.3313
-0.6790 0.1009
-0.1195 0.3297
0.0860 -0.3025
0.0180 -0.6533
-0.1329 0.0813
-0.3066 0.0482
0.3517 -0.1409
0.6185 0.8953
0.1675 -0.2049
-0.0234 -0.0640
-0.4386 -0.1041
0.8983 -0.1127
0.0731 0.2372
-0.7055 0.4447
0.3365 0.3543
0.5218 -0.2628
0.2676 0.0638
0.4508 0.1181
0.6630 0.1148
0.3854 -0.0090
0.1821 -0.0769
0.0485 -0.5703
-0.7074 0.0934
-1.0165 0.2770
0.4203 0.0964
0.4873 -0.3190
0.0470 0.0387
-0.2742 0.0485
-0.1514 -0.2075
0.2090 0.5041
0.8471 -0.2405
0.9506 -0.2547
0.2215 -0.4862
0.1820 0.0946
-0.4906 -0.5990
0.2308 -0.1362
0.0746 -0.0516
-0.5383 0.0253
-0.0836 -0.3797
0.4187 0.0640
-0.0524 0.4065
-0.0224 -0.5955
0.5911 0.1183
-0.8485 0.2115
0.0185 0.0007
0.6481 -0.4106
-0.0221 0.0066
-0.4587 0.8380
0.2932 0.2785
0.2399 0.0493
-0.2085 -0.1319
-0.6373 0.0350
0.5295 0.4686
-0.5994 0.6247
-1.0037 0.1291
0.5137 -0.0509
0.0103 0.0907
0.1799 -0.0923
0.9043 0.5591
0.1269 -0.2695
0.0575 -0.1380
0.1119 0.0809
0.3665 -0.1451
0.8331 -0.4761
-0.2818 -0.4113
0.2204 -0.8156
-0.1761 -0.1453
0.6033 -0.5262
0.0496 -0.0616
0.1320 0.0807
0.5079 -0.3739
-0.3795 0.2490
-1.0399 -0.0262
0.7860 0.0534
-0.1398 -0.4697
-0.1394 0.3353
0.7589 0.7689
-0.7403 -0.0395
-0.3621 0.0660
0.0179 -0.4559
-0.1484 0.1506
-0.1988 -0.0825
-0.0710 0.2621
0.3273 0.2255
0.5089 -0.6822
-0.9725 -0.1018
0.0398 0.1213
0.2400 -0.0171
0.2139 -0.0731
0.2779 0.4210
-0.2773 0.1753
-1.0105 0.2414
-0.0500 -0.0893
-0.0668 -0.6098
0.0838 -0.0909
-0.6335 0.4279
0.0957 -0.0309
-0.2901 -0.8944
-0.0343 0.0760
0.2340 0.0803
0.2691 -0.5878
0.4043 1.0526
0.3898 0.0893
-0.9835 0.0831
-0.2929 0.2308
0.0307 0.2140
0.9976 0.0526
-0.1458 0.0825
-0.0068 -0.0273
-0.1873 0.5922
0.0088 0.4410
-0.0025 -0.0069
0.2518 -1.1477
0.8823 0.3964
0.8837 -0.7936
0.5528 0.2942
0.1126 -0.7916
0.0601 -0.0077
-0.2162 -0.6378
0.2923 -0.1986
-0.0349 -0.1664
0.3832 0.1095
0.9995 0.2552
0.1161 -0.2354
0.7964 0.7035
0.8213 0.2109
0.7064 0.3093
0.9899 0.1834
-0.0111 0.7319
0.7469 -0.5824
-0.1691 -0.0670
-0.8648 -0.5974
