1.559817331000930563e-01 -1.687731379027729017e-01
-2.265069747796790989e-01 9.421921424226130659e-01
-2.923480341515472536e-01 -3.831759969430194590e-01
8.964689536713131568e-02 -9.326722364085813233e-01
-6.095304249607056413e-01 5.515954495220885823e-02
-3.817624349838103504e-01 1.847202251066726031e-01
-1.833916287198210926e-01 1.659623877682108589e-02
6.664587711985318907e-02 7.144541757492343104e-01
-7.360191423220985296e-02 -8.619486469256718020e-02
7.747746475714609726e-01 -1.325101855583373789e-01
-5.725220262967641027e-02 -8.666008388010418284e-02
-3.444241481138573535e-01 4.640304008325194518e-01
2.929837484455921626e-01 4.814187979141185680e-01
-1.453930071096137637e-03 4.695310683438987977e-03
7.377479978909980141e-02 4.785706408118581279e-02
8.205024247431875750e-01 -1.512207471893356747e-01
4.540926213794169719e-01 6.392013109782759828e-02
-2.090315593488250856e-01 3.114150784140459205e-01
-6.917074257337214871e-02 4.729371315963341871e-03
1.884946394501112524e-02 -3.718951454070057450e-02
-6.219185035416611163e-01 -8.506284614121080445e-02
-3.190996583251943242e-01 4.779146592455665310e-01
-5.907691551703109223e-01 -3.092685818044874427e-02
-3.882826434089037826e-01 1.942634070492585685e-01
-3.592535494480140756e-01 6.946696849896363268e-01
-2.027694885386789256e-02 8.954284053758518325e-02
4.039917265809375158e-01 -6.394786150627432830e-01
-4.651371399319020883e-01 2.744047670528408922e-01
3.641294359712692885e-01 3.991953445111882104e-01
4.237250457305162255e-01 -1.118332287113116691e-01
-1.970345134716374735e-01 -7.597906270118792715e-02
1.821297198548237350e-01 -5.386735645552171992e-01
1.783642246223026140e-01 -7.665795967710916647e-01
-8.069728175748490384e-02 -3.605837651011216394e-02
-6.684907980441383568e-01 2.285690441138947537e-01
1.432983271336848996e-01 5.721971131033339875e-01
-7.536403714664913212e-02 -1.590072463844733885e-01
-2.874316152468537333e-01 1.693496140777273340e-01
-2.816008505102028936e-01 7.118505437356517120e-03
8.885559425321218896e-01 4.652237152542354481e-02
2.032033403952064610e-01 2.325532908417345945e-01
-3.675996773806605167e-01 -2.808982008376965656e-01
2.931211431197005002e-01 -2.218053272856534142e-01
-3.865779883911499293e-01 4.187135899061938393e-01
6.451564882377845978e-01 -7.041084536043928921e-01
-4.432465310436592976e-01 -4.349977762823258876e-01
-4.844298229269764985e-03 -4.911275076557568564e-01
1.001933434329137923e-01 5.754492399740689795e-02
-9.766970893050822555e-01 -1.996266007965720457e-01
-2.027919673414489143e-01 3.011861642297711805e-01
2.544255400723165472e+00 1.807959103856103811e-01
2.456484509227564228e+00 -1.773759452080985455e-01
2.789052762190327162e+00 9.319711325366421273e-02
2.443101938039518028e+00 5.300396422804102420e-02
1.718256742283708505e+00 1.109826223100711384e-01
3.019347323379928394e+00 3.164896558893351974e-01
2.668525565032051183e+00 -8.754517884034211661e-02
2.785602855096976693e+00 -6.263107346267758613e-02
2.405421251778843583e+00 -2.144743838130620528e-01
2.028695652920784021e+00 3.692217914653566080e-01
2.561728586513236205e+00 4.372480469426532346e-01
1.974401260351170695e+00 5.230662115034091508e-01
2.487002127288984177e+00 1.996923294125852177e-01
1.593656236828259853e+00 -4.197206553971924436e-01
2.959135955901912141e+00 3.418178698514992564e-01
2.808308210371198044e+00 -7.389633753345939068e-03
2.635157541198797304e+00 7.489713507596094111e-01
2.058766508128270001e+00 8.231202172115778537e-02
3.386321097669779512e+00 3.461428981839531627e-01
2.439596503054680010e+00 -6.862305412746557698e-01
2.705356539389778270e+00 -2.049818935751754057e-01
2.052331468668680881e+00 2.758457325622555856e-01
2.137832142756965315e+00 3.137268969254589646e-01
2.902050039621027810e+00 5.830835981717615857e-01
2.705920366431494362e+00 5.357912694205778648e-01
2.323601190720597121e+00 -5.677630310685070070e-01
2.182141623038526212e+00 -1.295210978919888178e-01
2.030175367957648636e+00 -2.270668179153834815e-02
3.310777167275295252e+00 -1.346512956829367114e-01
2.075731435783278123e+00 -1.836742923634411273e-01
2.510910828299880659e+00 1.836831591498012950e-02
2.605511366186368249e+00 5.952507979696326779e-02
2.180371974275586044e+00 -6.172621332603471789e-01
2.195820409692634811e+00 -7.409688361443659277e-01
2.523985236210543270e+00 3.642589533122147505e-01
2.430567120671883519e+00 -5.942499927170737939e-01
2.014682001873494777e+00 -3.591731511770652197e-01
2.292244964573488364e+00 8.072190619322567873e-01
2.946996393175931317e+00 -3.532682573560063100e-01
2.996222697078938069e+00 6.812991420604024295e-01
1.757956077189662292e+00 3.562106358547499352e-01
2.546364971132666355e+00 -2.976484113107106255e-01
2.315254900341866762e+00 3.272919176578766021e-02
2.301481852443580500e+00 -3.204648704641556156e-01
2.495554176402380531e+00 -8.086241831259941004e-02
2.622136691791264074e+00 -1.385960786856195170e-01
2.648641383039049391e+00 7.949208400522292384e-02
2.278206762855653711e+00 1.429305085208055215e-01
2.390199690375144570e+00 -9.313872578437796257e-01
2.474985593898714420e+00 -1.111810795672602548e-01
