0.6888 0.0877
0.0156 -0.0731
0.1457 -0.0652
-0.0531 -0.0083
-0.2599 -0.6102
-0.1033 0.0893
0.5039 -0.5873
0.8743 0.2676
-0.4372 -1.9186
0.8163 -0.5686
1.2128 -0.3656
0.8100 1.7393
0.3102 -0.3881
0.3314 -0.3203
0.1985 -1.8951
2.1817 -0.6212
-0.3689 -0.6023
-0.4685 0.7607
-0.6903 -0.1014
0.0714 0.3503
-0.3520 0.4341
-0.0004 -0.0001
-0.0618 0.8775
-0.7047 0.1418
0.2230 0.0452
-0.2410 -0.6329
0.1247 0.0796
0.6648 0.1604
-0.3565 -0.6805
-0.7322 -0.3975
0.2462 0.0847
-0.0637 -0.8620
-0.5147 0.3249
0.4184 -0.8213
0.6343 0.1437
0.0799 -0.8864
0.0707 0.2731
-0.1728 -1.0622
-0.2790 -0.1741
-0.2189 -0.5983
