0.3180 -0.1233 -0.3036
0.4490 0.6636 -0.0651
-0.5104 0.0740 0.4533
-0.2788 -0.6664 0.0801
-0.3063 0.3675 -0.6043
-0.4372 0.5976 0.4816
-0.6558 0.6363 0.5063
-0.1468 -0.1909 0.2317
0.0072 0.0012 -0.0002
0.4445 0.6734 -0.1938
-0.1856 0.4166 0.0144
0.1334 -0.0348 -0.2123
0.1969 0.1725 0.6275
-0.0108 -0.6505 -0.3814
-0.0094 -0.1877 -0.4519
-0.1074 -0.0809 -0.4821
-0.0442 -0.0830 -0.2743
0.0570 -0.2074 1.4025
0.4009 0.4859 -0.5171
-0.4445 -0.0145 0.0213
0.4711 0.0996 0.8615
-0.3456 -1.9012 -0.1124
-0.2013 0.2796 -1.8167
1.3934 -0.3524 -1.7143
-0.0983 0.0648 -0.0165
-0.0499 -0.0239 -0.8893
0.0011 0.3915 -0.0115
-0.0964 0.2343 -0.8627
0.3118 0.2348 -0.2518
0.0657 -0.3855 -0.2394
0.1354 0.0114 0.1670
0.0024 -0.0007 0.0031
0.2871 0.1856 -0.4044
-0.1041 -0.1777 -0.0494
0.0644 -0.1136 -0.5214
-0.6077 0.7589 -2.0634
-0.0115 0.0109 -0.0455
-0.0760 -0.0439 -0.6663
0.0500 0.1237 -0.3096
-0.1130 0.2071 0.3466
0.0614 -0.0843 -0.1973
-0.0961 0.1210 0.8593
-0.2082 0.1021 -0.4080
-0.0534 -0.0235 1.8697
0.0553 -0.0094 -0.0533
0.1333 -0.1324 -0.9515
0.3902 0.5480 0.8237
0.7624 0.6032 -0.0775
-0.0087 0.0261 0.0270
0.0983 0.0846 -0.1003
3.5082 -0.0378 -0.1472
3.2489 0.3568 0.4101
5.2542 0.0614 -1.3985
3.7115 -0.1582 0.0937
3.7366 -0.1582 -0.4770
4.0140 -0.0095 0.3491
3.4623 -0.0450 -0.0375
3.0754 0.4007 -0.3017
3.3915 0.0145 -0.1847
3.3617 0.2353 -0.2166
4.2228 1.2237 -0.5740
3.8185 0.0294 0.1568
3.5522 0.9849 0.1130
3.6346 -0.2089 0.4191
3.5643 -0.2382 -0.1464
3.5211 -0.0452 -0.7663
3.1563 0.2753 -0.5094
3.2136 -1.7582 -1.0536
3.4051 0.0966 0.9639
2.8285 0.5827 -0.1947
4.3028 -2.1758 -0.2654
3.4957 0.0020 0.0199
3.5683 -0.3514 0.1116
3.5599 0.1959 -0.2470
3.9851 -0.2690 -0.1090
2.9004 -0.2309 0.1990
3.3746 -0.1997 -0.1153
3.4462 -0.0278 -0.2560
3.2278 -0.1030 0.9205
3.3431 0.0186 0.1434
3.6064 1.7682 1.2424
3.7222 0.1746 -0.1684
3.1847 -0.1514 0.3568
3.4891 0.0035 0.1247
3.2585 -0.4492 0.2148
3.5028 -0.0734 -0.0059
3.4181 -0.0578 -2.4230
3.4932 0.0047 -0.0158
3.5807 -0.0581 0.3984
3.5963 0.1861 -0.2187
4.2737 0.1062 -0.0796
3.4244 -0.0705 0.0040
3.5016 0.0021 -0.0255
2.6650 0.7848 0.6701
2.7030 -0.0463 -0.3287
3.6940 0.2094 -0.5199
2.6668 -0.0361 -0.3891
3.5823 -0.2361 0.2020
3.7197 0.0947 -0.2723
3.6857 0.1423 -0.4578
