0.5228 -0.6958
-0.8079 0.9962
-0.8640 -0.2323
0.5832 0.1366
-0.4821 -0.1451
0.6228 -0.6903
-0.3281 -0.0775
0.0953 -0.0763
0.3801 0.5747
-0.0361 0.8860
-0.6485 0.7188
0.4785 0.3985
0.1367 -0.9496
-0.4802 -0.6222
-0.1103 -0.0828
0.0693 0.0040
0.4691 -0.1715
0.0463 -0.4091
-0.0930 -0.0252
-0.7042 0.3412
-0.1103 -0.4850
-0.4666 0.3346
-0.2135 -0.5552
0.0353 -0.6044
0.2612 -0.1765
-0.4518 -0.0314
-0.5875 0.5173
0.0129 0.0348
-0.3516 -0.7423
0.3425 -0.8630
-0.0670 0.2978
-0.0716 -0.1130
0.7035 0.4349
1.1212 -1.1222
-0.7019 1.2379
0.3088 -0.3267
0.1870 -0.4468
-0.0705 0.7885
-0.3684 -0.1863
0.1983 -0.1692
-0.6849 0.9114
-1.5755 -0.5821
-0.3120 -0.6089
-1.6669 -0.6775
0.1991 0.0065
0.2273 -0.0862
0.3192 0.2117
-0.0745 -0.7594
-0.3156 -0.4129
0.4612 0.0854
-0.5261 -0.0375
-0.1995 0.3368
-0.1875 0.1920
0.9638 -0.2183
-0.0308 0.0470
-0.0255 0.5632
-0.8384 -0.2663
-0.3723 -0.8070
0.0898 0.0412
-0.2301 0.4177
-0.1843 0.0273
-0.1190 -1.3457
0.1042 0.5163
0.3942 0.3476
0.6806 -0.2087
0.7688 -0.0964
-0.5942 -0.4609
-0.2885 0.2166
-0.2302 -0.0472
-0.5691 -0.1566
0.1797 -0.9541
-0.6239 -0.2801
0.3696 -0.1751
-0.7423 -0.0160
-0.0646 -0.5882
0.0630 0.5375
0.8109 -0.8855
0.0216 0.0080
0.6747 0.1256
-0.9911 0.0710
-0.2061 0.1971
-1.0651 -0.0898
0.2530 -0.1748
-0.2006 0.1897
0.3759 0.5203
1.8235 -0.6749
-0.9323 -1.7143
-0.5840 -0.7070
-2.0960 0.2665
-1.0567 -0.6655
-0.6004 -0.3572
1.2897 -1.7729
-0.7791 -0.5826
-0.2699 -0.6657
0.5246 0.2763
-0.6415 0.6457
0.1742 -0.3951
-0.0478 -0.1376
-0.2540 1.7994
0.1878 0.0783
