-1.4285 1.6082
0.1953 -0.5295
-0.2031 -0.4844
0.0306 -0.3791
-0.3864 0.3884
0.1030 0.6671
0.7760 -0.0651
0.2439 0.1578
0.1802 -0.1889
0.6574 -0.1880
0.6011 0.2704
-0.4640 -0.5581
0.3850 -0.0839
-0.2388 -0.1615
0.9633 0.1601
1.1086 -0.8789
-0.2477 0.3093
-0.0757 -0.2390
0.3827 0.5544
0.1106 -0.3237
-0.3825 -0.5131
-3.6032 0.7085
-0.0287 -0.1094
-0.3627 0.4280
0.4755 -0.4901
-0.2665 -0.3441
-0.0085 -0.2927
-2.4769 -3.2190
0.2551 -0.3220
-0.1958 -0.1414
-0.1196 -0.2639
0.4943 -0.1106
0.2914 -2.8452
0.0817 -0.1247
-0.3681 -0.7186
0.7722 2.7043
-0.0039 0.0668
-0.0312 -0.2189
0.1416 0.0392
3.1250 -1.7062
0.1257 -0.4606
-0.1222 0.1158
-0.4622 0.0188
-0.0830 -0.0512
0.5184 -0.0846
0.0392 -0.8007
-0.1935 -0.4044
-1.0599 -0.9354
-0.1221 -0.1796
-0.0209 0.0977
5.1984 0.4766
6.3814 3.2481
5.0878 -0.1389
3.4021 -2.9224
4.1785 -0.5668
4.4727 -0.0070
4.8987 0.0402
4.7192 -0.1266
4.6581 0.1928
4.9208 0.1510
4.9040 0.0250
4.5124 -0.0610
5.8707 0.1541
4.3963 0.4140
3.6907 3.4203
5.4086 -0.1881
4.9920 -0.0996
4.9886 0.0660
5.3325 0.4466
5.1328 -0.9395
5.0629 -0.1531
5.2548 0.3135
5.4557 -0.8288
5.5429 -0.5769
4.6426 -0.1313
4.8381 -0.0890
5.0722 -0.0692
3.7888 2.0734
5.9127 -0.3834
4.1349 0.4435
4.9279 -0.0018
3.3099 0.1979
5.5089 -0.0379
4.8641 -0.2180
5.4799 -0.4057
5.7580 0.1591
5.7046 0.2644
4.7747 -0.9336
5.5794 -0.8262
5.2611 -0.7895
4.5730 -0.1610
4.4228 -0.3606
2.8036 -2.0490
5.1494 -0.0569
4.4731 0.7222
4.1579 -0.0254
5.1040 -0.0162
4.6311 -0.6676
5.0708 -0.1547
4.4371 0.1117
