0.3779 -0.0378 -0.3186
0.0315 -0.0669 -0.7160
-0.2592 -0.4386 0.0512
-0.1459 0.0091 0.0008
-0.2097 0.7024 0.4408
0.1215 -0.1464 -0.8563
-0.0519 0.0857 -0.0581
0.0097 -0.0060 -0.0290
0.7935 0.5919 -0.1248
-0.0237 -0.0942 0.2073
-0.0766 0.0398 -0.3245
-0.4280 -0.0016 0.0614
0.1588 -0.2358 -0.2440
0.1818 0.5572 -0.7827
0.4613 -0.4109 0.6521
-0.2975 -0.2336 0.0683
0.4934 -0.0232 -0.1029
0.1125 0.0290 0.5156
-0.1680 -0.2798 0.0664
-0.6641 -0.0112 -0.0434
0.0329 0.1401 -0.2141
-0.3894 0.1045 0.9134
0.4516 -0.3780 -0.0885
0.0871 0.0770 -0.1178
0.3591 -0.2038 0.5855
-0.0043 0.2990 0.8836
-0.3019 0.3775 0.2530
-0.0026 -0.0159 -0.0166
0.4044 0.3161 -0.3449
0.0019 -0.0111 0.0040
0.1252 0.1723 0.1694
0.0152 -0.0048 -0.0513
-0.9010 0.1157 -0.2169
-0.5976 0.4063 -0.3559
-0.3859 -0.4103 0.4867
-0.2242 -0.1396 0.3571
0.4363 -0.3298 -0.4139
-0.2830 -0.0968 -0.1072
0.1293 0.1275 0.0405
-0.1436 -0.0405 -0.6539
