0.7359 -0.6583 0.1365
-0.5636 0.3233 -0.1895
0.0169 0.0036 -0.3838
0.5347 0.1906 -0.3662
0.0183 -0.0114 0.1205
0.0489 0.0828 0.0585
0.4776 0.3425 0.0506
-0.0234 -0.0301 -0.0931
0.3153 0.2650 0.7764
0.3006 0.2432 -0.0433
0.0015 0.0026 0.2453
-0.2429 0.1375 -0.5383
-0.3814 0.0693 0.0185
0.7140 -0.6597 2.6216
-0.1767 -0.3591 0.3104
-0.1784 -0.0824 0.4488
-0.5470 -0.6105 -0.3166
-0.2790 -0.0714 -0.7687
-0.0328 -0.0190 -0.0846
0.0749 -0.0652 0.2146
-0.0878 -0.0620 0.5577
-0.2196 0.7065 -0.1041
0.0772 -0.7827 0.2493
0.0141 0.0941 0.2169
0.0686 -0.1091 0.0750
-0.1486 -0.2116 0.4217
0.4719 0.1646 0.1743
0.0463 0.7471 0.0651
-0.3752 0.0330 -0.2251
-0.0603 -0.5406 -0.1471
