-0.1104 0.2755
-0.0230 0.0960
-0.0120 -0.0003
0.4643 -0.3581
1.3802 -0.5502
1.0902 -1.3794
1.6272 1.6797
-0.2530 -0.0949
-0.3233 -0.0860
-0.1058 -0.0166
1.5678 -0.3133
-0.0179 -0.0486
0.8230 0.0626
-0.2680 0.1370
1.6493 -1.3936
0.8035 -0.2423
0.0833 -0.0076
0.4718 0.5437
-1.4567 -0.4296
0.0186 -0.0066
0.6107 -0.5508
-0.0017 0.4125
0.4718 -0.4826
-0.1562 0.3702
-0.4707 -0.4427
0.1173 -0.0315
-0.5573 -1.0694
0.1053 0.1022
-1.0609 -1.8801
-0.3047 0.7493
-0.5000 1.6841
-0.0127 0.2370
0.2108 -0.3979
0.1109 -0.0103
-0.2068 -0.6108
0.0473 0.4843
0.4117 0.1394
0.1164 -0.0557
0.0669 0.0308
0.8450 -1.6030
-0.7807 -0.2107
-0.2331 0.1701
0.5014 -0.0179
-0.3437 -0.4430
2.3389 -0.1844
-0.5517 0.1985
-0.5902 0.2297
0.5235 -0.0949
0.6368 0.0462
0.8073 -0.4472
0.0247 -0.0100
-2.4511 -0.5469
0.4750 -0.4043
-0.3341 0.2896
-0.0958 0.0253
-1.5013 1.4244
0.2403 -0.1971
0.7037 -0.1517
0.1092 -0.0237
-0.2659 -0.0661
-0.2310 -0.9191
-0.3889 -0.0604
0.5878 -0.4342
0.3510 0.2242
-0.0288 -0.1998
0.5538 -0.0588
0.3811 -0.8289
2.3176 0.2805
-0.3431 0.3541
0.5064 0.4137
0.0668 -0.0682
-0.0390 -0.6526
0.1049 -0.0474
0.7030 -0.6676
0.4232 -0.1057
-1.3391 1.4719
-0.4964 0.1899
1.6542 -1.9634
-0.3433 0.4437
0.2718 0.5122
0.1329 -0.3031
-0.0973 0.2699
0.5937 0.5174
-0.2324 0.2698
0.1191 0.1452
0.4789 0.3409
-0.1886 0.0763
-0.4977 -0.2111
0.3890 0.1276
0.3605 -0.7162
0.0973 0.3318
-0.2822 -0.8314
1.1187 0.6083
0.0179 0.3228
0.1734 0.0056
-0.5972 0.2294
0.3628 -0.4976
-0.0036 -0.0229
-0.0604 -0.1331
-0.0176 0.5630
-0.0221 -0.2992
0.2732 0.0890
0.0605 -0.5922
-0.0579 0.0264
-0.5637 1.5736
-0.6541 0.4631
0.7965 -1.0581
-0.5803 1.7196
0.9792 0.4249
0.5527 -0.5226
0.5548 -0.3214
0.6795 -0.4176
-0.3941 -0.6847
-0.0435 0.1004
-0.3835 0.3298
1.3551 -0.2857
0.5459 -0.6266
-0.0706 0.1162
0.4635 0.3078
-0.0061 0.0417
-0.2515 -0.5010
-0.2869 0.4668
0.7880 -0.2144
-0.0822 -0.0096
0.0567 -0.0587
-0.0087 0.8630
0.5739 -0.7796
0.2102 0.3014
0.2723 -0.0291
2.3817 0.8421
0.0866 0.6410
0.7719 0.2949
0.4367 0.5885
-0.4700 0.0751
1.1356 -1.0554
-0.0068 0.9750
0.0790 0.0568
-0.4681 0.5856
0.8657 -1.5221
0.6212 0.8576
0.1323 0.2012
-0.9020 0.3565
0.0618 0.0428
-1.0666 0.7294
-0.3485 -0.0781
0.1889 0.0518
-0.4733 0.7046
0.1399 -0.1775
0.6417 -0.3658
0.6212 0.3750
0.0190 0.2857
0.8198 -0.9295
0.2941 0.1047
1.0110 -1.7917
0.1720 0.7025
-0.1194 0.2794
0.0095 0.0504
-0.2304 -0.1989
0.3105 -0.1683
-0.1162 -0.0829
0.3457 0.4222
-0.4664 -0.7237
2.3391 -0.6262
1.5432 -0.1621
0.0180 -0.1302
-0.0591 -0.3493
-0.8327 0.0839
-0.0243 -0.2167
0.9474 -0.0093
0.0721 -0.1526
-0.5320 0.0733
0.4588 0.1342
-0.1607 -0.2345
-0.0479 0.0378
0.1359 0.0478
-0.2929 1.1879
0.0763 0.2080
0.6264 0.0481
0.2455 0.9284
0.6461 -0.4136
-0.6613 -0.1457
-0.2019 0.1320
0.7622 0.5907
2.4326 0.1548
-1.3530 -0.3466
0.1790 0.0269
-0.0189 -0.6005
0.9689 -0.3702
-0.6724 0.1736
0.5155 0.1036
-0.3343 -0.1094
0.3366 0.4707
-0.2867 -0.5236
-0.5716 -0.4776
0.2074 0.8946
-0.6215 0.4307
-0.0035 0.2674
0.2784 -1.2861
-0.0159 0.7698
1.3166 2.1441
0.3466 0.6280
-2.1445 -0.8377
-0.7015 0.6540
-0.6155 0.0885
0.3693 -0.3252
0.8859 0.0551
0.2682 -0.1800
0.0658 -0.1018
0.0923 -0.0598
-0.2184 0.7397
0.0144 0.1230
0.5970 0.7895
-0.4375 0.3718
-0.1379 0.5898
0.8804 -2.3593
-0.0129 0.0194
0.4284 -0.1535
0.9700 -0.0421
0.0046 0.4985
-0.4233 0.5884
0.5996 -0.4249
1.1246 -0.8798
0.8317 -0.0885
1.1351 -1.0200
0.0064 0.1557
-0.0437 0.0236
0.5098 0.1697
0.9325 -0.0523
0.4959 0.3932
-0.7024 0.4149
-0.1864 -0.4081
-0.1302 0.0854
-0.2659 -0.0351
0.2285 -0.5038
0.3196 0.3939
-0.2343 0.1094
0.0064 -0.0059
-0.0404 1.2408
-0.3398 0.6790
-0.0662 -0.0305
-2.1741 0.8265
0.0359 -0.1008
-1.9404 0.4862
-0.5000 0.7885
0.2376 -0.1508
0.5165 -0.2286
-0.1035 -0.1176
-0.7566 -0.3680
0.8011 -0.1293
-0.1022 0.3865
-0.2007 0.6038
0.3542 0.3617
0.2333 -0.4061
0.7186 0.0636
1.6567 1.8058
0.6825 -0.0054
-0.0195 -0.0121
-0.2415 -0.2533
0.4362 -0.0595
-0.6253 0.2400
0.3546 -0.6517
0.1271 0.1382
0.4282 -0.4233
-0.6587 1.3610
-0.5507 0.0589
-0.9428 0.3016
-0.0377 -0.1355
0.4856 -0.8402
-0.0327 0.0482
0.2433 -0.3539
0.1668 -0.2734
0.3181 0.2232
-0.1727 0.5455
0.3467 -0.4900
-0.7202 2.2162
0.0804 -0.5037
-0.0737 0.1755
-0.1855 -0.9778
0.2427 0.0803
0.4919 0.5928
0.3385 0.9006
-0.0382 0.7587
-0.4793 0.2980
-0.0358 0.1076
0.1455 -0.2058
0.3704 -0.1665
-0.6905 -1.4433
0.1930 -0.1092
-0.9137 -0.1366
-0.5805 0.1747
1.1131 1.1074
-0.6686 -0.3293
0.8533 0.7268
-0.8933 -1.6848
-0.3804 -0.8975
0.4496 -0.3375
-0.5029 -2.5839
-0.2711 0.1517
0.1580 0.0614
0.0187 -0.1011
0.4153 -0.5792
-0.4621 0.6756
-0.4250 0.2154
0.2306 0.2582
0.3931 -0.3847
-0.7543 0.5076
0.5460 -2.1245
0.0302 0.0403
0.1058 -0.0595
-0.1303 0.4647
0.0141 -2.1695
-0.7843 0.4586
0.1419 -0.3648
0.8713 -0.3276
0.5804 -1.1336
-0.2378 0.5126
-0.2299 -0.3713
-0.3525 0.0366
0.0187 0.8515
0.0026 0.0093
-0.9955 0.0280
0.1463 -0.1635
-0.7978 0.8556
0.6920 -0.3919
-0.2790 0.3146
-0.8923 -0.1524
0.3959 0.0112
-0.1161 -0.1628
0.4802 -0.2896
-1.8173 0.2831
-0.4095 -0.8339
0.0009 0.0334
-2.6971 0.1141
-0.5130 -0.5333
0.0101 -0.0339
0.3995 -0.5835
0.1463 -0.7634
-0.0254 -0.0428
-0.3446 0.1228
0.7368 -0.6665
-0.1234 0.1697
0.3947 -0.2076
-0.1170 -0.2174
0.8437 0.2140
-0.4397 -0.0961
-0.1188 0.1816
0.4319 -0.2114
-0.1064 0.0105
-0.1295 -0.1476
-0.1520 -0.1464
-0.0131 -0.0652
-0.0634 -0.7291
0.2031 0.5225
0.7132 -2.4889
0.6307 0.4264
-0.0747 0.0537
0.2987 0.1185
-0.1359 -0.0883
0.3246 -1.4608
-0.7977 -0.1028
-0.1907 -0.6739
-0.1757 -0.9703
-0.5178 -0.1284
0.5890 -0.7744
0.3907 -0.0920
0.3586 -0.4403
-0.3731 -0.1165
0.1079 -0.6955
0.0223 -0.0613
-0.7734 -0.3885
-0.4888 -1.3415
0.1149 0.6418
-0.3756 -1.1804
0.9826 0.1581
-0.1853 0.0165
0.2130 -0.1258
0.3504 0.0945
0.7069 -0.4625
-0.4439 0.6015
1.8192 0.2169
0.5653 -0.4374
-0.0569 -0.1568
-0.3354 -0.1675
0.6207 0.6728
-0.6112 -0.3160
0.4064 0.7206
-0.7797 -0.0346
-0.7339 1.7284
0.5287 -0.7095
0.3832 -0.5567
-0.5890 -0.3573
0.0421 -0.3508
-0.4777 0.1115
0.0411 0.0931
-0.4554 -0.0488
0.6654 -0.3103
-0.1222 -0.2447
-0.2564 0.3653
0.2987 1.1682
-0.0238 -0.0241
2.0454 -1.0807
0.3131 -0.5692
-0.2233 0.3528
-0.0130 0.4785
0.5140 -0.5313
-0.8909 0.5019
0.2834 0.8817
0.0559 0.7327
-0.0748 -0.2295
-0.1128 -0.2460
0.1241 0.5469
-0.2118 0.6658
-0.0390 -0.2332
-0.4795 -0.1179
-0.1775 -0.8225
0.4343 0.7449
-0.0182 -0.4795
0.1061 0.0333
1.0872 -0.1725
-0.2826 -0.2126
0.0598 0.0521
1.7200 0.8836
0.5411 -0.0467
-0.3291 0.2556
-0.1324 -0.6855
0.0697 0.4185
-0.5865 -0.4263
0.0360 -0.2204
0.2955 -0.0033
0.2854 0.0945
1.7514 0.6741
0.0679 0.0001
0.4013 -0.1254
-0.0625 0.0091
1.2601 1.9929
0.4354 -0.0747
-0.7827 0.3162
1.1952 0.4788
-0.5379 0.3313
0.6727 -0.1152
0.0584 -0.4284
0.2491 0.1838
0.7169 0.4030
0.0429 0.0015
-0.7820 0.5869
-0.1019 -0.2481
-0.5975 -0.0847
0.1140 -0.8891
-0.0281 -0.3049
0.1163 -0.1252
0.1515 -0.0708
0.5370 -0.7344
0.0249 -0.1687
0.4742 0.1455
0.1645 0.7407
0.1222 -0.2074
0.4878 0.5107
0.1749 -0.2035
0.2132 0.0168
0.1945 0.7431
0.6989 0.2214
-0.7819 0.0987
-0.4444 -0.5481
-0.1030 0.1698
0.0354 -0.1605
-0.2786 0.4544
0.0644 -0.0760
-0.3978 0.3571
-0.3044 -0.0144
-0.3210 0.1859
-0.1333 -0.8419
0.5673 2.4140
0.0858 -0.5433
0.8531 -0.5222
-0.4990 0.8315
-0.0216 -0.0030
0.0635 -0.0832
0.6225 -0.2924
0.1723 -0.3587
-0.0086 0.0038
-0.3543 -0.4404
0.4791 0.8402
-0.3106 0.6211
-0.8593 0.3969
-0.3778 0.8117
-0.1723 -0.6128
-0.7705 0.1620
-0.5331 -0.5204
0.3996 -0.0794
-0.5843 0.3954
-1.1626 0.2110
-0.8818 0.1933
-0.5541 0.7565
0.3264 -0.9139
-0.2691 -0.0981
-0.3473 0.7328
-0.1614 0.5242
-0.1524 -0.0815
-0.1014 -0.0750
0.1448 -0.2083
