-1.557627104539456575e-01 -7.524777873334170808e-02
-3.590052068189320544e-01 -4.203385065177689950e-01
-5.123677448364712950e-01 -2.369397141419630759e-01
-2.996408700191866559e-01 -2.714315640077029079e-01
-2.607635316714391749e-01 4.345433759639000248e-01
-4.366402320103234258e-01 5.071240294200750620e-01
-2.105662867794860782e-02 -2.321354238649728230e-02
7.143969675424257648e-01 -4.825485435767531417e-01
-1.125027633696916163e-01 -3.525467604094097152e-02
-1.719588550791535941e-01 -6.896665260137223585e-01
-3.334301178856478032e-01 -6.048849447132907953e-01
-1.198935884865942048e-01 8.029598046506145614e-01
-1.598061517472972037e-01 -1.737955522880611225e-01
-2.071288800989357637e-01 5.209522612184849244e-01
8.303084579888254657e-01 -1.301450934321132513e-01
2.334518488266117686e-01 -5.574102783872370709e-02
-6.700507742851560811e-02 -1.002963128747849791e-01
1.877836158494118890e-01 -1.816225778968981186e-01
-6.959119309785191110e-01 3.478400648317412913e-01
5.596889725197762983e-02 -4.991919495093520842e-01
-2.833691163373214250e-01 8.033839744741213540e-01
8.814296151121109313e-02 9.042860296880089743e-01
-5.445912562167749549e-01 -4.669371133734325219e-01
-3.179157003896250777e-01 2.288533205901834844e-01
-4.644504029774171872e-01 6.074059995003522339e-01
-1.027064553285699927e-01 7.685622373395195606e-02
-6.679726393643167226e-01 -5.437400205332287850e-01
-7.531665725528948752e-01 3.015582826800385363e-01
3.808958532562414234e-01 -2.103147944522853752e-01
-2.274225549574394045e-01 -3.096277599090434540e-01
-4.391862873866973493e-01 1.263918107988884210e-01
5.409198229030602878e-01 -7.161332963074124036e-01
4.192516957918087650e-01 -4.615233282053418096e-01
2.990565692354953398e-01 -5.862369842378863938e-01
-7.378195313614558382e-01 7.673712814848726756e-03
2.243937583776458699e-03 -9.775321333907312227e-02
4.627108294858690019e-01 -3.975614380462488134e-02
-9.116469687980001124e-01 2.167587050034948670e-01
-1.918460828913429450e-01 -7.108242035520114799e-01
-3.071004816765469103e-01 1.785624252887715591e-01
-1.865342940493542323e-01 2.257843366504779792e-01
4.432824633335012421e-01 3.781228033663107113e-01
-4.281210647046976847e-01 -6.365262861934971317e-02
9.905104777198255883e-01 -2.956055034446583574e-02
-5.062565196567903048e-01 -8.433027641029017252e-01
-7.760620727465430413e-01 -3.891230242941878803e-01
1.392652287051902860e-01 8.135688058843761894e-01
2.136836987637529689e-02 1.604312917897808902e-02
2.051522717535486096e-01 -8.057440140387944760e-02
4.669422564795024377e-01 6.971446988013510482e-02
2.470577778936027258e+00 9.440085253477464855e-02
2.440724055965338923e+00 -1.575132718047460301e-02
1.971341499948907394e+00 1.988832153971500649e-01
2.443116259799057666e+00 -8.122801054714929858e-01
2.482744571069013695e+00 -2.783019827863149331e-02
2.219880222160121264e+00 1.060104359129078189e-01
1.620703806079922371e+00 -3.086154588913835317e-01
2.504497011207746482e+00 4.816817348779007450e-04
1.925037158996407261e+00 -4.823501897574582475e-01
2.566139523322744420e+00 6.738565747545759432e-01
2.358214829473337826e+00 -3.609345626098845600e-02
2.420416762120376930e+00 -2.967512673442602722e-01
2.563205900986337493e+00 3.494912616709647812e-01
2.433342720059927800e+00 -2.391631659184456637e-02
1.870004960899934510e+00 7.593145874317768218e-01
2.489706989976385731e+00 2.730308657831580499e-01
2.217052648643486279e+00 -6.714871147024535636e-02
2.737979218974032403e+00 6.721997099933020303e-01
3.294426295968241547e+00 6.766922674725706077e-02
3.201485654972362038e+00 9.410362409424570876e-03
3.028598827204910027e+00 9.217307226634917361e-02
2.419088636452206842e+00 8.911673144610731123e-01
2.114167715931521752e+00 -8.000616834207766592e-01
3.322941578058109968e+00 -1.267670684925018276e-01
3.306711351393355258e+00 -7.624826167586534753e-02
2.510508944012586063e+00 6.239258936165096442e-02
2.541062006411129115e+00 -1.658105264237770271e-01
2.714196167472959331e+00 6.746305817120004100e-01
2.816126487852301352e+00 1.088860584659309544e-01
2.547411363200617451e+00 -3.271730477690175665e-01
3.029946690954925081e+00 -2.742029146641939419e-01
3.129744544128979289e+00 -7.759269440445734078e-01
2.062057213013078094e+00 -2.303214818763561766e-01
2.590754784070129269e+00 6.359048236594244674e-02
1.852875939950440420e+00 2.370757086785112711e-01
2.317373026074075693e+00 1.057243805063311504e-01
2.499131276265746493e+00 -1.250351672715855657e-02
3.084966701247818133e+00 -2.929761365172847687e-01
2.768807327939806662e+00 2.738590563784258913e-01
2.074528998935337487e+00 -1.629047716481129005e-01
1.817825647722477456e+00 -8.205620852797249065e-02
2.382343637218823140e+00 2.367060909838510641e-01
2.284501546363608693e+00 -3.260559520289793567e-01
2.088742526446799808e+00 2.779714705106638983e-01
2.458217011432620946e+00 1.762550083062465120e-02
2.482278076299698100e+00 1.299404848852344918e-01
2.589072741292185675e+00 2.615850967308039898e-01
2.490515940523511329e+00 4.515889453094999451e-01
2.026546188456115338e+00 4.540667925476059574e-01
2.776911203887359569e+00 2.139931519618910316e-01
