-0.6204 0.7459
0.0735 -0.1393
0.0720 0.0232
-0.0779 0.1567
-0.2296 0.5068
0.4075 -0.1262
-0.1434 -0.9378
-0.0253 -0.0268
-0.4326 0.5246
0.5225 0.7190
1.1414 -1.8377
-0.1358 0.2902
-0.8859 0.9865
0.1571 -0.3363
0.4542 -0.0592
0.5569 0.5160
-0.4111 0.4802
0.4249 -0.4793
-0.5590 -0.2547
-0.2050 0.1233
0.0611 0.8936
-0.3870 -0.6993
-0.2491 -0.3863
0.6291 -0.3594
0.3879 0.2048
0.3248 -0.0027
0.1804 0.5426
-0.8345 -0.5160
0.1662 0.2410
0.9797 -0.0539
-0.1198 -0.1172
0.2046 -0.4234
0.4233 -0.0896
-0.7895 0.5149
0.8329 -0.3387
0.2960 0.3793
-0.1487 -0.1590
0.8396 -0.4963
0.0849 0.5046
0.0588 -0.2406
0.2830 -0.7294
0.0347 0.8098
-0.1597 0.0739
0.0697 -0.2960
-0.5542 0.2037
-0.1543 -0.0373
-0.9180 -0.1927
0.4719 -0.2647
0.6294 -0.4020
-0.1633 0.2635
