0.2272 0.2699
-0.2213 0.8253
0.9366 -0.2966
-0.1430 -0.7106
-0.2742 -0.8707
0.6732 0.4291
0.7315 -0.3048
0.2993 0.1179
0.2800 -0.0794
-0.7275 -0.5707
-0.0678 0.0244
-0.7704 -0.2931
0.1454 0.1027
0.2174 -0.1759
0.3738 -0.5796
0.1626 0.3569
0.4811 0.7425
1.7581 -1.9349
-0.1196 0.2791
-0.1331 0.3582
0.6778 -0.5275
0.8879 -0.2258
-0.1387 -0.9786
-0.8754 0.3120
0.1108 -0.2283
-0.0769 0.0014
0.6661 0.4629
-0.0795 0.5432
0.2098 0.0959
1.0323 -0.6390
-0.1783 0.5278
0.0550 0.6483
-0.5759 0.0579
0.3933 0.2325
0.9466 -0.0622
-0.3859 0.6087
-0.4982 0.3711
-0.0601 -0.0841
0.2264 -0.3952
0.2122 -0.6165
