0.1802 0.7283 0.0747
0.0164 0.0117 -0.1557
-0.0167 0.2084 -0.3967
-0.0189 -0.0409 -0.2303
-0.2911 -0.2960 0.6569
-0.2496 0.2885 0.0134
-0.0239 -0.1114 -0.2438
-0.1940 0.3561 -0.6286
0.4319 0.5895 1.2373
0.0417 0.0370 -0.3438
-0.0026 -0.1478 -0.6007
-0.0460 -0.0828 0.0044
0.0453 -0.0223 -0.7035
0.0732 0.0482 -0.0031
0.2407 0.1138 -0.5994
-0.1854 0.3252 -0.6725
-0.5624 0.3046 -0.7110
0.1261 -0.0805 -0.4984
-0.4258 -0.4574 -0.2691
2.0470 0.5452 -0.7857
0.0148 0.2843 0.7451
0.0417 -0.0870 0.9311
0.1221 0.0742 0.0058
0.5302 -3.6585 0.0638
-0.5044 -0.8130 -0.2296
-0.0520 -0.5683 0.4320
0.3579 0.2467 -0.1607
0.6963 0.0623 -0.3708
0.2721 0.0788 0.3353
0.0295 0.0501 0.0846
0.0452 0.1898 -0.3671
-0.0094 -0.0109 0.2695
0.1210 0.1704 -0.1132
-0.3742 -0.0835 -0.3051
0.4850 -0.4985 0.0342
0.0612 0.6472 -0.3981
0.0220 -0.0156 0.8395
-0.1602 0.5529 0.2093
0.3909 0.2033 -0.5614
-0.0334 3.3572 -0.3562
-0.0581 -0.1117 -0.7988
-0.7042 -1.2266 -0.2409
-0.4373 0.7173 0.4652
-2.5190 0.1483 -1.5146
-0.0894 0.9691 0.0049
0.0759 -0.0471 -0.7572
0.2684 0.0533 -0.0475
-0.2387 0.3580 0.2965
0.5807 -0.3805 0.2987
-0.0597 0.1810 -0.5505
-0.4295 0.1002 0.0162
-0.2922 0.1420 -0.5434
0.2492 0.1929 -3.4117
-0.0130 0.1089 -0.1629
-0.4123 -0.1349 0.1959
0.1411 0.3308 0.3595
0.1774 -0.0399 0.3113
-0.0093 0.1724 -0.1755
-0.0619 -0.1465 0.4023
-0.8381 -0.7735 -1.2140
0.0338 -0.0006 0.1025
0.0168 -0.0186 -0.9468
0.6012 0.6256 0.4586
-0.0022 0.0026 0.0014
0.7732 -0.2176 0.1606
-0.0967 -1.7180 -0.4978
-0.2040 -0.1533 0.3141
0.3394 -0.0535 0.0806
-0.0588 -0.1243 0.4309
0.4951 -0.1356 -0.7206
-0.0632 -0.1635 -0.3754
-0.4802 0.5184 0.5047
0.0255 0.0062 -0.2056
0.2792 0.3317 -0.4193
0.0982 0.0549 -0.1251
-0.2287 0.6338 0.4359
0.0823 -0.2891 -0.3997
0.1283 -0.0517 -0.4412
-0.0199 0.0005 -0.0590
-0.9064 0.6833 0.6577
0.1510 0.3224 -0.0844
-0.2362 -0.0513 0.2962
-0.5047 -0.1454 0.4484
0.4831 0.4083 0.4033
-0.6676 0.3872 -0.4831
0.5295 0.0067 0.2407
-0.0123 0.0166 0.9004
0.2854 0.1287 0.3721
-0.1997 -0.0626 -0.7557
0.3949 0.6676 -0.1206
-0.2646 0.3525 -0.0482
0.0094 0.0846 -0.0337
1.7201 -0.1333 -1.1961
-0.3161 -0.3214 0.1363
0.2233 0.0139 -0.7256
0.0371 -0.0488 -0.0351
0.0724 -0.1281 0.2213
0.2854 -0.3558 0.1043
0.0744 0.6387 0.4454
-0.9590 -0.9698 -2.9385
0.0522 -0.0048 0.0180
0.1625 -0.8185 -0.0417
0.0768 -0.0638 -0.4530
-1.3388 1.1470 -3.0906
0.6368 0.4286 -1.7592
-0.0047 0.0327 -0.5278
0.0022 0.0050 0.1078
0.0924 0.0444 -0.0504
0.4843 0.6288 -0.3182
0.0117 0.0472 -0.0066
1.1947 -3.1803 -2.1995
0.1188 -0.0503 0.2045
1.1415 1.1159 -0.2600
-0.3770 -0.7115 -0.3556
1.1069 -0.7260 -3.1865
0.5575 -0.0805 0.6411
-0.0540 -0.0311 -0.0399
-0.3954 0.1161 0.6103
-0.4253 0.3999 -0.4234
-0.0223 0.2058 -0.2396
-0.0571 -0.3372 -0.4047
-0.2272 -0.0744 0.3926
-0.1066 -0.2615 -0.0062
-0.5506 0.7367 0.0234
0.0977 0.6152 0.0159
-0.1152 -0.1190 0.4100
-0.0074 -0.0341 -0.0173
-0.0092 -0.0081 3.2136
0.1015 0.0088 -0.2750
0.5498 0.5440 0.1543
0.2037 0.3375 -0.6413
0.2092 -0.0945 -0.0528
0.3766 -0.3209 -0.6959
-0.0100 0.0158 0.4203
-0.6407 0.0879 -0.1983
1.4618 -0.2075 1.5878
0.5145 -0.3710 0.0237
0.1410 0.2251 0.0913
0.0201 0.0057 -0.0321
-0.4906 -0.5743 -0.5132
0.1220 0.0069 0.0603
0.4417 -0.5612 3.9384
0.1294 -0.0656 -0.0423
-0.0001 -0.1025 -0.1323
-0.0323 -0.0357 0.4861
0.0277 -0.3852 -0.3647
-0.3112 -0.2027 0.0795
0.1002 -0.0537 -0.0195
0.0344 -0.1581 0.0801
0.0239 0.0050 -0.7937
-0.0062 0.0017 -0.1262
-0.4837 -0.0863 0.6413
0.1231 0.1616 0.7833
0.8613 -0.0775 0.0909
-0.0027 0.0082 -0.4770
0.0167 0.0342 0.4374
0.0406 -0.0833 -0.0830
-1.8270 1.4625 -2.6714
1.4808 0.0467 -1.8136
0.8492 -0.3447 0.3462
-0.0225 0.0324 0.0985
0.0130 -0.3291 -0.8467
-0.0221 0.0178 -0.3668
0.7334 -0.1983 -0.1524
0.2265 0.0125 -0.9042
-1.1895 -0.3791 1.8790
-0.6145 1.2231 -0.1875
-0.0212 -0.1041 0.0711
-1.0351 0.1384 -0.8864
-0.2301 -0.1632 0.3465
0.0884 0.0794 -0.0969
0.2051 -0.0410 -0.3952
-0.5037 -0.5461 -0.2560
-0.3844 -0.3823 0.4040
-0.0000 0.0000 0.0004
-0.0476 -0.1062 -0.1432
-0.2887 -0.2333 0.7263
-0.0171 -0.0112 0.0190
0.3425 -0.1070 -0.5114
0.5628 -0.1844 -0.1098
-1.0314 -2.7404 -2.7508
-0.0724 0.2690 0.5605
0.3633 0.0075 0.3879
0.0720 -0.0454 0.3649
-0.4257 0.0181 0.1622
-0.0051 0.0074 -0.0914
-1.0332 -0.7465 2.1846
-0.2727 -0.2193 -0.5573
0.0631 0.0416 0.2830
-0.0991 -0.2413 -0.6181
-0.5564 0.3580 0.3193
-0.0743 -0.0866 -0.3264
-0.3239 0.2109 -0.8363
0.0941 -0.1106 0.9654
0.0117 -0.0295 0.4293
-0.1393 0.5211 0.4617
-0.1083 -0.0790 0.4720
0.0119 0.0289 -0.1999
0.1055 0.2528 0.5439
0.0679 3.4846 0.2323
-0.0149 -0.0063 0.6029
-0.1389 0.1102 -0.0924
0.5665 -0.1296 -1.6598
-0.0083 0.4230 -0.5159
0.0661 0.6427 0.2809
-0.1395 -0.0420 -0.8183
0.0898 0.2689 0.2055
0.3602 1.1365 3.3762
0.2604 -0.5496 0.7750
0.3903 -0.2596 0.0408
0.0602 -0.1315 -0.0978
-0.2156 -0.0497 -0.2298
-3.4451 0.4616 -1.5197
-0.0041 -0.0331 -0.0365
-0.6405 -0.8510 2.2688
-0.5085 0.3962 -1.1467
-0.0737 -0.0938 0.1498
-3.1008 0.1215 -2.3743
0.5389 0.1146 0.3675
0.0166 -0.0699 0.2165
0.0621 -0.5698 0.1732
0.4771 0.1243 0.3535
-0.0222 -0.6739 -0.7502
-0.1773 -0.3086 -0.0274
0.2274 0.0789 -0.8899
0.2856 0.5746 0.0593
0.0003 0.0053 0.1704
0.3881 0.2094 -0.8104
0.2560 -0.2421 0.7279
-0.0212 0.0910 -0.4568
-0.0135 0.0814 0.0797
0.1755 -0.4399 -0.6033
0.2532 -0.4008 0.4601
0.0002 -0.0222 -0.1670
-0.2072 0.1910 0.0992
0.0808 0.1905 -0.1577
0.2514 0.2377 -0.5648
-0.0107 0.4254 0.0402
0.3234 -0.1364 -0.4204
0.0652 0.6140 0.0649
-0.0521 0.1094 -0.0827
-0.2146 0.1140 -0.5574
-0.0169 -0.0475 0.0942
-0.0393 -0.2976 0.0064
-3.3257 -0.8197 0.6154
-0.1524 -0.0921 -0.0957
1.4113 0.8057 3.4976
-0.0117 0.7168 -0.3298
-0.9578 0.4621 -0.3713
0.0541 -0.0620 -0.6121
0.1801 -0.2290 0.0734
-0.3775 0.1437 0.2772
0.2144 0.2753 -0.1893
-0.0041 0.2338 -0.1451
-0.0159 -0.3609 -0.4308
-0.2219 0.0714 0.3532
0.0253 -0.0425 -0.0008
-0.2027 0.0200 -0.2131
-0.3966 0.3045 0.0942
-0.1715 0.2324 0.1264
-0.0835 0.0983 -0.1183
-0.3635 -0.2133 0.2447
0.0461 -0.4008 0.2591
0.1434 -0.1801 0.0950
-0.5295 0.1621 0.0062
0.1343 0.4513 -0.2034
0.3498 -0.4225 -0.0387
-0.0092 -0.1594 0.7605
0.2565 -0.1384 0.1985
0.0053 -0.0060 -0.0547
-0.7562 0.7272 1.0270
-0.0154 -0.3229 0.0561
-0.2482 0.0009 -0.1050
-0.2197 0.2707 0.2828
-0.0651 0.1510 0.8069
0.3092 0.5002 -0.9597
0.1938 -0.0328 0.6329
-0.0298 -0.0013 -0.1822
0.7397 -0.2736 0.4043
-0.2410 -0.0571 -0.3190
-0.2847 0.1396 -0.5683
0.1226 0.0597 -0.0326
-0.4948 0.0793 0.2861
-0.0227 0.0189 0.0421
0.0354 -0.0392 0.6665
-0.0293 0.0186 -0.3726
0.0223 -0.0363 0.0812
-0.0078 -0.0029 3.3554
-0.1863 0.0366 -0.5356
-0.2015 0.0515 0.7875
-0.1104 -0.3418 0.3962
0.2606 -0.0023 0.6429
-0.0940 0.0169 -2.2173
2.1703 0.5853 0.3001
-0.1126 0.5581 0.2934
0.1737 -0.1690 0.0558
0.1634 0.0070 -0.6230
-0.2500 0.0697 0.1539
0.1314 -0.7633 -0.6160
0.4068 -0.1576 0.0629
-0.0266 0.0993 -0.5021
0.1717 0.2044 0.0595
0.6597 -0.4839 -0.1876
-0.5720 0.2012 0.5565
0.5823 0.0174 0.4583
-0.1663 -0.2178 -0.2284
-0.1001 0.2665 0.7886
-0.4464 -0.4608 0.3917
0.0124 -0.0101 -0.0204
0.2723 -0.3488 0.0692
-0.2075 0.0793 -0.2909
0.2944 0.4726 0.7575
-0.2636 -0.3444 -0.2850
2.8653 0.7531 -1.0834
-0.9551 0.2575 0.0797
0.2991 -0.3228 -0.7647
0.0151 -0.3339 -0.3083
0.2064 -0.3148 0.3687
0.0679 0.0121 -0.8423
0.0080 -0.0187 0.9466
-0.1152 0.1273 0.0716
-1.7165 0.1821 -1.1933
0.8110 -0.4533 -0.0999
0.7923 0.2259 -0.3503
0.1769 0.2472 0.0334
-0.3466 -0.4638 -0.5409
-0.2913 0.0585 0.2447
0.2090 -2.4291 -3.2043
-0.5810 -0.3651 0.1006
0.2636 -0.5492 -0.1217
0.0280 -0.1178 0.6165
0.2740 -0.5418 0.2693
0.0053 0.0013 -0.2177
-0.1168 0.1027 0.0024
0.0064 0.1154 -0.5700
1.3954 1.9938 -3.2638
-0.2131 0.1153 -2.8974
-0.8575 0.3273 -0.0601
0.0726 0.0100 0.3493
-0.0890 -0.0534 0.1359
0.5238 0.3681 0.6785
0.0224 0.0053 -0.0126
0.1340 -0.0427 -0.0331
0.0115 0.0263 -0.3399
0.1037 0.0210 -0.0751
-0.1877 -0.0901 -0.1654
-0.0027 0.0431 0.7882
-0.0001 -0.0001 -0.0001
-0.0556 -0.0213 0.7163
-2.0882 1.8367 1.9378
-0.3365 -0.4769 0.2577
-0.2196 -0.0647 0.1181
0.7301 0.6817 0.5586
-0.2335 -0.0809 0.0261
-0.0200 -0.2004 -0.0283
-0.1451 0.5623 -3.9093
0.0366 0.8674 -0.3773
0.0651 0.0103 -0.1893
0.0091 -0.0437 0.5331
-0.1012 -0.6236 -0.1653
-0.0196 0.1565 0.5211
0.2044 -0.2215 0.0650
-0.5888 -2.9449 1.9653
-0.1433 -0.2012 -0.0045
-0.4350 -0.0726 -0.1265
-0.1917 0.4978 -0.8142
0.1183 -0.0992 -0.4025
0.3731 0.1645 0.5986
0.8489 0.1294 -0.3784
0.4081 -0.3334 0.7682
0.0223 0.1442 1.1608
-0.2324 0.9420 -0.0861
-0.1649 -0.3457 -0.0239
-0.4817 -0.2132 0.1120
-0.0250 0.0627 0.1767
-0.4094 -0.4362 0.0914
-0.0971 0.0381 -0.1184
0.1122 0.0049 -0.1377
-0.0117 -0.0094 -0.0924
-0.2147 0.0958 -0.0913
0.7386 0.0820 -0.5316
-0.0023 -0.0044 0.1059
0.2168 0.1398 0.7814
-0.0441 -0.0789 -0.8203
-0.2150 -0.0428 0.8834
0.9612 0.4556 0.6557
-0.0051 0.0014 0.0135
0.0322 -0.0282 0.0290
-0.0952 0.0028 0.2799
0.0924 -0.0224 -0.0888
0.1332 -0.1737 0.0595
0.0047 -0.0603 0.3528
0.2274 0.2568 0.8292
0.4964 0.2728 2.0244
-0.5029 0.2453 0.0201
-0.0123 -0.0027 0.2043
1.7148 1.7006 0.0442
1.4009 0.9162 -1.5117
-0.0168 -0.0177 -0.0011
-0.0028 -0.0439 -0.3663
0.2880 0.4795 0.1629
-0.2049 0.1778 -0.4231
0.1854 0.1519 0.5842
0.3648 1.0812 0.7229
-0.4023 0.6143 0.4338
-0.3923 0.0040 -0.8149
-1.2901 1.0154 1.1947
-0.0226 -0.0171 -0.5111
0.0868 0.2167 -0.1143
-0.0154 0.0372 0.1726
0.2514 0.1181 0.3486
0.0231 -0.0241 0.1876
0.1647 -0.1615 -0.5609
0.4164 -0.3414 0.7090
-1.4806 -2.3357 3.1190
-0.0355 0.0201 -0.1053
0.0040 0.0167 -0.3157
0.7406 -0.0695 0.5461
-0.5711 0.2912 3.9996
0.0052 0.0712 -0.1420
0.7098 0.7110 -0.2686
-0.2083 0.0899 -0.0167
0.0515 0.0310 0.6010
0.5690 0.4333 -0.5456
-0.2031 0.2464 -0.9406
-0.0745 -0.0208 -0.0000
0.1618 -0.2704 0.2986
-0.6656 0.3763 0.1704
-0.2868 -0.3962 0.3008
0.5775 0.0219 0.2679
0.5730 0.0334 0.6645
0.0196 -0.0161 0.0842
0.0600 0.0308 0.6825
-0.1328 0.3637 -0.4543
-0.1113 0.5374 -0.0687
0.4444 0.0152 0.3775
-1.4759 0.2429 -0.6035
0.7844 0.3742 -0.5403
-0.3985 -0.2081 1.3240
-0.0925 -0.1310 0.5031
0.0522 0.0383 -0.6722
0.2707 0.3591 0.2718
0.0513 0.0395 -0.4183
-0.3341 -0.3870 -0.1240
0.5379 0.4546 -0.1938
0.5165 0.1213 -0.4924
-0.1753 -0.1101 -0.3564
0.2772 -0.2240 -0.1500
0.0507 -0.0302 -0.1644
0.3085 -0.2146 -0.0861
0.4015 -0.7792 0.3718
-0.3128 -0.3013 -1.8905
1.8127 -0.9113 -0.3446
-0.6523 -0.3190 0.6670
-0.0197 0.0000 0.0011
-0.0045 -0.1300 -0.9014
0.1418 0.0065 -0.1076
0.1339 0.3704 0.3802
-0.2089 -0.0190 0.1868
-0.7294 0.0282 -0.6671
0.2333 -0.0971 0.0288
0.0096 -0.1278 -0.8107
-0.5738 0.3283 -0.9306
-0.1135 0.0349 2.3296
0.0708 0.0033 0.0162
-0.1434 -0.0244 0.0378
-2.6636 -1.1539 -2.3829
0.0239 0.0155 -0.0018
0.0569 -0.0872 -1.0469
0.1079 -0.0755 0.6854
-0.1101 0.1589 0.4785
-0.0024 -0.1737 0.0424
-2.5168 0.6529 -3.2737
-0.0394 -0.0434 0.8523
0.8191 1.0718 1.7422
0.5531 0.1559 -0.4780
0.0351 -0.2838 0.5223
-0.4063 -0.0012 -0.5545
-0.1101 -0.1458 -0.4784
0.0794 0.2155 0.5011
-0.0081 0.1871 0.1314
0.6647 0.2098 0.4015
-0.3684 -0.0119 0.7126
-0.1242 -0.0405 0.0624
0.7620 0.0994 -0.4993
-0.5190 0.8378 1.2765
0.0751 0.4049 -0.1999
-0.0243 -0.5081 0.6789
-0.3328 -0.1150 0.8822
-1.4834 0.3879 2.1973
-0.4750 0.0079 0.0889
-0.0356 -0.0184 0.0288
-0.0469 0.0497 -0.5413
-0.0566 -0.0763 -0.2399
0.0001 -0.0003 -0.0098
0.0107 -0.1353 -0.0819
-0.3402 0.3065 -0.5258
0.0077 0.3866 0.4312
-0.1412 0.0131 0.6005
-0.3164 0.0373 -0.2435
