0.2424 0.1168 -0.1234
0.2900 -0.6210 0.6159
0.2479 -0.0332 0.8738
0.1733 -0.2674 0.9049
-0.0208 0.0137 -0.0589
0.0482 -0.6789 -0.1739
0.0054 0.0206 0.6077
0.7613 0.4024 0.3906
0.1061 0.0107 0.1945
-0.1231 0.3059 -0.8989
-2.6706 -0.2513 1.5399
0.0421 0.1567 0.2355
0.2758 0.4215 -0.6467
0.1426 -0.2174 -0.1455
0.1155 -0.4405 -1.2578
-0.0403 -0.1174 0.4765
0.1936 -0.0685 -0.2359
-0.2407 -0.0022 0.1793
-0.2314 0.5648 -0.0489
-0.1234 -0.1474 -0.3702
-0.3513 0.2710 0.0614
-0.4843 0.2005 0.3453
0.4874 0.5155 -0.3668
0.0586 -0.0335 -0.6518
0.1795 -0.1234 1.7901
0.0270 0.0874 -0.3102
0.5149 0.0442 1.1884
3.7785 -0.1430 -0.2795
-0.1686 0.2745 -0.3397
-0.2480 -0.9022 1.8240
0.0313 0.0153 0.4061
-0.0835 0.5288 -0.3132
-0.1456 -0.3808 0.6587
-0.1014 -0.0163 -0.3626
-0.0359 -0.0082 0.1197
-0.1105 -0.0190 0.0444
-0.3184 0.2858 0.3158
-0.0064 -0.0313 0.4971
-0.0069 -0.0028 0.4512
-0.0431 -0.0165 0.7470
0.2521 -0.0720 -0.2706
0.1125 -0.6479 0.4599
-0.2107 0.4123 0.5545
-0.0187 -0.0261 0.3040
0.0855 -0.0646 0.1691
-0.0058 0.0074 -0.2703
-0.5198 -0.0316 0.6208
0.0415 0.1101 -0.5815
0.1450 0.2601 0.3152
0.2731 -0.0859 0.3872
4.9881 -0.2218 -0.1275
5.0008 -0.0016 0.0095
5.0930 -0.1569 0.0043
5.4300 -0.0653 -0.0853
5.0800 -0.0180 0.0925
5.5460 -0.3787 0.7286
5.1084 -0.4024 0.2416
5.2747 0.3035 -0.3791
4.9845 1.6209 -1.9164
2.7596 1.3962 2.8707
5.0206 -0.9200 0.2951
4.8481 -0.1400 0.7837
5.2661 -0.1560 0.3438
4.8899 0.0378 0.0118
5.6856 0.4586 0.0306
4.9715 0.1687 0.0850
5.1529 0.1431 0.5665
4.6211 0.5108 -0.6393
4.6999 0.5957 -0.4816
5.1181 -0.1458 -0.3169
3.5240 -0.7829 1.9970
5.6999 0.4025 0.1481
5.0315 0.4895 0.4332
4.1814 2.0318 -0.1952
5.5162 -0.6551 0.2743
4.9818 0.0083 0.2273
4.9143 0.3562 0.0344
7.3892 -0.8355 -0.8667
5.4204 0.1575 -3.1863
4.9869 -0.0888 -0.1134
5.5067 0.7167 2.0916
5.0883 -0.2597 0.2453
5.1207 -0.1019 -0.2569
4.4460 -0.5172 0.3484
4.3414 -0.1751 0.4774
4.8502 0.2533 0.4156
5.4987 0.3529 1.8042
4.7703 0.2881 0.6875
5.7462 -0.0208 0.1623
5.5033 -0.5109 -0.0453
4.5441 -0.5307 0.6766
5.3419 -0.0957 -0.3867
5.5595 0.2678 -2.7543
4.9369 0.0831 0.1831
5.3039 0.3998 -0.7706
4.9674 -0.1930 0.2233
4.7500 -0.2306 0.4417
4.9115 -0.0340 0.1300
4.8797 -0.0219 0.2128
4.8398 -0.1629 0.0327
