0.1756 0.1311 -0.7632
0.4730 -0.0045 -0.2100
0.0114 0.0266 0.1522
-0.8467 -0.1038 0.2067
0.0063 -0.2936 -0.1283
-0.0016 -0.0056 0.0142
-0.0329 0.1333 0.1372
0.0195 0.1966 -0.6264
0.2585 -0.3632 -0.0826
0.1391 0.1659 0.3555
-0.1158 0.0225 0.4980
0.0408 -0.1026 0.5404
-0.0652 0.0994 0.3419
0.0378 -0.0480 -0.2529
0.0003 -0.2887 0.7757
-0.0605 -0.0473 -0.0988
0.1643 0.2037 0.5020
-0.2965 -0.0785 0.3797
0.5910 0.1923 -0.7825
-0.1924 -0.2437 -0.5166
-0.0937 0.1140 -0.0313
-0.2907 -0.2934 -0.1752
-0.0077 0.0040 -0.8563
-0.0899 -0.3542 0.5004
0.0144 0.0022 0.1064
-0.7346 -0.2652 -0.1051
0.3452 -0.6231 0.3839
0.0615 -0.6464 -0.1722
0.0672 0.0047 0.0400
-0.1033 -0.0426 -0.0537
0.0936 -0.1619 0.9155
0.0044 -0.0548 0.1023
0.0677 -0.2274 0.6407
-0.1813 0.2659 0.7426
-0.1975 0.7070 0.4021
-0.0457 -0.0546 0.3521
0.5152 0.3051 0.2157
0.0506 -0.2042 -0.1177
-0.4703 -0.0623 0.4709
0.9611 -0.1347 -0.0822
-0.0303 0.1927 -0.3420
-0.1348 0.0959 -0.0176
0.0019 0.0404 0.1938
-0.0662 -0.0073 -0.0024
-0.1381 -0.1366 0.1162
-0.2642 0.1988 -0.5371
-0.0233 0.2196 0.6515
0.5440 0.7637 -0.1435
0.3696 -0.2730 -0.4931
-0.0478 -0.1697 0.4585
-0.1380 0.8231 0.4967
0.0593 -0.0177 0.4975
0.0122 0.0710 -0.2094
-0.0836 0.0186 -0.0408
-0.9300 -0.2364 0.0948
-0.0465 0.0205 -0.1183
0.0073 -0.0181 -0.6845
0.8370 0.3053 -0.4457
0.0032 0.0442 0.2133
0.3804 0.2788 -0.1564
0.4058 -0.3460 0.0595
-0.0506 -0.8798 -0.3353
-0.1791 -0.2289 0.1486
-0.0054 -0.1261 0.5064
0.7108 0.0909 0.2492
-0.0056 0.0920 0.5360
-0.6413 -0.1049 -0.3310
0.1214 -0.4661 -0.8592
0.3805 0.4010 0.4487
-0.0530 -0.0900 -0.1179
-0.0024 0.1089 -0.1050
0.1069 0.3917 -0.9061
-0.0283 0.0103 -0.5699
0.0414 -0.1228 -0.5284
-0.5207 -0.1166 0.2019
-0.1723 0.5801 0.1516
-0.0366 -0.0056 0.0984
0.0009 0.0025 -0.0011
0.0001 0.0000 0.0151
-0.0092 -0.0153 -0.0145
-0.2104 -0.6295 0.5133
-0.0193 0.0188 0.5830
-0.0232 -0.0537 0.3010
0.4177 0.1173 -0.3726
-0.4962 0.4115 0.4855
-0.0768 0.3731 0.7928
-0.1727 0.0183 0.0500
0.4983 0.1238 0.7155
-0.4974 -0.7810 0.2617
-0.1060 -0.0648 0.6804
0.1472 -0.5605 0.3384
0.2786 0.2624 -0.8433
0.5878 0.0185 -0.3713
0.0527 -0.1631 0.0498
-0.0392 0.1467 0.2160
0.0097 0.0233 -0.0024
-0.1458 0.0683 -0.2711
-0.0016 0.0025 0.0087
-0.1663 0.1363 0.2553
0.0218 -0.4180 0.3159
5.5131 0.2810 0.0443
5.7478 0.5231 0.1432
4.9863 0.0035 -0.0059
4.4459 0.2552 -0.5027
5.0084 0.1286 -0.7071
5.1717 0.1240 0.0508
4.6888 -0.0225 -0.3732
5.1761 -0.0222 -0.2500
4.8385 0.1442 0.5105
5.2419 0.0240 0.6360
5.4904 0.1711 0.7034
4.9959 -0.0045 -0.0165
5.3915 0.0164 -0.1467
4.9628 0.0397 0.0143
4.9899 0.6108 -0.2944
4.9357 -0.0131 -0.0058
4.9901 0.0094 0.0954
5.1608 0.0227 0.0722
4.9469 -0.1315 0.9240
5.5043 0.3504 0.0733
4.9817 0.0024 -0.2847
5.3714 -0.4481 0.2981
4.6462 -0.0289 0.2770
5.0020 0.1497 0.1564
5.4659 -0.4174 -0.2501
4.9392 -0.1916 0.5989
4.6163 0.1961 -0.3113
5.1599 0.0811 -0.5616
4.8720 -0.1218 -0.6342
4.4203 0.2328 -0.2323
5.0330 -0.1967 0.1339
4.5436 -0.1392 0.3700
4.9883 0.0008 0.1664
5.1246 0.0189 0.0430
5.0081 0.1294 0.0509
5.0674 -0.1216 0.4622
5.1293 -0.1501 0.1106
5.3821 0.1569 0.2621
5.1002 0.9171 -0.3218
5.4352 0.7542 -0.1916
4.7427 -0.1374 -0.5526
4.8458 -0.0963 0.2169
5.3290 -0.3871 0.0771
5.5826 -0.4505 -0.3833
5.1509 -0.2971 0.1727
5.1920 -0.4341 0.7795
4.9820 0.0030 -0.0005
5.0707 -0.5664 -0.1077
5.0341 0.4855 0.2443
5.0493 -0.1193 -0.1780
4.9901 -0.0261 -0.0026
4.8968 0.0174 -0.1738
4.8417 -0.4610 -0.8406
4.8450 -0.0575 -0.0732
4.9733 0.0149 0.6047
4.7177 0.1437 0.6065
5.2182 0.0737 0.0465
4.9656 0.0646 0.0138
4.6225 -0.5182 0.3564
5.0919 0.0219 0.1155
5.1378 0.2418 0.9452
5.0078 -0.1039 -0.2805
4.7427 0.0492 0.5232
4.5718 0.4708 0.6421
4.8086 0.0654 0.0367
5.0107 0.0136 -0.0175
4.2900 0.2208 0.1695
5.4451 0.5891 0.2003
5.0462 0.3404 0.4196
5.4422 0.5453 0.5774
4.8572 0.2858 0.0986
4.7056 -0.5277 -0.4505
5.0537 -0.3673 -0.4861
4.7759 0.2286 -0.1026
5.2799 -0.0143 -0.1076
5.0370 0.0598 0.0966
4.9797 -0.1797 -0.1596
5.4043 0.7392 -0.2613
5.1116 -0.3439 0.2199
4.8319 0.1159 0.0998
4.9143 -0.4912 0.8153
4.9591 0.0060 -0.0083
5.1787 -0.7660 -0.3022
4.9946 -0.0022 0.0071
4.9898 0.0006 0.0562
4.8040 -0.2774 -0.1048
4.5767 0.4991 -0.5300
4.9594 -0.0820 0.2080
4.9485 0.0844 -0.2878
4.5902 -0.0422 0.8369
5.1776 -0.0307 -0.0383
4.9949 0.4611 -0.2086
4.9247 -0.0151 -0.7889
4.8277 0.3379 -0.8960
5.0858 -0.0492 0.1682
5.6701 0.7202 0.0341
4.7873 0.1847 -0.6181
4.4818 0.4155 -0.7068
4.8861 0.0570 0.0414
4.3809 -0.5020 -0.3729
