-0.0430 -0.0475 0.0256
-0.0395 -0.0108 0.0970
-0.0251 0.0089 0.2925
-0.0757 0.1102 0.2614
-0.1005 0.0348 0.1189
0.0584 0.0052 -0.4659
0.3800 0.2135 -0.4757
-0.1877 -0.0525 -0.2195
0.4399 0.9554 0.6255
0.0075 -0.0031 0.1038
0.8742 -0.3238 -0.1624
-0.1333 0.2487 0.2395
0.9201 0.9852 -0.9687
-0.3780 0.0548 -0.4025
-0.3280 0.7427 -0.2932
-0.0031 -0.0051 -0.2924
0.2428 0.3204 0.7367
-0.0592 0.1832 0.2832
-0.2234 1.2171 -2.1210
-1.7392 0.7374 -1.0969
-0.1550 0.2796 -0.7685
0.0062 0.0048 0.0376
-0.0002 0.0017 0.4676
0.6594 0.4072 -0.3661
-0.0219 0.0477 0.0257
-0.1266 -0.1352 0.2727
-0.6075 -0.8377 1.3837
0.1918 -0.0340 -0.1097
-0.5472 0.0943 -0.7610
-0.4876 -0.0127 0.5370
-0.0001 0.0000 0.9665
0.0457 -0.1241 0.4210
-0.1924 -0.2788 0.1580
-0.2647 0.7312 -0.2377
0.2795 0.1284 -0.0559
-0.2116 0.0378 0.1202
0.3499 0.2236 -0.8593
0.0878 -0.0894 0.5085
-0.4031 0.5518 -0.2558
-0.0720 -0.0610 -0.0156
0.4321 0.6025 0.1390
0.0410 0.0397 -0.1683
0.0406 0.4022 0.0060
-0.0832 -0.7275 -0.2266
-0.6903 0.4332 0.3481
-0.0205 0.0192 0.2511
-0.0284 -0.0154 0.4712
0.2448 -0.3235 -0.2821
-0.0253 0.5552 -0.6923
0.2953 -0.0328 -0.3337
0.2120 0.3807 0.4137
-0.2585 -0.0025 0.0476
0.0308 -0.0141 0.9163
-0.2917 -0.1931 0.0225
-0.2347 -0.0969 1.6555
-1.3613 -1.7404 -1.9872
-0.1195 0.1358 -0.0420
0.1208 -0.1277 -0.5697
0.1087 0.0218 0.9805
-0.2896 -0.4541 -0.0218
0.0306 -0.5121 -0.7669
0.1020 -0.2786 0.0900
0.0234 0.0973 0.3116
0.0213 -0.0017 -0.0445
-0.1123 -0.0243 0.6029
-0.0155 -0.1163 0.1475
-0.0332 -0.0100 0.5269
1.0672 -3.3920 0.3342
-0.0929 0.1655 -0.1927
-0.1457 0.0958 1.4681
-0.0081 0.0083 0.0039
0.4364 -0.5896 -0.0752
0.0202 0.0249 0.0093
0.1487 -0.0184 0.2074
0.5712 -0.3061 0.4423
-0.0185 -0.0293 -0.0264
0.0519 0.0146 -0.0970
0.2776 -0.0023 -0.4801
0.4897 0.1624 -0.3335
-1.1091 0.8821 -0.5560
0.3539 0.5900 -0.6757
0.3064 0.2499 0.6154
0.4100 -0.3763 0.0482
-0.0456 -0.6818 0.3461
-0.2989 0.4783 -0.4019
0.0596 0.4425 0.0963
0.1182 -0.1201 0.9802
0.8252 -0.2228 0.4589
-0.0220 -0.3994 -0.0771
0.3065 0.3873 -0.1043
-0.1169 0.6086 0.2735
0.3982 -0.0275 -0.2818
0.0054 -0.2891 0.1230
0.1193 0.6214 0.1078
0.0112 0.0197 -0.7842
-0.7449 -0.4589 -0.2123
-0.0159 -0.0001 -0.0363
-0.3260 -0.2166 -0.0450
0.0000 -0.0000 0.0259
0.2452 -0.4289 0.0110
4.9618 0.1772 0.2307
2.3692 0.3877 -0.9357
4.3471 0.1616 -0.2382
5.0435 0.2392 0.7988
4.6740 -0.2469 -0.8264
4.9894 -0.1910 -0.0098
4.8033 0.2643 -0.3853
3.6712 -0.4423 -0.3577
4.6597 -0.6306 -0.1840
3.9502 -0.7383 2.3258
4.4610 -0.0900 0.8690
4.5878 -0.4792 0.3182
4.8569 -0.6337 1.0845
4.4517 -0.0219 -0.2617
5.0946 -0.3375 -0.5183
4.7491 -0.8309 -1.4821
5.2323 -0.1443 0.5041
4.3786 0.3425 0.3633
5.4205 1.5712 1.1067
4.5789 -0.1173 0.4782
4.0476 0.7363 0.4283
4.3778 0.0954 0.3777
4.2528 0.5333 -0.4387
4.5281 0.0021 0.6853
5.2453 -0.7564 -0.8734
4.5416 0.3345 0.0023
4.3782 0.7365 -1.0174
3.9318 0.2545 -0.4315
4.4546 -0.1633 0.3892
6.0764 -0.1124 0.2329
4.4940 -0.0295 -0.1419
4.3903 0.1070 -0.0185
4.1844 -0.6369 -0.0465
4.7740 0.0707 0.7163
4.3353 -0.4955 1.0964
4.5956 -0.2844 0.2799
5.2787 0.4364 0.2826
5.2274 -0.3917 0.2421
4.1138 -0.0385 -0.0845
4.6528 0.0163 -0.0441
4.3334 0.2807 0.7786
4.4457 -0.0625 0.1398
4.9104 -0.1475 0.4264
4.6960 0.2660 0.6655
4.4871 -0.0442 0.1331
4.6315 0.0123 0.9382
4.5142 0.0060 0.1472
4.7595 -0.7887 -2.3269
4.5270 -0.0192 0.0420
4.3008 -0.1631 0.4209
3.7684 0.2381 -0.2009
4.2679 -1.7218 -2.4259
6.3957 -1.0607 1.6233
4.6727 0.1808 0.8428
4.8714 0.4054 -0.2622
4.4008 -0.0056 -0.4607
4.2711 -0.0565 0.1814
4.3454 0.6157 0.0446
4.5222 -0.0746 0.0116
4.5085 0.0060 -0.3093
4.7795 -0.1050 0.1029
4.4878 0.0836 0.4824
5.0829 0.2456 -0.2201
5.5164 -2.4868 -2.3927
4.9781 0.0883 -0.3217
3.8892 0.1224 -0.0294
4.4564 -0.3846 -0.7774
4.3481 -0.4944 0.5880
4.3118 0.0713 -0.0565
4.4479 -0.0476 -0.0165
4.2223 0.1947 -0.4365
4.4748 0.0015 0.3891
1.9616 -0.8882 -1.0396
4.3873 -0.1535 -0.4566
4.5205 -0.0352 -0.3207
4.6713 0.1951 -0.1673
5.5339 0.5230 -0.6260
4.6012 -0.0405 0.4563
4.9559 -0.1642 -1.5378
4.3647 -0.0795 0.7031
3.8306 -0.2493 -0.4437
4.2183 0.4465 -0.4435
4.6755 -0.1451 1.5315
4.2881 -0.2325 0.1428
4.7114 -0.1432 -0.0100
4.6574 0.2105 -0.4702
4.9409 -0.3344 -0.0977
4.5033 0.0635 -0.0255
4.0576 0.2219 0.0202
4.0232 -0.1255 0.5942
4.4701 -0.3707 0.5235
4.4991 0.0963 -0.0832
4.4754 0.0514 -0.1060
4.5713 -0.3379 -0.0508
4.4028 0.0945 0.0281
4.5233 0.0084 -1.2322
4.6892 -0.1638 -0.7314
4.1548 0.6993 -0.3914
4.5185 -0.1143 -0.4843
4.3048 0.1421 1.4195
