-0.0181 0.1437 0.1468
-0.1173 0.1218 -0.0041
-0.2399 -0.4043 -0.1383
0.3402 -0.0530 -0.0940
-0.0235 0.0720 0.2531
0.4985 -0.3244 0.4295
-0.0288 -0.1173 0.4094
-0.0102 -0.0241 0.1957
0.0174 0.0699 -0.2666
-0.0419 -0.3646 -0.2417
0.6148 -0.1725 0.6499
0.0272 -0.0277 0.0121
0.0155 0.0000 -0.6464
-0.2390 0.0518 0.1882
0.2592 -0.1080 -0.6409
-0.1260 -0.1149 0.2357
0.0051 -0.3906 -0.3436
0.0397 0.1505 -0.2164
-0.1237 0.3305 0.0923
0.0983 -0.4387 -0.1055
0.0030 0.0002 0.0086
0.0310 0.1378 0.0962
0.6616 0.2805 0.0985
0.0446 -0.1393 0.3724
0.3325 0.2416 -0.8107
-0.2529 -0.0031 -0.1750
0.0457 -0.0365 -0.0168
0.4876 -0.2805 -0.1738
0.0450 -0.2030 -0.0109
-0.0761 0.0367 0.7180
0.3839 0.0278 0.8457
-0.2201 0.7228 0.6072
0.6042 -0.3568 -0.0495
0.1118 -0.5222 0.4111
-0.0031 -0.0010 0.0032
-0.1801 -0.3025 0.1365
0.3380 0.2817 0.1396
0.3322 -0.6142 0.2038
0.3592 0.1900 -0.6337
-0.3483 0.5573 0.2485
0.0014 0.0127 -0.1030
-0.0018 0.0106 -0.0039
0.6875 0.1101 0.3531
0.2208 -0.5678 0.4284
0.5323 0.5434 -0.0981
-0.1602 -0.0319 0.1553
-0.0127 0.1893 -0.0795
0.1152 -0.1067 0.3592
-0.5376 -0.0609 -0.3437
-0.3192 -0.2169 0.1753
-0.1033 0.0768 -0.6971
-0.0212 0.0231 0.0110
0.6041 -0.0209 0.6567
-0.2518 -0.2490 -0.1536
-0.3354 -0.0263 -0.5124
-0.0724 -0.3649 0.4461
-0.3400 -0.0169 -0.3495
0.1235 -0.0865 -0.3653
0.3073 -0.2544 0.2992
0.0247 -0.0112 -0.1630
-0.2236 0.2473 0.1950
0.2261 -0.2278 -0.2111
-0.4310 -0.2101 0.0477
0.0434 -0.0831 0.5455
-0.0114 0.0985 -0.1305
0.6206 0.5794 -0.3031
0.1211 0.6162 -0.0208
-0.0991 0.0284 0.2454
-0.9170 -0.2075 0.3075
-0.2718 -0.0911 0.2373
0.2976 -0.2096 -0.8404
-0.6529 -0.1549 -0.7413
-0.0677 0.0065 -0.4261
0.4540 -0.6668 0.2333
0.0453 0.0222 -0.2992
0.0501 -0.0779 -0.5695
0.0731 -0.0701 -0.1299
-0.5540 -0.7772 0.2759
-0.1811 -0.0138 -0.0451
0.0348 0.1404 0.5316
0.3405 -0.0008 0.0563
0.0311 -0.0648 0.3079
0.0848 0.1240 0.6529
0.0184 0.0792 -0.3176
-0.3643 0.0502 -0.7348
-0.4111 -0.1076 0.6923
-0.6058 0.0556 0.7355
-0.3422 0.8914 -0.1519
0.0369 -0.1033 -0.8423
0.1182 0.1137 -0.9057
0.0933 0.0470 -0.1252
0.3199 0.0019 -0.6984
-0.0177 -0.0369 0.1561
-0.7485 -0.0980 -0.3996
-0.0708 -0.0533 0.0225
-0.1583 0.8579 0.1938
0.0786 0.2017 -0.4137
-0.0211 0.0408 0.1509
0.0366 -0.0156 0.0286
-0.5333 0.5932 0.3086
0.3095 -0.7624 -0.5644
-0.2738 0.0667 0.8607
-0.0061 0.0059 -0.0899
-0.2735 0.3930 -0.0177
0.2214 0.1567 -0.0323
0.0967 0.0201 -0.1767
-0.3295 -0.3174 -0.3218
0.5550 0.0455 -0.1549
-0.0243 -0.0750 -0.6782
-0.1186 -0.3117 -0.4420
0.2156 0.2172 -0.4878
-0.3005 -0.4695 -0.0063
0.3149 -0.0998 0.4367
0.3560 -0.0043 0.4486
0.2088 -0.0264 -0.2583
-0.0722 0.8803 -0.2463
0.1010 -0.4533 0.4911
0.0402 0.0091 -0.3699
-0.7509 -0.2243 -0.2373
-0.0130 0.3235 0.5441
0.2908 0.1276 -0.7636
0.6407 -0.2902 0.4767
-0.0821 -0.0231 0.0210
-0.0535 -0.0349 -0.0972
-0.2650 -0.7768 0.2761
-0.3577 -0.2977 0.2942
-0.1280 0.0241 -0.0140
0.3080 -0.2098 -0.8539
0.1219 -0.0349 0.0909
0.0932 0.0072 -0.1552
0.0883 0.1054 -0.6611
0.0243 0.1054 -0.7938
-0.3679 -0.0892 -0.5782
0.1290 -0.1894 -0.7853
0.3449 0.3756 0.1724
0.0464 0.0107 0.0723
-0.1206 -0.3502 -0.4416
0.0223 -0.0049 0.2589
-0.1928 -0.0207 0.0526
-0.0788 0.1325 -0.1355
0.0434 -0.0059 -0.5970
-0.1491 0.4664 0.2644
0.0348 -0.0173 0.0869
-0.0441 -0.0852 0.1115
0.0242 -0.0172 0.2622
-0.1427 0.0634 0.3519
0.0725 -0.4154 -0.0522
0.0996 -0.0193 -0.8172
-0.3469 -0.1148 0.3755
-0.0437 -0.2814 0.2435
-0.0820 0.4028 -0.3674
0.0464 -0.1442 -0.0680
-0.1693 0.4118 -0.3692
0.4398 -0.4376 -0.1445
0.1045 0.7161 -0.6085
0.1151 0.0420 0.2565
-0.2250 0.2340 0.1361
-0.0460 -0.6006 0.1155
0.3635 0.0398 -0.2064
-0.0100 -0.0026 -0.6709
-0.1710 -0.0781 -0.5683
0.1578 0.1890 0.1681
-0.0893 -0.7217 0.4012
0.0083 0.0299 0.7240
0.5403 -0.3787 0.1361
0.4521 0.2815 0.1818
-0.1717 -0.4905 0.2686
-0.4154 -0.6655 -0.4201
-0.0818 0.0027 -0.4466
-0.0009 -0.0477 -0.3887
0.0036 -0.1454 0.0239
-0.1629 -0.2417 -0.0612
-0.0430 -0.0594 -0.3739
-0.1093 -0.0040 0.1232
-0.0266 -0.0070 -0.6133
0.1144 -0.0396 0.2445
0.0065 -0.0001 -0.0077
-0.2255 0.0861 -0.0312
-0.0178 -0.1064 -0.1318
-0.0720 0.0208 -0.4959
-0.6272 0.0001 -0.3628
-0.4730 -0.2362 0.5363
-0.0950 -0.6389 -0.1528
-0.1858 -0.2049 0.0549
0.0011 -0.0039 0.0018
0.0207 0.0319 0.4515
-0.6318 -0.0934 -0.2703
-0.2282 0.0664 0.8817
0.5983 -0.2810 0.1176
0.0042 0.0554 0.0462
-0.1738 0.1285 0.4610
0.5694 0.0187 -0.6333
-0.1312 0.0294 0.0246
0.2642 -0.2263 -0.0842
0.1441 0.2838 -0.1114
-0.1432 0.0284 0.1347
-0.0106 -0.0086 0.2191
0.6284 -0.2323 0.4405
-0.0027 -0.0023 0.3390
-0.1456 0.2722 0.1442
