0.0583 0.0728 0.5003
-0.1713 -0.0681 -0.2234
0.2586 -0.4053 -0.3650
-0.7447 0.0850 -0.2120
-0.2301 -0.4530 -0.5587
-0.0271 0.0126 0.3769
-0.0198 0.0464 0.7563
0.4608 -0.8320 0.0304
-0.0520 -0.0317 0.6702
0.9797 0.9524 -0.9390
-0.1334 -0.3193 -0.7387
-0.0651 -0.0202 -0.7252
0.0434 0.1842 0.2110
0.7795 -2.7081 -1.8728
0.0637 0.0550 -0.0207
0.3664 0.0586 -0.4995
0.0219 -0.0836 0.0121
0.0136 -0.0067 -0.2585
0.0401 0.2246 0.7849
-0.1502 -2.5529 -0.3029
0.8889 0.8303 1.2433
0.0053 -0.0122 0.5722
0.6243 -0.3058 0.2616
0.1293 -0.5601 -0.2431
0.6513 0.1598 0.2255
0.3848 0.1719 -0.7874
0.4779 0.6901 -0.1006
-0.2891 0.0474 -0.8380
-0.0514 0.4196 -1.3855
-0.2888 0.0077 0.8613
-0.2642 -0.3737 0.2276
0.0222 -0.0010 -0.1604
0.0147 -0.0660 -0.3306
-0.0007 0.0102 0.0034
0.2723 1.0388 2.2025
-0.0169 0.2125 0.0647
-0.0989 0.2114 -0.2952
-0.5059 -0.0306 -0.4362
0.1786 -0.6368 0.1211
0.3971 0.3928 2.9700
0.5121 -0.0224 0.3986
-0.3788 0.2637 0.3307
0.0041 0.0075 -0.0122
-0.0813 -0.2487 0.2261
0.0667 0.7125 -0.2837
0.1572 0.7664 0.4848
-0.1279 0.1318 -0.3149
0.6242 -0.3173 0.5884
-0.1066 0.1946 0.7148
-0.0005 0.0109 0.2174
-0.0556 -0.2757 -0.6657
-0.2223 -0.1659 0.6940
0.0178 0.0117 0.0059
-0.0014 -0.2512 -0.8186
0.0183 0.0047 0.3444
-0.1658 0.1602 0.8070
-0.1248 -0.2972 -0.1314
-0.0900 0.4357 -0.8190
0.6068 -0.4425 -0.2217
-0.3316 -0.4935 0.2766
-0.3016 -0.0338 -0.1016
-0.0008 0.0009 -0.1623
-0.5185 -0.0712 -1.4531
-0.0150 0.3319 0.8313
-0.0463 0.0180 0.3007
1.5422 -1.7391 0.4010
0.3503 -0.0535 -3.3018
0.0514 0.1656 -0.0617
-0.1237 0.1400 0.9053
-0.0021 -0.0372 -0.5363
0.5270 2.4185 2.5696
0.0038 -0.1186 -0.0761
-0.0288 -0.3902 0.1047
-0.0023 0.1623 -0.0632
0.1592 0.4757 0.2864
0.1835 -0.1784 0.1272
-0.0956 0.0732 0.4938
0.0248 -0.0346 -0.7663
-0.0333 0.0160 0.3984
0.1955 0.1394 0.1557
-0.8853 1.0025 0.1131
0.0067 -0.0021 0.3843
1.2881 -1.4224 -1.7134
2.2983 0.1218 0.9935
-0.2178 0.1078 0.5323
0.1583 -0.1349 0.9303
0.1765 0.0849 -0.4490
-0.0474 -0.0408 -0.0440
0.0052 0.0022 0.0824
0.5652 0.3657 1.0127
0.0198 -0.0848 -0.0630
0.3168 -0.3574 0.2853
0.1445 0.1714 -0.1196
-0.4891 -0.4122 -0.0741
0.1228 -0.1072 -0.1791
0.0137 0.2364 0.0047
-0.6059 -0.8194 3.4796
0.0024 -0.0058 0.0573
-0.1611 0.1080 0.8261
-0.7368 -0.9672 -2.5661
0.1106 0.0703 -0.1247
0.6698 0.0549 0.1784
0.1713 0.0256 -0.7030
0.2060 0.1418 0.1967
0.2028 -0.0825 0.5419
-0.3065 0.5802 -0.2926
0.0988 -0.0506 0.0832
-0.2253 0.2861 0.0153
-0.0848 0.0313 0.0623
-0.2228 -0.1872 0.7497
0.0642 0.0724 -0.3425
-0.1100 -0.2520 -0.0307
0.1338 0.0728 0.0930
0.0001 -0.0001 0.0151
0.0350 -0.0529 -0.1531
0.0056 -0.0943 -0.2803
0.0812 -0.1923 0.3738
0.0210 -0.3337 -0.8389
0.0036 0.2025 0.4644
0.1156 -0.2110 -0.5089
0.2339 -0.2365 0.3653
0.0596 0.0752 -0.0743
0.0214 0.0283 -0.1906
-0.0008 0.0012 0.0278
0.6440 0.0308 -0.1955
-0.1451 -0.7243 -0.1109
-0.0086 0.0166 0.1833
-0.2510 0.1712 0.5672
0.5712 0.3213 -0.4866
-0.2528 0.0858 0.6179
0.5046 -1.0557 -1.4573
0.4857 0.7489 0.1738
0.0543 0.0310 -0.1057
-0.1326 -0.5333 -0.7981
0.1819 0.1940 -0.3832
0.2797 0.1001 -2.1923
-0.0083 0.2715 -0.5580
0.5584 -0.1770 -1.2510
0.9227 0.0804 0.1018
0.0231 -0.1700 -0.2430
-0.1019 0.0636 -0.1601
-0.1364 -0.6579 0.2132
-0.4876 -0.2146 0.1750
0.0585 0.1416 0.0929
0.7130 -0.0794 0.0287
0.0394 0.1077 -0.4736
-0.1930 -0.0556 0.6308
-0.0741 0.0577 0.3788
0.2526 0.3807 1.3976
-0.1718 -0.0485 -0.0505
-2.7627 1.6289 -0.2408
0.1153 -0.1560 -0.5848
-0.0216 0.0123 0.4235
0.2534 -0.5254 0.1668
0.0110 0.0051 0.5061
0.1054 0.6140 -0.1293
0.4948 0.5417 0.2778
-0.1522 0.2079 -0.0913
0.1939 -0.1222 -0.1387
0.2132 0.6326 -0.1833
-0.2974 -0.4533 0.3767
-0.4682 1.4165 0.4422
-0.1461 0.2789 0.3268
-0.1865 0.8517 -0.1429
-0.3412 0.4481 0.2192
-0.7106 -0.1332 0.0365
-0.5635 -0.0649 -0.3459
-0.3470 0.0351 -0.0893
0.0144 -0.1296 -0.1161
0.0344 0.0255 0.6370
0.2223 -0.1075 0.1078
0.1596 -0.0474 -0.3473
-0.1436 0.0027 0.7703
-0.0802 -0.2427 -0.2139
0.3063 -0.0064 -0.4955
0.0122 -0.1367 -0.0683
0.4803 1.3582 -1.2127
0.0062 0.0054 -0.9689
0.2061 0.5636 0.2686
0.8593 -0.3145 0.2270
0.0455 -0.8107 0.1271
-0.6705 -0.6394 -0.2205
-0.0181 0.0106 -0.1068
0.2968 -0.4856 -0.1992
0.1259 -0.0073 -0.4762
-0.4582 -0.5090 -0.4128
0.1472 -0.0889 0.9530
0.4036 0.2977 -0.6692
-0.0552 0.6219 -0.1940
-0.1595 -0.1909 0.3187
-0.1311 0.1316 -0.0221
0.1046 0.0543 0.3878
0.5720 0.2923 0.4486
0.4553 -0.1158 0.3746
0.2497 -0.4673 0.6678
0.8744 0.3121 0.0597
0.0034 0.0066 0.0034
-0.0183 0.0227 0.0735
-0.0002 -0.0001 -0.1156
0.0513 0.0165 -0.2490
-0.2993 -0.0104 0.6514
-0.0594 0.2180 -0.3845
-0.0042 0.0006 0.0026
0.3976 0.2544 0.3371
-0.3114 -0.1031 0.1496
-0.7700 0.2598 0.1803
-0.0438 -0.0185 -0.0015
0.0041 -0.0008 -0.0491
0.0514 0.0546 -0.0660
0.0913 0.1209 0.1154
-0.0425 0.0020 0.0112
0.0577 0.1760 -0.3770
-0.0024 0.0008 0.0625
-0.1825 -0.0555 -0.4841
-0.1277 0.0269 -0.0564
-0.1695 -0.6753 0.3406
0.8961 -0.4372 2.8197
-0.2181 1.0657 1.1963
0.1192 -0.0136 0.2376
-0.1499 0.0718 0.3877
-0.1278 -0.3787 -0.4735
0.4519 -0.6589 -0.2899
0.2291 -0.0912 0.0714
0.2744 0.1573 -0.0981
0.1397 -0.0903 0.1522
0.0383 0.1880 -0.2000
-0.2863 0.6067 -0.4886
-0.3025 -0.0400 0.6590
-0.5149 0.9949 -3.1283
0.4570 -0.2304 -0.0746
-0.8615 -0.1718 -0.1821
0.1083 0.5151 -0.7227
0.1500 -0.1719 -0.3487
-0.1650 0.0421 -0.4329
0.1957 0.2313 0.4960
0.1886 -0.3144 -0.1621
0.5190 0.6069 -0.3308
0.0547 0.3137 -0.1606
-0.0607 0.0888 0.0035
-0.4519 -0.5377 0.2387
0.0701 0.0265 0.1223
0.7293 -0.3021 0.0788
0.7847 -0.4425 0.3227
0.0444 -0.0674 0.9165
0.5456 0.4037 0.3869
-0.4580 -0.0194 -0.1605
-1.3452 -1.6706 -0.3377
-0.1576 0.6862 0.4068
0.0988 -0.1800 -0.9649
-0.2992 -0.5532 0.1752
-0.4347 -0.2882 -0.4439
-0.0212 0.0199 -0.1334
-0.2277 -0.5273 -0.5242
-0.4308 0.1404 0.1740
-0.0317 -0.0102 0.0471
0.0042 0.0543 -0.1237
0.1302 -0.7691 -0.4349
0.1665 0.2693 0.6328
-0.0010 0.0009 0.4026
-0.5824 -0.6456 0.1725
0.0633 -0.0638 0.6983
-0.3905 0.1546 0.4069
0.3600 0.3446 0.2812
0.1919 -0.1200 -0.4502
0.4675 0.5819 0.0557
-0.3086 -0.1491 1.8798
-0.0006 0.0007 -0.0078
0.9435 -1.1475 -2.9441
-0.5843 -0.5279 0.0252
-0.0728 0.1763 -0.3562
-0.5624 0.1033 -0.1149
-0.0352 -0.0755 -0.0821
0.0712 0.0091 -0.0315
0.5915 -0.0215 0.8100
-0.3626 -0.4499 -0.0960
0.5115 0.1076 0.5262
-0.1538 0.0210 -0.8256
-0.0714 0.5466 -0.7770
0.0093 -0.1422 -0.1719
-0.0325 -0.0820 0.0554
0.2987 -0.1414 0.2419
-0.1660 -0.0904 0.3256
-0.3293 0.5222 0.5507
0.4268 -0.4080 -0.5140
0.4909 0.3327 0.7879
0.0071 0.0497 0.0926
0.0128 0.3564 -0.4061
0.1034 0.3398 0.5143
0.0348 -0.1450 -0.3990
0.0089 0.0112 0.3856
-0.3690 0.0308 0.2465
0.0006 0.0389 -0.0170
-0.1915 -0.3235 0.1803
0.0499 -0.0099 0.2166
0.1910 -0.2206 0.8094
0.0276 -0.0127 0.9135
0.1408 -0.0061 0.7167
0.3173 -0.4575 -0.5326
0.5903 0.1193 -0.4638
-0.2456 -0.0226 0.1823
0.0047 0.1017 -0.1730
0.0357 -0.0210 0.9924
0.8199 -0.7970 2.2183
0.1583 -0.1938 -0.2789
-0.0060 0.0189 0.1401
0.8021 -0.3511 0.3734
0.0330 0.0074 0.7048
0.1756 0.1151 0.2659
0.4520 0.3028 -0.3894
-0.0206 -0.0119 0.5008
0.6975 -0.6285 -0.0916
-0.0041 0.0008 0.0989
0.0806 0.2846 -0.1337
0.5948 0.4063 -0.1305
1.9993 -0.7557 -0.7387
-0.1115 -0.4540 -0.6731
-0.0342 1.3983 0.4360
0.0121 0.0567 0.0743
0.0022 0.0037 0.4176
-0.2053 0.4865 -0.3132
-0.0497 -0.0356 0.0996
0.2097 0.0831 0.0382
-0.1016 -0.4670 -0.2031
-0.3092 -0.2913 -0.7185
0.2215 -0.2536 -0.8686
-0.3595 0.2136 0.8212
-0.1782 0.0627 -0.2294
0.0418 -0.0158 0.0499
0.3649 0.3981 -0.4641
-0.3904 -0.8067 -0.1997
-0.0465 -0.4264 -0.0110
-0.7620 0.0583 2.7635
-0.1325 -0.0264 -0.0707
0.1795 0.0081 -2.5911
0.3366 -1.6454 0.9024
-0.3670 -0.4666 0.0461
-0.0329 -0.2879 0.7699
0.0056 -0.0228 0.2076
0.0398 0.0110 0.5160
0.0317 -0.4293 0.1605
-0.0975 0.0062 -0.0417
-0.6784 -0.1233 -0.2081
-0.1185 -0.2706 0.1436
-0.4393 0.0710 0.4816
0.6874 -0.1301 0.1482
0.1626 0.2300 -3.0216
-0.2286 0.0149 -0.5132
0.1031 -0.0118 -0.2021
-0.0907 -0.0617 0.2521
0.3340 -0.1590 0.4456
-0.0568 -0.2011 -1.1290
-0.0363 -0.0599 -0.3166
0.2126 0.0713 -0.2183
0.1148 0.0833 0.0359
-0.0828 0.2168 -0.5178
-0.1869 0.2003 -0.1484
-0.0468 -0.0379 0.2272
0.4696 0.0922 -0.6019
-0.2725 0.6075 0.5551
-0.0699 0.0415 -0.5030
-0.0237 0.0051 0.0049
0.2159 -0.1065 0.0124
-0.5313 -0.1875 0.3952
-0.1367 0.3263 0.2873
3.0852 -0.3456 -0.7380
0.3026 0.2097 0.8025
0.7033 0.3443 0.5942
-0.0886 0.4121 0.8465
0.0077 -0.0229 0.0024
-0.3121 0.0211 -0.1968
0.4995 -0.5449 -0.5190
-0.5082 -0.3448 0.7736
0.0396 0.1342 0.3953
-0.0743 -0.1192 0.2280
0.0636 -0.1109 -0.0879
0.0860 -0.0013 0.0459
-0.1550 -0.5526 -0.3003
0.1232 0.4973 0.8443
-0.4030 0.5608 0.6877
-2.7880 -0.1588 -2.1293
0.0149 -0.4773 -0.7046
0.0995 0.0948 -0.7192
-0.0077 0.0258 -0.0172
-0.1417 0.3740 0.6997
-0.1442 0.2863 -0.8215
-0.5870 0.3389 -0.5449
0.1163 -0.1659 -0.1712
-0.2171 0.0648 -0.1215
0.3093 0.7860 0.5269
0.3124 0.2728 0.2574
0.5047 -0.2149 -0.4821
-0.2292 -0.4859 -0.2487
0.1348 -0.0755 -0.0326
-0.1489 -0.0586 0.1190
-0.1444 0.3040 0.2687
0.1871 0.2381 -0.7092
-0.0824 0.0772 -0.2013
0.0391 -0.1108 0.1453
-0.0036 -0.0013 0.0159
0.6877 -0.1971 -0.5993
0.0986 0.1188 0.0559
0.7509 -0.5345 -0.2839
0.1435 0.0182 0.3114
0.1663 0.2070 3.0127
0.4936 0.3527 -0.2297
-0.4099 0.3677 -0.1744
0.2263 -0.2182 -0.3798
-0.0418 -0.0063 -0.1714
-0.2121 -2.7153 -1.7494
0.7257 0.4538 -0.3431
-0.0315 0.4231 0.7225
0.0151 0.3120 1.7439
0.0775 -0.1112 0.2516
-0.3195 -0.4234 0.0153
-0.0627 0.1037 -0.1291
-0.1189 0.1526 0.0279
-0.2412 0.4620 -0.7204
0.0438 0.5006 0.4426
0.2302 -0.2952 0.5410
0.1932 0.1411 -0.4601
0.7077 -0.5212 -0.3992
0.0316 -0.4031 -0.2959
-0.2858 -0.7276 -0.4215
0.7810 -0.5517 -1.4573
-0.2323 0.3689 0.3769
-0.0878 0.5162 -0.0859
0.0717 -0.0059 -0.2109
0.0125 -0.1301 0.2033
-0.1455 -0.1774 -0.3250
-0.0620 0.1701 -0.6484
0.4764 -0.5011 -0.6502
-0.0397 -0.2080 -0.6393
1.3057 0.3585 0.9043
0.1382 0.4979 0.3967
-0.2580 -0.0857 0.1646
-0.2516 0.1410 0.6702
0.3371 -0.0993 -0.4142
-0.1560 -0.3391 -0.3769
-0.1269 0.3481 0.1258
0.1870 -0.0222 -0.4176
-0.3551 0.4760 0.5253
-0.2176 -0.5621 -0.2295
-0.0288 -0.0293 -0.0560
-0.0132 0.0465 -0.0401
0.1714 0.6409 -1.1048
-0.0200 0.1016 0.8245
-0.6102 0.2532 0.3079
-0.0104 0.0010 -0.0970
0.1722 0.0718 -0.9069
0.0028 0.0126 -0.0099
-0.2915 0.1176 0.1018
2.5365 2.3317 -0.7183
0.0756 -0.2741 0.9062
-0.0419 -0.0833 -0.5666
-0.0451 -0.0271 -0.1046
-0.0877 0.5086 -0.0179
-0.1498 0.0158 0.2124
0.0103 0.4647 -0.3842
0.1976 0.1857 0.0348
-0.5998 0.4441 0.0879
-0.0847 0.4610 0.2793
-0.0235 -0.0329 -0.7996
0.8149 0.2346 0.0342
-0.0477 -0.2333 0.1647
0.0161 -0.2998 -0.0521
-0.5382 0.0265 0.0749
-0.3467 -0.2728 1.2571
-0.1625 0.2531 -0.3474
-0.0197 -0.0268 0.1017
0.1899 -0.0501 -0.7326
0.0591 -0.0080 -0.6579
0.0780 -0.0678 -0.0865
-0.3323 -0.3061 0.2227
-0.5283 -0.4777 -0.1332
-0.2491 0.1113 0.2211
0.0962 -0.0153 -0.0705
0.4097 -0.1920 -0.2723
0.0715 -0.0113 -0.0601
-0.3197 -0.5533 0.2249
-0.0941 0.0121 -0.3071
0.0022 -0.1576 0.0834
-0.1568 0.1969 0.2429
0.0254 0.0137 -0.0008
0.6259 0.7072 -0.2516
-0.2823 0.1587 0.2886
-0.2593 -0.0792 -0.3553
-0.3872 -0.1401 -0.5755
-0.3085 -0.4268 0.0644
0.7748 2.2021 -0.5707
-0.0054 -0.0081 -0.0088
-0.3128 0.4192 -0.0111
-0.1121 -0.4135 0.3294
-0.2318 0.0132 0.0764
0.6307 -0.3326 -0.2175
0.3292 0.1344 -0.0508
-0.3076 0.2429 -0.0021
-0.0278 0.0094 0.2916
-0.7641 -0.1730 0.4342
-0.4381 -0.2476 0.7976
-0.2303 -0.3102 0.2599
