-0.7604 1.3792
0.2321 0.1501
-0.2404 0.2302
-0.1439 -0.1133
0.0672 0.0095
0.8186 -0.5003
-0.2190 -0.3266
0.5478 -0.0721
-0.5040 -0.5184
-0.0154 -0.0071
-0.7983 0.4021
-0.1470 -0.0447
-0.5550 0.5005
0.1540 -0.1183
-0.1002 -0.0268
-0.1764 0.1475
-0.3725 -1.2514
0.0128 -0.3009
0.1611 -0.6185
0.6978 0.1890
-0.2899 -0.0800
-0.6829 -0.2683
0.0274 -0.1338
0.4261 -1.3248
0.6587 0.6002
-0.5256 -0.5912
0.1087 0.0083
-0.1446 0.9597
0.9801 0.0785
0.1951 0.8375
-0.0305 -0.3571
-0.7809 -0.5271
0.8695 0.0014
-0.7094 -0.2498
-0.6949 1.4296
0.1646 0.2716
-0.1345 0.0721
-0.2545 0.5481
0.0025 0.0196
-0.7433 -1.3992
-0.2821 -0.7507
0.2007 -0.4013
-0.3940 0.8840
0.3177 -0.3481
0.8000 0.2434
-0.1328 0.8070
1.2444 0.1989
-0.0139 0.0429
0.4834 0.6476
0.0921 -0.0879
2.1104 -0.1291
2.5398 0.0176
2.6021 -0.7183
1.5228 0.7490
2.4224 0.0757
2.6188 -0.2135
3.4445 -1.2356
1.6706 0.0135
1.6985 -0.6078
2.0416 -0.3686
2.2128 0.6098
2.1630 0.4835
2.9586 -0.0654
2.4544 0.0846
1.6823 -0.4656
1.6871 0.1792
2.0630 0.4306
2.9774 0.0928
2.0917 -0.4710
2.7379 0.0060
2.6528 0.0430
1.8582 -1.4812
1.8673 1.4334
2.4110 0.9057
2.6845 0.3885
2.5537 -0.4331
2.0398 0.1774
2.8792 -0.0927
2.6498 -0.2366
2.6151 -0.7422
2.7388 0.5705
2.2627 0.5051
2.6627 -0.1669
1.9143 0.5640
3.1669 -0.6731
1.8934 0.2453
2.3275 -0.1357
1.6380 0.3532
2.9556 0.6052
2.9901 -0.4331
3.0719 -1.0773
2.6433 0.2588
1.6146 0.9421
1.3557 -0.5533
2.3459 -0.6588
2.6700 -0.9453
1.3280 0.2395
2.7248 0.2598
2.5811 -0.4246
2.2751 -0.7993
