-1.501747177392553922e-01 -3.938941852033912561e-01
7.449363400622340814e-01 1.845818830481784356e-01
-3.403670191232007203e-01 7.527229318045668416e-01
3.064831368305692694e-02 2.708272504095106392e-02
-4.262045438238473150e-01 7.668201744825925426e-01
-5.628538008097333512e-01 1.249054689441127103e-01
-1.281792182299862359e-01 -2.702685299896067095e-01
-1.515709166716400491e-01 -7.105538048491422121e-02
-2.042944486091237410e-01 8.710979561997607423e-02
-3.244624405022396296e-02 -3.786752936796086016e-02
1.384598369601812949e-02 2.804725207105944751e-01
-2.290462742826439024e-01 2.763795410224544891e-01
6.775186678701040910e-02 4.447652911842343154e-02
2.158858327447895908e-01 -2.732982099429822620e-01
-3.997775878920050152e-01 -8.413850761086987262e-01
-4.495147230658494975e-01 -3.466522668318770539e-01
-4.047848101296610580e-03 -4.482508986685104779e-01
-2.006880677613221142e-01 1.479054572194096473e-01
-5.295910194273597549e-01 8.074671106508921059e-02
-5.718384441881467495e-02 2.663866561483349549e-01
-4.195872563788423104e-01 5.825924331652294619e-01
2.265115398475076314e-01 8.691871086981350913e-01
-3.280540191733780087e-01 3.072714129612871825e-01
-3.030046209846759542e-01 4.248306495491793178e-01
1.915073067489846126e-01 -2.877980393398069658e-01
-1.920532036184448982e-02 -2.734445153021595187e-01
1.549149869761647091e-01 -3.252596774101691457e-01
7.101815158143637285e-01 5.590482321075208594e-01
2.454474238741709835e-01 5.543662753583051828e-01
-1.860461527257329384e-01 -5.271396580838756396e-01
-3.725317386795420904e-01 -4.979871035215759356e-01
5.452819205648492540e-01 -4.972995675466321819e-01
8.352741248853347011e-01 -5.216305196691537471e-01
5.989955061232347111e-01 5.960478558337504174e-01
3.136762322334071262e-01 6.272344301145638124e-02
-2.201084796116302422e-01 1.227621029753948045e-01
-4.310661942096443711e-01 -8.816814153452442668e-03
5.326868640304768254e-01 6.054219569818717339e-01
-3.526493563541822640e-01 5.938032188009079171e-01
1.419493388294605363e-01 -1.254081162484356748e-01
-1.411839579769258446e-01 4.034100722021803920e-01
-1.238705543079478451e-02 1.621435133682519458e-02
4.603549514226021322e-01 6.953148116435621251e-01
-1.528007578621717322e-01 1.935121947118234320e-01
-4.202161375563018830e-01 7.305711517395899746e-01
-4.386568767367147320e-02 2.061290369748608117e-02
-1.996311175466785048e-01 5.444097923017632290e-01
1.006288561172968832e-01 2.075524574689557589e-01
6.326823725219590799e-02 1.973616804433136196e-01
3.280580811620359416e-01 3.302559759211912138e-01
3.510575588059455576e+00 -1.751576857720887892e-01
2.897724681263297963e+00 3.822161510334457502e-01
3.477858203966076811e+00 -1.487992725385283432e-01
2.872155405740770551e+00 3.628280405264552172e-02
2.571528045876529056e+00 -7.608527924565516853e-01
2.420266946665665664e+00 1.564788905884130499e-01
2.976552968136486399e+00 -7.592755361273163528e-01
3.754565947638105694e+00 5.520242286053108627e-01
2.975746242404738506e+00 5.452641810035182557e-01
3.100097479264057210e+00 6.774706634560846430e-01
2.887655641765696668e+00 -2.017251518496607221e-01
3.062373392263824101e+00 -1.199730851831766823e-02
3.407558273119978942e+00 6.533881860046839574e-01
3.340342996079926685e+00 5.689436944667182194e-01
2.476398840364567810e+00 -5.796223313347290684e-01
3.135333203317627326e+00 -4.551692724830244674e-01
2.949685572594956007e+00 -2.318184841663403217e-01
2.828686478846188734e+00 6.558909372335000043e-01
2.874968317962433240e+00 -1.486774453700190901e-01
3.697868309033388812e+00 6.986429009089430986e-01
2.282971384782650937e+00 -4.129127851794056614e-01
2.735971941905512850e+00 -9.627008217132893009e-02
2.965638736584358615e+00 -4.855340981245398480e-02
3.059541158169638564e+00 -1.487708493351354577e-01
3.090095913266183825e+00 6.620184355187348491e-01
2.503241960876195993e+00 -7.318509830556237938e-01
3.255527488566821503e+00 -2.107782688354279121e-01
2.551700155899420785e+00 1.998702027313225826e-01
3.009253057552009558e+00 -1.215735052077005912e-01
3.690729732783946115e+00 -1.661389417741301333e-01
2.985670487882705171e+00 -2.128325346557962128e-01
3.599097867728680455e+00 -7.889948175931611463e-01
3.327193461966210908e+00 2.583653212099198404e-01
3.033068798233199193e+00 -3.250323848220427747e-01
2.935999439964168012e+00 -9.047937191170270232e-02
2.890063137783463798e+00 -7.142657957814371184e-01
3.127532885999989798e+00 6.042914612532830632e-02
2.634533323554236084e+00 4.682180219410055355e-01
3.244071559783214820e+00 -7.004175609984014672e-02
2.992780737592588558e+00 -5.782974975844941135e-01
3.094299853998584648e+00 1.051271464733963268e-01
2.741062161343698733e+00 -6.224311188522303473e-01
2.771235027943711682e+00 -1.796831067743956678e-01
3.576347295928317571e+00 -7.409818568096889768e-01
3.148710693442179576e+00 1.192412852467378687e-01
3.048200056022082993e+00 6.562817754302410211e-01
3.223208890504532853e+00 -1.070183360902766390e-01
2.704876024068579632e+00 -1.150450552375201496e-01
2.976965509310598446e+00 2.107926539606216343e-01
2.266326810197528463e+00 -5.958982133934642711e-01
