-0.0458 0.1274 -0.1032
0.0002 -0.0092 0.0115
-0.3527 0.8690 0.3080
0.8887 -0.4991 0.5472
-0.1346 0.1938 0.7034
0.5175 -0.7746 -0.2390
-0.2484 -0.0713 0.5027
-0.1769 -0.6731 0.1426
0.5873 0.2353 -0.3249
0.0507 -0.1152 -0.0353
0.2979 -0.2466 0.3115
0.3608 -0.3366 -0.3728
-0.3543 -0.0281 0.4550
-0.0157 -0.0219 0.1450
0.0188 0.0362 -0.0040
0.1290 -0.0064 0.3657
0.4913 -0.1241 -0.5029
0.0004 0.0356 -0.3707
0.1806 -0.5519 -0.2268
0.4116 0.0737 0.2687
-0.0166 -0.0771 -0.0984
0.1116 -0.1046 -0.1947
-0.1827 -0.3774 0.2470
0.5326 0.3162 -0.0316
-0.2804 -0.3389 -0.2976
1.0769 0.6440 -0.3260
1.9890 -0.0181 0.4693
2.0686 -0.0860 -0.2282
2.4334 -0.0080 0.6650
1.9106 -0.0116 0.3411
2.1888 0.2862 -0.7069
2.2456 -0.2669 0.2460
1.8234 0.4818 -0.0197
1.9996 -0.0046 0.7678
2.4628 0.5416 -0.1547
2.0529 -0.0385 -0.1022
1.9910 0.2942 0.3120
1.8732 -0.2855 0.2125
1.9683 0.0168 -0.1247
2.4119 -0.0154 -0.3367
2.6131 -0.0623 -0.3862
2.1093 0.1513 -0.3360
2.6108 0.5452 0.2527
1.9291 -0.2385 -0.2095
1.7801 0.3652 0.1709
2.1345 0.3520 -0.7118
1.8866 0.6642 0.3395
1.9975 -0.0014 -0.0432
1.9986 -0.0074 0.0252
2.5532 -0.7083 -0.3118
