-0.2354 0.2433
0.3728 0.5201
-0.3800 0.4346
0.0155 -0.1828
-0.1807 0.5034
0.9519 -0.3623
0.8836 1.1034
-0.2910 0.5322
-0.9331 -0.0494
-0.1338 -0.1847
0.1141 -0.0375
3.2639 2.0853
-0.9445 -0.2708
-0.3822 0.7412
0.0449 0.3198
-0.1668 0.0970
0.5293 -0.5528
0.5225 0.0795
-0.8464 -0.0077
0.2931 0.4355
-0.1864 0.0590
-0.0392 0.7745
0.3325 0.4693
0.2818 0.3856
-0.8052 0.5312
-0.0307 0.0089
0.2455 -0.6562
0.5031 -0.0516
0.1595 0.6408
-0.5059 -0.5139
0.2228 0.1734
0.4076 0.3805
-0.3643 0.0045
0.1535 0.0642
0.4349 -0.1519
0.2645 -0.2769
0.9140 -0.3356
0.2431 0.5288
-0.1453 0.8003
0.0547 0.7905
-0.6443 -0.3703
0.1243 -0.5492
-0.2498 0.1016
0.5192 -0.7014
0.1506 0.0738
-0.1423 -0.4725
-0.1926 -0.2724
1.0983 -0.7843
0.1719 -0.4702
0.5195 -0.3243
-0.0380 -0.6690
-0.5965 -0.6508
0.1616 0.1296
-0.7125 0.2929
-0.0494 0.0711
0.3315 0.2558
0.2016 -0.0732
-0.5697 0.0861
0.0816 -0.5005
-0.0106 0.1230
0.1492 -0.2886
0.2723 0.6159
-0.7479 -0.4815
-0.6329 -0.5179
0.1993 0.2279
-0.3882 0.2790
0.0721 0.2354
-0.2909 -0.1003
0.2891 -0.4930
-0.0552 -0.0341
0.0261 -0.9162
2.7037 0.1758
0.0506 -0.0329
0.3769 0.0980
-0.7434 0.1495
0.1329 0.1176
1.9344 -3.1087
-0.3438 0.1076
-0.0129 0.1136
-0.0103 0.0035
-0.6491 -0.4117
0.7532 -0.0442
0.2912 0.6748
0.6174 -0.2342
0.2535 -0.0262
-0.0038 0.0565
-0.1854 0.0047
-0.3817 0.2425
0.7456 0.6456
0.0354 -0.0266
0.0209 0.7293
-0.2232 -0.4181
0.7599 -0.0869
-0.0760 0.1674
-0.0780 0.0261
0.6672 0.0533
0.6573 -0.0739
0.6936 0.0363
0.0972 -0.0854
0.2316 0.8669
4.1615 0.1830
5.3735 -2.6434
4.2703 0.6239
4.6127 0.5557
4.6123 -0.1072
5.4638 0.6595
4.7322 -0.1253
5.2081 0.1346
4.8396 -0.2784
4.5082 -0.3985
4.7361 -0.8221
4.9029 -0.4790
5.6582 -0.1471
4.8336 -0.5289
5.9319 0.2353
4.4460 -0.0845
5.0315 -0.1734
5.0778 0.5516
4.9995 -0.5994
5.0839 -0.7050
4.7379 0.5128
4.7986 0.2190
4.9658 -0.0242
4.7122 0.3536
5.5431 0.8106
5.5732 -0.2565
5.2018 -0.3515
5.1685 0.5958
5.6766 -0.0515
5.2327 0.3626
5.0360 -0.7527
4.8330 0.2415
4.8724 -0.0120
4.3919 -0.5256
4.5959 -0.2560
4.3264 -0.3555
4.7321 0.0570
4.4350 0.2182
5.5887 0.4230
5.5811 -0.6944
4.8508 0.7531
5.0207 0.9323
4.9087 0.6736
5.1691 0.6538
4.3295 0.4813
1.6966 -0.5272
4.9446 -0.2828
4.5559 0.2816
4.1603 3.0116
5.3434 -0.3641
4.5703 0.2356
4.3153 0.2995
5.0623 -0.0303
5.6345 0.1246
5.2754 -0.0487
4.0741 0.3642
5.0214 -0.0144
4.5279 0.2694
5.0958 0.0878
5.5140 0.8083
4.8527 0.2511
5.6669 -0.7369
4.4276 -0.4259
4.8765 0.4589
5.1989 0.1687
4.9541 -0.6649
4.3959 -3.5111
5.3585 -0.4210
5.1279 0.0730
4.7742 0.4660
5.5978 0.0352
5.2193 -0.2635
4.7630 -0.4231
5.5773 0.1586
5.2456 0.8405
4.9357 -0.1067
5.0673 -0.3869
4.2262 0.4229
5.1856 0.5010
4.7674 0.3148
4.8017 -0.0003
4.4034 0.0500
5.1424 -0.2361
5.0490 -0.0244
4.4239 -0.1660
4.9684 -0.0051
5.4721 -0.0184
5.0072 0.4587
4.7126 0.0771
4.7271 -0.1155
5.2723 -0.8644
4.5569 -0.2133
4.9101 0.6633
4.6279 -0.0150
5.1600 0.0944
4.8953 0.0136
5.2881 -0.0132
5.2586 -0.1899
4.3326 -0.4441
4.1862 0.2081
