-1.8332 -1.2006
-0.2513 0.7530
-0.8899 0.4064
-3.0135 0.3886
0.0193 0.0025
-0.7631 0.3098
0.1127 -0.1935
-0.6087 0.0533
0.5762 -1.0615
-0.3851 -0.2930
0.6548 0.6642
-0.2538 0.2801
-0.5504 -0.1446
-0.0271 -0.0960
-0.0232 -0.0269
-0.0436 0.0694
-0.1790 -0.1637
0.4024 -0.3503
0.1557 -2.9513
-0.3819 -0.1344
-0.0860 -0.0882
0.1515 -0.9316
0.1913 -0.2766
1.4751 -0.6090
-0.3216 -0.0581
0.0543 0.0139
-0.4088 0.4650
-0.5624 -0.4579
-0.0362 -0.1087
0.1154 -0.3413
-0.4400 0.8734
0.0982 -0.6050
-0.2739 -0.7285
0.1737 0.7005
0.4622 0.1970
-0.4962 0.5623
-1.8249 -1.1880
-0.3267 -0.0882
-0.0180 -0.0640
0.1045 0.0204
-0.3469 0.5076
0.8228 0.7112
-0.9589 -1.4266
-0.1886 0.6671
-0.3528 0.6432
0.1191 -0.2036
0.0282 0.1336
-0.0532 0.0333
0.0954 -0.5667
0.9873 -0.0289
0.1957 0.6214
-0.0050 -0.0369
-0.1424 0.2502
0.0598 -0.0525
-0.1521 -0.5459
2.6297 -0.1280
1.9306 1.7133
-0.1414 0.2387
0.0098 0.0157
0.0699 0.0439
-0.2604 0.1895
-0.7001 -0.2858
-0.0545 0.0456
0.2155 -0.9205
0.4102 2.1956
-0.6119 2.9650
-0.6400 0.6189
-0.0728 0.0954
0.1234 0.6130
1.6260 0.3366
0.7982 0.5544
0.1227 -0.2556
-0.2036 -0.0617
0.4013 -0.8645
-2.2054 -1.1788
-0.2109 -0.6694
0.4329 -0.1547
0.1195 0.4231
-0.2054 -0.7101
0.3626 0.7694
-0.3231 0.7662
0.4424 0.7017
0.0919 -0.0961
0.3782 0.2761
0.1976 0.3920
-0.0288 0.3095
-0.2777 0.0469
0.2539 0.0932
-0.9779 0.9746
0.1314 0.5062
-0.1147 -0.0165
-0.0185 0.0105
-0.4983 -0.8258
-2.0310 -0.5575
0.3011 -0.4558
-0.6489 -0.5671
-0.6593 -0.4083
-2.1792 -1.0635
0.1207 -0.8325
-0.0673 0.0591
-0.0239 0.0595
0.3356 -0.1511
0.7373 0.5736
-0.2714 -0.2859
-0.5703 -0.2256
0.0454 -0.0329
0.3560 -0.5953
1.3835 -1.5376
2.5620 -1.6672
0.4905 0.4331
-0.4117 -0.4809
0.0565 -0.2746
-0.9407 -0.0948
-0.5410 0.3158
0.6949 -0.1081
0.1830 -0.4904
-0.8106 -0.0845
-0.9886 -0.0242
-0.4426 0.6585
-0.0743 -0.2246
-0.0435 -0.0255
0.2065 -0.1310
0.0045 0.2362
0.5621 -0.1159
-0.4152 0.8120
0.0067 0.0122
1.3737 1.0180
1.0491 0.4151
-0.6096 -0.3187
-0.0010 -2.6125
0.0707 0.0573
-0.0387 0.8288
-0.5916 0.8035
0.1582 -0.1978
0.0050 0.7466
0.6275 0.5400
0.1871 0.3808
-0.0595 0.2614
-0.1152 -0.4354
0.1834 -0.4533
0.3415 -0.1082
0.5877 0.7710
0.0268 -0.1168
0.1176 -0.7141
0.1158 0.8044
0.1952 0.1580
0.0717 0.5388
-0.3628 -0.1837
-1.3918 0.0374
0.4001 -0.8614
-0.3479 -0.8557
0.3508 0.0325
0.3154 0.5430
-0.2502 -0.3012
0.1815 0.0262
0.2087 -1.9012
-0.1116 -0.0134
-0.6239 -0.0063
-0.0504 0.1492
0.7022 0.1439
0.2136 -0.2394
-0.2054 0.1757
-0.1230 0.5535
-0.6921 0.3670
-0.3735 -0.6249
0.1225 0.1108
-2.0687 -0.9647
-0.7054 -0.6393
-0.2590 -0.9157
0.3649 -0.2825
-0.4557 -0.0592
-0.0291 -0.0046
-0.0000 0.0048
1.1649 -1.5654
-0.3133 0.4634
-0.1991 -0.2629
-0.6013 -0.0396
-2.7759 0.1206
-0.6288 -0.8661
-0.1180 0.3343
0.3297 -0.6765
-0.5481 -0.4373
0.0959 -0.9766
0.4519 0.5758
-0.3781 0.4976
-0.2619 0.2631
-0.0802 -0.0187
-0.9828 0.0253
0.0785 0.0885
0.7696 -0.0571
-0.4465 -0.5435
-0.0761 -0.8718
-0.8753 0.0622
-0.3876 -0.3224
-0.7664 -1.5076
0.2411 0.3295
0.1153 0.3477
-0.5686 0.4467
-0.4387 -0.5910
-0.3740 0.3538
-0.5441 0.0425
0.0028 -0.0041
0.0444 -0.0781
0.0521 0.1671
-0.1636 -0.1930
-0.2685 -0.0503
-1.2600 -1.1266
0.5756 -0.4686
-0.8244 -0.4253
-0.2237 -0.0141
0.0617 -0.2415
-0.1368 3.0084
-0.1115 -0.4074
1.2874 -0.3191
0.4417 0.6584
-0.0844 -0.1785
-0.0369 -0.0738
0.1137 0.4846
0.3747 -0.1092
0.1414 1.2461
-0.4685 0.5194
0.3621 -0.4091
-0.5727 0.5862
-0.4875 0.3757
-0.5480 0.2216
0.0720 0.2965
-0.2239 -0.1568
1.4025 -2.3831
-0.0671 -0.7533
-1.5456 -0.7590
0.4609 -0.1330
-0.4834 0.3269
-0.6522 -0.7839
-0.0106 -0.1818
-0.4791 0.1620
0.2371 -0.3596
0.0162 -0.0338
-0.0675 0.0182
-0.1260 -0.1017
0.2621 0.5390
0.8731 0.0623
0.1214 0.1187
0.1861 0.4181
0.1121 0.2862
0.8874 0.3451
0.6356 -1.2195
-0.1040 0.1772
0.0019 -0.1516
0.0812 -0.1720
-0.2861 -0.1671
0.3249 -0.4865
0.1177 1.9172
0.0198 -0.0051
-0.0053 -0.0726
-0.2278 -0.5595
0.0935 -0.6383
0.0180 -0.0289
-0.7090 1.4436
-0.7687 -0.0344
0.1303 -0.3803
-0.5079 0.3533
-0.2755 0.1652
0.0024 -0.0004
0.5568 0.5761
-0.4896 0.0928
0.3778 -0.8269
-0.0134 -0.1240
0.1917 -0.2482
-0.4570 -0.5685
-0.4233 -0.7250
-0.2695 0.0798
0.1308 -0.1122
-0.3213 0.3406
-0.1981 -0.3161
0.2490 -0.3796
-0.9733 -0.2398
0.0124 -0.0100
0.1306 -0.0610
-0.8650 -0.0803
0.0112 -0.1597
-0.4893 -2.0939
1.6015 0.2023
-0.3086 -0.1314
0.2443 0.8907
-0.3308 -0.4435
0.5414 -0.3609
-0.5441 -0.0634
0.2902 -0.4459
1.1431 -0.1903
0.2464 -0.1202
-0.7966 -0.0338
0.4571 0.0429
0.4751 -0.6429
0.0136 0.5638
-0.8253 0.2659
0.5184 -0.6954
-2.1583 0.6911
-0.0243 -0.6890
0.1093 -0.1529
0.8587 0.3384
-0.0988 0.1109
0.2517 0.8600
0.6707 0.3673
0.2192 -0.7418
-0.1267 -0.3345
-0.7592 -0.3383
0.7199 0.5480
0.0967 0.2095
0.0849 -0.7802
0.1280 -0.0970
-0.0391 0.1028
-0.4643 0.0837
-1.3630 -1.5857
-0.5576 0.1328
-1.2152 1.9100
0.7085 0.3446
0.3783 -0.3170
-0.7134 0.2676
-0.8470 -0.0599
-0.5607 0.1718
0.4783 -0.1345
-0.0046 -0.0004
-0.5953 0.6765
0.7128 -0.0584
-0.3487 -0.1629
-1.7641 -1.0182
-0.5326 1.3344
0.2429 -0.5583
0.2155 -0.5313
0.6101 0.1241
-0.4436 0.0310
-0.3554 -0.0771
0.1205 -0.8139
0.0938 1.1914
-0.3392 0.3143
0.9539 -0.0544
0.0338 -0.3900
0.3963 0.3227
-0.1597 0.6658
-0.4848 0.7221
0.2770 0.6997
-1.5069 1.7375
0.0270 0.2228
0.3998 0.2820
0.4525 0.6543
0.3632 -0.3515
-0.8780 -0.1165
2.1772 2.1293
-0.2266 -0.3324
0.4512 -0.8343
-0.0556 0.1336
0.7624 0.0170
0.0394 0.0383
0.1502 -0.1222
0.9094 -0.2666
-0.0311 0.0078
0.9202 0.0240
-0.0683 0.0343
0.3060 0.3885
-0.5082 -0.0454
0.1794 -0.1660
-0.0813 -0.4981
-0.1806 -0.0215
-2.5048 1.2386
-0.1985 0.7911
0.2561 0.0768
0.0412 -0.0173
0.1372 0.6635
-0.1652 -0.1059
0.5590 -0.4656
-0.2013 0.8486
-1.3347 -0.1100
0.2052 0.0871
-0.1821 0.1516
-0.2308 0.7895
0.3021 0.5461
0.1395 0.9786
2.0805 -0.6759
0.4084 -0.1786
0.0936 0.4958
-0.0962 -0.7112
-0.1260 0.6209
0.7437 1.1783
-0.4915 -0.6328
0.0004 -0.0096
-0.0529 0.2124
0.0014 0.0022
-0.2690 0.6782
-0.1356 0.1224
0.1971 -0.9555
-0.7140 -0.1056
-0.3401 0.0635
-0.3462 0.4964
0.6823 -0.2553
0.5236 1.5157
-0.1300 0.2609
0.0698 -0.0029
0.1045 0.2348
-0.2360 -0.8725
1.0068 -0.6971
0.6634 -0.8043
1.5641 -0.6288
-0.6766 -0.5266
0.2482 0.1940
-0.1205 -0.5005
-2.3342 -0.4465
0.0278 -0.0044
0.3103 -0.7202
-2.0756 -1.6089
-0.1006 -0.0190
-0.1072 -0.0430
0.3110 0.4018
0.2882 -0.2617
-0.1521 0.5295
-0.2017 0.0304
-0.0968 0.0029
-0.1401 -0.2954
1.9006 2.1404
0.4050 -0.6032
0.0272 -0.0859
0.1808 -0.1697
0.9004 -0.3831
0.2472 0.4258
-0.2906 0.2423
0.0087 -0.5383
0.7872 0.7491
-0.1844 -0.4692
0.6622 -0.3741
0.2266 -0.7900
0.1174 0.0428
0.3125 0.7906
-0.1732 -0.3679
0.0764 -0.2815
-0.8420 0.3127
-0.6786 -0.4341
0.3896 0.0328
0.6555 -0.6211
0.0226 0.9741
1.0361 2.2590
-1.6539 -0.4853
0.2482 2.3743
0.8194 -2.7266
-0.1422 -0.0886
-0.0098 -0.0246
0.6661 0.4376
0.3288 -0.2961
0.0423 -0.0732
0.0324 0.0006
-0.1054 0.1369
-0.6913 0.0390
-0.0008 0.0143
0.6599 2.2255
0.0606 -0.0712
0.1144 -0.1023
-0.3465 -0.3352
-0.2616 0.0811
0.3259 -0.6681
0.3653 -0.8575
0.2990 0.7137
-0.1446 -0.8198
0.0102 0.1324
-0.5762 -0.5427
-0.3901 -0.4429
-0.4991 0.7959
0.3468 0.8800
0.4686 -0.6629
-1.9263 -0.5652
0.3344 0.1825
-0.2096 -0.1369
-0.8104 0.8981
-0.0240 0.0420
0.2698 -1.6686
-0.7649 0.5538
1.1947 -2.6102
-0.2936 -0.1581
-0.6297 0.7241
-0.5434 -0.6249
-0.0628 -0.2184
-0.1759 -0.4700
2.4997 0.2715
-0.8305 -0.1628
0.8394 -0.0165
-0.5471 -0.6016
-0.5694 0.7197
-0.5445 0.7646
-0.0928 0.1002
-0.1886 0.2790
0.1134 0.2990
0.1328 0.8775
0.0383 0.1160
-0.0024 0.0567
-0.1221 -0.1650
-0.0604 -1.1749
-0.5619 -0.3531
-0.7042 -0.1027
0.2736 0.7644
-0.9580 0.0898
0.4822 -0.0151
-0.0569 2.4736
-0.1776 -0.7407
