-0.0057 0.0996 -0.1076
-0.2355 1.1312 0.3260
-0.0063 -0.0570 -0.1626
0.3116 -0.0930 -0.1401
-0.0373 -0.1796 0.1492
-0.0234 -0.0461 -0.0725
-0.0600 0.0642 0.6464
0.7238 0.5096 0.0696
0.0222 0.0060 -0.0574
-0.4498 0.1476 0.6276
-0.0103 -0.0038 -0.0462
0.5227 1.2027 0.7607
-0.5932 -0.0747 0.7172
-0.1095 -0.3176 0.1573
0.0400 0.0424 -0.2612
2.5000 0.0000 -0.0013
2.5136 0.5030 0.0252
2.3371 -0.0934 -0.4126
2.6872 -0.0982 0.0631
2.3995 0.1056 -0.0466
2.2846 -0.2133 -0.2880
2.3097 -0.0444 0.4685
2.2679 0.3948 0.1466
2.5968 0.1084 -0.0007
2.4766 -0.0709 0.2000
2.9180 0.0829 -0.1938
2.0678 0.1707 -0.1178
2.5523 -0.8390 -0.3330
2.4852 -0.0120 -0.0894
3.8506 -0.1275 0.8660
