-0.0521 -0.0124
0.2780 0.1760
-0.0162 -0.6748
0.0379 0.6296
-0.0517 -0.1437
-0.1982 0.9296
-0.1010 0.5885
0.2238 -0.5590
-0.8213 0.3522
-1.9253 -1.6861
0.1926 -0.0299
-0.1052 -0.2415
0.6378 -0.4642
-0.2578 0.2948
0.2606 -0.4140
-0.1948 -0.0488
-0.6754 -0.4091
-0.0460 -0.0070
-0.3353 -0.0719
-0.0318 -0.1034
0.0720 0.4724
-0.9363 2.4769
0.0045 0.0092
0.6792 -0.2008
-0.6422 -0.1132
0.6764 -0.6349
2.8718 2.3935
-0.2363 0.4592
0.5241 0.1528
0.8945 0.1460
0.1632 -0.0262
-0.0157 -0.0680
0.3901 -0.7761
0.2619 0.7238
0.2245 0.0632
-0.1037 -0.1344
0.4256 0.2861
-0.2202 0.2269
-0.6390 -0.5228
0.1474 0.2002
-0.3398 0.1409
0.4244 0.3789
1.6076 1.3642
-0.9949 0.0590
-0.7996 1.2728
0.2000 0.1392
-0.4655 -0.0806
-0.0422 -0.0289
0.4731 -2.3138
0.1762 -0.4703
-0.1685 -0.5613
1.3657 -3.9084
0.1536 -0.9444
-0.2533 0.5287
0.3711 -2.1386
0.5475 -0.3368
0.9433 0.1711
-0.5501 0.2547
0.3710 -2.1304
-0.0873 -0.6494
0.0026 0.0149
-3.0251 -1.7215
-0.5170 0.6287
2.1968 0.1679
0.0195 0.0701
0.3213 -0.1799
0.0315 0.2629
-0.5925 -0.7945
0.3794 0.1886
-0.7860 0.4264
0.0045 -0.4127
0.5003 -0.2102
-0.1209 -0.6341
0.0290 -0.0066
0.8040 0.1874
-0.2021 -0.9517
0.1724 0.8481
0.8364 -0.8511
-0.1287 -0.6012
-0.0684 0.0581
-0.6068 -0.0719
3.5462 0.3657
-0.2804 0.1468
0.0909 0.0301
0.0226 0.6462
-0.1652 0.5185
-0.6916 0.6857
3.8352 1.3152
0.1913 -0.5002
-0.0055 0.0672
-2.7801 -1.0672
0.0287 -0.0232
0.3318 -0.3109
0.0602 -0.3677
-0.1190 -0.2068
0.1830 0.2873
-0.3990 -0.0923
0.0930 0.0973
0.4950 0.8044
-0.0735 -0.0221
