0.1623 -0.3986 -0.2431
-1.3493 -0.7273 1.4674
0.0282 0.2741 -0.5875
-0.5557 0.0739 0.1762
0.1617 0.0714 0.7698
-0.4658 -1.1218 1.7278
-0.1189 -0.7448 -0.0834
0.1421 -0.4474 -0.4425
0.0082 -0.0581 -0.9347
-0.4457 0.3649 -0.1659
-0.2633 0.5489 0.1271
0.0573 -0.0066 0.0504
-0.0729 -0.0360 0.5158
-0.1515 0.0050 0.4017
-1.0291 0.1052 -1.0338
-0.1929 0.4894 0.5445
-0.1284 0.0755 0.0944
0.3071 0.6056 -0.5814
0.0141 0.0464 0.1933
0.0387 0.0352 -1.4732
1.1393 -0.1090 -0.5716
0.0229 -0.0916 -0.0164
-0.0017 0.0052 0.0037
0.1691 -0.5410 -0.4839
0.0677 0.0266 -0.5751
-0.0069 -0.0381 0.0161
-0.0122 0.0484 0.2306
0.6073 -0.1757 -1.3300
-0.0091 -0.0493 -0.9231
-0.0197 0.5031 -0.0704
-0.0699 -0.0320 0.3417
-0.4245 -0.8185 0.0719
-0.0015 0.0112 0.0059
0.3791 0.0074 -0.0689
-0.3503 -0.2773 -0.6750
-0.2978 0.2331 0.8606
-0.0041 -0.0208 -0.0514
-0.0132 -0.0788 0.9454
-0.3859 -0.1948 -0.0950
-0.0784 0.1350 0.1503
