0.2996 0.1350 -0.6180
0.0224 -0.0577 -0.0354
0.0719 -0.2465 -0.4714
-0.0070 0.0277 0.1823
-0.0159 0.0412 0.1068
0.0400 -0.0104 -0.4063
-0.2161 0.1087 0.0891
-0.0302 -0.3047 0.9499
0.7600 0.4753 -0.3239
-0.0428 -0.0603 -0.7973
-0.2709 -1.0881 -1.6478
-0.1124 0.3621 -0.2515
0.0813 -0.1590 0.5819
0.4205 0.3320 -0.5949
-0.0771 -0.0687 -1.6218
-0.4450 -0.5609 0.2068
0.0093 0.0025 0.7035
0.2389 -0.1622 -0.1670
-0.1206 0.1789 -0.4909
0.5807 0.1099 0.1555
0.0397 -0.0357 0.0893
0.3647 0.8407 -0.6792
0.0225 -0.0032 0.0328
-0.0766 -0.1009 -0.0797
-0.4673 -0.1643 0.0522
-0.1099 0.1349 -0.4527
0.0226 0.0118 0.5868
0.3572 0.6122 -0.5051
-0.1957 -0.5506 0.4125
-0.3366 -0.4824 -0.5534
-0.0600 0.0752 -0.0542
-0.0132 -0.0279 -0.0221
-0.0388 -0.0733 0.1895
0.5073 0.2556 0.5722
-0.0575 0.0753 -0.1072
0.2280 0.0406 0.0189
0.6371 0.5133 0.4934
-0.1775 -0.1642 0.6136
-0.0080 0.0668 0.0561
0.4259 -0.7236 0.1336
0.0473 -0.0191 0.2303
-0.3180 -0.7371 -0.2621
0.2869 0.0119 0.5861
0.7676 0.4629 -0.3269
0.0027 0.0071 0.7814
-0.1508 0.1116 0.3467
-0.3412 0.6370 -0.1611
-0.3023 -0.0304 0.0192
0.2240 -0.0663 0.5860
0.1004 -0.0904 0.1430
-0.8141 0.5522 0.1486
-0.0213 -0.0430 -0.0856
0.0512 -0.0336 0.2988
0.2038 0.0194 0.3384
-0.1859 0.1724 -0.0021
0.0556 0.0287 -0.0688
-0.2788 0.2016 0.0404
-0.1466 0.0469 0.3267
0.8540 -0.4327 -0.0084
0.0904 -0.4442 0.5427
-0.0520 -0.1045 0.0551
0.0246 -0.2401 -0.2295
0.3719 0.6867 0.3417
-0.1209 0.0027 -0.2140
-0.2838 0.2943 0.3817
0.7792 0.1314 0.1464
-1.1788 -0.0664 -0.3221
-0.0823 -0.0181 0.1501
-0.4486 0.1707 0.4805
-0.2642 0.1491 0.5823
-0.0185 -0.0507 -0.3127
-0.1051 -0.2853 0.4679
0.6320 -0.6479 -0.2105
0.2476 -0.0295 -0.0878
-0.2621 0.2262 -0.5247
-0.9740 0.1957 -0.4925
-0.3389 -0.2646 -0.0645
0.0693 0.0549 0.2007
-0.1574 -0.0197 0.1968
0.4071 0.5171 -0.0064
-0.2242 0.8980 -0.1897
-0.5721 0.2623 -0.1455
-0.4323 0.0079 1.4078
0.1956 0.1564 -0.1282
0.7448 -0.4717 0.3772
0.0689 0.0120 0.7021
0.0563 -0.0506 0.4573
-0.0206 -0.6579 -0.4463
0.0917 -0.0238 0.1377
0.1086 0.8515 0.0101
-0.1625 -0.0164 -0.1695
-0.5845 0.1475 0.3894
0.5771 -0.5440 0.1405
0.2669 -0.0955 0.5797
0.0496 0.0230 0.1583
0.0582 0.9184 0.0723
-0.2096 -0.3900 -0.7121
0.0143 0.0129 0.0183
0.0136 0.0016 -0.2423
-0.0137 0.0052 -0.0361
3.0312 0.2249 0.0524
2.9605 -0.2678 -0.0036
3.4298 0.7328 0.0797
2.9755 0.3626 0.1712
3.2382 0.1785 0.4357
3.4151 -0.3763 0.1948
2.4879 0.1077 0.7940
3.0987 0.7035 0.2168
2.6812 -0.0281 -0.2408
3.1880 -0.2868 -0.0983
2.4699 -0.2890 0.7231
3.3751 -0.0848 0.3276
3.1876 0.0574 0.1231
3.0612 0.0467 0.1886
3.0535 0.0425 0.3424
2.5790 -0.2701 -0.5660
3.8127 0.3553 0.3462
3.1830 -0.0076 -0.1571
2.9696 0.0009 0.1980
3.0415 -0.0905 0.3154
3.1173 -0.1747 0.2066
2.8752 0.0034 0.1871
3.0050 0.0041 -0.0410
3.0345 -0.1961 0.2788
3.0026 -0.1038 0.0307
2.8706 -0.1109 -0.4084
2.7785 -0.3808 -0.3874
3.0355 -0.0104 0.0471
2.8405 0.3936 0.0928
3.1369 0.3749 -0.1493
3.0431 -0.0358 -0.4988
3.0050 -0.0115 0.0103
2.8917 0.0818 0.1285
2.9860 -0.2932 0.8441
2.2939 0.3569 0.4145
3.2268 0.1779 0.4949
2.9589 0.1045 0.9518
2.9285 0.0633 -0.6163
3.1535 -0.1221 -0.5974
3.2169 -0.1796 0.2612
2.9523 0.0030 -0.6812
3.2582 0.1710 0.3103
3.3664 0.3494 -0.2940
3.0949 -0.0018 -0.5503
2.8603 -0.0277 -0.0485
2.9318 0.2652 0.6365
2.7540 -0.5051 0.6630
2.6756 -0.6916 -0.2985
3.0553 -0.0656 0.0485
2.8910 -0.0199 -0.2600
3.5500 0.1888 -0.5520
3.4829 -0.0342 -0.3015
3.0182 -0.0204 0.1649
3.0194 0.0219 -0.0191
3.2583 0.3397 -0.8519
3.5957 0.4758 -0.5662
3.6263 0.7732 0.7697
3.0044 0.0092 0.0069
3.0917 0.0171 -0.5081
2.8012 -0.3940 -0.4405
3.2285 0.0451 0.0893
3.3009 -0.1867 0.5638
3.2392 -0.2125 -0.5255
2.2562 -0.6425 0.0576
3.0001 0.0002 -0.4079
2.8715 0.0896 -0.2621
2.9667 -0.1002 0.0794
2.7509 -0.5963 -0.1277
3.0405 -0.1684 -0.7390
2.8829 -0.1143 0.4752
2.9537 -0.0224 0.3154
3.1623 0.6759 -0.1524
3.2425 0.1008 -0.2436
2.5725 0.1006 1.7699
3.7725 -0.4269 0.2248
3.1272 0.0019 -0.0745
2.9964 0.1059 0.0077
2.8320 0.0059 0.2534
3.0589 -0.1876 -0.6920
3.1262 0.1722 0.2527
2.9526 0.0219 0.0240
3.0199 -0.0674 -0.7720
3.3045 0.3009 0.0955
3.1406 0.0568 -0.2096
2.2864 1.9567 -0.2802
3.0224 -0.4657 0.1483
3.0561 0.0307 0.3810
3.6488 -0.3738 0.1828
2.8758 0.0694 0.7566
2.9095 -0.3585 -0.5495
2.4621 -0.0628 0.1398
2.7208 -0.0814 0.6858
2.8398 0.3180 -0.1196
3.1793 -0.0613 -0.0909
2.9046 -0.2551 -0.6766
2.8264 -0.1044 0.0544
2.2776 -0.1894 -0.4229
3.4819 -0.0446 0.0859
3.0068 -0.0231 -0.0078
3.5463 -0.3599 -1.0110
