0.1296 0.0208 -0.0088
-0.1338 0.2374 0.0181
-0.0669 -0.0681 -0.3040
-0.0041 -0.0117 0.0079
0.0299 -0.0231 0.9656
0.0588 0.2374 0.9433
-0.4925 0.6388 0.4446
0.4705 -0.2540 -0.6844
-0.1469 -0.0996 0.0514
-0.1427 -0.0532 -0.0308
0.0169 0.0162 0.0658
-0.1126 0.4522 0.3365
0.5717 -0.2569 -0.2314
-0.1997 -0.4236 -0.2839
0.0071 0.0094 0.4333
0.7863 0.1949 -0.3567
0.6321 -0.5338 -0.1312
-0.1292 0.2242 -0.2437
-0.0229 -0.0919 0.2066
0.1142 -0.2446 0.5026
-0.0850 0.0567 -0.0576
-0.0239 0.1444 0.0787
-0.0394 0.1658 -0.1334
-0.2986 0.0472 -0.0544
-0.6785 0.3727 -0.1697
0.1286 0.2797 -0.0098
0.2427 0.1695 0.2055
0.0053 0.0686 0.2485
0.0970 -0.0536 0.0761
0.0339 -0.0811 -0.9139
0.0071 0.0070 0.0300
-0.0436 -0.0702 0.0762
0.0271 0.2267 0.3314
-0.5016 -0.6376 0.5691
-0.0061 -0.1715 0.2098
-0.0092 -0.0072 0.5525
-0.0083 0.1083 -0.0580
-0.1613 0.8592 -0.3946
-0.0825 -0.3062 -0.0721
-0.0177 -0.0303 -0.0297
-0.0516 -0.0632 -0.0872
-0.0898 -0.3852 -0.1191
-0.0476 0.0659 -0.2209
-0.3139 -0.0685 0.1819
0.0161 0.0982 0.1280
-0.1660 0.1236 0.8089
-0.2404 -0.2949 0.0218
0.8188 0.4566 0.2702
0.1837 -0.1714 0.1544
0.1957 0.8040 -0.5113
2.9509 0.0517 -0.4028
2.5496 0.0633 -0.6890
3.0667 -0.2030 -0.0133
2.8321 0.2734 -0.3043
3.6413 0.2266 -0.6743
3.7054 0.3174 -0.1410
3.3146 -0.4705 -0.3625
3.0040 0.3901 0.4081
3.3408 0.1566 -0.9239
2.9004 0.5073 -0.7701
3.0072 0.0125 0.0771
2.2422 0.3544 0.2853
3.0053 -0.0536 -0.0312
3.0479 0.0277 0.6679
3.3131 0.2920 -0.0294
3.0754 -0.0551 -0.8335
2.7817 0.5757 -0.5412
3.5727 0.7117 -0.2571
3.0815 0.0986 -0.1766
3.0854 -0.0049 -0.0380
3.9554 -0.1550 0.1600
2.9863 -0.1690 0.1487
3.3544 0.4719 0.2735
3.0454 0.0656 0.0858
3.2139 0.0397 0.2288
2.6194 -0.4504 0.5746
3.1017 -0.1698 -0.2410
2.8981 0.0343 0.1649
3.0895 -0.1924 0.3305
2.6594 0.1020 -0.4252
3.0706 -0.0428 0.0263
2.9135 0.0505 0.4956
3.0105 -0.0522 0.2093
2.6751 -0.1279 0.3658
2.9773 0.0020 -0.2673
2.9196 -0.1374 0.6427
2.8170 0.5790 0.4637
3.4632 -0.2917 0.1460
3.1107 0.3219 0.4559
2.9180 0.0373 -0.1023
2.4301 -0.2739 -0.4585
3.1867 -0.0688 0.1046
2.7019 -0.0822 -0.2521
3.1946 0.5704 -0.5347
2.8755 -0.1257 0.1224
2.7651 -0.4434 0.5799
3.0580 0.2923 0.4117
3.1351 -0.2285 0.7787
3.1344 -0.7057 0.2636
3.2021 -0.0495 -0.0912
