0.0759 -0.0443 0.0144
-0.1240 0.7725 -0.5420
-1.7738 3.5360 1.0571
-0.1992 -0.6003 -3.2137
0.2283 -0.2952 -0.2655
-0.0037 0.0113 -0.0250
0.3866 0.2663 0.0817
-0.0933 0.0148 0.8416
-1.4195 -0.6465 -1.6496
-0.4602 -0.2447 0.5123
0.0762 0.0144 0.2257
0.4196 -0.2273 0.0127
-2.3088 0.8693 0.3444
-0.4348 0.2770 -0.1486
0.5015 -0.3022 -0.4959
0.0271 -0.0446 0.1398
-0.2648 0.5077 0.3350
0.3146 0.1449 -0.4042
0.2977 -0.2226 0.1766
0.6370 0.1527 -0.3309
0.7657 0.0945 -0.3002
-0.1097 0.0501 0.6496
0.3547 0.0571 0.1389
-0.1523 0.0339 0.0799
0.0891 0.5941 0.6840
0.0844 -0.0368 0.9399
0.0464 0.1117 -0.2217
-0.2316 0.4742 0.8327
-0.0436 -0.3373 0.1121
0.1250 -0.5490 -0.6379
-0.0676 0.1903 0.1094
-0.3590 0.8943 -0.0574
0.5455 1.1356 3.9195
-0.0060 0.0003 0.0125
0.4237 0.7731 -0.2837
0.5765 0.0751 -0.6044
-0.2393 0.1633 1.2000
-1.6126 1.0982 2.5821
0.1198 0.2591 -0.4676
0.1754 0.0344 0.6507
-0.1536 -0.3119 -0.6834
-0.1145 0.0042 -0.3876
0.0319 0.0361 0.0181
-0.0612 -0.1477 0.0166
-0.1698 -0.0536 0.4431
0.6824 -0.5608 0.3505
-0.2098 -0.2706 0.6672
-0.1622 -0.7441 0.6361
-0.0083 -0.0109 -0.1451
0.4151 -0.4763 -0.1350
0.0040 -0.0053 0.9884
0.7216 -0.0398 -0.2041
0.0127 0.0754 -0.2819
-0.0916 0.1152 0.8245
-0.2929 1.9100 -0.6110
0.0362 -0.1507 -0.3507
0.1317 -0.8271 0.1932
-0.2388 -0.0569 -0.4131
0.0722 -0.8769 2.8608
0.3380 2.6980 0.0615
-0.1338 -0.0408 0.3940
0.1685 -0.0234 -0.3763
-0.6273 -0.0953 0.7321
0.0668 0.3550 0.0692
-0.0638 -0.0378 0.0008
0.6411 -0.0532 -0.4234
-0.0081 -0.0009 0.0218
0.0056 0.3482 -0.1211
-0.4948 0.4953 -0.1784
-0.0339 0.0159 -0.0475
0.3878 0.0266 -0.0675
0.2256 0.5160 -0.1067
-0.2095 -0.3267 1.7701
-0.4875 -0.7435 0.1409
-0.2769 0.2283 0.7254
0.2893 0.3824 0.7546
-0.0381 -0.3634 0.4749
-0.0674 -0.4308 0.2811
-0.3153 0.0929 0.3526
1.2723 -1.4895 -3.3140
-0.8073 -1.9178 0.6096
0.0857 0.3067 -0.4875
-0.3261 0.1719 0.1337
-0.1211 0.1629 -0.2738
-0.1903 -0.0765 -0.0495
0.3120 -0.4562 0.0974
-0.0000 -0.0001 -0.4045
-0.1843 -0.0178 0.3563
-0.1724 0.0925 0.2188
0.2830 0.2761 -0.2108
-1.3177 0.3659 0.2350
0.2182 -0.1554 0.0755
0.0165 0.0013 0.9930
-1.4528 0.5966 1.9532
0.0049 0.0454 0.4943
0.5110 -0.3378 -0.6656
-0.3834 -0.0690 -0.0999
0.2298 -0.0613 -0.3758
-0.1631 0.0357 -0.2265
0.3180 0.1889 -0.6556
