-0.6624 -0.0613
0.9175 -0.2640
-0.4074 -0.3964
-0.5135 -0.2681
-0.8374 -0.3007
-0.5477 0.3109
0.2313 -0.8288
-0.0439 -0.6733
0.4180 -0.1993
-0.4317 -0.3280
0.8750 0.1593
-0.7854 -0.1267
-0.9136 -0.1648
0.1117 -0.1241
-0.1574 0.2575
0.0384 -0.7119
-0.4814 -0.4408
-0.1087 0.0128
0.0601 -0.0347
0.1281 -0.1028
0.0427 -0.1360
-0.1561 -0.1203
0.6195 -0.6037
0.2449 -0.9227
-0.3404 0.2858
0.9667 0.5640
-0.2691 -0.9398
-0.1337 -0.0261
-0.9723 -0.6831
-0.1528 0.1368
0.1136 0.4184
0.2958 -0.4566
0.7355 -0.4200
-0.7164 0.2247
0.0034 -0.0014
-0.7487 -0.5930
0.4942 0.8294
-0.3065 0.3578
-0.1283 0.1936
0.0480 0.0414
0.7167 0.4559
0.8670 0.0680
-0.0744 0.0953
1.0221 0.1447
0.0750 0.1125
0.3930 -0.5681
0.6541 -0.3525
-0.1300 1.0167
-0.5394 -0.2029
0.4129 -0.9020
-0.3960 0.3310
0.0860 -0.7458
0.0755 0.0297
0.2922 -0.5361
-0.2387 0.2093
0.5420 0.3204
0.3367 0.1276
0.3548 0.1208
-0.3648 -0.1131
-0.0174 -0.2824
0.7759 -0.0755
-0.7997 0.2250
-0.4536 -0.7043
0.3327 0.8265
0.4365 0.0544
0.7654 -0.6122
-0.5672 0.4442
-0.1069 -0.1066
-0.3774 -0.4394
0.5978 0.5971
0.1568 -0.0817
-0.7576 -0.1954
-0.3800 0.2603
0.5541 -0.4470
0.0204 0.2662
0.3341 -0.7019
-0.1013 0.9290
0.0817 0.0297
-0.7477 0.6630
-0.3402 0.2235
-0.7709 0.0308
-0.4066 0.1336
-0.1098 -0.1865
0.3435 -0.2518
0.9844 0.4588
-0.1539 0.2820
0.0033 -0.2891
-0.6562 -0.7135
-0.3368 0.2387
0.0618 0.4873
-0.0952 -0.0484
-0.2047 0.3810
-0.0080 -0.0136
0.1572 0.2219
-0.7193 0.4727
-0.0749 -0.1106
-0.0623 -0.0491
0.2536 -0.8098
0.0690 0.1785
-0.5073 0.8282
