0.1287 -0.9870
1.2308 1.1965
-0.4919 -0.2073
-0.4029 -0.8445
0.3578 -0.2847
1.0469 3.1615
-0.5627 0.2191
-0.4307 0.3114
0.0754 0.0778
-0.7833 -0.1202
-1.7992 -0.5212
0.8665 0.3617
0.5050 0.6762
0.0283 0.2403
-0.3630 0.5686
0.4701 -0.0944
0.3734 0.6583
0.3933 0.3636
0.1260 -0.2207
-0.0050 0.3884
4.5177 -0.0813
3.7838 0.2362
4.5114 -0.8487
4.0444 -0.1432
3.8672 -0.1516
4.4818 0.0050
4.0087 0.2964
3.6436 -0.2531
5.0967 -0.7895
4.9330 -0.8925
4.6260 -0.7139
4.9735 -0.6601
5.3861 0.0617
2.8919 1.6673
4.1565 0.2577
4.9846 0.2245
4.7933 -0.4745
5.1667 -0.0556
3.8777 -0.5606
5.1297 0.5077
