0.1558 0.0192 -0.5834
-0.4374 0.0449 -0.2623
0.2165 -0.5401 0.7669
-0.5167 -0.3968 0.4621
0.8143 0.4897 -2.3951
-0.5158 -0.2564 0.6772
0.6333 -0.2146 -0.2607
0.0028 -0.0070 -0.0074
0.1810 -0.4718 -0.4732
0.3173 0.1817 -0.6140
0.0224 -0.0051 -0.1623
0.1087 -0.1014 -0.5823
-0.0864 -0.0685 -0.0126
-0.1279 -0.0290 0.7439
-0.1287 -0.3731 -0.0324
-0.0327 0.0022 -0.1921
-0.0128 0.0533 0.2433
0.1256 0.1292 0.8745
0.0061 -0.0114 0.5809
-0.0872 -0.3623 0.3898
-0.1260 -0.3314 -0.2913
-0.3095 -0.1224 -0.9189
0.7015 0.3737 0.2540
-0.0029 0.0026 0.2682
-1.8997 -0.1369 1.3162
3.5601 0.0774 -0.3281
3.7749 -0.0686 -1.2058
3.8702 0.3517 0.5939
3.1787 0.6148 -0.3800
3.6254 0.0449 -0.8394
3.4954 0.0497 -0.8644
3.3438 -0.2994 -0.1921
3.6441 0.1746 0.1116
3.4592 0.6213 -0.0421
2.7796 0.5247 -1.0887
3.5376 -0.0052 0.4103
3.8155 -0.0925 -1.4780
3.4847 0.0253 -0.1893
3.0981 -0.1473 -0.3898
5.4303 1.0579 0.0788
3.1923 -0.4144 -0.1271
4.2461 -0.4471 -0.3079
3.0960 -0.0504 0.4369
3.3973 0.8127 -0.5599
3.3301 -0.1890 -2.5128
3.6937 -0.1369 -0.2997
3.4398 0.3066 0.3528
3.5847 0.1898 0.7286
3.7170 -0.0389 -0.3703
3.3483 0.0930 -0.1032
