0.0164 0.0289 0.5020
-0.6444 -0.1610 0.4121
-0.0537 -0.1382 0.1687
-0.0613 -0.0948 -0.5596
0.2538 0.2061 0.8741
0.0841 -0.1308 -0.0098
0.2196 0.1036 0.4031
0.1266 0.3747 -0.5067
-0.8244 0.1351 -0.7146
0.8387 -0.3619 -0.5097
-0.0021 -0.8518 0.6986
-0.0984 0.0626 0.6365
-0.0001 0.0001 -0.0018
0.4210 -0.4259 0.3482
0.0411 0.0329 -0.1457
-0.0277 -0.0264 -0.6217
0.0976 0.0273 -0.0144
0.0450 -0.0034 -0.2156
0.0724 0.1047 0.3384
0.1597 -0.2052 0.0579
0.4611 0.0547 1.0299
0.1612 0.4330 -0.0821
-0.4821 0.1167 -0.3055
0.3659 0.3209 -0.6273
0.2442 -0.5692 -0.4501
-0.1330 0.0868 0.1886
-0.3162 0.0916 0.2835
-0.1436 -0.0623 -1.0881
-0.0047 -0.1725 -0.2277
-0.0039 -0.0104 0.3989
0.2931 0.2285 -0.3216
-0.1889 -0.0683 0.1012
0.0222 0.0294 -0.3695
0.3145 0.0966 0.3530
0.2337 -0.0234 -0.2114
0.0006 -0.0008 -0.4596
0.0698 -0.1622 0.0017
1.1000 -0.0097 0.2325
-0.1509 0.0575 -0.9061
0.0861 -0.2837 0.4482
