0.0471 0.1368 -0.2625
-0.0268 0.0057 0.0483
-0.2470 -0.4918 -0.2598
-0.2242 -0.2270 -0.6696
-0.0030 -0.0126 -0.0902
0.1340 -0.1028 0.2100
-0.0027 0.0075 -0.3607
0.2672 0.1435 -0.0362
-0.1573 0.2433 0.5549
0.4763 -0.0066 -0.2268
0.0457 0.0888 0.0153
-0.2110 0.0994 0.1307
-0.0771 -0.2082 -0.8458
0.0604 -0.0383 0.3936
-0.3097 -0.5990 -0.5017
0.2446 0.3378 0.7759
-0.1361 -0.1001 0.0062
-0.5230 0.3136 0.1818
-0.0170 -0.0121 -0.0203
0.4262 0.0097 0.1846
0.0114 -0.0312 0.0384
0.0955 -0.0425 0.2230
-0.1903 -0.2235 -0.0335
-0.0052 0.0034 0.3398
0.6655 -0.3036 0.2950
0.3361 -0.1855 -0.3438
0.0862 0.0162 -0.4178
-0.1496 -0.7269 0.1673
0.0829 0.0071 0.1840
0.5526 0.0718 1.4938
-0.0223 0.0086 -0.0268
-0.0667 -0.1279 -0.4135
-0.2136 0.4336 0.4198
-0.1221 -0.1082 0.3616
0.3208 -0.2182 0.1264
0.4836 -0.2002 0.1491
0.0322 -0.0046 -0.2044
-0.2779 -0.2377 -0.0473
0.0285 -0.0617 -0.0670
0.0018 -0.0335 -0.0226
-0.0115 -0.4418 -0.0864
-0.0125 0.0206 -0.2204
0.2319 -0.4401 0.6573
-0.1013 0.9154 0.1410
-0.4940 -0.1927 1.3358
-0.1562 -0.4055 -0.3426
-0.1732 0.1834 -0.5207
0.1699 -0.1111 0.3517
0.2705 0.1107 -0.0408
-0.1648 -0.1389 0.0971
-0.2714 0.0751 1.0661
-0.1877 0.2410 0.3026
-0.0832 -0.1684 0.6452
-0.0472 0.8290 0.4541
-0.0204 0.0160 -0.0893
0.3740 -0.1559 0.5759
-0.3287 -0.8225 0.2181
0.1197 -0.0410 0.6783
0.7245 0.6172 -0.2903
-0.3285 -0.4337 -0.1157
-0.4522 0.3024 -0.5210
0.2420 0.0184 1.4391
0.6383 -0.2134 0.1966
0.1543 0.0325 -0.2899
-0.1784 -0.3199 -0.1571
-0.0681 0.2382 0.5094
-0.0134 0.0234 -0.6635
0.0260 -0.1193 0.1769
-0.1552 0.0512 0.0261
-0.0237 0.4835 -0.1473
-0.1001 -0.1734 -0.7196
-0.0790 -0.4954 -0.7282
-0.4637 -0.3966 -0.1691
0.0026 0.0209 0.5210
0.6169 -0.2517 0.2511
-0.0691 -0.3084 0.4024
0.0656 0.2442 0.0219
-0.0446 -0.4420 0.0028
0.1098 0.1979 0.2670
-0.8670 0.1647 -1.0301
0.2072 -0.3254 0.1014
0.0037 -0.2395 -0.5289
-0.2425 -0.3647 -0.2460
-0.1270 0.1336 -0.6065
0.0147 0.0218 0.3302
-0.0189 -0.0335 -0.0326
0.2703 -0.0377 -0.9209
0.1197 -0.0618 0.2362
-0.0327 -0.0150 0.8446
0.0553 0.0651 -0.4276
0.0589 -0.0547 0.6468
0.2116 -0.2204 -0.0019
-0.3593 0.2601 0.5235
0.5745 -0.4764 0.3702
-0.1248 -0.0401 -0.1928
0.0289 -0.0165 0.0319
-0.1539 -0.1559 0.3516
-0.2131 -0.0889 0.0889
0.1936 0.3365 -0.9054
0.1569 -0.3730 -0.4037
-0.4050 0.7309 1.4497
-0.0069 0.2892 -0.6943
0.3796 0.1493 0.3294
0.2295 0.1219 -0.7794
0.0452 -0.0418 -0.1257
0.3621 0.0222 0.3737
0.1174 0.0276 0.1990
0.4109 0.1361 0.5372
0.3636 0.1147 -0.4227
-0.6566 0.1565 -0.4957
-0.1206 -0.0382 -0.1665
0.3036 -0.1500 0.2718
0.2571 -0.3011 0.4005
0.1316 -0.5052 -0.0907
0.1613 0.2075 0.2030
0.1988 -0.6971 0.3523
-0.0906 -0.0416 -0.1801
0.0045 -0.0192 0.1037
-0.0650 -0.0288 0.1754
-0.0007 0.0845 -0.0393
-0.5899 0.0175 -0.4730
0.0262 0.1257 0.4881
-0.5277 -0.4238 -0.0931
-0.1230 -0.2530 -0.7728
0.6856 0.1287 -0.5282
0.0056 0.0166 -0.0176
0.0746 0.3376 -0.1435
-0.0120 0.1291 0.1964
-0.4860 0.0523 -0.0427
0.0123 -0.2194 0.6184
-0.0496 0.0772 -0.2331
0.0016 0.0184 -0.0246
-0.5315 -0.5230 -0.5055
-0.0806 0.1483 0.5598
-0.3104 -0.3854 0.5176
0.5107 0.0981 -0.3120
-0.0870 -0.0183 -0.1777
0.3587 -0.2604 -0.8261
-0.2646 -0.3096 -0.2678
-0.2147 0.0102 0.4185
0.0946 -0.2187 0.1003
-0.1958 0.0275 0.4699
0.0466 -0.2337 0.3537
-0.1039 -0.1079 0.6062
-0.0915 0.2497 -1.4286
-0.4608 -0.3335 -0.2916
0.2715 -0.1909 0.7159
-0.2619 0.0582 0.0336
0.0041 0.1725 0.0547
-0.2759 0.0504 -0.0136
0.0168 0.0230 -0.0806
0.6644 -0.3351 0.3647
0.7554 0.2903 0.0520
0.0072 -0.0128 0.1054
-0.2999 0.6879 0.0680
0.3666 0.2217 -0.0569
0.8515 -0.2904 0.4205
-0.6254 -0.3896 0.3109
0.1229 -0.6246 -0.5532
-0.4672 0.0838 0.6020
0.0329 0.0302 -0.5460
-0.0161 -0.0778 0.7871
-0.0908 0.9580 0.0175
-0.1391 -0.1036 -0.0454
-0.0593 0.0370 -0.0353
-0.2590 -0.2121 -0.4481
0.2856 0.9371 -0.1427
-0.3171 -0.6714 -0.0896
0.5850 0.4564 -0.1556
0.1859 0.4095 -0.3560
0.5465 -0.5614 0.2083
-0.0336 -0.1964 -0.7400
0.2806 0.6288 0.0557
-0.0836 -0.0909 0.8154
-0.0197 -0.0237 -0.8904
0.8636 0.1564 -0.2119
-0.4912 -1.4544 0.6499
0.0017 0.2281 -0.6258
-0.0021 -0.0111 -0.0150
-0.0337 0.2374 0.1775
-0.2105 -0.0474 -0.0263
0.1241 0.1201 -0.1233
0.1936 0.1455 0.7385
-0.0039 -0.0464 0.1526
0.6776 0.2715 -0.5537
0.2564 -0.4223 -0.0568
-0.2151 -0.0949 -0.7023
0.1726 -0.0217 0.2573
-0.3348 -0.1663 -0.7348
-0.0775 0.1858 -1.2811
0.6325 0.5875 0.2004
0.0009 0.0728 -0.0363
-0.6956 -0.2810 0.9751
0.0747 0.0753 -0.0752
0.0010 0.0007 0.5863
-0.4843 -0.1242 0.0639
-0.0600 0.0794 0.7958
-0.0042 0.0020 -0.0158
0.1837 0.0523 0.0175
-0.2549 -0.4261 -0.7132
