1.9524 0.5777
0.0969 -0.3148
0.0403 -0.0291
0.3534 0.0301
0.3371 0.5430
-0.2629 -0.6420
-0.0074 -0.0056
0.2474 -0.2157
0.4261 -0.6441
0.3433 0.3149
0.2550 0.6596
-0.7084 -0.1958
0.6226 -0.2568
0.3778 0.5846
-0.6012 0.4389
0.1069 -0.0252
-0.7381 0.2666
0.0697 0.1052
0.1918 0.0832
-0.4519 0.0058
0.2964 -0.8644
-0.0887 0.5005
-0.0600 0.2258
-0.3147 -0.4324
-0.0553 -0.5200
0.1234 0.0416
0.7231 0.1791
0.2292 0.0954
0.2534 0.7581
-0.1641 0.5694
0.3127 0.0491
-0.0367 0.1171
0.2598 -0.4720
0.0041 -0.1476
0.1407 -0.4744
0.0064 0.0203
-0.6134 -0.0155
0.4540 -0.0218
0.0590 0.3949
0.0514 -0.1939
0.2150 -0.1588
0.4576 -0.1703
0.3245 -1.7637
-0.2354 -0.4350
-0.0657 0.6831
0.0840 -0.0037
-0.0494 -0.1664
0.7958 0.4530
-0.2057 1.4378
-0.8983 -0.0101
0.0322 -0.0807
0.8060 -0.0376
-0.1776 -0.0533
-0.1620 0.6467
0.0021 0.0070
0.1680 -0.7713
0.6067 0.1743
-0.6564 0.1576
-0.4521 -0.4623
0.7876 -0.2397
0.0168 -0.3332
-0.7965 -0.2130
0.8428 -2.0402
1.5598 -0.4931
0.5595 0.2510
0.5262 -0.5122
0.6897 -0.2278
-0.2541 -0.5146
-0.3036 -0.1100
0.1758 0.2837
0.0851 -0.2352
-1.4180 -1.0444
-0.1066 0.0358
-0.1581 -0.3201
-1.7858 0.5432
0.1645 -0.8183
0.5048 -0.2311
-0.4886 -0.6408
-0.3232 -0.7247
-0.5125 0.2571
-2.1285 1.5947
-1.8457 0.6268
-0.8415 0.0665
-0.1495 -0.0707
0.4323 0.0726
-0.7327 0.4655
-0.2912 -0.5139
-0.3963 -0.0027
0.1421 -0.0734
0.3261 -0.1712
-0.7232 0.2546
-0.4703 -0.1917
-0.1228 -0.0994
0.5414 0.4392
-0.7177 0.4616
-0.0680 -0.2498
-0.0443 -0.3478
-0.0076 0.1607
2.5261 -0.9199
0.3060 -0.8466
