-0.2879 0.1516 -0.4266
0.0792 0.0090 -0.3517
-0.0405 0.0000 -0.0153
0.6576 -0.5177 -0.7137
0.1982 -0.0391 -0.1426
-0.1628 -0.1822 0.5048
0.2666 -0.1651 -0.3912
-0.3314 -0.0698 -0.6850
-0.0018 -0.0033 -0.0068
0.3916 -0.5066 -0.6577
-0.0797 0.1100 0.2950
-0.2337 -0.0546 0.8213
0.1271 0.0839 -0.2780
0.7904 0.0000 -1.9498
2.5502 -2.5137 0.9230
-0.0666 0.1094 0.1379
0.2910 0.0185 -0.0252
0.6502 0.6908 -0.1068
0.0212 0.0518 0.0059
0.0007 0.0057 -0.0024
0.0744 -0.0502 -0.4614
0.4947 -0.3960 -0.2067
0.2020 0.0344 -0.1324
-0.1022 0.0682 0.2613
1.3936 0.5764 2.7415
-0.1153 0.2559 -0.5925
-0.0094 0.0106 0.9730
-0.0874 0.0348 -0.8265
0.1239 0.5733 0.0319
-0.0035 0.0189 0.0530
-0.7756 -0.2929 -0.4439
0.4227 0.8862 -2.6661
-0.0680 0.0185 0.5415
0.3891 -0.5200 1.0906
-0.0266 0.0233 -0.2505
-0.3649 0.2066 -0.1272
-0.0661 -0.4143 -0.0252
-0.0739 -0.1916 -0.3587
-0.0033 -0.3519 0.5546
-0.2528 0.0051 -0.7552
