-0.1292 0.0043 0.5584
-0.3117 0.2437 -0.0887
-0.0039 0.0075 0.0544
-0.5720 -0.6626 0.4685
0.4571 -0.0931 0.0481
0.0011 0.1832 -0.2625
0.0361 -0.0782 0.5343
-0.0236 0.0358 -0.0479
-0.2414 -0.1511 0.3553
0.1431 -0.6232 -0.1979
0.7839 -0.2027 -0.4090
0.0640 -0.0640 0.0243
-0.1430 0.1818 -0.2885
-0.0306 -0.1411 -0.5526
-0.4403 -0.1086 -0.1962
-0.8000 -0.0412 0.0756
0.3138 -0.8763 -0.2762
0.6244 0.0278 -0.2337
-0.0340 -0.2671 -0.1654
0.0350 -0.0935 -0.3434
-0.3149 0.1648 0.0563
0.0052 0.0406 -0.0930
-0.1037 0.0360 -0.2560
-0.0030 -0.0048 0.2582
-0.1091 0.1047 -0.1368
-0.0152 0.2459 0.3405
-0.1851 0.4569 -0.6033
-0.1454 0.0750 -0.5948
-0.0761 0.1438 0.2165
-0.0443 -0.0026 -0.1643
-0.2969 -0.1972 0.1183
0.0136 0.0649 -0.4682
0.5636 0.0464 0.1338
0.0034 -0.0044 0.0025
-0.3998 0.0799 -0.8331
-0.0467 -0.0068 -0.5067
0.1185 0.0530 -0.7074
-0.0016 -0.0037 0.1436
0.3264 -0.7033 0.5964
0.4624 -0.0608 -0.8229
-0.3197 0.1437 -0.2218
0.0171 0.0258 -0.3004
-0.1214 -0.0637 -0.6223
0.5799 0.5051 0.4852
-0.1505 -0.4286 -0.1869
-0.2734 -0.1957 -0.7734
-0.4920 -0.1027 -0.2880
-0.1466 0.1993 0.8647
-0.0340 -0.0254 -0.0023
0.0326 -0.5882 -0.2912
0.0057 -0.1260 -0.5857
0.3976 0.4593 -0.6316
-0.3220 0.3371 0.6043
-0.1466 0.0602 0.0106
-0.1189 -0.4790 -0.4162
-0.0449 0.1562 -0.1893
0.0126 0.1627 -0.0581
0.2441 0.4083 -0.2242
-0.0963 0.1609 -0.0639
-0.5762 -0.4806 -0.0081
-0.0120 0.0649 -0.2542
-0.0526 0.0295 0.5671
-0.0533 -0.0091 0.9815
-0.2398 0.2962 -0.0789
-0.0351 -0.5464 -0.3356
0.1118 0.2074 -0.6096
0.4286 -0.0109 0.6154
0.0002 -0.0006 0.0008
0.1032 -0.4553 0.5703
-0.1334 -0.2921 -0.8205
0.0022 0.0541 -0.0548
0.1290 -0.2106 -0.2133
0.3898 -0.0115 0.3485
0.0393 -0.1486 -0.0843
0.6919 -0.2015 0.1517
0.6156 0.4669 -0.4360
-0.1145 0.5738 0.1181
0.5088 -0.3793 0.6518
-0.5773 0.4230 -0.2536
-0.2128 -0.1100 -0.0873
0.4228 -0.1031 0.5122
0.4138 -0.7845 -0.2882
0.0016 0.0005 0.2125
-0.0157 0.0334 0.0391
-0.6847 -0.3674 0.2706
0.1410 -0.5284 0.0991
-0.1116 -0.0588 -0.2118
-0.0674 -0.0876 -0.1680
0.0806 0.3481 0.1381
0.3077 0.1028 0.2684
0.6390 -0.0339 -0.7489
-0.6369 0.5566 -0.2499
0.1477 0.1308 0.2893
-0.2136 0.4022 -0.6222
0.2382 -0.0138 -0.0189
0.0089 -0.0111 -0.0243
0.4580 0.2532 0.5830
-0.3001 0.4933 0.5214
-0.0539 0.0762 0.2057
0.5296 0.4767 0.5661
-0.0008 -0.0839 -0.6820
-0.0126 -0.0406 -0.1896
-0.2139 -0.1640 -0.1922
-0.0296 -0.1536 0.4335
-0.7009 0.6027 0.1737
0.1351 -0.1026 0.2688
0.0145 0.0763 0.0950
0.4297 0.4528 -0.7229
0.2421 0.0735 0.0311
0.0662 0.0854 0.2727
-0.2036 -0.3263 0.9023
-0.1741 -0.2310 0.2697
-0.5836 -0.1761 -0.2267
-0.2072 -0.2255 0.9086
-0.4634 0.4597 0.5560
-0.0883 0.2934 -0.9301
-0.1602 -0.0302 0.0071
-0.3922 0.1266 0.0400
0.0104 0.0059 0.0993
-0.6005 -0.0902 0.0016
-0.1117 -0.0676 0.2691
0.0493 -0.1163 -0.1152
0.0139 0.8211 -0.1023
0.0359 0.0195 -0.2041
0.0593 0.0095 -0.1904
-0.2114 -0.5415 0.5693
-0.0145 0.0215 -0.0275
-0.0246 -0.1868 -0.5844
0.0692 -0.0509 0.8529
-0.0268 0.0097 -0.6436
-0.0273 0.2195 -0.6822
-0.0577 -0.2484 -0.3655
0.0044 -0.0031 -0.0520
0.0000 0.0005 -0.0027
0.0983 0.0413 0.0443
0.2775 -0.0850 0.4088
0.5112 -0.5813 -0.1995
0.1290 -0.4805 0.1213
0.3664 -0.1889 -0.2262
0.3113 -0.0916 -0.8267
0.1597 0.1147 -0.1547
0.0061 -0.0042 0.0314
-0.0368 -0.0739 -0.7562
0.0354 0.0464 0.1190
0.3322 0.1252 0.6755
0.2443 0.5466 0.3416
-0.4261 0.8917 -0.1100
0.0145 0.0093 -0.1267
-0.2605 0.1195 -0.8135
-0.0236 -0.4558 -0.4824
-0.3472 -0.2091 0.1640
0.1664 0.2053 0.4258
0.0082 0.0115 0.0331
-0.0318 0.1113 -0.1344
-0.0592 -0.1008 0.1953
0.2502 -0.0932 0.1307
-0.1161 -0.0384 0.5458
-0.0330 0.0354 -0.6962
0.1629 0.1604 0.9671
-0.0176 0.1906 0.0052
-0.0284 -0.0033 0.0077
-0.1297 -0.0625 0.3094
-0.2762 -0.1227 0.1769
0.0058 -0.8695 -0.0269
0.6327 0.2687 -0.1269
0.7512 -0.5831 -0.2787
-0.4677 -0.5233 -0.6952
-0.0391 -0.0028 0.0369
0.3434 -0.7747 -0.0956
0.8186 -0.0697 -0.5024
0.6145 0.6165 -0.0147
0.0622 -0.0231 0.1947
0.3594 -0.1113 0.4644
-0.5239 0.1757 0.0341
0.2656 0.1345 -0.1859
-0.1026 -0.0011 -0.2228
0.7519 0.1017 0.1429
-0.0688 -0.0953 -0.7037
-0.4008 -0.1295 0.2668
-0.2125 0.2468 0.6433
-0.0863 0.0970 -0.4003
0.3809 0.2317 0.4676
0.3328 -0.3841 -0.1234
0.0624 -0.0602 0.1876
-0.1962 0.0660 -0.2328
0.0008 0.0014 -0.0042
-0.1702 0.0972 -0.1135
-0.1802 -0.1845 -0.9510
0.0743 0.0330 -0.1023
0.2325 -0.0790 -0.4971
0.0007 -0.1170 0.0759
0.2954 0.3863 0.8678
-0.0031 -0.0098 -0.0003
-0.0337 -0.2273 0.0464
-0.3527 -0.8359 0.2423
-0.3340 -0.5363 0.3927
0.4034 -0.2930 -0.3453
-0.0009 0.0067 0.4320
0.1619 -0.1681 0.3953
-0.1418 -0.2555 0.6929
-0.0950 -0.0234 -0.9563
0.0317 0.0014 -0.0632
-0.1586 0.0559 0.4376
-0.0843 -0.1067 0.3178
-0.5368 0.0613 0.0438
-0.1111 0.2449 -0.2964
0.1325 -0.1395 -0.0439
-0.1453 -0.3376 0.8246
-0.0853 0.0419 0.4260
-0.0460 0.0763 -0.2329
-0.2671 -0.0840 0.2883
0.0938 -0.6708 -0.0366
0.6457 -0.0353 0.6951
0.0787 0.0283 -0.0947
0.3542 -0.5966 0.5666
-0.1181 -0.0827 -0.1110
-0.3055 -0.1863 0.0245
0.0483 0.0046 0.0417
0.1148 -0.2059 -0.0530
-0.0092 -0.0243 0.0961
-0.0174 0.0009 0.6911
0.0295 -0.1088 -0.2593
0.1746 -0.1479 0.7577
0.0036 0.0096 -0.1067
-0.0014 0.0679 -0.4040
-0.1523 0.1624 0.3475
0.0569 0.0100 -0.4020
-0.0208 0.0152 0.2211
-0.0386 0.1913 0.1988
-0.0253 0.0377 0.0343
0.5146 0.3963 -0.5759
-0.0037 0.0076 -0.0536
0.0191 -0.1646 0.6138
-0.3774 -0.1988 -0.5802
-0.3470 -0.4014 -0.7806
0.0153 -0.0618 -0.0038
0.0280 0.0091 -0.4604
0.0299 -0.5462 -0.6573
0.1603 0.1065 -0.2377
0.0751 -0.0518 0.0664
-0.1057 -0.1169 0.7187
0.7280 0.0227 0.1891
-0.0256 0.0132 -0.0605
0.1476 0.1782 0.5118
-0.0780 -0.0449 0.3451
0.5200 0.5488 -0.4842
-0.0971 0.8805 -0.3389
0.0554 0.5017 0.5712
-0.5519 0.2358 0.1538
0.3527 -0.3941 -0.5328
0.2687 -0.0982 0.2932
0.1265 -0.5405 -0.6753
-0.0582 0.0425 0.2716
0.0645 0.0813 -0.0095
-0.0329 -0.0084 0.0211
-0.1733 0.1721 0.5808
-0.0492 -0.0160 0.2704
0.0912 0.0445 -0.2208
-0.0108 -0.2596 -0.0619
0.1323 -0.8660 -0.3830
0.0521 -0.0984 -0.4741
-0.0332 0.0787 -0.0623
0.0295 0.0178 0.2120
0.0597 -0.3078 -0.6185
-0.0462 0.0495 -0.1315
-0.3368 0.0917 -0.5854
-0.2257 0.3468 0.4748
0.3364 -0.0697 0.0537
-0.3424 0.1968 -0.2581
0.2133 0.5972 0.0640
0.0030 0.2091 0.3570
-0.4899 0.4889 -0.1869
-0.0507 0.3345 0.4680
0.0018 -0.0887 0.2126
-0.1538 -0.3745 0.0037
-0.3058 -0.5745 -0.1425
-0.1728 0.4327 0.4127
0.5143 0.3933 -0.2963
-0.0293 -0.0044 0.6460
0.1121 -0.4080 -0.3293
0.2312 -0.1465 0.0476
-0.0412 -0.1392 0.3404
-0.1782 0.4664 0.8057
-0.2528 -0.0637 -0.2356
0.5145 0.0631 0.4911
-0.4524 0.1912 -0.2810
-0.1570 -0.1466 0.0547
-0.2945 -0.3548 0.3386
-0.2780 -0.1045 -0.1244
0.2842 -0.3135 0.8677
0.1019 0.3122 0.6799
-0.7760 0.4847 0.1081
0.0681 -0.6179 -0.5709
-0.1923 -0.1707 -0.0502
-0.3795 0.1043 -0.5072
-0.8449 0.2418 0.0954
-0.0018 0.0035 -0.0237
0.0152 -0.0507 -0.2334
-0.0719 0.0741 0.2745
0.0578 0.0251 -0.0634
0.4636 0.5741 -0.3488
-0.5709 0.1310 0.2994
0.1248 0.0016 -0.1680
-0.3457 -0.0887 -0.0035
-0.1686 -0.0603 -0.0839
0.0466 -0.0317 0.8254
-0.7448 -0.3550 -0.2456
-0.5378 0.3817 0.1904
-0.0487 -0.0015 0.1261
-0.4169 0.4376 -0.3899
0.2143 -0.2904 -0.9309
0.2449 0.3000 0.5864
-0.0398 0.1224 0.1432
0.1825 -0.5266 -0.4193
-0.1454 0.3433 -0.7019
-0.0397 0.0437 0.0144
0.0113 0.1295 0.3111
-0.1981 0.1525 -0.5519
0.0612 -0.3395 -0.9105
0.0596 -0.4225 -0.4189
-0.1331 0.3831 -0.5602
0.1424 -0.1225 0.6750
0.0176 0.1126 0.5817
-0.0163 0.2657 -0.7329
0.0152 0.1438 0.4667
0.0214 -0.0933 0.7738
0.0073 0.0055 -0.0261
-0.5731 0.4007 -0.1179
-0.0534 -0.0402 -0.7957
0.5020 0.5796 -0.5580
-0.8860 0.4122 -0.0853
-0.3066 -0.4483 -0.3077
0.1856 0.2024 0.0343
0.0164 0.0873 0.1088
-0.2666 0.2642 -0.0136
-0.1905 0.2160 0.3698
0.1829 0.0852 -0.1079
-0.4970 0.1832 0.2848
0.6342 -0.4303 -0.1567
0.0402 -0.0518 -0.9551
-0.4824 0.4164 0.1475
-0.3689 -0.1935 0.2113
0.0359 0.0094 -0.6248
-0.0320 -0.0514 -0.2552
0.3650 0.5776 0.4728
0.1204 0.0239 0.0832
-0.0028 0.1046 -0.1085
0.0384 0.1245 0.2939
-0.2333 -0.2430 0.4931
-0.1603 0.0095 -0.3416
-0.0484 0.0674 0.1140
0.0042 0.0063 0.5444
-0.7794 -0.2318 -0.0285
0.3148 0.5993 0.2576
-0.1447 0.0680 0.2031
0.0071 0.0208 0.0238
0.0019 -0.0008 -0.1949
-0.0916 0.0151 0.4465
0.6170 -0.0880 0.3579
0.5623 0.6209 -0.3294
0.0639 0.0816 0.0779
0.0267 0.0090 -0.0832
0.0059 -0.0113 -0.0465
-0.0226 -0.0644 -0.4047
0.2284 0.2960 0.1240
0.0010 0.2089 0.4005
-0.1255 0.1382 0.2213
0.2189 -0.4010 -0.2307
0.0400 -0.0215 -0.3350
0.3089 -0.2795 -0.6264
0.1256 0.1005 -0.1838
0.1328 0.0765 -0.6156
0.0114 -0.0040 0.0014
-0.0013 0.0001 0.0028
-0.0482 -0.0273 0.8853
0.3958 0.2845 -0.0595
-0.2342 0.1085 -0.8617
-0.0374 -0.0136 0.4059
0.5279 0.2588 -0.7697
-0.0887 0.0371 0.0289
-0.2897 -0.0309 -0.3704
0.0107 -0.0160 -0.0084
0.3468 0.2012 -0.1308
-0.2016 0.8413 0.0770
0.1097 -0.0262 -0.7422
0.0359 0.1734 0.2615
-0.2156 -0.1548 0.2071
0.0551 -0.0136 -0.0521
0.2032 -0.4050 0.6838
0.1860 0.0475 -0.2760
0.3153 0.0886 -0.3803
0.1929 -0.0970 -0.0714
-0.2271 0.2349 0.6003
-0.0198 -0.0432 0.0845
0.3055 0.0714 -0.2795
0.0052 0.0016 0.0023
0.4409 -0.2032 -0.5757
0.0409 -0.3781 0.3624
0.3933 0.1338 0.3483
0.0002 -0.0001 0.6959
-0.4851 -0.2330 0.5674
-0.0873 -0.0290 -0.3018
0.0281 -0.0962 -0.1039
-0.7288 0.5102 -0.3094
-0.0613 -0.1099 -0.1625
0.1371 -0.0975 0.6607
-0.5201 -0.0150 -0.5867
0.3075 0.0717 -0.3843
0.2445 -0.2432 0.0550
0.8039 0.4501 0.3127
0.0072 -0.3466 -0.7973
0.3643 0.2620 0.5901
-0.1331 -0.4485 -0.3364
0.7759 -0.0176 -0.1164
0.0775 -0.2538 0.2287
-0.3148 -0.5345 0.0030
0.1325 -0.0258 -0.0654
-0.0139 0.0732 -0.3984
0.1255 0.2240 0.2265
-0.2083 -0.1882 -0.4119
0.1849 -0.2432 -0.0753
-0.0037 0.7223 -0.5630
-0.2997 -0.1473 0.6751
0.0090 -0.0726 0.0132
-0.5750 0.2813 0.5040
-0.0068 0.0700 -0.4630
0.0045 -0.0586 0.7186
-0.0055 0.0050 -0.0070
-0.0876 -0.4219 0.7142
0.6876 0.5219 -0.4240
-0.0244 -0.1443 0.5601
-0.6822 0.5139 -0.0601
0.1522 0.3785 -0.3395
0.1200 0.0028 -0.0657
-0.0070 0.0011 0.0007
0.3662 0.2019 -0.6897
-0.2898 -0.3355 0.0077
0.0100 -0.0096 -0.1005
0.1107 0.0612 0.0658
-0.1789 -0.1093 -0.6807
0.2999 0.0381 -0.5056
0.6861 0.0958 0.6988
-0.0172 -0.0156 -0.6277
-0.0067 -0.1340 0.0335
0.4925 -0.5447 -0.0364
-0.1359 0.8960 0.2458
0.2460 0.0146 0.5690
0.1409 0.6357 -0.2620
-0.0077 -0.0052 0.1952
0.4283 -0.2804 0.1743
0.0909 0.0117 0.2089
-0.1707 0.3371 -0.8588
-0.0296 -0.0369 -0.4360
-0.0838 0.1679 -0.1978
-0.0080 -0.0052 -0.0444
0.0207 0.0102 0.0400
0.5791 0.0096 -0.4913
-0.4104 0.0754 0.4497
0.0156 0.0073 -0.2954
0.3268 -0.2043 0.7581
-0.0835 -0.0565 -0.0427
0.1060 0.0030 0.4353
0.0466 0.0333 0.2020
-0.1515 0.0268 -0.0973
-0.3009 0.0877 0.2247
0.1877 -0.4995 -0.8320
-0.3238 0.0201 0.2240
-0.2694 0.1444 0.4500
0.3545 -0.3071 -0.0451
0.0922 -0.6550 0.6891
-0.5177 -0.1561 0.1706
0.2671 0.2390 0.3865
-0.7626 0.0809 0.5668
0.2650 0.1078 0.8011
0.1300 -0.0492 0.0394
-0.0060 -0.0067 -0.0041
0.0575 0.0444 -0.0965
-0.0897 0.1826 0.2257
0.0714 0.2844 -0.7641
0.0057 -0.2980 -0.0916
-0.1012 -0.0247 0.6612
-0.9281 0.0314 0.2815
0.0667 -0.1089 0.0299
-0.1008 -0.1449 0.0241
0.0034 -0.0602 -0.0934
0.6635 0.1110 0.4730
0.0034 0.0005 0.0346
-0.1861 0.2005 0.2329
-0.3802 -0.0937 -0.3031
-0.3215 0.2395 0.3593
0.1556 -0.0948 0.4565
0.3282 -0.8021 -0.0707
-0.3793 -0.0720 -0.1908
-0.0218 -0.0215 -0.1467
0.0321 -0.0142 -0.0741
-0.1963 0.5013 -0.0244
-0.1587 0.0608 0.0555
-0.0927 0.0269 -0.7940
0.0801 0.1149 -0.1811
-0.5902 0.4602 0.0523
