0.6657 0.2713
-0.9620 -0.3328
-0.4179 0.0289
-0.4730 -0.6267
-0.0411 -0.1011
-0.6020 0.1607
0.6382 0.8361
0.1765 -0.3260
-0.1262 1.1137
0.7655 0.6521
-0.0202 0.0005
-0.6872 0.2883
0.5336 0.5889
0.0156 -0.0073
0.4927 -0.3252
-0.0816 -0.3360
0.0283 -0.1091
0.0241 -0.8983
0.2740 0.0098
-0.3017 -0.0800
2.3801 0.0306
1.0294 0.1198
1.0777 0.3834
2.1287 0.0258
2.1031 -0.1087
1.9915 -0.9349
1.5421 0.1925
1.1669 -0.5979
1.4849 -0.1906
2.0054 0.0481
2.0921 -0.0620
2.2185 0.4178
2.1150 0.5104
2.0198 -0.2867
1.6021 -0.6567
2.1231 -0.2273
2.3818 0.3861
0.8716 0.0595
1.8957 0.9521
2.0659 -0.7968
