0.0450 0.3482 0.7022
-0.1861 -0.2515 -0.1994
0.1786 0.2496 0.6535
-0.1645 -0.0364 -0.4000
-0.0051 0.0652 0.4911
-0.1021 -0.0306 -0.0248
-0.0318 0.0124 -0.2225
-0.4484 -0.8770 0.0108
0.1648 0.0855 -0.1483
0.1383 -0.0938 -0.1883
0.2903 0.5933 -0.6295
0.4770 -0.2679 -0.2751
-0.0048 0.0063 0.2002
0.1655 -0.0638 -0.1897
0.0399 -0.2221 -0.0510
0.0329 0.0212 0.0752
-0.2977 0.1175 0.7076
-0.0546 0.1469 0.0218
-0.3727 0.1944 -0.1247
0.4487 0.3490 -0.2635
0.0995 -0.0072 0.0921
-0.0421 -0.1029 -0.0879
0.0389 -0.0304 -0.5012
0.0061 0.0064 0.0149
0.3329 -0.0568 0.3063
0.1733 -0.0319 -0.0048
0.0029 -0.1452 -0.5825
-0.7202 0.2562 0.0502
-0.1509 0.4887 0.6912
-0.0701 -0.0846 0.1098
-0.2183 -0.1802 -0.0184
0.0165 -0.0606 -0.2452
-0.1335 0.3657 -0.2320
0.1151 0.0218 -0.0945
-0.0081 -0.0090 0.0114
0.4347 0.5643 -0.2939
-0.1570 -0.7958 0.0234
-0.2392 -0.1511 -0.0543
-0.7202 0.6673 0.0240
-0.0637 -0.2236 0.1038
0.0010 -0.0264 0.2995
0.2828 0.8367 0.2294
0.2438 -0.1635 0.1986
-0.1967 -0.2977 0.8009
-0.5973 0.1314 0.2527
0.1441 0.5434 0.7353
0.0728 0.1471 -0.0895
-0.1910 -0.2498 0.0965
0.1992 0.6026 -0.6422
-0.7122 0.4396 -0.0376
-0.1726 -0.0061 -0.1483
-0.2444 0.2263 -0.9057
-0.4453 -0.4290 0.1610
-0.3050 0.0379 0.7104
-0.2443 0.2603 -0.5443
-0.2411 0.4305 -0.0973
0.7760 0.2482 0.2766
-0.1047 0.0226 -0.0901
0.2180 -0.4871 -0.3940
0.0524 0.2122 -0.2281
-0.0499 0.6458 -0.3605
-0.1105 0.1228 0.2679
0.5971 -0.4806 0.3042
0.2197 0.2372 -0.6852
-0.5288 -0.3399 -0.0142
-0.1370 0.7436 0.5432
-0.4715 -0.4299 -0.1989
0.0017 -0.7223 -0.1850
0.8486 0.2480 -0.3313
0.3043 -0.1103 -0.4458
0.0270 -0.5036 0.6988
-0.0482 0.1252 0.6341
-0.0222 0.0620 0.0732
0.1420 -0.2456 -0.3630
-0.0624 0.0132 -0.4489
0.3949 -0.0928 -0.3786
0.4208 0.0348 0.0109
-0.0252 0.0721 0.4362
-0.2133 -0.3798 -0.0275
0.0034 -0.0251 0.0354
-0.0612 -0.0529 -0.6680
0.0711 0.0788 -0.3222
-0.0048 -0.0063 -0.3530
-0.0159 0.3278 -0.8251
0.1058 0.1466 0.1411
-0.0440 -0.5875 0.5934
-0.1976 -0.2264 -0.3366
0.1289 0.2720 -0.1918
0.0498 0.4381 0.4449
0.6309 0.4274 -0.2566
0.0538 0.0043 -0.1643
0.0656 0.0073 0.7866
-0.1786 0.0783 0.1104
0.2273 0.5063 -0.3316
0.1129 -0.7853 0.3898
0.3379 0.5515 0.2921
0.0420 0.5642 -0.1344
0.2740 0.3341 0.4501
0.5992 0.4004 0.6497
0.1247 0.1358 0.1450
-0.2375 0.0700 -0.5945
-0.0411 -0.0314 0.0056
0.0272 0.3787 -0.0085
-0.2232 0.1302 0.3297
0.0522 0.0430 0.0755
0.5139 0.2466 -0.0288
-0.1351 0.4643 0.7347
0.0145 0.0475 -0.6378
-0.2461 0.3237 -0.4363
0.5538 -0.0227 0.1839
0.2011 0.2153 0.0757
-0.1194 -0.1357 0.1274
0.4807 -0.7854 -0.2960
0.2210 -0.0547 0.0117
0.0092 0.0001 0.0279
0.0726 0.1435 0.1412
-0.1680 -0.0252 -0.3275
0.0629 -0.4444 -0.8566
0.1940 -0.1919 0.6524
-0.4068 -0.0024 0.6501
-0.0974 0.0639 0.0057
0.4754 0.2383 0.1045
0.0520 0.0005 0.2876
-0.0146 -0.0249 -0.0126
-0.1159 0.0293 0.0402
-0.1842 -0.0853 -0.5241
0.4175 0.6372 -0.2723
0.2830 0.0699 0.1910
0.5038 -0.7694 -0.0609
-0.6734 0.1351 0.1929
0.2246 0.0211 -0.1191
-0.0318 -0.0083 0.0843
-0.0635 -0.0014 0.2103
-0.0770 -0.4064 -0.4049
-0.4062 0.3812 -0.7807
-0.0227 -0.0073 0.0042
-0.4790 -0.1593 -0.7138
0.5892 0.5879 0.0554
0.0184 -0.0055 0.3770
-0.1097 0.1765 -0.1628
-0.5339 0.3631 -0.0503
-0.0937 0.2910 0.3245
0.6202 0.1386 -0.3207
-0.5540 -0.5724 0.2646
0.2809 -0.0825 -0.5663
0.1351 -0.3908 0.8877
-0.3235 0.2068 -0.2625
0.1312 0.2875 -0.4230
-0.6127 -0.7339 0.2156
-0.0180 -0.0030 0.0626
-0.0488 0.3667 -0.3757
0.5399 0.0808 -0.7414
-0.2086 -0.1973 0.4765
-0.1473 -0.1554 -0.6564
0.0308 0.0162 -0.0397
0.0391 -0.0442 0.9326
-0.1965 0.2742 0.7952
-0.0196 0.0242 -0.0743
0.0013 -0.0005 -0.0021
-0.4892 -0.2842 0.3998
-0.0643 0.1738 -0.4056
-0.1000 0.6535 -0.0433
-0.4134 -0.2433 0.7075
0.0412 -0.0320 -0.4918
-0.0696 0.2201 0.0453
0.1717 -0.6238 0.1456
-0.2925 0.6372 -0.4069
-0.4851 -0.3942 0.4576
0.1401 0.0523 -0.0228
-0.1778 0.7066 -0.0419
0.8929 0.0198 0.1939
-0.0076 0.0177 -0.2904
-0.2752 0.1608 0.4114
0.0068 -0.4025 0.5354
0.0072 0.0004 -0.0058
-0.1031 -0.0001 0.5001
0.2600 -0.7138 -0.3580
0.1553 -0.4620 -0.2225
0.0171 0.0072 0.0587
0.0231 -0.0393 0.1213
0.0860 0.1211 0.5073
0.1242 -0.0113 0.5246
-0.2993 -0.1596 0.0088
-0.0180 -0.1247 -0.6730
-0.1901 0.1359 0.1389
0.3872 -0.2526 0.2611
0.0440 -0.1461 0.3564
0.0567 -0.1306 -0.0119
-0.1943 0.0213 -0.1536
-0.0167 -0.0302 -0.4380
-0.1505 -0.1289 -0.3385
-0.0593 -0.0959 -0.8452
0.2872 -0.0366 -0.0072
-0.0001 0.0162 0.6396
-0.0991 0.5854 -0.2520
0.0923 -0.0041 -0.5442
-0.6074 0.2383 0.3936
-0.2766 -0.0274 0.0188
-0.0390 0.0572 -0.5913
0.1445 -0.7293 0.5524
-0.0445 -0.0660 0.0325
0.0004 0.0032 -0.0026
0.4508 -0.4162 0.5176
0.0146 -0.2550 -0.5842
0.0470 0.1407 -0.1600
-0.0407 -0.1289 0.4647
0.1221 -0.1549 -0.6588
-0.4950 -0.3421 -0.6189
0.0949 0.1881 -0.6979
-0.2548 0.3117 0.1844
0.0152 -0.0647 -0.1204
-0.1068 0.2532 0.5916
-0.1002 0.5635 0.4389
-0.1575 0.1030 0.1894
-0.0960 0.0408 0.4149
0.3783 -0.2235 0.6498
0.0727 -0.1785 -0.1809
-0.1302 0.0721 -0.2447
0.0876 -0.1049 -0.6981
-0.0312 0.0083 0.6924
-0.5423 0.2331 -0.1807
0.1672 -0.1843 0.7746
0.4126 -0.6140 -0.1990
-0.3961 0.2121 0.0961
-0.5535 0.3557 -0.3057
0.2818 0.2893 -0.6076
0.0832 -0.1936 -0.1552
-0.5474 -0.3465 -0.1658
-0.0146 0.0141 0.6055
0.2859 0.0713 -0.0960
-0.2145 0.6514 0.2203
0.2278 0.3573 0.2014
-0.7566 0.3939 -0.1829
-0.5947 0.1259 -0.4116
-0.2880 -0.4681 -0.7896
-0.0132 0.1258 0.4044
-0.7445 -0.1040 0.2224
-0.0151 -0.1025 -0.1233
-0.5598 -0.4401 0.4183
-0.8064 0.4251 0.0231
-0.6374 -0.4473 0.1693
-0.0894 0.0610 0.3530
-0.1057 0.0133 -0.0406
-0.0008 0.0052 0.0097
0.1795 -0.7171 0.0070
0.1245 0.3293 -0.7922
0.1203 0.2524 0.3633
-0.5147 0.0680 -0.3548
0.0223 -0.0016 0.0295
0.0061 -0.0194 0.6914
3.5117 -0.0182 0.0118
2.9832 0.4410 -0.1078
3.8511 0.7041 -0.3025
3.5096 0.0064 0.2488
3.4042 -0.3456 0.4234
3.0582 -0.4386 0.2969
4.1723 0.2058 -0.2501
3.4259 0.2729 0.8733
3.6168 0.0410 -0.0349
3.5450 -0.0239 -0.1109
3.6039 -0.0337 0.8703
3.3495 -0.1318 -0.8055
3.6130 0.3351 -0.4163
3.7492 0.1425 0.1189
3.6952 -0.1090 0.6574
3.5862 -0.0767 -0.2695
2.8917 0.1691 0.5663
3.0379 0.5769 -0.4396
4.0404 0.5737 0.5698
3.7272 -0.1774 0.1546
3.8731 -0.1684 -0.1037
3.6323 -0.0608 -0.1069
2.7058 0.1053 0.0624
3.3944 -0.0628 0.5488
2.8501 -0.3868 -0.5949
3.4401 0.1210 0.0956
4.1864 0.1634 0.0395
3.7197 -0.0374 -0.7141
3.4714 0.8252 -0.4563
3.5862 0.0492 -0.0129
3.5365 -0.0336 0.1022
3.5091 0.3078 0.1030
3.7981 0.2058 -0.0474
4.0209 0.0558 -0.0599
3.0175 -0.7813 -0.2696
3.6425 0.1727 0.0749
3.5103 0.1287 -0.5859
3.5011 0.1990 0.2258
3.5237 0.0007 0.0085
3.4385 0.0078 -0.2855
3.6416 -0.2182 0.4121
3.4779 0.0716 0.0467
2.7335 0.2300 -0.3179
2.6607 0.2522 -0.1268
3.4734 -0.0833 0.2493
3.4079 -0.0893 0.4433
3.4001 0.0683 -0.0970
3.6185 -0.0110 0.1436
3.6484 0.4821 0.6558
3.3461 -0.1659 -0.2570
3.6318 0.1964 -0.6867
3.6005 0.0097 0.3805
3.5020 0.0008 0.0607
3.3875 -0.1440 -0.7952
3.4862 -0.0229 -0.0284
3.0372 0.4765 0.0173
3.5380 -0.0745 0.9679
3.4474 -0.2145 0.0098
3.1915 -0.6248 0.2829
3.5077 -0.0886 0.2947
3.5722 0.3297 0.1293
3.5195 -0.0994 0.0393
3.2862 0.5222 0.4699
3.4790 0.0389 0.1542
2.9475 -0.6833 -0.3320
3.5001 0.0008 0.0040
3.6864 -0.0875 0.0417
3.8788 -0.0929 0.0348
3.6772 -0.0202 0.4661
3.3977 -0.3405 -0.2900
3.3721 0.4892 -0.0563
3.3737 -0.5244 0.5270
2.9371 -0.2842 -0.7640
3.5405 -0.0342 -0.8107
3.5066 0.0413 0.0273
3.4135 -0.0587 0.8733
3.8415 -0.2211 0.7664
3.8935 0.1724 0.5484
3.5059 -0.0501 -0.0143
3.6853 0.8017 -0.0474
3.4911 -0.5043 -0.8293
2.8096 -0.0604 -0.6355
3.4566 -0.4488 0.0671
3.7347 -0.7132 -0.2579
3.4097 -0.0757 -0.5102
3.2982 0.1866 -0.1459
3.2329 0.1031 -0.1989
3.5683 0.6568 -0.1341
3.7940 0.1053 0.5603
3.5088 -0.0315 0.0070
3.9952 0.6424 -0.1843
3.4269 -0.0097 -0.4073
3.4507 -0.7507 -0.5713
3.4425 0.1106 -0.5148
3.6899 0.4676 0.0974
3.8302 -0.4008 0.0833
3.4687 0.1778 0.6220
3.4985 0.0013 0.0306
3.4695 0.0117 -0.2931
3.6410 0.0132 -0.0842
3.4539 0.0236 -0.1791
3.5411 -0.2477 -0.0479
3.1984 0.3130 -0.5912
3.4904 -0.0034 0.0255
3.3563 0.0734 -0.8458
3.4843 -0.0796 0.0554
3.4639 0.4085 -0.1757
3.4995 0.1525 -0.0707
3.7710 0.1455 -0.3709
3.2166 0.6029 -0.3511
3.3255 -0.0998 0.9478
3.5465 -0.3102 -0.8011
3.9698 -0.1978 -0.4531
3.4410 -0.1213 0.8929
3.8410 0.4221 0.6378
3.1894 -0.1480 0.4600
3.0020 -0.5088 -0.5767
3.4129 0.0951 0.5723
3.5686 0.0565 0.0683
3.5016 0.0040 0.0917
3.9988 0.0152 0.6643
3.4211 -0.2802 0.7443
3.5379 0.4879 0.3339
3.5224 -0.1107 -0.0885
3.4989 0.1302 0.6008
3.5442 0.5151 0.3577
3.4277 0.3153 0.0593
3.0185 -0.1614 0.0412
3.5251 0.0573 -0.4987
3.7099 -0.1015 0.5139
3.5203 -0.0823 0.0644
4.2690 0.0997 0.6239
3.9043 -0.2092 0.4795
3.6563 0.1319 -0.5671
3.8591 0.8163 0.0912
3.2191 0.3612 -0.3864
3.7267 -0.1327 -0.2432
3.7291 -0.0307 -0.1161
3.4922 0.0001 -0.2280
3.3104 0.7475 -0.4393
3.3971 -0.2786 0.4803
3.5052 -0.0034 0.0565
4.0997 -0.4694 0.4664
3.5254 -0.0937 -0.1550
3.3565 0.4352 -0.4359
3.5448 0.0360 0.8302
3.2734 -0.1912 0.1255
3.5033 -0.0032 -0.7900
3.5778 -0.0751 0.4196
3.4696 0.2187 0.2892
2.9528 0.1098 -0.0363
3.5145 -0.0558 0.0051
3.4433 -0.0349 0.5365
3.2237 0.3870 0.0869
3.8955 0.2612 -0.8048
3.8359 -0.3394 0.3867
3.2773 0.2693 -0.1094
3.5719 0.3445 -0.4385
3.1711 0.3252 -0.4120
3.9056 0.1640 -0.5256
4.0455 -0.1746 -0.4073
3.4664 0.0244 0.1057
3.5711 -0.0847 0.0566
3.9403 0.7183 -0.0102
3.5279 -0.1736 0.4052
3.3541 0.1797 0.7014
3.2917 0.1353 0.0842
3.3864 0.3977 -0.8727
3.3861 0.1189 0.0129
3.5375 -0.1907 -0.4515
3.7011 -0.0440 -0.1946
3.0542 0.4725 0.0756
3.4262 0.0425 -0.5165
3.5165 -0.0110 -0.0086
3.5534 -0.0385 -0.4013
3.5788 -0.1216 -0.3392
3.6071 -0.0922 -0.1021
3.5044 0.0069 0.0429
3.1290 0.4952 -0.7654
3.5148 -0.0020 0.0442
3.5042 0.0008 -0.0017
3.7312 -0.3407 -0.2836
3.9197 0.3252 -0.8262
3.5942 -0.0972 0.0088
3.2440 0.0796 0.0237
3.5751 -0.4366 0.8321
4.0860 0.2260 0.7253
3.0135 0.0807 0.4211
3.4944 0.0044 0.2628
3.0871 0.3161 -0.2858
3.3302 -0.0765 0.5115
3.2939 -0.0643 -0.0896
3.7716 -0.0815 0.0000
3.5530 0.4791 -0.4367
3.4430 0.0251 0.7412
4.0831 0.5715 -0.0960
3.4077 -0.0964 0.4347
2.8641 0.4927 -0.5871
3.0913 0.6557 -0.0367
3.3921 -0.0148 0.5414
3.4000 -0.0176 -0.0508
3.5096 -0.0588 0.1805
3.6464 -0.1341 -0.4845
3.4782 0.0133 0.0038
2.8752 0.0686 0.1696
3.5771 -0.0656 -0.5776
3.4620 0.0445 -0.0306
3.1217 -0.3988 0.5053
3.3952 0.2544 -0.3493
3.4349 -0.0347 0.0938
3.6334 0.1290 -0.1580
3.4115 0.0013 -0.8848
3.1414 0.0098 0.5597
3.4983 -0.0568 0.3385
3.2651 -0.0390 -0.2379
3.4566 0.3883 0.2459
3.4675 -0.0995 0.7908
4.2395 0.0539 -0.2652
3.3746 -0.2926 -0.4585
3.5399 0.0893 0.1410
3.1189 0.1630 0.5949
3.4959 0.0101 0.0456
3.5418 0.0489 -0.1199
3.1878 0.7827 -0.3599
4.1031 0.2250 -0.3648
3.6408 -0.0928 0.6917
3.4635 0.0012 -0.0254
3.6742 0.0879 0.2792
3.7873 -0.3554 0.4273
4.3754 0.2705 -0.0817
3.4992 -0.0006 -0.2442
3.2047 -0.5514 0.1190
3.5782 -0.2350 0.0686
3.4986 0.0034 -0.5804
2.9998 -0.3088 -0.1678
3.4798 -0.4143 -0.2743
3.6272 -0.1578 0.0330
3.6119 0.6837 -0.3428
3.5196 0.4246 -0.3698
3.5829 -0.0545 0.3122
3.3972 -0.0787 -0.6391
3.4595 -0.0534 0.3048
2.9274 -0.0375 -0.5025
3.5824 0.0765 -0.0842
3.7761 -0.2484 -0.3183
3.4476 -0.2568 -0.3893
3.4773 -0.0375 0.1775
3.3484 -0.2542 -0.3375
3.6509 0.5400 0.6099
3.5581 0.1395 0.3098
