0.1943 -0.7965 -0.2231
-0.0184 0.0640 -0.2141
-0.1754 0.3776 0.1509
0.4695 -0.0272 -0.0815
0.4565 -0.6620 0.3897
0.3056 0.0679 0.7351
0.0046 -0.0025 -0.0220
-0.0324 -0.1077 -0.0775
-0.1556 -0.3779 -0.2194
-0.0233 0.0273 0.1515
-0.1734 0.3772 -0.0178
-0.4213 -0.4042 -0.0801
-0.0365 0.0350 -0.0667
-0.0354 0.0777 0.5458
0.0019 0.0002 -0.5173
0.0411 -0.0089 -0.0519
0.0559 0.0879 0.1526
-0.0860 -0.0991 0.5052
-0.0865 -0.0132 -0.2979
-0.1950 -0.6933 -0.5047
-0.0161 0.0143 -0.0708
0.0346 -0.0310 -0.3479
-0.1119 0.0204 0.1259
-0.5392 0.2628 -0.2855
-0.2649 0.0188 0.6232
0.0243 -0.0587 -0.4269
0.0394 -0.0504 0.1300
-0.2033 -0.2008 -0.6198
0.0463 -0.0020 -0.3120
-0.0156 0.4175 -0.8456
