-0.0331 0.0182
-0.4048 0.7264
-0.5364 -0.2129
1.0075 0.1517
-0.1454 -0.4014
-0.6273 0.2706
0.2128 -0.0820
-0.9278 1.3264
-0.1180 -0.8062
0.2865 -0.0325
0.0396 0.1471
-0.3549 0.4993
-0.2541 -0.0283
-0.2373 -0.3456
-0.0105 -0.7982
0.2030 -0.0804
0.2396 -1.4338
-0.1669 -0.5540
0.0387 0.4984
0.2815 0.5863
0.5507 -0.2387
-0.0114 -0.4591
0.0599 -0.4790
0.5255 0.1152
0.0262 0.2497
-0.0563 0.2213
0.5430 -0.1971
-0.2361 0.0154
0.0567 0.0828
-0.2511 -0.0748
-0.1305 0.1316
0.2452 -0.3147
0.8790 0.3008
0.2225 0.7025
-0.5806 0.2834
0.1706 -0.1778
-0.1063 -0.0493
0.8513 0.3966
-0.4892 -1.1288
0.1102 -0.3559
-0.2554 0.3470
0.1238 -0.0809
-0.0777 0.0078
-0.0037 0.0249
-0.0449 0.6315
0.3219 0.5418
-0.9634 1.2353
1.2856 0.5146
0.1438 0.2825
0.5143 -0.1042
-0.4158 -0.5553
0.5212 -0.3270
-0.1394 -0.1986
-0.0190 0.0040
-0.1130 -0.3210
-0.4842 -0.7211
-0.8859 -0.9609
1.0304 -0.5777
-0.6825 -0.6395
-0.4631 0.1936
0.2281 -0.0233
0.6216 -1.2775
-0.7637 -0.1019
-1.2481 -1.1493
-0.9216 -0.2123
-0.0451 0.1632
0.0638 0.1003
0.5878 0.0125
0.7425 0.0648
0.4560 -0.3296
0.0535 -0.0513
-0.2093 -1.2432
-0.1456 0.2749
-0.1656 -0.4009
-0.1333 0.0670
-0.0569 0.1884
0.3615 -0.8014
0.0122 0.0272
0.6909 -1.0818
0.0680 -0.8366
0.0500 0.2113
-0.2172 0.3021
0.0641 0.0318
-0.4258 0.0625
-0.0823 -0.0407
-0.1491 -0.4645
-0.0076 0.0321
0.2042 0.5304
-0.2546 0.3484
-0.3237 -0.2198
1.0126 -1.1941
0.0148 -0.3627
0.9354 -0.3214
-0.3883 0.4890
-0.1754 -0.6663
-0.2552 -0.0977
0.6196 0.7298
0.4488 0.2292
0.0770 -0.0984
0.3848 -0.3484
0.7951 -0.3956
0.6703 -0.1838
-0.0176 -0.0200
0.3546 -0.0200
-0.3351 0.4516
-0.1884 0.1872
-0.2419 0.2634
-0.1397 0.0341
-0.4982 -0.2012
0.8592 -0.3712
0.0015 -0.0607
0.0485 0.5013
-0.0312 0.0382
0.9478 -0.0733
-0.1090 -0.1262
0.1238 -0.7068
0.3550 -0.6184
0.2202 -0.2887
-0.3222 0.4187
0.4000 -1.0045
0.5110 -0.1744
-0.5471 0.2247
-0.8104 0.4522
0.2638 -0.0133
-0.1372 0.6753
0.7356 -0.5708
0.6485 0.6074
0.0153 -0.0049
-0.7773 -0.6070
0.1511 0.0408
0.0331 0.0985
0.5791 0.2332
0.6169 -0.6603
0.3122 0.2593
-0.7787 -0.4653
-0.1034 0.5143
-0.0904 -0.3340
0.8974 0.1759
-0.0219 -0.0282
-0.4723 0.1178
-0.0274 -0.4644
0.0292 0.2292
-1.0796 0.2067
-0.5795 0.3338
0.0399 0.0283
-0.2650 -0.1165
-0.0019 -0.8726
0.3100 0.1785
0.4150 0.1252
-0.0785 -0.0118
0.0279 0.0307
-0.2759 -0.4227
0.3041 -0.1867
-1.4582 -0.0762
0.6511 0.4252
0.1544 -0.0616
0.0775 -0.0378
0.0188 -0.6224
0.7711 -0.6810
0.9881 -1.3648
-0.1365 0.0830
-1.2752 0.3387
0.0671 0.0503
-0.5296 0.3856
-0.4410 0.8888
0.3454 -0.1913
-0.7629 0.5103
-0.1403 0.5078
-1.1047 0.4720
-1.2668 0.2490
-0.3668 1.6003
-1.0822 -0.7317
-0.0283 -0.4809
0.3810 1.2325
0.1766 0.2603
0.5395 -0.4358
-0.1904 0.3652
0.2225 0.1131
-1.1943 0.5563
-0.6738 0.0063
0.4809 0.1017
-0.4558 0.2312
0.0522 -0.0449
0.0473 -0.0273
-0.2909 -0.0388
-0.3821 0.8140
0.4018 -0.5625
0.6552 -0.2342
0.0475 -0.3896
0.3924 0.0188
-0.1873 0.6536
0.3962 0.5616
0.0012 -0.0016
-0.8144 0.5051
-0.0477 0.2819
0.5671 0.3784
-0.7504 0.1721
-0.0022 0.1072
0.5898 0.5864
-0.7224 0.4590
0.9938 0.2352
0.1071 0.6794
1.1892 0.0878
0.7240 -0.2401
-0.0059 -0.0134
0.0936 -0.1983
-1.2713 0.3243
0.0852 0.2071
-0.9651 0.9426
-1.4654 0.1991
-0.0035 -0.8138
0.2579 0.2912
-0.0673 -0.0954
-0.8476 0.0384
-0.8789 -0.1944
-0.0904 0.1515
-0.2369 0.3257
0.7098 0.8237
-0.6386 -0.7441
0.1413 -0.1438
-0.0936 0.3704
0.1267 0.3474
-0.0887 0.6001
0.5296 0.0631
-0.2210 -0.3961
0.4494 0.2899
0.0081 -0.0657
0.3271 -0.1125
-0.0909 0.9022
-0.0834 0.0690
-0.1372 0.5717
0.1072 -0.0087
0.4333 0.1576
0.6765 0.3823
0.1156 0.5243
0.7759 -0.6179
0.5141 -0.2735
-0.0400 -0.2589
0.0005 -0.0001
-0.9186 -0.1438
0.0713 0.1450
1.3148 -0.9285
-0.2560 -0.1977
-1.0335 0.4312
0.2537 -0.0431
0.1595 0.2649
0.5082 -1.5652
-0.5792 0.5966
-0.1976 1.0463
-0.0021 0.0110
0.2101 0.2339
0.2029 0.1002
-0.0364 -0.1036
0.0102 0.0030
-0.6495 0.1019
0.6837 -0.6711
-0.2367 1.0932
0.3881 -0.0055
0.0790 -0.8892
0.2062 -0.0483
-0.1379 -0.0042
-0.0661 -0.0562
1.5442 0.2971
-0.4051 0.2259
-0.1925 -0.4852
0.5318 0.4618
-0.0780 0.0519
-0.1291 -0.3487
0.3549 0.0501
-0.0083 1.0277
-0.0953 -0.0829
0.0922 0.0572
-0.8173 1.1111
1.3970 0.3075
0.0069 -0.9953
0.5954 -0.3953
-0.0443 -0.5709
-0.1783 -0.2382
0.2164 0.3621
0.4858 -0.5814
-0.1422 -0.6206
-0.6066 0.0749
0.0078 0.0018
0.5771 -0.4778
0.5883 0.5547
0.4356 -0.8666
0.0449 -0.3124
-0.0107 -0.1832
0.6088 -0.2056
0.2100 -0.1481
-0.5279 -0.0375
0.4879 -1.2354
0.7997 -0.7440
-0.5080 0.4731
0.0992 -0.7566
0.0731 0.0825
-0.2496 -0.1296
-0.0334 0.8458
0.1764 0.0396
-0.1951 0.5325
0.0194 -0.0002
0.7208 -0.2900
-1.2957 -0.1887
0.6355 0.0884
0.0929 0.4181
0.1420 -0.0450
-0.0244 -0.2807
-0.6965 -0.8958
0.8080 -0.4496
-0.5840 -0.6665
0.9523 0.0418
0.0350 -0.0438
-0.0799 -0.0034
0.5344 1.3641
1.4903 0.6422
-1.0636 0.6686
-0.0134 -0.0020
-1.2797 -0.9355
0.6149 -0.7882
-0.8047 -0.1821
0.9223 0.0395
0.2807 -0.4249
0.4130 -0.1520
0.2755 0.1162
-0.8354 0.0215
-0.0249 -0.0167
-0.2241 1.4164
-0.0180 0.6322
0.4081 0.4889
1.6045 0.4471
0.5344 -0.2863
0.4141 0.0933
-0.4315 0.7577
0.5450 -0.4672
1.5582 -0.2794
-0.1034 -0.0773
-1.4801 0.4174
-0.9279 0.2471
0.0534 0.9881
0.2907 0.4757
0.9511 0.2992
0.2910 -0.8268
0.1190 -0.9514
-0.2445 0.1584
0.2880 0.0269
-0.3407 -0.5767
0.2895 -0.3140
-0.9358 0.3502
-0.6424 1.4215
0.7715 -0.2368
0.1862 0.3494
0.8681 -0.1662
0.6696 0.4419
-0.0357 -0.1471
0.4901 0.3215
0.6781 0.0578
-0.3666 -0.3089
0.3230 -0.3399
-0.1252 -0.1332
-0.8828 0.6472
-0.0282 0.9959
-0.3175 -0.9185
0.8519 -0.2005
0.1337 0.1631
-0.2094 0.2383
0.7352 0.9279
0.7528 -0.5581
-0.4319 0.1344
-0.4480 1.1826
-0.0856 -0.3760
-0.2222 -0.6124
0.0680 1.6500
-0.2887 0.2120
0.1082 0.2716
-0.4929 0.1722
-0.8748 -0.6358
-0.0807 -0.0648
0.0653 -0.7958
-0.1228 0.0172
0.2614 0.9294
0.2114 0.6859
-0.9860 -0.2178
-0.6463 0.1835
0.0898 0.5591
-0.0954 0.3985
0.6825 -1.3445
-0.2902 0.6026
0.4092 0.1117
-0.0095 0.0374
-0.5026 0.3340
-0.6031 -0.0177
-0.8452 0.6272
-0.3452 -0.4666
0.5596 -0.0660
0.5806 0.3136
0.4081 0.2647
-0.7031 -0.5422
-0.7539 0.4428
-0.6112 -0.4941
0.7411 -0.4774
-0.7353 0.1833
0.2424 -0.3682
-0.5439 -1.0505
0.2110 0.6605
0.8924 0.6293
-0.1948 -0.3427
0.0045 0.0060
-0.2525 -0.3116
0.0533 0.1134
-0.2954 -0.0484
0.2738 -0.1904
1.4238 0.0490
0.5954 0.1641
0.0800 0.7632
-0.2218 -0.8910
0.1080 -0.5577
0.8973 0.2373
-0.6764 -0.7026
0.0220 0.5951
0.4662 -0.0931
-0.6801 0.3577
-0.2086 0.1018
0.2652 -0.8379
0.2407 -0.8274
-0.9760 0.8724
-0.0406 -0.0510
0.0447 0.0353
0.8357 -0.1205
0.5845 -0.1414
-0.2117 0.4167
-0.5935 -0.1999
-0.3253 0.8218
-0.2015 0.2389
0.1839 0.4592
-0.0635 -0.0415
0.0213 -0.9205
-0.2039 -0.8340
0.0876 0.1965
0.9027 -1.1595
0.4680 -0.4421
-0.0539 0.0305
0.0814 0.0626
-0.4216 -0.1096
0.5350 -0.0136
-0.0712 0.1869
0.0781 0.0575
-0.2829 -0.4409
-0.3203 -1.0645
-0.3721 -0.9629
-1.0182 -0.7449
-0.3080 0.5024
0.2214 -0.1298
0.3665 0.2563
-0.2873 -0.8345
-0.2989 0.0596
-0.1100 -0.1878
0.1174 -0.4175
0.2561 -0.1161
0.8088 -0.1097
0.4852 0.2216
-0.4910 -0.0342
0.9851 0.2417
0.5796 0.4572
0.3461 -1.2624
-0.9291 -0.8645
1.6178 0.2490
-0.6298 -0.7697
0.1198 -0.8991
-0.3148 0.2463
0.0169 -0.0313
0.4913 0.4843
0.3950 -0.3241
-0.0705 0.1325
-0.0390 -0.9243
-0.5883 -0.2337
-0.2226 -0.3943
0.0575 -0.1825
0.0015 -0.0629
-0.8853 -0.6628
1.4928 0.7294
0.4462 -0.5085
0.0663 0.1049
0.0688 0.1773
-0.1123 0.7115
0.0570 0.0207
0.5029 -0.7194
-0.5715 -0.7418
-0.1198 0.4433
0.6495 -0.4531
-0.3754 -0.0137
-0.2793 0.0261
-0.0512 0.0342
0.1579 -0.2668
0.1800 -0.4542
0.0309 -0.5682
-0.1745 -0.2453
-0.6122 0.3013
0.0188 -0.0059
-0.4236 0.1792
-0.1023 0.2126
