0.6694 -0.6821
0.2559 -0.6547
0.0111 0.3942
0.3122 0.3533
0.8164 -0.1850
-0.0005 -0.0006
-0.0011 0.0141
0.4461 0.8743
0.5174 -0.0339
0.6400 -0.3813
-0.0879 -0.4186
0.4220 -0.6546
-0.3507 -0.2952
-0.0365 -0.8819
0.6569 -0.5200
0.0511 0.1148
3.2014 0.3608
0.3661 0.4850
-0.7666 0.5381
0.2878 -0.2291
1.6391 -3.1895
0.0128 0.1788
-0.4767 -0.7882
-0.1767 0.4132
-0.7365 -0.0341
-0.3820 0.1249
-1.1490 1.5734
0.1888 -0.3498
-0.0438 -0.0271
0.1190 0.2092
-0.3725 0.7920
0.3511 0.0624
0.0163 0.7573
0.4079 -0.6085
-0.5456 0.4189
1.9817 2.8344
-0.2612 0.5503
0.0628 -0.4284
0.3133 -0.0245
0.2520 -0.7351
