0.3280 0.6139
-0.3212 -0.2096
-0.6039 -0.5750
0.0080 0.0068
0.0231 0.6253
-0.6198 -0.2930
0.6943 0.1639
0.5591 -0.1203
-0.0539 -0.0541
-0.6596 -0.4567
-0.0313 1.7808
0.0632 -0.0711
-0.1866 0.6319
-0.5652 0.8703
0.3083 -0.0444
0.6320 0.2360
-0.2042 0.1964
-0.8515 -0.3261
0.6861 0.3406
-0.2595 -0.0768
3.7317 -0.4871
3.4949 -0.0087
2.7182 0.9525
3.7622 0.1933
3.5224 -0.0108
2.6206 0.0905
2.8378 -0.3930
4.0257 -0.0324
3.5389 0.3237
3.4756 -0.0192
2.7231 0.5807
3.7527 -1.6197
3.4179 -0.2057
3.0921 -0.6460
3.1198 0.0473
3.2332 -0.1040
2.9469 0.0508
3.4991 0.0120
3.8008 -0.6022
4.2171 0.6544
