0.1098 0.0738 -0.0285
0.1149 -0.4402 -0.2125
-0.1212 0.4333 -0.4436
0.0143 -0.1321 -2.4339
-0.7367 0.1045 0.1638
-0.6587 -0.3714 0.2920
-1.6041 -1.1353 -1.0391
-0.0615 -0.0107 0.6600
0.5823 -0.7696 -0.0542
0.4583 0.3744 0.4058
0.1956 0.0132 0.8352
-0.7615 0.5866 -0.1173
0.2970 0.1309 0.9181
0.8522 0.4300 -0.2261
0.0476 -0.0102 0.1386
-0.0155 0.0543 -0.1857
0.0250 -0.1618 -0.1423
0.0093 0.0044 0.0034
0.0447 -0.0087 0.9476
-0.1649 -0.2683 0.2130
-0.2764 0.2941 -0.0514
-0.2498 -0.0764 -0.6794
0.4882 -1.7886 0.4191
-0.1220 0.4864 -0.3194
-0.2637 -0.8225 0.4923
-0.0690 -0.0137 -0.9907
-0.5734 1.3264 -0.5865
-0.0280 -0.0366 -0.8739
-0.1249 -0.0144 0.5859
0.3171 -0.7949 -0.0385
0.9185 0.2988 -0.8172
0.3667 0.0588 -0.3766
-0.0632 0.1988 -0.1519
0.5646 -0.4460 0.1299
-0.5198 0.4790 0.4390
0.3098 -1.2094 1.7317
0.1051 -0.2102 0.1065
0.3077 0.1665 0.1859
0.0439 2.1530 -0.3890
-0.3756 0.0795 -0.2509
-0.9056 1.2242 -0.9841
0.4085 0.0450 -0.0449
0.1454 0.0292 0.4169
0.0554 -0.1169 0.7193
0.1759 -0.1206 -0.2567
-1.0155 0.4691 -0.4301
0.2627 -0.2813 -0.8561
-0.0670 -0.0152 0.1111
-0.5023 0.3469 0.7391
0.0273 -0.4053 -0.2021
-0.1579 -0.0664 0.2849
-0.0455 -0.0149 -0.0178
-0.0686 0.0039 -0.1629
-0.0648 0.6742 1.9495
-0.2576 0.0272 0.2352
0.7119 -0.4760 0.1631
-0.1520 0.0087 -0.1078
-0.0241 0.1984 0.3040
-0.0006 -0.0356 -0.3234
0.0716 0.1899 0.9376
0.4662 0.1954 0.0991
0.0014 -0.0013 -0.0004
0.4567 -0.1256 0.3034
-0.2094 0.0421 -1.1142
0.0016 0.1203 0.3869
0.3552 -0.7573 0.1792
0.6002 -0.6229 1.4154
-0.0092 -0.0220 0.2257
-0.0530 -0.0969 0.9490
-0.1803 -0.9375 -1.0912
-0.2441 -0.1426 0.1932
0.0747 -0.2595 0.0091
0.0031 0.0277 0.2602
-0.0127 0.8228 0.4498
-0.4861 -0.2430 1.7383
0.1514 -0.3311 0.7682
-0.6724 0.2335 0.2270
-0.0910 0.0778 -0.6614
-0.0102 0.0111 -0.1420
0.2863 -0.1139 0.1301
0.0273 -0.0406 2.6248
-0.2283 0.3735 0.7053
-0.0303 0.0392 -0.0036
0.0689 -0.2587 0.8207
0.0307 0.3422 1.1113
-0.0584 0.0323 0.5848
0.1440 0.1683 -0.7042
-0.1175 0.1210 -0.3643
0.1889 -0.0106 -0.5747
-0.0003 -0.0172 -0.5840
-0.1497 0.0729 0.7983
-0.2978 -0.6790 -0.1853
0.0642 -0.1362 -0.5148
0.0609 0.0918 -0.4044
0.0528 0.4530 -0.3345
-0.0816 -0.3499 -1.5065
0.1348 0.0731 -0.0567
0.3348 -0.2468 0.2305
-0.0121 -0.1204 -0.5756
0.2420 0.1909 0.1193
0.0125 0.0031 0.0261
-0.1407 0.2942 -0.6759
0.1220 0.1159 0.1895
-0.1493 0.0107 -0.9795
-0.2000 0.3051 -2.2009
0.4600 -0.7529 0.1110
-0.0553 -0.1603 0.4318
-0.2107 -0.3478 -0.1775
-0.3558 -0.4433 -0.1488
0.6444 -0.6107 -0.3698
-0.0543 -0.2366 -0.1040
-0.3628 0.2203 0.6743
0.0598 -0.0452 0.0382
-0.1587 0.1177 1.3800
-0.6675 0.2725 0.6405
-0.0659 -0.2293 2.2168
0.1475 0.7069 2.4259
0.0104 -0.0127 0.0003
0.0037 -0.0648 -0.4410
0.0465 -1.3171 -1.4566
-0.0693 0.0410 0.1430
-0.1511 -0.1463 -0.5398
-0.2380 0.8122 -0.4761
-0.0830 0.0471 0.0983
-0.0014 0.0045 0.0549
0.1852 0.1709 1.6135
0.4906 -0.1062 -0.1430
-0.2373 -0.4148 -0.1426
0.0018 0.0081 0.2679
-0.3018 0.1656 0.5134
-0.6226 -0.5496 -0.0752
-1.4945 1.2563 -1.5410
-0.0696 -0.1527 0.3709
-0.2209 0.3908 0.0077
-0.3953 0.0032 0.0749
0.4551 -0.4859 0.5294
-0.0579 0.0106 0.6693
-0.5715 -0.6815 -0.4550
-0.1866 -0.2978 -0.5350
0.0843 0.0846 0.3102
-0.1306 0.6907 0.0897
-0.3687 -0.0200 0.4713
-0.3453 -0.0249 -0.5477
0.2829 -0.1239 -0.0352
1.3174 -1.0869 1.7339
0.3000 -1.2835 0.1531
-0.2223 0.3503 -0.7634
-0.4621 0.2064 -0.5248
-0.6993 -0.0099 0.3786
0.0164 -0.0010 0.0284
0.2293 -0.3696 0.5106
-0.3274 0.4365 -1.8694
-0.0796 0.2940 -0.4675
0.2977 -0.3954 0.4036
0.3554 -0.5512 0.9468
0.4782 0.1509 0.6935
-0.1702 0.1708 0.8597
0.2818 0.4641 0.1595
-0.0775 -0.0345 0.8759
0.1068 0.2506 0.5117
-0.1276 0.9199 0.1473
-0.0463 -0.0859 -0.0139
-0.1485 0.0859 -0.2896
0.0670 -0.0228 0.0696
-0.5764 0.3251 0.8657
0.0988 -0.0775 0.1135
-0.0424 0.0009 0.0021
0.2415 0.6993 0.4066
-0.0201 -0.0412 0.8038
0.5815 -0.2338 -0.3226
-0.0185 -0.0136 0.7500
-0.1974 -0.1416 0.3680
-0.0802 0.1458 -0.4502
0.2431 0.5114 -0.5654
0.2193 -0.9058 0.3008
0.1310 -0.0943 0.3314
-0.0160 -0.8906 0.1855
0.0013 -0.0064 0.0019
0.7632 0.4452 -0.4401
0.6036 -0.0922 -0.3486
-0.1254 -0.2475 0.6293
-0.9690 0.2072 0.9965
-0.0940 -0.1863 -0.3740
-0.0030 -0.0080 0.4855
0.2593 -0.5178 -0.5745
-0.2890 -0.0810 -0.7494
0.0043 -0.2324 0.0834
-0.0328 0.0640 -0.1099
-0.2877 0.0905 -0.8577
0.3986 -0.4233 0.5063
-0.0022 -0.0123 0.3260
-0.0363 0.0533 -0.0506
-0.4885 -0.2803 0.4512
-0.0553 0.0585 -0.2075
0.0075 -0.0030 -0.1576
-0.0792 0.0902 0.2965
-0.8457 0.1235 0.2947
0.8910 0.0330 -0.1184
-0.0224 0.0129 0.2812
-0.0965 -0.1806 -0.1666
