-0.0819 0.3617
-0.7064 0.4095
-0.8973 0.4541
0.0338 0.0832
0.4204 0.5486
0.5442 -0.0665
0.5705 -0.6093
-0.4208 0.7979
-0.0228 -0.6198
0.3340 0.4678
0.4265 -0.3043
-0.2311 -0.5018
-0.8099 0.7359
-0.0554 0.1871
-0.1411 0.2236
-0.2286 -0.3610
-0.2083 -0.0454
0.3743 0.1688
-0.1428 -0.5712
-0.4839 -0.0060
-0.0233 -0.0400
-0.1478 -0.0269
0.2685 0.8857
0.2275 -0.0265
-0.0176 0.2157
2.4843 -0.4971
1.6031 -0.4366
2.0090 0.1941
2.0941 -0.6726
1.7548 0.0455
1.6390 -1.0914
3.0662 0.0252
2.1005 0.7867
1.9651 0.0864
1.8353 -0.1980
1.7247 -0.3221
2.8325 0.7724
2.2477 0.0958
0.8560 -0.2425
1.9398 -0.5828
2.0485 -0.3969
1.9544 0.2971
1.7374 -0.0813
1.8264 -0.0984
1.9848 0.0014
1.1759 0.4525
1.8960 -0.0108
2.1569 0.0729
2.1594 0.3611
2.6959 -0.9248
