-0.5054 0.7897
0.0851 -0.1669
0.3512 -0.2793
-0.1550 0.1854
-1.4908 0.4830
-0.2597 -0.2181
0.0928 0.3095
0.8508 -0.3593
-3.4723 1.7644
0.1519 0.0333
0.6641 0.0926
0.0502 -0.7056
0.3215 -0.7107
-0.0768 0.6390
0.1193 -0.1225
-0.6330 -0.4688
0.6879 -0.0307
0.6682 0.2297
0.0044 -0.0440
-0.2917 0.5338
0.1375 -0.8774
0.1259 -0.2860
1.1894 3.8507
-0.5045 -0.1585
-0.1600 -0.1824
0.7324 0.5782
-0.6289 0.0627
0.0381 -0.6225
-0.0413 -0.1582
0.3683 0.5316
-0.0500 0.2881
-0.0472 0.0974
0.2199 -0.1036
-0.1496 -0.2407
0.2650 -0.5241
0.5116 0.1969
0.1541 -0.3501
-0.8222 1.1089
-0.0160 0.2348
-0.3532 0.7717
