0.7279 -0.6583
1.4429 0.1399
-0.1550 -0.0220
0.3147 -0.2046
0.0868 -0.2813
-1.2585 0.1008
-0.3060 -0.2180
-0.3922 0.6323
-1.7126 -0.5497
0.2581 -0.2285
-0.1215 -0.3226
-0.0073 0.7114
0.1186 -0.1790
0.4044 -0.0655
-0.2669 -0.9477
-1.4064 0.9718
-0.0240 -0.0017
-0.5212 0.5887
0.1464 -0.7538
0.3617 -0.8759
-0.0265 -0.4461
0.0102 0.4841
-0.1538 -0.0026
-0.9418 0.1620
-0.1458 0.9316
0.0761 0.2303
-1.2181 0.2617
-0.0887 -0.0629
0.1426 -0.4193
0.1654 0.2317
-0.5899 -0.7558
1.0710 0.3749
-0.0662 -0.2715
-0.0000 -0.0078
0.3537 -0.5726
-0.9080 -0.3859
-0.3491 0.2046
-0.8830 -0.2442
-0.3179 0.1866
0.3908 -0.6544
