-0.2991 0.0525 0.1676
-0.0912 0.0284 -0.8333
-0.0084 -0.0047 -0.3481
-0.0815 -0.0694 0.2287
0.6517 0.4879 0.3911
0.0035 0.1252 -0.0558
0.9507 0.0666 -0.0018
-0.2789 0.4991 -0.2141
-0.0292 0.1106 0.0887
-0.0162 -0.0685 -0.1912
-0.0081 -0.0005 0.0025
0.0263 0.0850 -0.0047
-0.4084 -0.0486 -0.7785
0.2685 0.0962 -0.3419
0.0040 0.1784 -0.0116
-0.3490 -0.0684 0.2227
0.0256 -0.5026 0.2615
-0.1163 0.4828 0.7366
-0.1779 -0.0588 0.6502
0.1626 -0.0371 0.5338
0.4145 -0.8477 -0.0851
0.0508 -0.2564 0.9615
0.0962 0.1943 0.3267
0.1745 -0.4215 -0.6985
0.1600 0.0714 0.1433
0.1151 0.1007 0.0346
-0.1736 0.5123 -0.2176
0.4201 0.1102 -0.2796
0.1244 0.0407 0.1188
0.0925 -0.1462 0.2604
-0.3457 0.3264 0.5140
-0.1506 0.2782 0.0211
0.3287 -0.8235 -0.0728
-0.0821 0.1916 0.0169
-0.3196 -0.1938 -0.0299
-0.4005 -0.2089 -0.8601
-0.4064 0.2759 0.5884
-0.3004 0.0440 -0.2694
0.2574 -0.3497 -0.3646
-0.0863 -0.0651 0.1360
