0.5526 -0.2133 0.6718
0.1351 -0.6979 -0.4636
0.1913 0.8094 0.0045
-0.1391 -0.0275 0.1938
-0.0631 0.0392 -0.1494
-0.5707 -0.2122 0.3418
-0.7110 -0.5133 -0.4406
0.0275 -0.0646 0.5894
-0.4046 0.6880 0.5470
0.0882 -0.0157 0.2152
0.3976 -0.3080 -0.6863
-0.2088 0.1422 0.1831
-0.4187 -0.3005 -0.1344
-0.0858 -0.4270 0.2138
0.1311 0.3303 -0.4093
0.4935 0.6255 0.5835
-0.0556 -0.0124 -0.4827
0.1075 -0.5639 0.5117
0.0314 -0.3787 -0.4199
0.0302 0.3569 -0.3209
-0.0169 -0.2073 0.1773
-0.1584 -0.0145 0.0157
0.4114 -0.6408 0.5681
0.0092 -0.0061 -0.0129
-0.0265 -0.3145 -0.3477
0.0168 -0.0062 0.0189
0.1776 -0.1841 0.2943
0.2555 0.0011 -0.7171
0.1001 -0.0990 -0.3506
-0.0329 -0.0610 0.1602
0.1547 -0.6906 -0.3717
-0.0024 -0.0586 -0.0252
0.1428 -0.0124 0.5902
0.1705 -0.4531 0.2733
0.2109 -0.6716 -0.5161
-0.3857 -0.1959 0.9014
0.0132 0.0095 -0.0026
0.0243 0.0088 -0.0290
0.2454 -0.0226 0.5871
-0.0474 0.0355 0.1019
0.2037 0.5218 0.1157
-0.0380 0.5833 -0.5971
0.0465 0.5199 -0.3664
0.0754 -0.0258 -0.5738
0.0501 -0.1279 0.2571
-0.2522 -0.4870 -0.5814
0.0012 0.0019 -0.0093
0.7140 0.5282 -0.0772
0.2361 -0.1491 -0.8647
0.0121 0.0132 0.0287
2.3305 0.1378 0.5737
2.2424 0.3931 0.3360
1.7082 -0.0634 -0.3383
2.2955 -0.4882 0.1781
1.8223 0.1726 0.4432
2.0062 0.0499 -0.0564
2.5944 -0.3638 0.7004
1.7370 -0.1072 -0.1277
1.9678 -0.0692 -0.1943
1.9335 0.1536 -0.2017
2.1040 0.2392 0.1221
2.0334 -0.5997 0.1250
2.4673 -0.0096 0.3660
2.1170 -0.2426 -0.7451
1.9997 -0.0003 -0.5486
1.8639 -0.0029 -0.0659
1.7090 0.2250 0.3929
2.1438 -0.7118 -0.4861
1.3876 0.4113 0.0657
2.6960 -0.1007 0.1481
1.9695 -0.0788 0.2481
1.1470 0.0716 -0.1659
1.5393 -0.1886 0.4440
1.8850 0.2584 -0.1702
2.0162 -0.0294 -0.0444
1.9906 -0.4172 -0.2180
1.7514 -0.1188 0.7478
1.3006 -0.6242 -0.1583
1.8007 0.3907 0.4847
2.4930 -0.7600 0.0195
2.1494 -0.1345 0.7566
1.9256 -0.1704 0.0784
1.9295 0.1993 -0.1541
1.8654 0.1875 0.2273
2.3094 -0.3418 -0.4623
1.8900 0.7139 0.6639
2.0789 0.0067 0.5007
1.9088 -0.0466 -0.3977
2.0431 -0.0953 0.1961
1.6686 -0.0636 0.1862
1.9138 -0.4822 -0.5433
2.3303 -0.1056 -0.2894
1.7053 0.7171 0.1077
1.9879 0.0251 0.5688
1.7710 -0.0379 0.1891
2.6665 -0.0755 -0.5629
2.1187 -0.0949 -0.0887
2.5908 0.0258 0.7281
2.3744 -0.1172 0.7113
1.8989 0.0666 -0.4703
