-0.4809 -0.5009 0.2214
0.2745 0.2177 0.6152
0.0517 0.0167 -0.1641
-0.3569 0.6058 0.1437
0.2389 -0.0583 0.7141
0.0816 0.0327 -0.0309
0.5774 0.6494 -0.4512
0.0016 -0.0001 0.0523
-0.0439 0.1004 -0.2836
0.0039 -0.0010 0.0025
-0.2810 0.1649 1.0155
-0.0226 -0.0973 0.0118
-0.5706 -0.5012 -0.2783
-0.0881 -0.4668 -0.3973
-0.1801 0.3498 0.5310
1.5289 0.4548 0.4068
2.0009 -0.2185 -0.4070
1.9982 0.0207 0.0413
2.0420 0.1336 -0.0539
2.2223 -0.2969 -0.1931
1.9689 -0.2440 0.0862
1.9794 -0.0002 0.0003
1.8909 0.0876 1.0283
2.1111 -0.2072 0.5469
2.0868 -0.7345 -0.4346
2.0055 0.0454 -0.4891
1.7843 -0.2793 -0.9489
2.5249 -0.1513 0.3269
1.9764 0.0200 0.3668
2.3363 -0.0406 0.2368
