0.7737 -1.0814
-0.2070 0.6587
0.6499 0.2191
-0.1985 -0.1292
0.4460 0.1567
0.1247 -0.1330
0.1038 0.1887
-0.6186 -0.4545
-1.2467 -1.4628
0.9364 0.2952
-0.0248 0.1496
-2.0222 -0.4024
0.1477 -0.0397
0.8169 0.3161
-0.3951 -0.5706
-0.2224 -0.0761
-1.4376 -1.3318
0.2518 -0.3767
-0.1424 -0.4391
-0.7149 0.3859
0.2935 -0.0784
-0.8070 0.7580
0.6433 -0.1046
0.5364 -1.0660
0.0707 -0.2608
1.8444 1.0803
0.0719 -0.8163
0.0723 0.0550
-0.0557 0.1835
-0.4251 1.7244
0.8009 -1.8509
-0.1184 -0.0933
0.5486 0.2894
0.0500 -0.2922
-0.1164 -0.6164
0.0464 -0.2989
0.0428 0.2797
-0.1476 -0.4855
-0.1133 0.0681
-0.7500 0.4082
0.0328 -0.0078
-0.2893 -0.2733
-0.6757 -0.4984
0.0570 -0.1043
0.9654 0.2055
-0.8719 0.3158
-0.1009 0.7174
-0.4626 0.5456
0.5074 -0.2534
0.0254 -0.0492
-0.0015 -0.4831
-0.4483 -0.2866
0.9537 0.0571
0.4042 -0.4676
0.1865 -0.3252
-0.1881 -0.3568
0.4075 -0.5163
-0.0149 -0.0327
0.3356 0.8698
0.0299 0.1655
0.8768 -1.7000
-0.1102 -0.3145
-0.0034 0.0593
-0.5820 0.4101
0.1626 0.1265
0.1152 0.0586
1.1381 0.8554
-0.4983 0.0574
-0.0973 0.1148
-1.6360 1.1121
0.0160 -0.9858
0.2740 0.2501
-0.3182 -0.2169
-0.6824 1.2138
-0.1294 0.2588
-2.0332 0.0477
-0.5339 -0.3132
-0.7334 -0.1972
-0.0012 0.0012
-0.3686 0.1969
0.4713 -0.0329
0.2960 -0.7983
1.9081 -0.2312
0.1206 -0.1051
0.6506 -0.2020
0.0122 0.8666
-0.3172 -0.5925
0.1802 0.3367
0.2070 0.7267
0.0664 -0.5090
-0.3821 0.7781
-0.0480 0.3778
0.2807 -1.2369
-0.3172 -0.9232
0.9431 -0.2739
-0.1861 0.0941
0.1187 -0.6334
-0.4258 0.4847
-0.1249 0.3310
-0.4974 -0.4116
-0.4473 -0.0880
-0.5608 -0.4450
-0.3858 1.5836
-0.5681 -0.4812
0.1462 1.0669
-0.3590 0.1824
-1.0683 0.3185
-0.0031 0.9044
-0.4387 -0.0845
-0.0261 -0.0337
-1.3018 -1.0965
-0.4339 -0.7794
0.1263 0.5256
-2.1778 -0.0084
0.5788 -0.7589
-0.2708 -0.8847
0.3528 -0.5592
-0.3516 0.3068
-0.8771 -0.5664
0.5715 -0.4709
-0.2589 -0.3865
0.6150 0.3092
-0.4325 0.4849
-0.3952 0.4472
-0.2944 -0.3168
-0.1726 0.0697
-0.3402 0.2347
0.0697 0.4552
-0.0772 -0.0390
1.0659 0.1176
0.5295 0.0819
0.3735 -0.3001
-0.3531 -0.4195
-0.4571 -0.4902
-0.1112 -0.1319
-0.4969 -1.2632
-0.2012 -0.7978
-0.0365 -0.1257
0.5973 0.3462
-1.8160 0.8422
0.1753 -0.0883
-0.1738 0.3192
-0.3938 -0.6346
-0.2193 0.0475
-0.2182 0.2526
0.2087 -0.0352
0.3823 -0.4208
-0.4009 0.5386
-0.4651 -0.1636
-0.6029 0.2330
2.0279 0.2952
0.5513 -0.0995
0.0259 0.1206
0.2016 -0.1270
0.6142 -0.2046
-0.0492 0.4603
-0.0404 0.0263
0.0426 0.0064
0.0293 -0.3196
-0.5669 0.0585
-0.1068 -0.2559
-0.1840 -0.1159
1.7157 -0.0254
0.6416 -0.3949
0.0644 0.6870
0.1025 -0.6611
-0.6125 -0.3201
0.3169 -0.0927
0.4263 -0.1947
1.6810 1.2640
0.7777 0.0255
0.2950 0.6990
-0.4385 -0.6945
-0.0193 -0.0127
0.2405 0.7138
0.4175 0.6394
0.3129 -0.5602
0.6410 0.1900
0.6124 0.5311
0.4998 0.2361
-0.2478 -0.1413
-0.3228 1.1500
0.3799 0.2763
-0.2168 1.9668
0.4758 -0.5566
-0.9149 -0.2071
-0.1303 0.0836
0.0669 -0.9059
0.1541 0.0490
-0.0302 0.0052
0.5059 -0.1200
-0.0261 -0.1110
0.1471 0.8819
-0.1822 0.3648
0.0161 0.2451
-0.2579 -0.4624
-0.0945 0.1362
0.6192 -0.0470
-0.0070 -0.8721
-0.3628 -0.2726
