-0.0439 -0.0294
1.4905 1.1302
0.5111 -0.7041
0.3121 -0.4294
2.1845 -0.4561
0.0601 -0.8121
0.2393 -0.0264
-0.7685 -0.3679
0.2960 -0.3682
-0.1081 0.1511
0.5360 0.0737
0.7384 -0.0212
0.7914 0.1337
-0.0044 -0.0202
-0.7466 -2.0250
0.8521 -0.1371
0.4945 -0.1797
0.0925 0.3151
-0.5403 0.4490
-0.7321 0.3675
0.0520 0.0302
0.0302 -0.4850
-1.9449 -0.8811
0.5932 0.0739
0.1330 -0.2110
-0.2264 0.1090
1.6897 -0.2822
0.0514 -0.3537
0.0118 -0.1954
-0.7312 0.0974
0.1786 0.1524
0.0591 -0.0414
-0.5531 0.1907
0.1939 -0.2152
0.3143 -0.4390
0.2571 -0.6478
0.9946 -1.2890
0.6511 -0.5804
0.4408 0.0834
-0.4824 0.0009
0.6113 -0.2206
-0.1484 0.7962
0.3276 -0.0558
-0.1062 0.4020
0.8091 -0.1326
-0.5206 -0.8421
-0.4234 -1.6297
-0.6287 -0.5536
0.0934 -0.3231
-0.0794 -0.3549
-0.5645 -0.5513
-0.4740 0.3532
-0.7604 0.2876
0.0867 -0.1478
-0.2474 0.8609
0.1164 -0.1668
0.0369 -0.7146
-0.8750 0.0998
-0.7849 -0.2275
-0.0200 1.5224
-0.0704 0.3031
-0.8242 0.3087
-0.0672 0.3483
-0.1227 -0.6408
0.2282 0.1821
0.2371 0.7058
0.8340 0.5372
0.1113 -0.0102
-0.0659 0.0438
-0.0320 -0.1714
0.5936 0.6394
0.4419 -0.2062
-0.3883 0.0866
0.0922 0.0923
-0.5054 0.3956
-0.1599 0.1675
0.5185 -0.4221
0.0012 0.0383
-0.4492 0.4492
0.0284 -0.2119
-0.0620 0.2836
-0.7003 0.2541
0.7734 -0.2136
0.0366 0.2892
-0.1709 0.9249
-1.3358 0.0211
-0.1013 -0.0214
-0.5057 0.0714
-0.5116 0.7576
-0.0528 0.3298
-0.3824 -0.2431
0.4092 0.0105
-0.0673 0.1428
0.0638 -0.0421
-0.2166 -0.7577
-0.3205 0.1371
0.8004 -0.4175
1.6648 1.2899
0.0103 -0.0007
-0.5857 0.0104
