0.1523 0.2045
0.6038 -0.0844
0.2590 0.5080
-0.0774 -0.8624
0.4576 -0.4320
0.0963 0.1012
-0.0657 -0.3485
0.4900 0.2042
-0.7878 0.4473
0.0285 -0.1774
-0.6122 -0.2476
0.1275 0.8555
-0.8584 0.0321
0.1587 -0.4148
-0.7519 0.1841
0.6247 -0.3929
0.0064 0.0414
0.5023 -0.3573
-0.0884 0.5370
0.0080 -0.0119
-0.0384 0.0018
-0.4657 0.4955
0.6914 -0.2137
-0.1184 0.5649
-0.6748 0.5425
3.4199 -0.1280
4.7127 -0.3501
4.2916 -0.7046
4.1687 0.8822
4.1632 0.3521
4.5238 0.0579
4.0300 0.2531
3.5208 0.6613
4.4921 0.7050
4.0183 0.0261
3.9975 0.2516
3.4374 -0.6412
3.8589 -0.0418
4.7011 0.1781
3.9995 -0.0215
4.1364 -0.6316
3.5628 -0.1726
4.0349 0.0168
4.2730 0.4313
3.4043 0.6553
3.7385 -0.1159
3.3078 -0.5809
3.8083 0.4261
3.2966 -0.1590
3.9796 0.2532
