-0.0463 -0.7174
0.0069 0.8196
-0.4326 0.7163
-0.3103 -0.0059
0.3323 0.0058
-0.1559 0.1918
-0.6052 0.3497
-0.4916 0.2131
0.1673 -0.1358
-0.4204 0.2069
-0.7828 -0.5621
0.1001 0.0067
-0.2179 0.4028
-0.0551 0.2468
0.2032 0.3058
1.5930 -0.4959
-0.4629 0.4696
-0.1370 0.7976
0.1459 -0.0202
0.1626 -0.0404
-1.2280 0.3666
-0.9396 -0.8105
-0.5746 -0.7117
0.1797 -0.1849
-0.2390 -0.6660
-0.5517 0.2798
-0.1457 0.9832
-0.7046 0.6394
-0.5348 -0.6004
0.3133 0.0621
-0.5301 -0.5067
-0.0381 -0.0116
0.0392 0.6061
-0.0963 -0.5368
0.2515 0.0260
0.4001 -0.4368
0.0756 0.0313
0.5324 0.0125
-0.0816 -0.1694
0.0245 0.0055
0.1151 0.0409
-0.0135 -0.0060
0.1143 0.9896
-0.6231 -0.2092
0.0223 -0.0121
-0.4484 0.4593
0.9040 0.3494
-0.5886 -0.8563
0.0160 -0.8335
-0.2744 -0.4268
0.1374 -0.6232
-0.1182 -0.1029
-0.2257 -0.0834
-0.7389 0.0430
-0.2449 -0.5671
0.9373 0.2592
0.0556 0.4315
0.2940 0.6455
0.1559 -0.7942
0.6229 0.1427
0.0300 0.2827
-1.4445 -0.6605
0.1058 -0.2075
-0.1509 0.5987
0.0767 0.0484
0.1306 0.1056
0.0181 -0.0322
-0.3149 -0.1624
0.1196 -0.0610
-0.4405 0.2221
-0.3004 0.0161
-0.3921 -0.4469
-0.7043 -0.6813
0.7340 -0.2721
0.0294 -0.0279
0.7077 0.5517
0.3264 -0.5097
-0.2240 0.2022
0.4537 0.2627
0.1565 -0.2543
0.1781 -0.0195
-0.2085 0.1358
0.2718 0.2475
0.5679 0.1921
0.0120 0.0105
-0.2009 0.5266
-0.0367 0.0594
-0.2781 0.3234
0.4339 0.0024
0.1015 0.9314
0.0902 -0.6408
0.4750 -0.0214
0.2178 0.0603
0.4054 -1.1754
-0.1095 -0.0723
0.0844 -0.2102
-0.5602 0.0379
-0.0269 0.0459
-0.0074 0.3627
0.8968 0.1953
0.1787 0.9465
0.3847 0.5872
-0.1986 -0.8354
0.0746 -0.3274
0.3637 0.1209
-0.0095 0.0229
0.8477 0.2143
-0.2474 0.0164
-0.1916 0.2026
0.0719 0.0425
-0.4217 -0.2906
-1.5045 0.3319
-0.0480 0.1807
-0.1183 0.3195
-0.1947 0.2504
0.5602 0.6515
0.0245 -0.3655
-0.1008 0.0044
0.1897 0.8170
0.1718 -0.2503
-0.0272 0.2720
0.3625 -0.1948
-0.3725 0.7119
0.3393 0.4522
-0.4392 0.8502
0.4311 0.0202
0.4137 0.4589
0.6853 -0.4300
-0.7074 0.1911
0.6573 -0.2634
0.0019 0.0003
-0.1027 -0.1300
0.0292 0.0748
0.3830 -0.0834
-0.0491 0.6813
-0.4737 -0.0077
-0.4367 -0.2948
0.8546 -0.0640
-0.3380 0.3961
0.0045 -0.0203
0.1433 -0.2290
-0.1567 0.4975
-0.5079 -0.6925
0.1226 -0.2871
-0.2270 0.0610
-0.6573 -0.6856
-0.2297 0.4285
-0.3767 0.2532
-0.2469 -0.1825
-0.4687 0.0357
0.1214 -0.2055
0.1330 -0.2333
0.0718 0.0543
-0.0102 -0.0018
-0.4352 0.5346
-0.2387 0.1053
0.0108 -0.1235
0.0479 -0.0566
-0.8131 0.0799
0.1831 0.1124
-0.1617 -0.0274
0.0286 0.0001
0.0362 0.0030
0.4344 -0.2857
0.3290 -0.1478
-0.1803 0.2276
0.2821 -0.2629
-0.4444 0.5839
-0.3078 0.4570
0.1767 -0.9492
0.0886 0.1924
-0.7733 -0.7107
-1.0964 -0.1045
-0.1211 -0.1015
0.0122 0.1214
-0.7549 0.2890
0.9066 0.3614
-0.4979 0.8318
0.0172 -0.0416
0.4769 -0.7958
-0.0457 -0.7630
-0.5260 0.3824
-0.5089 0.5964
0.3738 -0.0908
-0.2240 0.3094
0.1315 -0.1043
0.2214 -0.0524
-0.7007 -0.5853
0.0065 -0.0280
0.7520 -0.0138
0.1035 0.8306
-0.3019 0.0166
0.0949 0.7401
0.3547 -0.1606
-0.1438 0.1889
-0.1365 0.2588
0.6040 0.5718
0.3396 -0.0522
-0.0144 -0.0738
0.5921 1.3281
