1.0570 -1.2066
0.8814 0.0119
-0.8205 0.1860
0.3304 0.5197
-0.0192 -0.0822
-0.2190 1.2406
0.0922 -0.1183
0.4945 -0.1283
-0.0341 0.1636
-0.0701 -0.1409
0.0817 -0.6344
-0.4839 0.7081
0.0543 0.9063
-0.3718 -0.8959
-0.0877 0.0992
0.7111 -0.0985
-0.3869 0.3023
-0.0883 0.1451
-0.0871 0.0011
-0.3640 -0.2406
0.8842 1.3473
0.4315 -0.0620
-0.4249 0.0407
0.0432 -0.5258
-0.1112 0.0360
-0.3374 1.6773
1.8813 0.3274
0.5346 0.3021
-0.0050 -0.0422
0.6768 -0.6973
0.9703 -0.1601
-0.8487 0.0766
-0.5443 0.6918
0.8204 0.3201
0.2986 -1.4647
-0.0928 0.0577
-0.3168 -1.6410
0.2302 -0.1078
-0.3583 0.4038
-0.3065 0.4923
0.4303 -1.2674
0.1477 -0.0876
-0.0870 0.1102
-0.4317 0.3335
-0.4357 -0.4646
0.8848 -0.4228
-0.1501 -0.7484
-0.2296 -0.0586
-0.0093 0.2098
-0.0253 -0.3530
1.9218 0.2566
-0.8277 0.2944
-0.0129 0.8732
1.4287 -0.2986
-1.1642 -0.3433
-0.1787 0.1648
-0.3100 -0.0187
0.6307 -0.3278
-0.0582 0.0823
-0.1205 0.1516
-0.0815 0.5306
-0.0832 0.0135
0.5163 0.5575
-0.8606 -0.2671
-0.0563 0.0510
0.0039 -0.0240
-0.0152 -0.7429
0.3568 -1.4712
-0.0372 0.6894
-0.3103 -0.0116
0.1695 -0.9787
0.5582 -0.6755
0.0886 0.8514
-0.5492 -0.3544
0.2663 0.2339
-0.0171 0.6473
-0.2895 -2.1413
-0.8708 -0.1528
-0.0732 -0.5146
0.4930 0.5382
0.1752 0.2815
0.3101 0.4571
0.2942 0.6936
-0.0786 0.0314
-0.0099 0.0099
0.4340 0.0314
-0.2709 -0.1079
-0.2434 0.2721
-0.6695 -1.0794
0.3957 -0.1698
0.2708 -0.5632
0.1080 -0.1380
-0.5409 -0.4142
-0.2140 -0.4414
-0.4368 0.9508
-0.4463 -0.6501
-0.2363 0.7857
0.6044 -0.1477
-0.5144 0.7992
-0.4157 0.7235
