0.1489 0.4263
-0.0041 -0.0010
0.1352 -1.1036
0.4934 -0.1120
-0.6917 -0.2929
-1.7958 0.1428
-0.4141 -0.6013
-0.1639 -0.2307
-1.8914 -0.2485
-1.0943 0.2308
0.1138 -0.8386
0.5625 -0.1668
-0.0046 -0.0218
0.1794 -0.0855
0.0917 -0.2681
-0.0988 -0.0230
-0.0929 0.1452
0.5191 -0.6670
-0.3483 -0.4636
-0.1195 0.1310
3.5066 -0.5655
2.9917 0.0082
3.1238 0.0619
2.3803 -0.2899
3.0013 -0.0090
2.6980 -0.9074
2.4689 0.3768
3.8335 0.3001
2.7229 -0.9595
0.9288 -0.0508
3.3035 0.0262
2.2049 0.8292
2.9521 -0.0232
2.9792 0.5884
2.8454 -0.4524
2.8884 0.1046
3.3564 -0.4919
3.0360 0.1734
3.0270 -0.9886
2.5271 0.7017
