-0.1538 -0.8459
-0.5709 0.3357
0.4726 0.2987
0.1116 0.1489
0.5087 0.5989
-0.8547 0.3430
0.1739 -0.4527
-0.0409 0.0720
0.1508 -0.0746
-0.8440 -0.2057
-0.5731 -0.7345
0.3413 -0.0753
-0.3680 0.0373
-0.3998 -0.3646
0.2620 -0.2466
-0.5036 0.4781
0.9427 -0.1940
-0.6308 -0.4229
0.4066 0.0907
-0.4231 0.2315
0.4952 0.8134
-0.3993 0.5676
0.0566 0.1101
-0.6327 -0.4338
0.0215 0.0535
-0.2055 0.3831
-0.6711 -0.5098
-0.2863 -0.9418
0.3069 0.1655
-0.1935 -0.3882
-0.1273 -0.3553
0.1042 0.2768
-0.0619 0.0019
-0.0186 -0.8267
0.4544 -0.3070
-0.2788 0.1373
-0.2938 -0.0184
0.1836 -0.0096
-0.4584 -0.8405
-0.5422 0.6374
0.0713 0.7696
0.9496 0.0945
-0.3548 0.0800
0.3897 0.0992
-0.6518 -0.6859
0.6930 -0.1850
0.0009 -0.0027
0.1019 -0.5261
0.4499 0.1678
0.3826 0.4881
4.5132 -0.0030
5.3294 -0.1379
4.9849 0.2164
4.3683 -0.1602
4.5995 0.0118
4.9740 0.2219
4.7826 -0.3260
4.7439 -0.4008
5.4184 -0.1798
5.4322 -0.2622
4.7942 0.8900
4.4334 0.0263
4.1730 0.6850
4.2568 -0.4877
4.1542 -0.0771
4.4961 0.0001
4.6042 -0.4404
5.2195 0.2180
4.4719 -0.0896
3.7697 -0.1892
4.8757 0.2052
4.8182 0.3635
5.0402 -0.1782
4.8394 -0.5451
4.7786 -0.2695
4.0626 0.2083
4.5656 0.3062
4.5648 -0.1588
4.4610 -0.2227
4.6422 -0.4042
4.1886 0.3535
4.9860 0.7988
4.1962 0.3788
4.9942 -0.7624
5.0042 0.7516
4.9948 -0.1939
4.0717 -0.0492
4.4558 0.0932
4.5233 0.1574
4.6264 -0.0135
4.1904 0.8457
4.2453 -0.0703
5.3297 -0.2855
4.3446 -0.3367
4.7436 -0.0631
4.4837 0.3318
4.9859 -0.5384
4.4887 0.0321
4.7169 -0.5140
4.5166 -0.0609
