0.0877 -0.9431
0.2873 -0.0896
-0.3191 0.8983
-0.2129 0.9744
0.6149 -0.6989
0.2342 -0.4015
0.0406 0.1173
0.6905 -0.4455
-0.4763 0.1900
0.0767 -0.0379
-0.1555 0.1094
0.1141 0.9843
-0.8884 0.0595
0.0293 0.1561
0.0430 0.1493
0.0309 -0.0745
-0.0148 0.0206
-0.8448 -0.1666
0.3950 -0.4350
0.2626 -0.1945
-0.1167 -0.0864
0.2307 0.6534
0.0639 -0.0738
-0.1136 0.3801
-0.2932 0.6089
0.1649 0.7697
0.2759 0.0459
-0.9584 0.2170
0.0179 -0.0120
-0.7234 -0.2282
0.6078 0.2990
-0.2879 -0.3244
-0.6019 -0.2511
0.8518 0.0961
0.1659 -0.3534
0.8372 -0.0399
-0.0525 -0.0204
0.9802 0.1491
0.5323 0.0971
-0.0155 -0.0027
-0.2117 -0.5419
-0.1942 0.0645
0.9666 0.0678
0.0834 -0.4223
0.6372 -0.1403
0.9412 -0.2724
0.1053 0.7752
-0.4951 0.1487
0.0695 0.0214
-0.0194 0.0403
0.1292 0.3999
0.6001 0.1899
-0.4100 -0.1703
0.6571 0.6841
-0.1129 -0.4974
-0.1260 -0.0020
-0.0375 0.2217
-0.1639 -0.4361
-0.2797 0.2836
-0.0603 -0.0217
0.6447 -0.0502
-0.0853 0.5754
-0.4120 -0.1837
0.0431 -0.1913
0.1305 0.0227
0.4755 0.6299
0.5632 -0.6766
0.1679 -0.0310
-0.0632 0.0499
-0.2128 0.7261
0.3231 0.0715
-0.1000 0.0888
-0.1033 0.7252
0.0273 0.1729
-0.1987 -0.8876
-0.1273 0.0154
0.9041 -0.2831
-0.4791 0.2428
-0.1809 -0.0720
-0.3856 -0.6994
0.8285 -0.3074
-0.2112 -0.0379
-0.2863 -0.3057
0.1110 0.0451
-0.6364 0.4084
-0.1193 0.0273
0.0258 0.1164
0.5568 0.3746
-0.4514 0.3477
-0.5737 -0.5684
0.1087 0.1840
-0.5552 -0.0030
0.3895 -0.0838
-0.0100 -0.4750
-0.0868 -0.1036
0.0291 -0.0061
0.0563 0.0296
-0.3555 -0.2180
0.2752 0.8462
-0.3133 0.1725
-0.9139 0.1205
0.6275 0.3706
-0.6400 -0.1647
-0.0999 -0.2502
-0.2789 0.1875
0.3006 -0.3234
0.0726 0.0078
-0.0010 -0.0012
0.2483 -0.0943
-0.1085 -0.0031
0.6630 -0.2041
0.3117 0.5681
0.4842 -0.3567
0.9967 -0.0295
-0.3245 0.3775
0.4801 0.6370
-0.3526 -0.1613
-0.7668 -0.4035
-0.5673 -0.4147
0.1682 -0.2819
-0.4948 0.7401
0.5695 -0.7301
0.0494 -0.0440
-0.3087 0.0388
-0.8946 0.3859
-0.7518 -0.4232
-0.0917 -0.5281
-0.1148 0.8419
-0.0923 0.1781
-0.4043 0.0735
0.3826 0.2878
-0.0692 0.4835
0.3282 -0.1726
-0.1232 0.1866
0.0544 -0.5673
0.0069 -0.0597
0.1748 0.0405
-0.0428 -0.3230
-0.0086 0.2350
0.4187 -0.6272
0.1939 -0.1909
0.0946 -0.2115
-0.1440 -0.2361
0.0302 0.0136
0.7437 -0.2538
-0.0235 -0.3846
-0.8371 0.3380
-0.1406 0.8991
-0.5905 0.7655
0.0611 0.5129
0.1437 0.1562
-0.0358 -0.0651
-0.0595 -0.0140
-0.6347 -0.2330
0.2860 0.0672
-0.5668 0.4438
0.3336 -0.8582
0.0188 -0.6055
0.5908 -0.7034
0.7234 0.1971
0.1631 0.5948
0.6991 -0.3507
0.4705 0.1258
0.1576 -0.1589
0.2263 -0.8593
0.5055 0.6384
0.1813 0.4868
0.4700 -0.0410
-0.1995 0.4149
-0.1580 0.2377
-0.4788 -0.2728
-0.0037 0.5522
-0.3036 -0.5191
0.1639 0.1615
-0.0306 0.1948
0.1010 -0.7268
-0.4173 0.9032
0.3532 0.6350
0.1462 0.0640
-0.0567 0.1634
0.2343 -0.0302
0.7001 -0.0795
-0.5656 0.6150
-0.2093 -0.2943
-0.1258 -0.0642
0.1045 -0.0085
-0.3083 0.0638
0.7516 0.2935
-0.0021 0.2680
-0.0129 -0.0179
-0.0832 -0.0504
-0.8008 -0.5001
0.2378 -0.1633
0.0080 0.0253
-0.5985 -0.2557
0.0497 -0.0048
0.0374 -0.1812
-0.0009 -0.5338
-0.7641 0.6440
0.4041 -0.2217
-0.1691 0.4920
0.0467 -0.0668
-0.5239 -0.0778
0.0925 -0.0014
-0.3750 0.1836
-0.7299 -0.2537
-0.5733 -0.1417
-0.0924 0.6928
0.3232 -0.6677
0.3846 -0.5513
-0.1545 -0.6819
-0.0194 0.0610
-0.3052 -0.1111
0.0273 0.1768
0.1401 -0.9153
-0.5901 -0.0780
-0.6778 0.2802
0.4544 -0.5076
0.3180 -0.8395
-0.1452 0.4789
-0.1020 -0.3211
-0.3376 -0.6060
-0.2021 -0.5234
-0.3985 0.5428
-0.2566 -0.3194
-0.5408 -0.2859
-0.4490 -0.0002
-0.6731 0.2908
-0.1532 -0.1813
-0.0733 -0.0485
-0.2975 0.8187
0.1805 0.9731
-0.1647 -0.4105
0.6532 0.5431
-0.4144 -0.3046
-0.0026 -0.7442
0.1506 -0.0663
-0.1293 -0.9398
-0.4749 0.7541
0.5697 0.3033
0.0151 -0.2370
0.1437 -0.7432
0.7156 -0.2495
-0.0069 0.3463
0.3495 0.4855
0.1525 -0.2106
-0.2613 -0.7086
-0.3316 -0.6331
0.2332 0.7381
0.0802 0.0603
-0.4060 0.7217
-0.4942 -0.5704
-0.7032 0.6306
-0.4818 -0.0803
0.3665 -0.6142
-0.7490 0.1230
-0.4118 -0.0976
0.0693 0.4302
0.4321 0.2837
0.0688 -0.1067
0.1662 -0.3689
-0.2850 0.4839
0.7934 0.4364
-0.1123 0.1166
-0.0395 0.0009
-0.1547 0.7356
0.0110 0.0368
0.2412 -0.5241
0.2374 0.2746
-0.5385 0.6111
-0.3712 0.1528
-0.8875 -0.4499
0.2108 0.5020
-0.0795 0.8922
0.0500 0.6729
-0.7057 -0.6262
-0.0701 0.1427
-0.8127 -0.2068
-0.6735 -0.3914
-0.0308 0.0292
-0.6004 -0.4843
0.3858 0.1771
0.3789 -0.6880
0.6535 -0.7481
0.0015 0.0193
0.2613 0.1340
0.5477 0.6982
0.6167 0.0006
-0.4249 0.6732
-0.1876 -0.1329
-0.5634 -0.5945
0.3108 0.1236
0.4645 0.2882
0.5612 0.5164
-0.0083 0.0150
0.0143 -0.0013
-0.4996 0.2344
-0.1999 0.4704
-0.2251 -0.6022
-0.3017 0.0403
0.1963 -0.2807
0.0926 0.2177
0.2460 0.2273
0.0157 0.0703
-0.0823 -0.1654
0.2147 -0.1405
0.2639 -0.6154
-0.4652 -0.4580
-0.4714 0.4257
-0.2963 0.6284
0.0264 -0.1977
0.4276 0.4460
0.0481 0.0489
0.5219 0.7922
-0.7106 0.0289
0.7749 0.4391
0.0527 -0.0769
-0.5076 -0.0019
0.4808 0.0428
-0.5266 -0.7801
-0.5332 -0.2223
-0.6781 0.1428
0.3356 -0.3766
0.9381 -0.0807
-0.5706 0.2174
-0.7242 -0.4958
0.7642 -0.2530
-0.1007 0.1834
-0.0139 -0.0002
0.4850 0.1290
-0.1559 -0.6364
-0.0826 -0.0544
0.1036 -0.1087
-0.3740 -0.2833
0.3657 0.0522
-0.0637 -0.7476
0.7961 0.4808
-0.0384 0.0195
-0.9069 0.2770
0.5881 0.2614
-0.1010 -0.5925
0.5361 -0.5497
0.0255 -0.3327
0.1850 0.1259
-0.0003 -0.0022
-0.2322 0.4320
-0.6503 0.1967
-0.2229 0.4089
-0.0349 -0.3730
-0.0502 0.0997
0.0631 0.0793
0.2665 -0.3787
-0.5432 0.6499
-0.1645 -0.9270
-0.7835 -0.3079
-0.6930 -0.6646
-0.0377 0.0642
-0.1388 0.1100
-0.4002 -0.8412
-0.1976 -0.1572
0.1787 -0.2936
0.2752 0.0643
0.2346 -0.5823
-0.0750 0.2736
0.0698 -0.0822
-0.1685 0.9170
-0.7504 0.2289
-0.4805 0.0823
0.1117 0.6226
0.5934 0.5954
0.0456 0.1173
-0.1908 -0.1786
-0.2460 -0.9662
-0.8664 -0.0243
0.0411 0.0844
-0.0918 0.0763
-0.6312 -0.0097
0.1523 0.0994
0.0026 -0.0046
-0.1369 -0.1051
0.0143 0.0044
0.3467 0.1187
0.1068 0.3926
-0.2548 0.2778
-0.0468 0.0269
0.0716 0.6073
-0.5365 -0.2475
-0.0396 -0.0080
0.3688 -0.2004
0.2808 0.1116
0.2754 -0.5261
-0.4036 -0.1193
0.0002 0.6308
-0.0621 0.0080
0.1666 -0.1985
0.6804 -0.0543
0.0435 0.0348
-0.0541 0.0629
-0.3123 -0.1331
-0.7740 -0.2923
0.0686 -0.4468
-0.0081 -0.0032
-0.0345 -0.0737
0.1494 -0.9738
-0.1510 0.0090
0.0573 -0.1435
-0.1641 0.8261
-0.0880 0.1420
0.1945 -0.8930
0.1505 -0.5315
-0.6099 0.0466
-0.6514 -0.1377
0.0991 -0.0787
-0.6198 0.1753
0.0802 -0.0554
0.6350 -0.6500
-0.0031 -0.4975
-0.8098 -0.4112
-0.0714 0.1035
0.1639 0.7578
-0.7727 -0.3658
0.4258 0.1408
-0.1268 -0.0785
0.0195 0.4818
0.0463 -0.0523
-0.1878 -0.1411
-0.7524 -0.3052
-0.4473 -0.0619
0.2985 0.0949
0.1828 -0.0456
0.0275 -0.0787
-0.4297 -0.8532
0.1081 0.4627
0.0053 0.2888
0.1944 -0.1928
-0.3516 0.2905
-0.6584 0.1347
0.8795 0.0846
-0.0412 -0.3953
0.3597 -0.1118
0.0389 0.0235
-0.0126 -0.0133
-0.2858 0.4904
0.4422 0.6857
-0.2928 0.3002
0.0954 0.0733
-0.0614 -0.6801
0.3030 0.0910
-0.1891 -0.1120
-0.6375 0.3279
0.2004 0.1019
-0.8829 -0.4259
-0.0039 0.4890
0.0226 -0.5715
-0.3237 0.1823
0.0223 0.0212
0.5119 0.1820
0.6440 0.1086
-0.1095 0.3511
0.0372 0.0319
-0.7280 0.1080
-0.4172 0.4558
-0.3080 0.1302
-0.5083 0.5085
0.1951 -0.5393
-0.0757 -0.1453
0.5756 -0.4513
-0.0375 0.3449
0.4929 -0.4311
0.1552 0.1783
-0.3487 0.1196
-0.1020 0.0193
0.1394 0.2964
-0.3821 -0.5677
-0.8725 0.0344
0.4938 0.4022
0.4780 0.6883
0.7925 -0.0576
0.3084 -0.3882
0.2848 0.4078
-0.2206 0.3690
0.1245 -0.8884
-0.0922 0.3445
0.2109 -0.0678
-0.2057 -0.1212
-0.0002 -0.0013
0.1063 -0.9763
-0.0260 -0.0105
-0.8510 -0.1268
-0.0930 0.1828
-0.3371 0.6834
-0.3428 0.0221
-0.1092 0.3400
-0.2268 -0.7397
0.9584 0.0859
-0.6178 0.5286
-0.6544 0.0935
0.8489 -0.2555
0.1702 0.0313
-0.3247 0.0351
