0.5300 0.1974 -0.1091
0.0189 0.4113 0.2525
0.0080 0.0257 -0.2260
-0.0114 0.3761 -0.8508
0.1109 -0.1046 0.9049
-0.2298 0.6623 0.7459
0.0259 0.0176 -0.0361
-0.0354 0.0158 0.0025
-0.3220 0.0048 -0.1992
0.6018 -0.1470 -0.1784
-0.4262 -0.0922 0.4441
0.7816 0.3685 0.5690
-0.1546 -0.1588 -0.2914
-0.0031 -0.0036 -0.1326
0.0836 -0.2773 0.0341
0.0559 0.0146 -0.8413
-0.2093 -0.4353 0.1687
-0.4054 -0.8176 0.4276
-0.0333 -0.4442 -0.6346
1.0204 0.3812 -0.1694
-0.8478 -0.1641 0.5311
-0.0124 0.6047 0.1012
0.0012 -0.0011 -0.0071
0.0716 0.2083 -0.2490
0.4813 0.0736 0.2180
0.0921 0.0255 0.4008
0.1576 -0.0887 0.1315
0.0155 0.0243 -0.2678
0.1713 0.1808 0.1518
0.0004 0.0032 0.4087
0.8026 0.4490 0.5181
0.4741 -0.3618 -0.2023
-0.1118 0.6486 0.0938
-0.0185 -0.1867 0.4001
-0.1549 -0.1540 -0.5822
0.0296 0.0026 -0.0499
-0.3885 -0.2278 0.6336
0.4708 0.0324 0.5947
-0.7168 0.0654 0.4172
-0.1764 -0.6842 0.8834
-0.0678 -0.4652 -0.4979
0.1195 -0.3526 -0.4455
0.1374 -0.2475 -0.0613
0.0153 -0.4375 -0.7035
-0.0637 0.3116 0.1158
-0.2043 -0.1562 0.0611
-0.2214 -0.0470 0.0316
-0.3849 -0.6827 -0.3644
-0.0851 -0.0146 0.1228
-0.1321 -0.2205 0.4939
0.0519 0.0901 0.2725
-0.2727 0.2874 -0.8528
0.1056 0.1999 -0.3217
-0.4738 0.1129 0.7580
0.0007 -0.0001 0.0515
0.1870 0.1121 -0.3402
0.0068 -0.1023 -0.0480
-0.3702 0.4300 -0.1934
-0.2321 -0.0588 0.4017
0.0481 0.4717 0.7305
-0.0682 -0.1757 -0.2126
-0.9599 0.1149 0.1574
0.4409 -0.3244 0.2683
0.1023 0.1436 -0.1564
0.0400 0.0067 -0.6625
-0.0899 -0.8757 0.1131
-0.2716 -0.1160 -0.0735
0.4471 0.6913 -0.1666
-0.0103 0.0021 -0.0571
-0.2909 0.2332 -0.3863
0.2647 0.2341 -0.3542
-0.5396 -0.0054 0.1050
-0.1790 -0.3065 0.0044
-0.2999 -0.1663 -0.0864
-0.1334 0.1073 -0.3728
0.1244 0.1196 -0.2378
-0.0370 0.2452 -0.2167
0.3314 0.1459 0.5973
-0.0894 -0.0101 0.3231
-0.0515 -0.0106 -0.0524
0.0556 0.0989 0.0454
-0.0066 0.1498 -0.7935
0.1676 -0.0835 0.0437
0.6211 0.7897 0.1846
-0.4880 -0.0097 0.6958
0.7858 0.1828 -0.6148
-0.0577 0.1409 0.1770
0.0510 -0.0899 -1.1426
-0.2883 0.3376 0.5984
-0.0549 0.1839 0.1438
0.8192 -0.1629 0.7222
0.8729 -0.5258 0.4379
-0.0369 0.7273 0.7447
0.1844 -0.2639 0.0665
-0.0013 0.0012 -0.0067
-0.0010 0.0082 0.9728
0.0161 0.0491 -0.2058
-0.3918 -0.3030 -0.3096
-0.5243 0.8425 -0.6595
-0.4484 -0.4194 -0.5629
1.8294 -0.9333 -0.4760
2.0995 -0.2355 -0.7047
1.9080 -0.1806 -1.1133
2.2612 -0.5048 -0.2216
2.0182 0.5536 -0.6485
2.1703 -0.1676 -0.4046
2.0222 -0.3880 -0.1536
1.8171 -0.2518 -0.0090
2.0751 0.4659 -0.2914
2.3171 -0.0350 0.2422
1.3611 0.7209 -0.0209
2.0023 -0.0006 0.0022
1.9307 0.0072 1.0721
2.2695 0.5124 -0.0378
1.9938 0.0671 -0.1643
1.9689 0.2218 0.5646
2.4296 1.0728 0.2849
1.9893 -0.0017 0.0291
2.0826 0.1539 0.0291
1.6801 0.8377 -0.7340
1.5733 -0.5068 0.9700
2.0566 0.4290 0.1235
1.9596 -0.0270 0.0776
2.0519 -0.0024 0.1808
2.3101 -0.1599 0.1759
2.1844 0.0252 -0.2965
1.1054 -0.5237 0.0793
2.5345 0.9921 0.3001
1.8456 0.1383 0.3547
1.9165 -0.1235 0.1011
1.5797 0.2955 0.5851
2.0919 -0.2059 -0.3773
2.0135 0.0072 0.0844
2.3116 -0.1871 0.8389
1.2107 0.2281 0.0560
1.6954 -0.3962 -0.3450
2.1948 -0.2327 -0.0446
1.8800 0.0661 -0.5602
1.9929 0.2106 0.1023
1.8029 -0.3685 0.0442
1.6138 0.0716 -0.6665
2.0050 0.0160 0.0617
1.8027 -0.1119 -0.5462
1.8966 0.4987 -0.9191
1.8789 -0.0875 0.3017
2.0083 0.0099 0.1169
2.0021 0.0029 -0.4771
1.9358 0.5001 -0.9744
1.9875 -0.0018 0.1905
2.0246 -0.4662 0.5926
1.9986 -0.0007 0.0939
2.0042 0.0042 0.5192
1.5109 0.0776 0.6881
2.7531 0.6884 -0.4128
2.0236 -0.2956 0.0162
2.1562 0.0330 0.2085
2.2379 0.1318 -0.3045
2.0662 1.0617 -0.1566
2.3263 0.3070 -0.6905
2.0007 0.0008 -0.2231
2.6896 -0.4120 -0.6402
1.7091 0.4680 0.3338
2.0933 -0.0435 -0.5297
1.4194 -0.3539 -0.7434
1.8508 0.4197 -0.4551
1.9170 0.0868 0.2465
1.7809 0.0693 -0.0030
1.9835 -0.0434 -0.0832
1.9727 0.3508 0.2693
2.0134 0.4509 -0.3440
2.0056 -0.0038 0.9804
1.9453 -0.1116 0.7595
2.4831 -0.3655 0.7814
2.1580 -0.2055 0.3078
1.9634 0.0883 0.1332
1.7637 -0.0825 0.2861
1.7509 -0.3334 -0.0145
1.9782 -0.0919 0.0867
2.1251 0.2986 -0.8956
2.3098 0.0043 0.0316
2.9452 -0.3864 0.2752
1.7168 0.3070 0.2016
2.0605 -0.0355 0.3474
2.4098 0.4127 -0.3758
1.4401 0.5260 -0.3826
1.4820 -0.5362 -0.0270
1.9710 0.0832 0.4839
1.9906 -0.1999 -0.2532
1.9864 -0.0364 -0.0434
1.7767 -0.7465 0.5076
1.9394 0.0170 0.0785
2.1456 -0.2414 -0.1275
2.0971 0.2403 0.3760
1.5027 0.2406 -0.2902
1.9752 0.0089 -0.1183
1.5036 0.7171 0.1495
1.6332 0.1058 -0.2845
1.9953 -0.3616 0.2715
2.1103 0.1172 1.0787
2.1409 -0.0903 0.2814
