-0.5120 0.0057
-0.0789 0.3999
-0.0157 0.0892
0.1209 0.0994
-0.1058 0.0405
-0.6121 0.6096
-0.4497 0.1464
-0.7197 0.5817
-0.6021 0.0707
0.1034 -0.0360
-0.5677 0.5338
0.1460 0.2913
-0.3452 -0.3293
0.3853 -0.0904
0.1451 -0.6212
-0.4131 0.1124
0.1252 -0.8744
-0.2163 -0.1667
0.5997 0.3430
0.1108 0.1813
-0.0173 -0.2963
-0.3176 0.2328
-0.0270 0.0471
-0.0633 0.1150
-0.2948 -0.4305
-0.0734 -0.1309
0.3227 -0.5513
0.2592 -0.2810
-0.5568 0.6579
-0.3799 0.0727
0.7101 -0.1329
0.6500 0.6391
-0.8097 -0.2807
-0.4500 0.4006
0.7623 -0.2687
0.8957 0.3249
-0.2242 0.0013
-0.5824 -0.0508
-0.0237 -0.2194
-0.7580 -0.4223
-0.0981 -0.0469
0.2756 0.3322
-0.1730 -0.0560
-0.1375 -0.1090
-0.0776 -0.2330
-0.2135 0.1639
0.0445 -0.2104
0.0300 0.2213
0.0071 0.0165
-0.1994 -0.5108
-0.3300 0.6441
0.3753 -0.7463
-0.1212 -0.4978
0.2902 -0.6606
0.0758 -0.7001
0.6326 0.6433
0.2839 -0.3180
0.0409 0.5943
-0.2433 0.0598
-0.0089 0.0025
0.9302 0.2562
-0.7538 -0.2960
0.4691 -0.0201
0.0696 0.0521
0.2877 -0.1761
-0.4806 0.8505
-0.3228 0.0425
0.3001 -0.5603
-0.4274 0.2250
-0.5809 0.4494
-0.2839 -0.2073
-0.0266 0.2622
-0.7868 -0.0267
0.1546 0.1843
0.0503 -0.0037
-0.2633 -0.1704
0.7249 -0.2259
-0.5331 0.1482
-0.0648 -0.3319
0.0762 -0.2027
-0.0233 -0.2345
0.5941 0.0314
-0.7244 -0.1469
0.0597 0.0983
-0.1770 -0.2122
0.1517 -0.6534
-0.2220 -0.3507
0.2704 0.4738
-0.1105 -0.3164
0.0123 0.0225
-0.0203 -0.0107
-0.6293 -0.4277
-0.8051 -0.4663
-0.5495 0.4882
0.1035 0.1801
-0.5170 0.1753
-0.5007 0.7464
0.1300 -0.3932
-0.0558 0.8948
-0.8141 -0.3805
3.3013 0.4880
3.0145 -0.0073
3.1797 0.9194
2.3884 0.4143
2.8224 -0.0937
2.9695 0.5493
2.9132 0.0150
2.8929 0.0496
2.8806 -0.5096
3.1237 0.0265
2.6981 0.4036
2.9568 -0.3898
3.3594 0.1146
2.3142 -0.1759
3.3354 0.5738
3.0001 0.0004
3.1605 0.2223
3.1613 -0.2410
2.6689 -0.1813
2.7685 0.0128
3.3394 0.1622
3.1803 -0.3256
3.7481 -0.0228
3.2680 -0.6601
3.4238 -0.2845
3.4910 -0.5245
3.3019 0.8702
3.1339 0.5019
3.5961 -0.1685
2.9792 -0.0063
2.9425 -0.0759
2.3460 0.0688
3.4275 0.3869
3.5478 0.5550
3.0725 0.0378
3.2117 -0.6666
3.1087 0.0816
2.8858 -0.0722
2.8959 -0.7896
2.7270 0.4475
2.8542 -0.3209
2.5083 0.6163
2.7164 -0.1876
3.9717 -0.0601
2.6660 0.4289
3.5238 -0.3709
3.6121 0.6141
2.7352 -0.5086
2.5277 -0.6779
2.7379 0.0190
3.1324 0.4673
3.3493 0.5108
3.6733 0.0259
2.2379 -0.2780
2.8822 0.1689
2.9562 -0.2409
2.7870 0.0247
2.8257 0.4812
3.1857 -0.5656
2.6898 -0.7686
2.5726 -0.5085
2.3197 0.1385
2.5899 0.3474
2.7702 -0.2094
2.2733 0.0624
3.2617 -0.6398
2.6204 0.1986
3.0092 -0.0023
2.0125 -0.0913
2.9784 0.1822
3.6195 -0.4305
2.7058 0.6984
3.0691 0.5612
3.3979 -0.1947
3.3836 -0.5673
2.8747 0.7526
3.9250 0.1965
3.0450 -0.4508
2.9783 0.8848
2.1521 -0.4271
3.1397 -0.2808
3.3932 -0.4263
3.2935 0.2507
3.3068 0.7408
3.4800 -0.3096
2.8990 -0.7914
3.0362 0.0134
3.0017 -0.0112
2.7976 -0.8945
2.9950 0.1158
3.9766 -0.1042
3.3347 -0.6272
3.0688 0.4765
2.1838 -0.2816
3.1911 -0.1162
2.5175 0.1046
3.7314 -0.4172
2.2749 -0.4688
2.4692 0.4281
2.5021 -0.0162
