-0.7430 1.6656 -0.3063
0.0289 0.0599 -0.1941
-0.1764 0.3628 -0.1938
-0.0734 0.2174 -0.0509
0.0256 -0.0179 1.0917
0.3267 -0.0180 -0.1243
0.0017 -0.2210 0.2435
-0.2122 0.2699 -0.2355
-0.1962 0.6584 0.0436
0.9516 -0.6283 -1.5512
0.2322 -0.5624 0.4428
0.0049 -0.0819 0.2184
-0.1992 -0.0947 0.1716
-0.0123 0.0216 -0.0547
-0.0364 0.0560 -0.1139
3.3433 -0.1525 -0.2029
3.7895 0.0864 -0.5945
2.8062 -0.5423 0.2982
3.4953 -0.0455 -0.0400
3.2258 -0.2333 0.7747
3.6242 0.6524 0.7133
3.4542 0.2895 -0.3095
3.4912 -0.0184 0.0866
3.5126 -0.1577 -0.9079
3.0318 -0.6270 -0.3532
3.0222 -0.0627 -0.8180
3.4572 -0.0239 0.2004
3.4957 0.0439 0.4202
3.3722 0.0806 -0.1091
4.5133 -1.4880 1.8695
