-0.0106 -0.0444 -0.0984
-0.0467 0.1622 0.2394
0.0299 0.0217 -0.5792
-0.0924 0.0523 0.3166
0.2069 -0.5373 0.2433
0.1051 0.0490 -0.1405
0.0130 0.0790 0.1415
-0.7813 0.2498 -0.5305
-0.1058 -0.2548 -0.2828
-0.2035 -0.0950 0.3203
-0.0003 -0.0001 -0.2629
0.0640 -0.0362 0.4090
0.1314 0.2361 -0.8377
-0.2277 -0.1820 0.1244
0.0199 -0.0461 -0.2102
1.3070 -0.0502 -0.3831
1.9580 -0.0011 -0.1290
2.0412 -0.0068 -0.1763
2.0858 0.1680 -0.6757
2.2716 -0.0808 -0.2023
2.0823 0.0380 0.0677
1.6339 -0.6295 -0.0370
1.9881 -0.6049 0.7870
2.1989 0.2667 -1.1320
2.1146 0.0590 -0.8489
1.8782 -0.1284 -0.2027
2.2467 0.8174 0.4999
2.0096 -0.0518 -0.2189
2.4211 0.2452 -0.0479
1.3748 0.3064 -0.3969
