0.8728 -0.3976
1.4197 0.0530
0.3917 0.1912
-0.3633 0.4531
0.0349 -0.3570
-0.9175 -0.3404
-1.4897 0.4334
0.0114 0.2565
-0.1195 0.5970
0.7344 1.0706
-0.3890 -0.7914
0.4812 0.3441
1.4769 0.1635
-0.4353 0.6308
-0.4733 -0.6425
0.0537 0.1045
-0.0236 -0.9695
-0.5062 -0.0023
-0.5390 0.5882
0.0347 0.1437
-0.6658 0.3410
0.1906 0.3278
-0.5415 -0.3393
-0.6257 -0.7276
-0.1698 -0.6565
-0.3925 -0.5138
-0.2869 0.0552
0.0041 0.0029
-0.3600 0.4798
-0.5050 0.2144
-0.0696 -0.0325
-0.7705 -0.0364
0.0542 -0.1277
-0.0352 0.1061
0.5373 -0.7569
-0.1483 0.0396
-0.0792 0.3049
0.0928 -0.0812
0.4822 0.2789
-0.0847 -0.8323
