-0.2717 0.7391
0.0994 -1.8543
0.0718 -0.0182
0.5308 -0.6215
0.7964 0.4235
-0.7965 -0.0733
0.8807 -0.1538
-0.1827 0.3100
-0.0284 0.6720
-0.0952 -0.2795
0.4458 -0.1364
-0.0128 0.2160
0.0428 -0.0141
0.0865 0.6415
-0.0226 0.2027
0.6619 0.3578
-0.0815 -0.2149
0.3324 2.1218
-0.0136 0.0745
0.0064 -0.3888
-0.0975 -0.1333
-0.2748 0.3915
-0.4254 -0.5840
-0.9707 -0.5544
0.3823 -0.0744
0.1929 -0.0971
-0.1212 0.5144
-0.0676 -0.2873
1.1519 3.2076
0.3293 -0.5435
-0.2649 0.6810
0.1507 -0.8423
0.3901 0.0232
0.3068 -0.4668
-0.4222 0.0846
-0.3719 0.0816
0.9122 0.1529
-0.2123 0.0327
0.4257 -0.4654
-0.3961 0.1362
0.4546 -0.6516
0.0248 -0.1102
0.3632 0.2691
-0.1684 -0.4443
0.6392 0.2564
-3.1769 0.4697
0.0689 -0.0165
0.0170 0.1882
-0.2588 -0.6931
-0.4154 -0.7056
