0.1321 0.2094
0.0868 -0.0894
0.7192 0.2597
-0.0119 -0.0019
-0.0002 -0.0000
0.2455 0.4385
-0.1035 0.7810
-0.6455 2.4357
-0.0660 -0.6661
-0.0567 0.0634
0.4059 -0.8529
0.0772 -0.0752
0.3609 0.8589
-0.1184 -3.5763
-0.3442 0.3988
-0.8794 0.1599
0.1914 0.2623
-0.7086 0.0482
0.2767 0.8259
0.0234 0.8781
-0.3899 0.1155
-0.7306 -0.0567
0.0266 -0.2819
-0.2828 0.7592
-0.0965 -0.0062
-3.0850 0.0849
0.6345 0.4480
0.6383 0.4865
-0.4035 0.3419
0.0861 -0.6991
0.7981 0.2853
-0.2404 -0.8060
-0.4036 0.2846
-0.3946 -0.2090
-0.3498 0.5850
-0.4524 -0.3514
0.0126 0.0382
0.5596 -0.0559
0.5249 0.2677
1.5848 3.7177
-3.9784 -0.3567
0.0080 -0.0053
-0.1392 -0.1612
-0.0234 -0.0711
-2.9307 -1.1024
-0.3080 0.0112
-0.2544 0.3330
0.4762 0.4413
0.2816 -0.2120
0.2556 -0.0322
0.1975 0.1439
-0.6183 -0.4268
0.0997 0.0055
0.0001 -0.0002
0.0465 -0.0320
-0.2078 -0.4781
0.2248 0.4180
-0.1351 3.5691
0.1388 -0.0870
0.0773 0.7074
0.2747 0.3323
0.2832 -0.0594
-0.0695 -0.3393
0.3057 0.3968
0.6641 -0.1711
0.5982 0.5742
-0.2310 -0.1233
-0.0166 -0.0247
-0.1715 -0.1844
-0.0200 0.0015
0.6885 -0.3791
0.0019 -0.5657
0.6105 -1.7780
-0.7845 0.1758
1.9435 -0.6210
-0.1259 0.1310
0.1520 -0.6882
0.2696 0.2915
0.7568 -0.3773
0.0035 -0.0156
-0.8063 -0.4597
1.0437 0.1948
-0.6372 -0.4204
-0.4239 0.2656
-0.1969 0.2668
-0.5456 -0.7098
-0.1288 -0.5362
-3.9980 1.1627
0.0238 -0.0062
-0.1156 -0.9568
0.4839 0.7995
0.1211 0.6087
-0.4072 0.1050
-0.8581 2.2935
0.0523 -0.7192
0.2844 0.1440
-0.0005 -0.9914
1.2498 1.0637
-0.0036 -0.6426
-0.4397 -0.6933
-0.6377 0.2010
0.1359 0.2121
0.0000 0.0102
0.6633 -0.0575
-0.5534 0.2813
0.2222 0.1582
0.0076 -0.2650
0.0497 0.0985
-0.0591 -0.1027
0.0592 0.9904
-0.6860 0.1779
0.4462 -0.1652
-0.0902 0.3962
0.5714 0.5551
0.1604 -0.1045
0.2551 0.0944
0.3210 0.1168
0.3227 0.0141
0.0555 0.2985
1.3224 -0.9290
0.3246 -0.4581
-0.2671 0.2941
-0.0731 -0.3240
0.1080 -0.0429
-1.5151 -2.2135
0.0188 -0.2417
0.8145 -0.7063
0.2630 -0.1629
0.5671 -0.3196
0.5599 -0.0823
-0.7087 0.1046
-0.6469 3.5888
0.1027 -0.0413
-0.1747 -0.9062
0.0243 -0.1315
1.0238 0.3383
-0.2048 0.7169
-0.4147 -0.5720
-0.3757 0.2738
-0.7394 0.2142
0.0763 0.9407
-1.1882 -2.4744
0.8468 0.0101
-0.9698 -1.2701
0.7270 -0.6530
-0.0795 0.1029
-0.8863 -0.1084
-0.0439 0.0669
-0.7751 0.2996
0.5027 -0.0983
2.9308 2.8284
-0.8743 0.3557
-0.0663 0.1696
-1.8025 1.5165
-0.0198 0.3511
0.2274 -0.7778
-0.6698 0.1705
-0.0136 -0.2545
0.5769 -0.3396
0.5821 -0.7682
1.8621 0.3197
-2.2683 -0.6950
-0.1856 0.9003
-0.1996 -0.0714
0.2743 1.2059
-0.9479 -0.3114
0.3382 -0.9269
-0.5175 -0.6368
-0.0861 0.1596
0.0169 0.7989
0.2190 -0.2897
1.4764 -0.4912
-0.0512 -0.6411
1.7250 2.0268
0.2851 1.3365
0.0514 0.2867
-0.0584 -0.5624
0.3347 -0.2132
-0.1591 -0.6222
0.5421 -0.3387
0.2669 0.1327
-0.6182 0.4510
0.2273 0.7004
0.0002 0.0034
0.1648 -0.4285
0.1807 -0.9155
-0.4761 0.4680
-0.9588 0.1312
-0.5401 -0.2588
-0.4160 -0.7544
-0.0165 -0.1776
-0.3666 -0.3094
-0.7384 -0.4125
0.2711 0.7279
3.3159 -1.0739
-2.6509 1.8383
0.2992 2.0264
-0.3496 -0.5121
-0.0524 -0.0650
-0.2305 0.4206
0.1755 0.6093
0.0902 0.0629
-0.2708 -0.2050
0.3332 2.0842
0.1048 -0.1499
0.1453 -0.6075
-0.7982 -0.3221
0.4396 0.3753
0.2863 -0.2829
0.5601 -0.0601
2.3899 -2.3327
0.0038 -0.0039
-0.3051 0.1824
-0.0084 -0.0578
-0.2782 -0.3117
-0.4493 -0.0129
-0.8454 -0.1596
0.6029 0.5666
2.8977 -0.8994
0.1703 0.3714
-0.0241 0.8784
0.0411 -0.5826
-0.4722 -3.8657
-0.0701 0.0279
-0.0178 0.0117
-0.2695 -0.7186
-0.5271 -0.1180
0.2848 0.3602
-0.1015 0.1734
0.7417 -0.5503
-0.6454 0.6875
0.0093 0.0426
-0.1357 -0.1798
0.7684 0.0581
0.0269 0.0086
0.3579 0.0609
0.7898 -0.0752
0.1341 0.8647
0.7884 0.2177
-0.4047 0.2221
-0.1517 0.3642
-0.2647 0.0513
-0.8299 -0.2020
-0.7049 3.3628
-1.2169 0.7729
-0.4708 0.5694
0.4492 0.6108
0.1992 -0.3289
-0.3810 -0.1083
-0.2665 -0.1944
0.0575 0.0269
0.7940 3.7240
-0.0661 -0.1413
3.2932 0.2623
-2.1660 1.8253
-0.6388 0.3104
-0.0388 0.0409
0.6193 0.1698
0.8424 -0.2001
0.4407 0.7544
-0.5660 1.2496
0.1613 0.0099
-0.4948 0.8316
0.0269 0.0174
-0.3147 0.6324
0.5841 -0.3205
-0.5781 -4.1128
-0.7543 0.1132
-0.0228 -0.0720
0.0158 0.6810
1.9235 -0.0078
0.3057 -0.2476
-0.6539 -2.8111
0.9812 -1.4386
-0.3676 0.5652
-0.1150 -0.1928
-0.3307 -0.1370
0.4031 -0.1127
0.3965 -0.1938
-1.3116 3.6345
-0.6193 -0.1722
0.0017 0.0324
-0.6427 -0.5465
2.7863 -1.6633
-0.5012 -0.6978
0.9528 -0.2419
0.1526 0.1817
-0.1335 0.8292
0.1909 0.2411
0.0393 0.8794
0.7031 0.3922
0.2506 0.2659
0.0403 -0.5873
-0.2099 -0.7781
-0.0303 -0.0216
-0.1802 1.7498
-0.5830 -0.4370
-0.1521 -0.5092
-0.4351 -0.4584
-0.0267 -0.0311
1.2950 -2.7965
-0.0293 0.1367
-0.1311 0.7140
-0.0020 -0.2474
0.3005 -2.8152
0.6670 -2.3347
0.3289 -0.1715
-0.3406 -0.6676
0.2369 0.6302
-1.2790 2.3172
-0.2681 0.2842
-0.1797 -0.2392
-0.0529 0.0269
-3.3114 1.8199
0.5014 0.7711
0.6531 0.2259
-0.1250 -0.2767
-0.1705 0.1906
-0.3452 0.0180
0.2488 0.6540
0.3474 -0.5740
-0.4326 -0.1709
0.5044 -0.4945
0.5233 -0.3042
-0.4786 0.2727
0.4639 -0.1981
0.1149 -0.5892
-0.5739 0.3494
-0.4758 -0.3247
0.4275 0.3956
-0.1163 -0.0654
0.0573 -0.8278
0.2943 0.7579
-0.3104 0.2241
2.4929 -1.1537
0.3319 -0.4231
0.0832 -0.0358
-0.0761 -0.0466
0.6538 -0.5857
0.4742 0.1103
-0.3469 0.0345
-0.4601 -0.4602
0.3938 0.5126
0.2614 -0.2180
0.6171 0.1088
0.3370 -0.4390
3.0711 -0.6409
-0.3523 0.2385
0.1221 -0.1487
-0.3980 0.7992
0.0830 -0.0578
0.0365 0.0861
0.4450 0.8492
-0.7054 -0.4262
1.6033 2.4398
0.4222 -0.6937
-0.3727 -0.1534
-0.9040 0.2597
-0.4226 -0.2600
0.6375 0.6449
2.7873 -0.6810
1.7189 -1.7881
-0.0061 -0.0576
-0.0111 0.4345
-0.9736 0.1134
0.7529 -0.0292
-0.0120 0.0858
-0.3738 -1.1966
0.4381 -0.1257
-0.0136 -0.0048
-0.3225 0.1397
0.4643 0.1790
-0.5862 -0.3249
-0.1716 0.4324
-0.0031 0.0188
0.8176 0.2498
0.0434 0.4659
-0.1937 0.0564
0.4662 -0.6676
-0.2759 -0.4410
0.7454 -0.4430
0.7101 -0.8052
3.7909 -0.5898
-0.0691 -0.0877
3.1332 -0.1983
0.8525 -0.1875
-0.3374 0.4492
-0.6147 -0.3914
-0.4172 -0.3471
2.0014 1.4308
0.3905 -0.6476
-0.2011 -0.0230
0.2899 -0.3856
-0.2698 1.2092
-0.8300 -0.3464
-0.1071 0.3703
-0.6232 -0.7812
0.1654 0.1610
-0.6678 -0.1132
-0.3801 -0.1484
0.0644 -0.9328
0.4335 -0.0530
-0.6358 0.0551
-0.6044 0.5607
-0.2019 -0.2912
0.3713 -0.9314
0.7940 0.1762
-0.0984 0.4587
0.0420 -0.4082
0.3327 -0.0723
-0.3697 0.4013
0.0660 0.1011
0.0891 0.4138
-0.0643 0.3995
1.5741 0.2676
-0.1619 0.1722
0.7235 -0.3530
-0.4499 -0.1161
0.3571 -0.6617
0.7467 -0.4076
-0.4778 -0.6352
-2.2838 1.2415
0.4685 -0.3430
0.9121 0.1295
0.7784 0.4929
-0.0596 0.6400
-0.4314 0.4506
-0.1718 0.0345
-0.0514 -0.0282
0.6014 0.1008
-0.2562 0.1512
0.1178 -0.0241
0.1927 -0.0571
0.8769 -0.1771
-0.7253 0.2788
0.0329 -0.2048
-0.3243 -0.3283
0.1162 -0.0375
0.5347 -0.0680
-0.4710 -0.0937
0.3635 0.4141
-0.4968 0.1339
-0.1454 -0.1483
0.0123 -0.0116
0.6009 -0.7931
-0.8075 1.5575
0.0368 -0.3348
-1.3083 0.1755
0.6945 0.3103
-0.0233 0.0408
-0.5073 0.0674
-0.1871 0.2506
-0.7640 0.3637
-0.1870 -0.1638
0.4623 0.3732
4.1167 0.6655
-0.7753 0.5100
0.0116 -0.0195
-0.1707 -0.4239
0.1607 0.3443
-0.7967 -0.3128
0.0691 0.4774
0.5134 0.2021
0.4489 -0.3135
2.7457 0.4083
-1.3113 -0.7972
-0.0362 -0.2112
1.5872 0.4058
-0.5712 1.8534
-0.0879 -0.3328
-0.5473 0.5388
-0.1763 0.9583
0.0829 0.0588
0.0304 0.0948
-0.1834 -0.0228
-0.0505 0.1435
0.2650 0.2239
-0.0448 0.0201
0.6451 -0.3972
0.3597 0.5929
0.1976 -0.1402
0.2532 -0.0686
0.6147 -0.6921
0.0941 -0.1848
0.3499 0.3835
0.9113 -2.8824
-0.2061 0.4811
0.7106 -0.2525
0.4482 0.4635
-0.3864 0.0130
0.0055 0.8281
0.4125 -0.2425
-0.1469 -0.1650
-0.8135 0.0969
-0.2547 -0.3452
0.9055 -0.2357
-0.8166 -0.1466
-0.8364 0.0132
0.9224 0.0013
-0.6734 -0.6320
