-0.0465 0.6681
-0.0440 1.5978
-0.0350 -0.3015
-0.4711 0.1063
0.0778 0.1368
-0.1317 -0.5001
-0.2543 0.1659
0.1665 0.1880
0.0865 0.0813
-0.4893 -0.5717
-0.0299 -1.0177
0.0484 0.0284
-0.5223 0.4089
0.0944 0.4558
0.0907 -0.0541
-0.1628 -0.0238
0.2458 -0.9192
-0.5224 -0.8184
-0.2437 0.4356
0.4355 0.0650
0.3601 -1.6390
0.0620 0.4257
-1.5000 -0.6840
-0.1156 1.4191
0.2214 0.1913
-0.0085 -0.4995
-0.0971 0.0234
-0.2768 0.8356
-0.2389 0.3228
0.1140 -0.5338
0.1963 -0.1479
-0.1755 -0.3954
-0.0223 -0.5862
-0.0855 0.1353
0.7012 -0.1844
0.0553 -0.2084
1.1150 -0.0755
0.5628 -0.5178
0.4679 0.2355
0.1936 -0.8700
0.4326 0.6164
-0.5779 -1.0878
0.7106 -0.0005
0.2868 -0.1473
-0.1119 -0.0319
0.6272 -0.5977
0.2481 -0.5956
1.1538 0.1723
0.0831 -0.3613
0.3862 0.0243
2.4927 -0.0033
2.3335 -0.2299
3.0908 -0.0312
2.8952 -1.4776
2.5258 0.1122
2.5761 -0.6035
2.5350 -0.9969
2.5340 0.0356
2.1633 0.9347
2.2189 0.2622
2.1286 0.2722
1.4871 0.5026
2.3030 -0.8419
2.4402 0.2284
2.5169 -0.1580
2.5820 0.1424
2.4855 -0.3217
4.1084 0.0371
2.8260 -0.5687
2.1592 -0.0581
2.5135 0.8471
2.2053 -0.4683
2.5966 -0.2216
1.1513 0.7273
3.1885 0.2436
3.4056 0.0825
2.7947 0.6115
2.2440 0.2412
3.4233 -1.2341
2.2444 0.0379
2.5567 0.0314
2.3698 0.0640
1.3598 0.4434
2.4859 0.9287
3.1858 0.1090
2.9191 -0.4835
1.9086 -0.6355
2.4880 -0.2989
2.7426 -0.2200
1.9211 0.4262
2.6981 -0.2572
2.4452 0.9702
2.9975 0.3679
1.7194 0.5563
2.2408 0.0158
2.4603 -0.1410
2.5000 -0.0002
1.1460 0.5546
2.4961 -0.0013
3.0267 0.6109
