0.2150 0.2264 -0.5997
-0.4248 -0.7258 -0.2650
0.4784 0.3567 0.2145
-0.0600 0.0998 0.0052
0.0670 -0.0467 -0.9386
0.7881 0.4023 -0.2194
-0.6116 0.2816 -0.5092
0.0320 -0.0138 -0.0143
-0.1600 -0.0651 -0.5680
-0.2654 0.2563 -0.6128
-0.6853 -0.1604 0.2320
-0.1075 0.0381 -0.0394
0.1882 -0.0463 0.3527
0.0016 0.0128 -0.4029
-0.0077 -0.0364 -0.0506
-0.9443 0.0659 0.1220
0.0038 0.0060 -0.0086
-0.0510 -0.0730 0.0258
0.0215 -0.7422 -0.1725
0.0132 0.0555 0.0191
-0.0000 0.0037 0.0394
-0.5077 -0.1581 -0.7696
0.1131 0.2093 0.0168
-0.0047 0.0154 -0.0935
0.4375 0.0630 -0.3475
0.3399 -0.6292 0.3549
0.1232 -0.0499 0.3335
0.0410 0.0615 0.2601
-0.0541 0.1189 -0.1266
0.0340 -0.0330 -0.4243
-0.0098 0.1454 -0.8467
0.1592 -0.3488 -0.4004
0.3292 -0.1115 -0.3429
-0.0547 0.0181 0.1410
-0.0527 0.0060 -0.0658
-0.5094 -0.1429 0.8466
0.0113 0.0030 -0.3066
-0.6000 -0.0506 0.2008
-0.2822 0.0414 0.0016
0.0607 -0.0332 0.1748
-0.0243 -0.1924 0.3361
-0.0535 0.2106 0.8445
0.0101 0.1569 -0.0810
-0.6950 0.1582 0.0760
-0.0151 0.1075 0.0973
0.0867 0.0699 -0.2557
-0.4954 0.2689 0.1906
-0.0003 -0.0001 0.0006
-0.6397 0.3138 0.6126
-0.3495 -0.5203 -0.1856
4.0592 0.0112 -0.0544
4.2232 0.1992 -0.0896
3.8383 0.0272 -0.0244
3.6723 0.0592 -0.0199
4.3406 -0.3896 -0.7667
4.0125 0.0271 0.0507
4.0562 0.1460 -0.0487
4.2507 0.0463 0.0437
3.6537 -0.0117 0.0111
3.6491 -0.3182 0.1592
3.9073 0.0003 0.3028
4.1527 -0.1122 0.0889
3.4966 0.0906 -0.1682
4.0872 0.0346 0.3480
4.0527 0.1411 0.1639
4.1439 -0.1191 0.6130
3.5647 0.7217 -0.3817
3.8370 -0.2721 0.4026
3.7779 0.0141 0.1702
4.0004 0.0941 -0.2043
4.0183 -0.0116 0.0969
4.0589 -0.1735 0.0614
3.9766 0.0614 -0.2920
3.5439 0.6608 0.0809
4.2043 -0.0956 -0.3299
4.1082 -0.0409 -0.1509
4.1197 -0.3941 0.2337
3.6716 0.3183 0.7672
4.0512 -0.0207 -0.1046
3.8090 -0.1291 0.0108
3.2330 0.4658 -0.1667
3.9228 0.2484 -0.0191
4.1318 -0.0378 -0.3805
3.7861 -0.5108 0.8032
3.8325 -0.2405 0.1085
3.3231 0.2949 -0.0561
3.9214 0.1467 0.6051
3.6200 -0.1074 0.6633
3.9469 -0.1304 0.4906
4.0342 -0.0095 0.0778
3.9606 -0.0120 -0.0764
3.9695 -0.1045 0.2373
4.0403 -0.2201 0.1918
3.9438 -0.2259 -0.5213
4.1346 -0.0661 0.2566
4.2990 0.0229 0.1024
3.5431 0.1690 0.0081
4.4496 0.2498 -0.1690
3.7290 -0.9425 -0.1387
4.0926 -0.1418 -0.2300
