0.3103 0.1512
0.0160 0.0458
0.0314 -0.8085
-0.8668 0.3637
0.2217 -0.4333
-0.4960 1.0411
-0.5755 -0.2035
-0.0388 0.5575
0.5137 -0.0023
1.6708 -1.9859
0.4529 0.1958
-0.0245 0.3945
-0.0664 -0.2842
-0.3041 -0.3582
0.0342 -0.2378
0.0740 0.2368
0.6982 -0.3282
0.1031 -0.0101
-0.0029 0.0018
-0.0031 0.0069
0.4324 -0.8767
-0.4209 0.2599
0.8819 -0.0985
0.1023 0.4304
-0.7317 -1.6322
-0.0879 -0.1926
2.0457 -0.8062
0.5073 -0.2395
0.2900 -0.4044
0.3454 -0.7450
0.0904 0.0443
0.0607 2.2315
-0.3510 0.7261
-0.0283 -0.0078
-0.0705 0.1159
0.8910 -0.2551
0.1887 0.7989
0.6849 -1.6450
0.2558 0.0078
-0.0542 -0.0577
0.0872 0.8755
0.0161 -0.0322
-1.0786 1.3058
0.1116 -0.1176
0.1033 0.1797
0.9069 -0.2765
0.3453 -0.0997
0.5029 -0.2566
0.4781 -0.2706
-0.1905 0.2175
4.3391 0.2988
3.8789 0.0312
3.8375 0.7130
4.0585 0.7387
3.7171 0.1109
3.2061 0.4868
4.0242 -0.3561
4.6561 -0.3226
4.7625 -0.0895
4.1115 -1.8366
3.4739 -0.2497
3.9295 0.0457
4.7449 0.7712
3.8971 0.8082
4.0993 1.3797
4.4360 0.2219
4.5292 -0.1958
4.0815 -0.6610
3.7938 -0.1379
3.1516 0.2027
4.0351 0.0881
3.8519 -0.4877
4.5510 -0.7129
4.7849 -0.4191
4.6698 2.3897
4.2981 0.2403
3.2100 -0.2386
3.2994 -0.1023
3.9068 0.0229
3.6929 0.3720
4.2123 -0.0174
4.5619 0.1548
4.6284 -1.3920
2.6894 -2.1334
4.4718 0.4598
2.3496 -0.8365
4.6526 -0.3434
3.4196 -0.6917
3.7489 0.2318
3.6021 0.3947
3.3901 0.5464
3.6849 -0.4767
4.0871 0.1960
3.7400 0.7643
4.5022 0.3833
4.2555 0.9125
3.4489 -1.9118
3.6459 -0.6611
3.8247 0.1820
3.6377 -0.0901
