-0.5626 0.3945 -0.2197
0.0285 0.2126 -0.2944
-0.0012 0.0166 0.0128
-0.4259 -0.0952 -2.9954
0.1038 0.7418 -0.3936
-0.0295 -0.0412 -0.0711
-0.6744 0.0058 -0.2031
-0.0208 -0.0050 0.0048
-0.5105 0.1124 0.1238
0.1290 0.0491 -0.4896
0.3304 -0.4928 0.2559
0.0396 0.0170 -0.1170
-0.1803 -0.1093 0.0329
0.1575 0.0125 -0.7505
0.0003 0.4447 0.3422
-0.0179 -0.0044 0.2188
0.4224 -0.1386 0.1813
0.4684 0.1984 -0.6087
-0.1010 0.0232 0.0121
0.0891 0.0109 0.6501
-0.1412 -0.4309 -0.1943
0.2560 0.4400 0.5565
-0.1811 0.0133 -0.3246
-0.0793 0.6561 0.6613
-0.0565 -0.0199 0.1182
-0.1889 -0.1346 -0.3568
-0.0740 0.1490 -0.2027
0.4595 0.3884 1.7964
0.0210 0.0200 -0.7356
-0.2701 -0.8592 -0.0672
0.1954 -0.0169 -0.4521
0.0885 -0.0636 0.5170
-0.0007 -0.0039 -0.0101
0.0328 0.0191 0.1926
-0.4214 0.6530 -0.2521
0.0166 -0.0687 0.8672
-0.1275 0.1549 -0.7818
2.0894 -1.6415 -0.9970
-0.0661 -0.0943 -0.0143
0.6927 -0.7776 3.2808
1.8599 1.9289 1.4390
0.2679 0.2235 0.0964
0.1308 -0.0615 0.0436
0.1210 0.4631 0.6186
0.0021 0.0263 -0.9236
0.0842 -0.0439 -0.2917
0.1622 0.4307 0.1937
0.5582 -0.0468 -0.1771
-0.0893 -0.1782 -0.1417
0.3098 -0.0669 0.1622
