0.3234 0.0937
-0.2862 0.8256
0.5305 0.6720
-0.0901 0.1448
-0.1972 0.0784
-0.3660 0.4981
0.9061 -0.3353
0.5115 0.8488
0.4046 0.2552
0.0306 0.0551
0.1475 -0.2368
0.4940 -0.8640
0.1533 -0.8013
-0.8643 0.2035
-0.2289 0.2287
-0.0889 0.2468
0.3346 0.3017
0.0445 0.0377
0.1917 -0.0206
0.0350 0.6098
0.5839 0.6995
0.4540 0.8360
0.0602 -0.2744
0.5045 0.6861
-0.0070 -0.0347
5.5577 -0.7809
5.3042 0.2218
5.1496 0.2393
5.5346 -0.5589
3.3605 -3.4019
4.9805 -0.8287
4.7373 0.4121
4.9720 -0.0226
5.4599 0.3659
5.5013 -0.3427
4.9009 -0.0177
4.2171 0.5992
2.7093 -2.9110
5.2841 0.1857
5.2154 0.0556
4.5188 0.5749
4.7255 -0.3195
5.0454 0.0654
4.4181 0.4817
4.6208 -0.4983
5.0191 0.4157
5.2358 0.0855
5.2122 -0.8559
5.1865 -0.0430
4.3889 -0.6000
