0.6885 -0.5642 0.2438
-0.7644 0.3508 0.1372
0.6637 0.1557 0.3568
-0.2811 0.3572 -0.3678
0.7021 -0.1358 0.0153
-0.2263 -0.0827 0.0348
0.0885 0.1067 0.0566
-0.6209 -0.3238 -0.1796
0.2210 0.2531 0.5362
0.0607 0.1064 -0.1833
0.3213 0.1745 0.4586
0.0943 -0.0602 0.2453
-0.2760 -0.0354 0.6931
-0.4029 -0.4123 0.5691
0.0664 -0.0546 0.1943
-0.3506 -0.3695 -0.0359
-0.0153 -0.0127 0.0472
0.1605 -0.0312 0.2542
-0.1314 -0.0123 0.1277
-0.2657 0.1028 -0.4253
-1.5344 -0.5237 -0.4792
0.0051 -0.0026 0.1996
-0.5368 0.1204 -0.1408
-0.2516 0.0603 -0.1862
-0.3699 0.0156 -0.0690
0.0799 -0.1202 0.2816
-0.0083 -0.0005 -0.0026
-1.3429 -0.0892 -0.0153
0.7199 0.4001 -0.0180
0.0338 0.0142 -0.0460
0.0484 0.2309 -0.2806
-0.2551 0.4313 0.2194
-0.0983 0.1726 -0.1082
0.1998 -0.2727 -0.1927
-0.2684 -0.6703 -0.5426
-0.0265 -0.0439 0.0919
0.0779 -0.0310 0.4348
-0.0160 -0.2082 -0.1064
0.0287 -0.0305 0.0536
0.5207 -0.4950 -0.6368
