0.1450 0.1055 0.2939
-0.0628 -0.0137 -0.1232
-0.0544 0.0231 0.8233
0.3362 0.1508 0.6537
0.0074 -0.1222 -0.0033
0.1928 0.3758 -0.6104
-0.7736 0.2127 -0.3149
0.7019 0.1963 0.4521
0.3154 -0.7642 -0.3070
0.0023 0.0041 0.0357
0.0091 -0.0087 -0.0034
0.2511 0.1816 0.1888
-0.1454 0.2938 0.1968
0.0040 -0.0444 0.1099
0.1880 0.0177 -0.5553
0.4259 0.0657 -0.7521
-0.2529 0.0999 0.8364
0.0489 0.0057 0.7070
-0.1862 0.0872 -0.1961
-0.0937 -0.0362 -0.4329
-0.4429 0.0166 0.3398
-0.0032 0.2979 -0.4304
-0.0269 0.0348 0.3474
-0.0281 -0.0277 0.0058
-0.5116 -0.2508 -0.4463
-0.4189 -0.5600 0.2767
0.0098 0.6179 -0.3486
0.2883 -0.1283 0.1172
0.5424 -0.0041 0.6353
0.0810 0.2520 0.6151
-0.0798 -0.0123 -0.0497
-0.1060 0.0364 -0.1099
0.1263 0.2184 -0.3300
0.0660 0.0996 -0.0379
0.0663 -0.2586 0.2061
0.0726 0.0414 0.0883
-0.0661 0.2948 0.4810
-0.8192 0.1917 -0.4626
-0.0199 0.0375 -0.0036
0.0471 0.0114 -0.6641
0.4160 0.7912 -0.0958
-0.0504 0.1119 -0.2274
0.3764 -0.0364 0.3821
0.2766 0.2498 0.5918
-0.7443 0.4768 -0.3403
0.0940 -0.0005 -0.6825
-0.0043 -0.0211 0.0603
-0.3049 -0.1303 0.1235
-0.0582 -0.7699 -0.0284
0.0073 0.0173 0.2864
0.0223 -0.0150 -0.0263
-0.5489 0.1901 0.1444
-0.0745 0.0643 0.1342
0.1332 -0.4821 0.1220
0.0650 0.8630 0.0458
0.0275 -0.0972 0.3860
-0.2034 0.3196 0.7692
0.1343 -0.1931 0.7157
0.1562 -0.0779 0.6510
0.4517 0.1668 0.8409
-0.4764 -0.3461 0.0833
-0.1426 -0.0847 -0.2549
0.3214 -0.3807 0.3769
0.0016 -0.0173 0.4276
-0.0233 -0.0014 0.6952
0.0938 -0.7459 -0.1767
-0.0163 -0.3492 -0.2533
-0.0773 0.0352 -0.0081
0.1434 -0.1566 0.3442
0.0769 -0.0152 0.5183
-0.0665 -0.5956 -0.0050
-0.0562 -0.3056 -0.3077
-0.1840 0.6086 -0.6731
0.0337 0.0147 0.0396
0.1669 -0.4199 -0.0042
-0.2653 0.2895 -0.4003
0.0070 0.0002 0.0895
-0.2857 -0.1277 -0.0242
-0.0013 0.0075 0.6305
-0.1373 0.0830 0.4616
0.0080 0.1507 -0.7716
0.3009 0.0304 0.2732
-0.6795 -0.1128 -0.0750
0.5214 0.1485 -0.1046
0.0521 0.0419 -0.7445
-0.0575 0.0713 0.1984
-0.4797 0.7525 0.1270
0.1078 0.2195 0.8714
0.1115 -0.0355 -0.2538
0.0306 0.2120 0.7311
-0.0428 -0.5198 0.8314
-0.1858 -0.3787 0.8953
0.2042 0.1071 0.0770
-0.1918 -0.0549 -0.6194
-0.3938 0.4376 0.0140
-0.1131 0.0128 -0.1985
0.1557 -0.5642 0.0112
-0.0063 0.0847 -0.0892
0.0432 -0.0721 -0.6362
0.0811 0.1056 -0.5705
-0.0634 0.0339 0.6225
0.1145 -0.1916 0.0385
-0.1138 -0.2196 0.4127
0.1092 -0.0175 -0.0349
0.1226 -0.5804 -0.2699
-0.0662 -0.4624 -0.6938
-0.0441 -0.0331 0.1179
0.2969 -0.2210 0.7321
-0.0934 0.1567 -0.1988
0.3669 -0.4042 0.4740
-0.2035 -0.2383 -0.8768
0.0123 0.0748 -0.0042
0.0210 0.8106 -0.1096
0.0430 -0.0150 0.1060
0.1284 0.0474 0.2035
-0.2537 -0.2106 0.0618
0.2213 0.3017 0.7422
0.5034 -0.6526 0.4854
-0.0731 -0.2169 -0.7312
-0.0299 -0.0608 -0.4130
-0.0053 0.1251 -0.0738
0.5031 0.4543 0.1764
0.0005 0.0438 0.0681
-0.3373 0.9134 -0.0545
0.4444 0.5112 -0.0046
-0.3103 0.5358 -0.2731
-0.5932 0.5621 -0.2713
-0.1922 0.6227 -0.3540
0.3833 -0.3312 0.1103
-0.2637 0.1898 -0.2024
0.1517 0.1110 0.6153
-0.1840 0.1066 0.5167
-0.2201 -0.3574 -0.0890
-0.1090 -0.0816 0.3375
0.1409 -0.6643 -0.0042
-0.0815 -0.0465 0.2899
-0.3427 0.7296 0.0659
-0.0698 -0.0143 0.7450
0.0778 -0.0069 -0.0558
-0.3561 0.2115 -0.2975
0.0726 -0.0779 0.4255
-0.0094 -0.3716 -0.1161
-0.0719 0.1512 -0.1497
-0.7289 -0.5473 -0.3289
-0.0030 0.0607 0.4813
-0.0173 0.0057 0.0882
-0.6511 0.2522 -0.0494
-0.0234 0.0053 -0.0344
0.0274 -0.2058 -0.0542
0.3228 0.3200 0.1858
-0.1981 -0.1740 0.7962
0.0612 0.5784 0.2884
0.0985 0.0812 0.1707
-0.0365 -0.2913 0.2025
0.4560 0.1427 -0.4130
0.0791 -0.1843 -0.8699
-0.2314 0.2432 0.5076
0.1199 -0.5174 -0.2578
0.6173 0.6529 -0.1660
0.0293 0.0035 -0.1770
0.6010 0.0714 -0.4039
-0.1247 -0.1827 0.7185
0.0495 -0.3099 0.0567
-0.1002 -0.5496 0.7246
0.6194 -0.4711 0.0897
0.2210 -0.2088 0.3167
-0.3247 -0.0627 0.1739
0.0585 0.0563 0.2339
-0.2800 -0.0685 0.1073
-0.3604 0.0910 0.3979
0.0778 0.2141 -0.1693
-0.0799 -0.3764 -0.5710
-0.0366 -0.2497 -0.7920
0.7354 -0.5676 -0.1262
-0.1814 0.1325 0.7851
0.1234 0.0123 -0.2905
-0.3976 -0.3360 -0.5606
-0.1951 -0.1803 0.2088
-0.4284 -0.4774 -0.1285
0.0039 -0.0001 0.2471
0.5301 -0.0414 0.5388
0.1376 -0.5581 -0.5254
0.2071 0.0080 -0.2687
-0.3650 -0.3712 0.8013
0.0612 0.6686 0.0532
0.0091 0.0435 -0.0142
0.0429 -0.0302 0.7731
0.0958 0.3716 0.1761
-0.2055 0.1049 -0.3519
-0.2042 0.1176 0.3617
-0.2141 0.1530 -0.0868
-0.0785 -0.2237 -0.1650
-0.4299 -0.3055 0.1323
-0.0157 -0.0489 -0.1382
0.0054 0.1828 0.4779
0.0202 -0.1679 0.6334
0.3164 0.5164 -0.0927
0.7992 0.4649 -0.1409
-0.0821 0.1427 -0.2491
-0.6300 0.0126 0.6250
