0.0299 0.0385 -0.0426
-0.2867 0.2741 0.0720
0.4965 -0.0993 0.8229
-0.5585 0.4763 -2.3339
-0.1413 0.2893 0.7486
-0.1104 -0.0067 -0.0818
0.2180 0.0576 0.6263
-0.0158 -0.0312 0.1172
-0.3160 0.2920 0.0266
-0.7503 -0.1204 -0.1852
-0.3161 0.0467 0.2350
0.0007 0.0074 -0.0808
0.7122 0.4884 -0.2858
0.1025 -0.9644 0.1976
-0.3870 -0.0369 0.0941
0.0012 -0.0011 0.0509
-0.0246 -0.0360 0.3749
0.3410 0.5067 -0.0370
0.1385 -0.8385 0.4846
-0.6063 -0.2924 0.4042
-0.0684 -0.5304 1.1963
0.1077 -0.8771 -0.3563
0.0148 -0.1779 0.3492
-0.0750 -0.2347 -0.4630
0.9072 0.0001 -0.0480
0.6191 -1.2031 -2.3147
0.5698 0.0374 -0.2553
0.4846 0.5362 -0.2160
0.8650 0.2211 -0.4381
0.0219 -0.3284 -0.1695
-0.0405 -0.4119 0.0392
-0.7858 0.3098 -0.0160
-0.1360 -0.3737 -0.0391
0.0375 0.0711 0.1282
0.1107 -0.1372 -0.0916
0.0160 -0.0051 -0.2001
-0.0148 0.0147 -0.0169
-0.0043 0.0158 0.5201
0.4366 -0.0715 0.0531
0.4267 -0.1088 -0.2146
-0.5373 0.2157 0.4679
0.0179 -0.0006 0.3311
-0.0448 0.1367 0.6845
0.3171 0.1652 0.2236
0.0413 0.0313 0.0640
0.0047 -0.0037 0.0223
0.2244 -0.6747 -0.0221
0.0490 0.1614 0.7066
0.0177 0.1671 0.6795
0.4546 0.2848 0.6133
-0.3904 1.6471 0.2542
0.0941 0.0500 0.1066
0.0316 -0.1297 -0.7534
0.1813 -0.0619 -0.0714
0.0766 -0.0697 -0.0563
0.0051 0.0292 -0.1350
0.2139 0.0244 0.0422
0.0990 0.2167 -0.0334
0.0046 0.0023 0.0431
-0.1167 -0.0958 0.4725
-0.0984 0.1559 0.9226
-0.0383 -0.0643 -0.1138
0.3016 -0.2015 -0.0683
-0.0114 0.0159 0.0359
0.0270 -0.0560 0.0853
-0.0189 -0.2167 -0.7924
-0.0171 0.0417 0.2462
-0.6866 0.2259 0.4024
0.3070 0.6574 0.3003
-0.0411 0.0409 0.3679
-0.1137 0.2217 0.5200
0.2892 0.0820 -0.6641
0.1301 0.1937 -0.4358
-0.5758 -0.1931 0.5074
0.1307 -0.1146 0.2046
0.1299 0.0907 0.0489
-0.3573 -0.2334 -0.4353
0.3413 -0.2780 -0.1693
0.5175 -0.3376 0.1339
0.4176 -0.6365 -0.9062
-0.0093 0.0037 0.5807
0.5849 -0.2550 0.7095
0.0342 0.0038 -0.0792
0.6572 -0.0323 0.7068
-0.2636 0.9434 -0.1775
-0.8366 0.1226 1.1807
-0.7978 -0.2242 0.0374
-0.0363 0.1410 -0.9099
0.0132 -0.0008 0.0654
-0.4591 0.7955 0.1654
0.1041 -0.1848 -0.5161
0.0003 0.0019 0.1285
-0.1070 -0.0068 -0.3872
0.2176 -0.3820 0.4059
-0.0003 -0.0029 0.1435
0.0377 0.0990 -0.7112
0.0051 0.0861 -0.0405
0.5762 0.5989 0.0469
-0.0427 -0.0063 -0.1048
0.0363 0.0185 -0.2952
4.9205 0.0224 -0.0844
5.1358 -0.0070 -0.5215
4.9299 -0.0219 -0.0015
4.5014 -0.0322 -0.4327
4.6335 0.2984 0.0333
5.4186 0.2768 -0.3306
4.9273 0.7117 0.3277
5.2309 0.4459 0.7508
5.0206 0.0364 0.4461
5.1010 -0.1947 -0.1557
5.0137 -0.1648 -0.1208
4.8230 0.0015 0.3615
4.4402 0.5706 0.5609
5.0436 0.0336 0.1009
4.1895 0.0778 -0.0400
4.8905 0.1613 0.1011
4.8980 0.5370 0.6249
4.8302 -0.1285 0.2455
5.2309 0.5311 -0.0327
5.1393 0.2319 0.2515
4.3718 -0.2604 0.4183
5.0527 0.0632 -0.3222
4.8917 0.1607 -0.1524
4.7002 0.1482 -0.1080
5.5145 0.1881 0.7007
4.0531 0.0199 -0.2359
4.8328 0.0281 0.3263
5.2261 -0.1449 -0.2835
4.8183 -0.2328 -1.8978
4.9991 0.3277 -0.0237
4.9713 -0.1563 0.9042
4.5783 -0.3711 -0.1420
4.9677 0.0169 0.0462
5.1910 0.2919 0.3201
4.9343 -0.1755 -0.1800
5.0337 0.0481 0.9477
5.1240 -0.0059 0.0506
4.9114 0.0268 -0.5127
5.1327 0.0597 0.0143
5.0018 -0.0062 -0.4858
3.1973 -0.0768 0.9574
5.0091 -0.1512 -0.0732
4.5760 -0.8544 -0.6886
5.0445 -0.2734 0.1356
5.2229 0.1527 0.4461
4.9322 -0.0120 -0.2958
4.9854 0.0200 0.9604
5.1737 -0.0928 0.0698
5.0771 0.1510 -0.2823
4.7013 0.0160 0.0899
4.9436 -0.2370 -0.7132
5.0250 0.0516 0.1217
5.2050 -0.4451 -0.4531
5.0861 0.0402 -0.3585
4.7371 -0.2433 -0.2024
4.9729 0.0020 0.0623
5.0456 -0.1761 -0.0745
5.3563 0.0347 -0.3138
5.0326 -0.0694 0.1479
5.1434 -0.4806 -0.6781
5.3584 -0.0338 -0.3278
4.9186 0.1899 -0.5884
4.4135 0.2674 0.0293
4.0607 -0.0363 0.3325
4.4497 -0.2145 -0.1357
4.6370 -0.2042 -0.2839
5.0031 0.0481 -0.0015
5.0046 -0.0021 -0.0783
4.9903 -0.0708 0.4567
4.9366 -0.0432 0.1135
5.0352 0.0640 -0.0156
5.0006 -0.0472 0.0119
5.0069 -0.0058 -0.7606
3.7685 -1.5930 -2.0333
5.0156 -0.0042 -0.1338
4.9646 0.1400 0.1713
4.9931 0.0292 -0.1569
4.6891 -0.5311 0.3513
5.0013 0.0334 0.1588
5.0620 -0.0983 -0.9696
5.0159 0.0098 -0.0385
5.5615 -0.6138 0.3436
4.6519 0.0960 0.1258
5.2929 -0.1657 0.2169
5.0101 0.0177 -0.0077
5.1441 0.1788 -0.0061
4.7663 -0.1511 0.2724
4.6469 -0.0266 -0.5276
4.9413 -0.2235 -0.3110
4.8981 0.0218 -0.4515
4.9927 -0.1181 0.0597
4.4775 0.2167 -0.3793
4.8705 0.3060 -0.0104
4.9549 0.1279 -0.2799
5.0000 -0.0283 0.5231
4.9957 0.0180 0.3887
4.9999 -0.0039 0.2237
5.2796 -0.2637 0.3384
5.0078 0.4041 0.0740
5.0759 0.0519 0.2499
