4.965033234210892155e-01 -7.591855251437670260e-01
-5.065843439845013618e-02 -7.863702066267936885e-01
6.605971413217864852e-01 -5.799317574809036424e-01
-6.503807580627718465e-01 -1.598165056030839692e-01
2.747758318790966686e-02 5.782915319849543101e-01
5.915788734705468288e-01 1.997380258197894165e-01
-3.784204641102411476e-02 -3.462093110055587952e-01
-2.858105614505928038e-01 5.846339575972825386e-01
-1.947030783564905609e-02 3.033788391271619034e-01
8.413726289122279711e-01 3.434880618365673821e-01
9.350069974083344282e-03 3.007528347594125573e-01
-4.067922597314108657e-01 1.373211118448054713e-01
-7.258300143611127186e-01 4.848135659327036939e-01
-9.587752877363070469e-01 2.251045117046325539e-01
-8.568764798085189149e-02 6.399376620669550153e-02
-1.399040048856466656e-01 4.530784487697550045e-01
2.811013002386459347e-01 -4.632449470947308523e-02
-1.456183184475063341e-01 -4.095637500018927124e-01
4.382412114413184456e-01 7.356372665957939816e-01
-4.147664880597409093e-02 3.111841661947365445e-01
-3.361095837671871367e-01 -7.942703988198414333e-03
3.387867979706397636e-01 7.060070931294886165e-01
2.118919394591028127e-01 4.107854054341502081e-01
-4.247822584469921336e-01 -8.728308236928192798e-01
-4.152785266254353097e-02 -2.086433239748621826e-01
4.311380333679853405e-01 5.262619843543538956e-01
-2.667258225905486460e-02 -1.559940683276845874e-01
4.105537613888944892e-01 9.770552304248641962e-02
-1.009189303253290731e-01 -8.323131062424523607e-01
1.238135955100168155e-02 -6.683737540349967386e-03
2.516891769024307557e-01 2.625177733009040892e-01
-3.974681946469535432e-01 1.337306844437860520e-01
-3.637789271876945008e-01 -2.222684230245396408e-01
-3.358799342829251744e-01 -8.948439740813693977e-01
-1.608027478012148959e-01 -2.153934248963285114e-01
-3.967793750488133320e-01 -3.948945663178506371e-01
-2.586053382323076355e-01 3.081566527076618489e-01
1.162412021492872927e-01 -4.742761328864535386e-01
-2.069664613277222287e-01 1.869791900876218924e-02
2.258811310058600197e-01 -2.445688217272858067e-01
5.553469614958380651e-01 4.019502824373638039e-01
4.216593480406657379e-01 -3.315289345745754679e-02
-2.046262888142251490e-02 7.775165794628650928e-02
-6.246721876209514190e-02 1.804810475375726031e-01
-6.473066704636301072e-01 -9.659187331748636529e-02
4.281586281042217834e-01 -2.884246633184037734e-01
-9.152003185685239628e-02 -7.434958383837718399e-02
-1.734236663507655318e-01 -2.682163698083424030e-01
-1.340708912274667375e-01 -1.778619087141710409e-01
8.604212796807032548e-01 -2.659384370761868066e-01
2.192215286969916299e+00 3.827565368383368249e-01
2.399736602734071411e+00 -3.102762987085619720e-02
2.461115848324534561e+00 -5.055501231946549767e-01
1.773868916851647937e+00 8.422249106014956244e-02
2.701138860944882758e+00 2.830677641305197507e-03
2.034577249483127570e+00 2.623281763992312277e-01
1.945559640581766336e+00 2.226692668665451735e-01
2.074313204640488184e+00 1.587513429924788597e-02
2.435947705637572458e+00 -8.223245987448163374e-01
2.059066069123477671e+00 -1.195065335662536254e-01
1.863360207628875331e+00 2.962874088321552635e-01
1.532876387471187929e+00 2.238439096052594612e-01
2.181573757730355556e+00 4.816815347356069310e-01
1.597051269987453281e+00 -5.722442899670573402e-01
1.369486025788542394e+00 2.590070146167582910e-01
2.220377503933972818e+00 -2.350248474535482079e-01
2.538241010717329882e+00 -1.144935592093426213e-01
1.105467253968936081e+00 1.636454695692508010e-01
1.586576756144551847e+00 -3.863294884370140135e-04
1.793270158546570903e+00 -2.853294681698853030e-01
1.845527072104884869e+00 -8.682336603511114914e-01
1.601281948690456147e+00 -2.868392398721239522e-01
2.116158952306944396e+00 5.664711793517976934e-01
1.744470495468124271e+00 3.489292056198400188e-02
1.994974340077545705e+00 2.652532760788000599e-01
2.106158549777802591e+00 8.906599556424492359e-02
1.909067848760199970e+00 8.323741222060772327e-02
2.333704292355016641e+00 -8.481945180052583577e-01
2.960485417912471107e+00 -1.093000777604124923e-01
2.842059418542721261e+00 -6.482814500959646620e-02
1.241482730285014657e+00 2.093003437609910478e-01
1.976113243387043417e+00 -2.295747543978922042e-02
2.854523443196235188e+00 -1.313666472066180591e-01
1.962315204817895342e+00 4.639442321846473649e-02
2.364787995087278105e+00 -7.536296358196598044e-01
1.929157864042104098e+00 -3.640891932652202262e-02
1.745444601929575290e+00 2.761518251594788365e-01
2.140322472537910414e+00 1.489729328456014306e-03
1.857808088426876392e+00 4.828154333089984540e-01
2.029049064818002179e+00 5.442540573585050168e-03
1.570227199962958897e+00 -6.573426399700528222e-01
1.698179927447619697e+00 -6.263306651946637382e-01
1.934555590794661661e+00 -2.340454504980472583e-01
2.172393813396077178e+00 -4.027870152001661874e-01
2.472816555747471057e+00 6.546280756048479255e-01
1.943081675560439425e+00 -4.475284494010605130e-01
2.527404724667423608e+00 1.619789882478911147e-01
1.586812067817268357e+00 -5.091268872309975269e-01
1.964831910679951443e+00 -5.411457755299425854e-02
1.977282395841805540e+00 6.931913101193673543e-02
