0.0120 -0.0130 0.7081
-0.0153 0.2266 -0.1105
-0.1240 0.3537 0.1699
0.0289 -0.0101 0.0371
0.0122 -0.1095 0.2473
-0.0118 -0.0192 -0.6113
-0.1675 -0.0560 -0.2529
-0.3144 -0.4433 -0.4015
0.2546 -0.2990 -0.4832
-0.0862 0.0594 0.0084
-0.1578 0.6129 -0.2610
0.3167 0.3289 -0.0472
-0.2651 0.0204 0.8879
-0.2467 -0.5247 -0.4216
0.0300 -0.0480 -0.0988
0.1941 0.1267 -0.2727
0.0050 0.0077 -0.4801
0.2119 0.8517 -0.0705
-0.0103 -0.1816 -0.0847
-0.0569 -0.3119 -0.7727
0.0448 -0.0172 0.1408
0.1595 0.5442 0.3328
0.0839 -0.1343 -0.2218
0.2087 -0.3390 0.3009
-0.5631 0.5668 -0.2434
0.3398 0.4089 0.6864
0.3904 0.0227 0.8137
0.1514 -0.6658 -0.3260
0.5651 -0.6043 0.0106
-0.0026 -0.0023 -0.0123
-0.2652 0.1007 0.1196
0.2832 0.1930 0.4777
0.3907 -0.0238 -0.3990
-0.0256 -0.0150 -0.0889
-0.4836 -0.0057 -0.6688
0.0488 0.0729 -0.0499
0.6394 0.1227 0.3636
-0.0052 -0.0154 -0.5604
0.3424 -0.0589 0.4805
-0.0242 0.0076 -0.2677
0.0488 -0.0976 -0.4946
-0.7705 -0.4048 0.4039
-0.2147 0.0277 0.0724
-0.0083 -0.0089 -0.0080
0.0173 0.0015 0.1192
0.3491 -0.0404 -0.0433
0.1618 -0.2914 -0.7809
-0.0091 0.0317 0.0575
-0.4600 0.4071 0.1016
0.0053 -0.0065 0.0133
4.6792 -0.1041 -0.3079
4.4136 0.0727 0.6030
4.6477 0.3550 -0.7271
4.4725 -0.2185 -0.2460
5.1618 -0.2793 0.2557
4.6929 0.2034 -0.3188
4.5218 -0.0126 0.3984
4.6101 -0.1272 0.0945
4.9758 0.3931 -0.6866
4.6437 -0.0257 0.4138
4.5482 -0.7288 -0.4892
4.0821 -0.0340 0.2047
3.9224 -0.6412 -0.4538
4.5111 0.0571 -0.2264
4.3695 0.1782 -0.1528
4.3022 -0.5436 0.2284
4.3634 -0.3553 0.7035
3.5568 -0.0851 0.2167
4.5735 -0.0625 -0.4026
4.4892 -0.1940 0.4787
4.5152 0.0301 0.1234
3.8892 -0.0159 0.6509
4.5015 0.2280 -0.1137
4.5477 0.2709 -0.0376
4.3824 0.1325 -0.2305
4.5028 -0.0294 0.0454
4.5829 -0.3791 -0.7971
4.1282 -0.3132 -0.1760
4.7647 -0.1273 -0.8589
4.8823 0.0413 -0.7534
4.2533 0.3335 -0.1089
4.5161 0.0115 0.0242
4.6130 -0.0085 -0.7167
4.4777 -0.5699 -0.5637
4.7350 0.8830 -0.2670
4.5287 -0.1346 0.1022
4.5003 0.0060 -0.0342
4.6901 0.0223 0.2806
4.7836 0.3285 0.0381
4.0801 0.0688 -0.8944
5.0696 0.6506 -0.0758
4.3001 -0.0677 -0.1291
4.5506 -0.3864 -0.2110
3.6817 0.2133 0.1773
5.2000 0.3068 0.5652
4.2899 -0.0161 0.0376
3.8123 -0.0030 -0.3534
4.4983 0.0107 0.4483
4.5770 0.1057 0.0639
4.4840 -0.0944 -0.6950
