-0.2363 0.0539
-0.7153 -0.6301
-0.2138 0.0698
0.9423 -0.0200
-0.1993 0.0414
-0.5071 0.6347
0.0651 -0.1871
0.0525 0.0544
0.8272 0.5194
0.6628 -0.6163
-0.2794 -0.2359
0.4902 -0.6867
-0.0147 -0.0419
0.0803 0.1321
-0.2596 -1.1414
-0.9934 1.3353
-0.9063 -1.0478
0.3625 0.4422
0.5112 0.6715
-0.0821 0.0745
0.4726 0.6361
0.0741 0.0833
-0.4230 0.3352
0.6480 0.1836
-0.5418 -0.8435
0.1177 0.2444
-0.0408 -0.2638
0.0287 -0.3779
-0.1927 -0.4185
0.5409 0.2461
0.0769 0.0050
-0.3209 -0.1817
0.0234 -0.0040
-0.3361 0.3641
0.5511 0.8252
-0.4245 -0.1055
-0.5393 0.2992
0.2837 2.1401
-0.0854 0.2938
0.7004 -0.6658
0.3443 -0.1503
-0.2777 0.3806
0.1665 0.0204
-0.0879 -0.5553
0.7257 -0.2872
-0.1804 -0.2433
0.7680 0.1854
0.5421 -0.3237
0.0382 0.0854
0.1149 -0.5813
0.0944 0.5243
-0.0913 0.6658
-0.2415 0.1457
-0.5542 0.5294
0.0042 0.1828
-0.2968 -0.2306
1.4863 -0.1850
0.4266 0.2339
-0.2264 0.1344
-0.3446 0.2104
0.2320 0.0651
-0.0710 0.9359
-0.0892 0.0092
-0.6822 0.5856
0.0882 0.0847
0.0412 -0.0980
0.2133 -0.1565
0.5058 0.3707
-0.3422 -0.1801
-0.3547 -0.6343
0.1034 0.0317
0.6463 0.5461
0.2389 0.8550
1.3225 0.2087
-0.3578 0.3262
0.1474 0.7157
-0.2589 -0.1378
-0.0015 0.0023
-0.1770 0.2708
-0.0027 0.1206
-0.0469 0.3196
0.6415 0.8373
0.0310 0.2925
0.5082 0.5113
-0.0827 0.0209
0.5620 0.5483
-0.5471 0.0560
-0.0034 0.0764
0.5195 0.5258
1.6616 0.4357
-1.8612 1.1245
-0.2401 0.5806
0.7488 -0.2181
0.0332 0.1873
-0.0009 -0.0281
0.4595 0.0747
-0.7397 -0.0095
-0.2303 0.4910
-0.2624 -0.5846
0.3739 0.7932
