0.0746 0.4953
0.8259 0.1127
-0.6681 0.6701
0.0490 0.1510
-0.8532 -0.4326
0.1352 0.3476
0.3105 -0.7697
-0.1558 -0.4727
-0.1214 -0.3102
0.2681 -1.5419
0.1321 0.0391
-0.6691 -0.0367
-0.3088 -0.2301
0.2446 0.4339
-0.5375 -0.5194
0.2303 0.1686
0.5757 0.0381
-0.8112 0.1646
0.1285 -0.3155
-0.0758 -1.1330
-0.3757 0.9146
0.4449 0.5575
0.4106 0.0845
-0.2142 -0.9483
-0.0503 0.0457
0.7411 -1.3437
0.1571 0.2619
-0.3936 0.6315
0.3510 0.9095
-0.0806 0.3775
-0.5723 0.3238
-0.7868 -0.2003
-0.9143 -0.1240
-0.2975 -0.0842
0.7523 0.2673
0.4097 -0.2855
-0.1723 -0.4585
-0.0829 0.1008
-1.3338 -0.5558
0.4294 -0.0647
0.5421 1.3404
0.0782 -0.0653
0.0449 0.1545
-0.0861 0.4117
0.0071 -0.0561
-0.0940 0.9744
-0.0313 0.6800
-0.0645 -0.0011
-0.1561 -0.6351
-0.2794 0.6759
0.0927 0.0584
0.3276 0.4594
-0.4111 -1.0730
0.1192 0.3223
0.8784 0.0871
0.0400 -0.2770
0.8007 0.4276
-0.0757 0.3023
0.1036 -0.6847
-0.2549 0.5635
-0.6763 -0.2911
0.7843 -1.3458
0.0535 -0.1902
-0.4456 0.6450
0.2373 -0.6489
0.4650 -0.4983
0.0327 -0.0315
-0.6092 -0.7611
-0.1960 0.8587
-0.4052 -0.2282
-0.2877 0.7242
-0.2976 0.4975
0.2107 0.0883
0.3568 -0.1547
-0.1849 -0.0214
0.6119 -0.3538
0.2855 -0.0462
-0.4291 -0.1118
-0.1813 -0.1362
-1.2557 0.2884
-0.1318 0.0745
-0.2319 -0.0880
0.0188 0.2429
0.0704 -0.7417
0.8217 0.4904
-0.3547 0.4184
0.4950 -0.3770
0.0600 -0.0057
-0.2362 -0.0438
0.0598 0.1035
0.2640 0.1294
-0.1817 -1.5875
0.2412 -0.2636
-0.9318 0.5932
-0.0286 -0.0992
0.2044 0.0955
-0.5375 1.2696
-0.2253 -0.6771
0.4269 -0.2877
-0.1038 0.4276
2.6939 0.4003
2.1440 0.3733
2.6088 0.1277
2.6978 -0.8853
2.1179 -0.0015
2.2986 0.9332
2.1675 0.0604
2.3308 0.7363
3.4783 -0.9195
2.6133 -0.0445
2.9373 0.2876
2.8074 0.0774
3.0503 -0.0888
2.5318 0.0876
3.2401 -0.3037
2.1684 -0.3390
2.3154 -0.5725
2.5400 0.0212
2.4176 -0.0234
1.1572 0.6463
3.2735 -0.0146
2.5612 0.0183
2.5897 -0.2471
0.9125 0.3216
2.9126 -0.3843
1.9319 0.7511
2.2110 0.7507
2.4959 0.8016
3.3955 0.0065
2.5186 0.1122
2.5018 1.0865
2.6437 -0.1436
3.2739 0.2191
2.3512 -0.6889
2.7578 0.1774
2.6826 -0.3975
1.7912 0.1934
2.7759 0.0713
2.5972 -0.3920
2.8088 -0.2937
2.5241 -0.5988
2.3429 -0.1939
2.1999 -0.0437
2.7188 0.0903
2.2149 0.0002
2.7278 0.8694
2.5050 0.0016
2.7202 -0.4870
2.4866 -0.0018
2.7335 0.7945
2.8759 0.1807
2.2206 1.4828
2.2592 -0.8084
1.8825 0.7831
3.0120 0.0631
2.8989 -0.0471
2.0958 0.3267
2.3495 0.3773
1.9270 -0.1622
2.1699 0.1192
2.7300 0.8179
2.7888 0.0521
1.3453 -0.0732
3.4156 -0.2547
1.7677 0.0688
2.5979 0.2949
2.7909 -0.3159
1.9726 0.0374
2.8508 0.0945
1.9330 -0.5224
2.9065 -0.4364
2.1917 0.2444
2.4821 -0.0288
3.1049 0.5111
2.6921 0.5333
2.5272 0.3047
1.9493 -0.1282
2.6159 0.1052
2.5728 -0.3440
3.0026 0.2541
1.8424 0.7045
2.4640 -0.2340
3.2165 0.1908
2.5364 0.0970
2.5242 -0.0669
1.0152 0.3575
2.0615 -0.3645
2.6448 -0.9580
2.2115 -0.0644
2.5389 -0.1178
2.3439 -0.1169
2.6954 -1.5665
3.3326 -1.3888
2.5834 -0.2321
1.9533 -0.0910
2.3335 -0.7931
1.6967 0.5285
2.8720 0.1591
2.5457 0.0630
2.5978 0.0845
