-0.2602 0.8254 -0.0834
0.0623 0.1786 -0.3442
-0.4139 -0.1134 0.4606
0.0179 0.0269 -0.3748
0.7455 0.5388 0.3501
0.4269 0.5421 -0.2935
0.1365 0.0233 0.9364
0.0207 -0.0655 -0.4722
-0.1165 -0.0317 -0.5684
-0.7867 -1.0776 1.4796
0.6070 0.0930 -0.6128
0.1411 -0.3326 -0.4237
-0.1029 -0.0021 -0.1246
-0.0731 -0.3578 -0.1745
-0.2366 0.5845 -0.5378
-0.2429 0.2918 0.1098
-1.2618 -1.5211 -1.2697
0.0115 -0.0154 0.0037
-0.0371 -0.1900 0.3342
-0.3648 0.4628 0.0635
0.2763 0.3121 0.0913
-0.1662 0.0244 -0.4205
-0.1655 0.8826 -0.1837
-0.6833 -0.0068 -0.4731
-0.7009 -0.2851 0.4054
-0.0816 0.4686 -0.3324
0.0004 -0.0031 -0.0037
0.3543 -0.2152 -0.3850
-0.1593 0.5389 0.2306
-0.0493 0.0185 0.0502
-0.0002 -0.0333 0.1338
0.0077 0.2481 -0.0792
0.2924 -0.5302 -0.2582
-0.4376 1.0187 0.4818
-0.0542 0.1018 0.6552
-0.0669 -0.0243 0.3888
0.6158 -0.4037 0.6107
0.0421 0.0276 0.0188
-0.4062 -0.0808 -0.7863
0.1487 0.1339 -0.3586
0.0020 0.0050 -0.2890
0.0012 -0.0003 -0.2363
-0.0437 0.0869 -0.7124
-0.8355 -0.2673 0.1724
-0.0130 -0.0028 -0.0141
-0.1685 0.4887 0.7582
-0.2986 0.2028 -0.3624
0.7253 0.3191 -0.0616
-1.3900 -0.0797 -0.4439
-0.9144 -0.1745 -1.1552
