-0.1365 0.6659
0.4312 -0.8038
0.4579 -0.4797
-0.7738 -0.1032
-0.5915 1.2409
0.2786 -0.2446
-0.3178 -0.0478
0.0359 0.1093
0.3698 0.5644
-0.8302 0.0992
-0.4065 -0.6322
0.0194 -0.0173
0.3333 -0.3816
0.3148 0.1526
-0.3931 0.1101
-2.0023 -0.4153
0.4057 0.6553
-0.6460 -0.2229
-0.8123 0.1780
0.7116 -0.2055
3.4571 -0.2789
2.7825 -0.1617
2.8424 0.2835
2.0111 0.1231
3.0754 0.1063
3.3033 -0.0480
2.3383 -0.7401
3.3791 0.3352
3.4848 0.0847
2.4716 -0.1796
3.0380 -0.0058
2.8614 0.1944
3.0263 -0.0369
2.9200 0.1675
3.4291 -0.3060
3.3723 0.3538
2.6535 0.3211
2.5303 0.1617
2.4142 -0.5468
2.7009 0.2866
