-0.3511 -0.1631
0.1899 -0.2530
0.2778 -0.3370
-0.6242 -0.1274
0.8450 -0.3717
0.3999 0.6121
-0.1098 -0.1879
-1.1388 -0.6157
-0.5007 0.4475
0.5856 1.5534
-0.0243 -0.0788
0.0577 0.1387
-0.4498 -0.2930
0.0971 -0.3409
-0.2300 0.3227
0.2718 -0.3779
-0.1580 -0.0265
0.4481 0.5423
0.0335 0.0050
-0.9756 -0.0095
-1.6100 -0.0734
0.1871 -0.1556
0.0504 0.0200
-0.7778 0.6059
1.3332 0.5535
0.2867 -0.2466
0.0045 -0.0078
-0.4086 0.6286
0.4808 -1.3501
0.5176 0.3946
-0.3895 0.1519
-0.3548 -0.0695
-0.5315 0.9704
0.1678 0.0945
-0.2232 0.4231
0.0682 -0.0924
-0.2312 0.0517
-0.0563 0.1118
-0.6129 0.2955
-0.3293 0.2992
-0.5118 -0.4319
-0.5812 0.1748
0.1953 0.4828
0.0980 0.2073
-0.6816 -0.3006
0.9741 0.9538
0.0765 -0.1971
-0.3702 0.3396
0.0256 -1.0240
0.9991 -0.0334
-0.8495 -0.1756
0.0620 -0.2442
0.1300 -0.6457
-0.3306 0.0732
0.7741 0.5705
-0.0370 -0.5875
-0.0909 0.6177
-0.6305 -0.1947
0.8858 0.4342
0.9583 -1.2122
0.6623 0.1551
0.4586 -0.0403
0.0277 1.3665
0.6120 0.4164
0.2903 -0.2013
-0.6093 0.5677
-0.0879 0.2991
-0.4867 -1.2056
-0.9216 0.0876
-0.1829 0.4614
0.2498 0.6966
0.3573 0.3758
-0.8464 -0.2206
0.6153 0.4686
0.0937 -0.9734
-0.0940 -0.2247
0.9656 0.0390
0.8280 0.3262
-0.3283 0.0771
0.5495 -0.7041
0.2970 0.2443
-0.5761 0.5618
-0.3457 -0.3035
0.9687 0.6684
0.0561 -1.0096
-0.1040 0.2288
0.0154 -0.0043
-0.0004 0.6846
0.2294 -0.7720
1.4952 -0.0882
0.3792 -1.2456
-0.0051 -0.0406
-0.0067 -0.1188
-0.0334 0.1278
0.0853 0.1679
0.3840 0.5298
0.7981 -0.1438
-0.1669 0.4231
0.2159 0.3125
0.4423 -0.1453
-0.1140 -0.2596
0.0492 0.5507
1.3335 0.6716
0.1825 -0.9903
0.5250 0.2076
-0.4021 -0.0323
0.0074 -0.0025
-0.3285 0.2107
-0.4305 -0.4415
-0.0544 -0.1970
0.4668 0.1807
0.0407 0.0837
0.4614 0.6012
0.5071 -0.2530
0.0264 0.0244
0.0311 0.0976
0.1443 -0.4234
0.5675 0.2370
0.3356 -0.2884
-0.7879 -0.4948
0.6296 0.6381
0.0915 -0.6027
-1.1790 -0.8777
0.0487 0.0369
0.0970 0.0001
-0.4804 0.0276
-0.2418 -0.4442
-0.0025 0.4203
0.0274 0.0023
-0.0966 -0.4546
0.1614 0.8718
0.1687 0.1040
-0.0226 -0.1217
-0.1382 -0.1131
0.4430 -0.1330
-0.1564 0.2288
0.4139 -0.3310
0.5436 -0.7739
-0.0595 -0.3492
1.1593 -0.4282
-0.2759 -0.5543
0.6828 -0.5975
-0.0449 0.5280
-0.7906 0.7962
0.2953 -0.5647
-0.5727 1.1163
-0.4379 0.7194
-0.8448 0.0105
0.4850 0.4543
1.0994 -0.7524
-0.0981 -0.5872
0.0113 -0.0010
-0.4450 -0.4448
1.2507 0.4030
-0.7617 -0.0856
0.4358 0.5297
-0.5645 1.4982
-0.6127 -0.5770
0.5916 -0.5147
-0.2785 -0.0403
-0.7067 0.5853
-0.4782 -0.2094
-0.0180 0.0142
-0.0344 0.3772
0.0122 0.3747
-0.1641 -0.8082
-0.6588 -1.4078
0.2589 -0.9186
0.1545 -0.3159
0.0064 0.1225
-0.0553 0.5708
0.1448 -0.0565
0.2935 1.1468
0.0422 -0.1660
-0.7257 -0.6269
-0.5647 -0.1222
-0.1632 0.2227
-0.0352 -0.7311
-0.0030 0.0067
0.6455 -0.5263
0.1473 1.3136
-0.5320 0.4252
-0.2864 -0.1207
0.2727 0.0274
-0.5984 -0.2529
0.1062 -0.1793
-0.4477 -1.5541
0.3503 -0.2019
-0.3950 1.6178
0.3912 0.5806
-0.0309 -0.7454
-0.3161 -0.8286
0.1631 0.7869
-0.2372 -0.2153
-0.1833 -1.3562
0.4045 0.1733
0.2192 0.3816
-0.6570 0.2712
-0.0539 0.0420
-0.1795 0.8235
