-0.1743 0.0733 0.7368
0.0071 0.0072 0.0960
-0.0051 -0.1613 -0.1909
0.0157 -0.1522 0.1714
-0.0228 -0.3227 -0.1150
-0.2940 0.1228 -0.8265
-0.6938 -0.4003 0.0153
-0.4209 -0.1024 0.0172
-0.1635 0.0679 0.2027
0.0116 0.1169 -0.3155
-0.2798 0.9345 -1.5535
-0.2370 -0.2461 0.4374
2.0819 0.6194 -1.7127
-0.3892 -0.1427 -0.0480
0.4727 -0.1279 -0.1895
0.0547 0.1803 -0.3546
-0.0492 -0.0014 -0.0891
-0.0620 -0.0283 0.0444
0.1273 -0.0985 0.3045
-0.5781 0.6346 -0.4218
0.2138 -0.1945 0.9019
0.1935 -0.4588 -1.8712
2.0080 -0.6045 -1.3708
0.0119 -0.0023 0.0732
0.0240 -0.0136 -0.2698
0.2194 0.4296 -0.6669
-0.2022 -0.6127 0.4655
0.0822 0.0232 -0.0226
-0.0976 -0.0717 0.2417
0.1365 -0.1119 -0.3703
0.1699 0.5317 0.0079
0.1674 -0.2178 -0.8566
-0.0860 0.1136 0.0874
-0.0306 -0.0007 -0.0519
0.4719 0.8525 -0.1636
-0.5817 0.6586 0.1266
0.0625 -0.1173 -0.1066
-0.2103 -0.2316 -0.3755
0.0922 -0.7900 0.3023
-0.1955 0.1415 -0.3149
-0.0393 -0.1423 0.5857
0.0838 -0.0930 0.0007
-0.2251 -0.0743 0.6467
-0.7947 -0.4108 -0.0849
-0.0003 -0.0000 -0.0045
0.5199 -0.3367 -0.2825
-0.3862 0.2396 0.1795
-0.0051 -0.1117 -0.3491
0.1711 0.0630 0.8774
-0.1703 0.0447 0.1092
4.7353 -0.3729 -0.0668
4.0474 0.1750 0.1134
5.1812 0.5253 0.0373
4.0685 -0.0690 -0.8641
4.4989 0.0069 0.6170
5.1186 -0.9725 -2.1500
4.8221 -0.3442 -0.0470
4.5038 0.1577 -0.3998
4.5117 -0.0996 -0.0365
4.4689 0.0447 0.1650
4.5767 0.0547 -0.2049
4.5009 -0.0009 -0.0024
4.3218 0.0432 -0.2264
4.4777 -0.1633 -0.2814
5.1660 -0.0557 -0.0766
4.4749 0.1453 0.4419
4.1284 -0.0725 -0.3053
4.5213 0.2449 -0.0900
4.5779 -0.2796 -0.4020
4.4821 0.1635 -0.1616
4.7850 0.2404 0.8067
4.4456 0.0077 -0.4542
4.7262 -0.4481 -0.3981
4.2112 1.3193 1.7796
3.9557 -0.1221 0.4258
4.0157 0.5178 0.3621
4.5139 0.1759 0.2527
4.3091 0.7418 -0.1182
4.0049 0.8028 0.6232
4.1668 -0.4443 0.4289
4.2046 -0.3742 0.3282
4.8982 -0.2609 0.1964
4.1448 -0.4277 -0.0165
4.5402 0.1258 0.3564
4.6680 0.6352 0.6418
4.4990 -0.2727 -3.1294
4.3772 -0.1880 0.2892
4.4337 0.0200 0.3445
4.8191 -0.4651 -0.2897
4.4889 -0.0025 0.8810
5.2356 0.1209 0.7388
4.3807 -0.0005 0.6437
4.7328 -0.3165 -0.8648
4.2915 -0.0562 0.2165
4.5018 0.1783 -0.1564
4.5994 -0.0788 -0.3252
4.4766 0.1282 -0.2785
4.4627 0.0247 0.7777
4.7735 0.1633 -0.3670
6.3266 -1.0393 -0.2615
