-0.2899 -0.2712
0.0930 0.0393
-0.8058 0.0650
0.0962 -0.4703
-3.1060 -2.6562
-0.3750 -0.1146
0.3891 0.4509
0.2320 0.0759
-0.0965 -0.2335
0.0356 -0.0351
-0.3859 -0.0357
0.2062 -0.1133
-0.0620 -0.0148
0.2064 -0.3554
-0.0538 -0.3646
0.4826 -0.4443
0.1036 0.0098
0.6971 -0.4716
-0.0438 -0.0841
0.0521 -0.3398
0.3792 0.5783
0.1938 -0.1704
1.5990 -2.5272
-0.1167 -0.3761
-0.0474 -0.9152
-0.1875 0.3039
0.0955 -0.5842
2.2506 -0.6056
1.8077 -0.4488
-0.1491 -0.3255
-0.4449 0.6331
-0.0660 0.1590
0.6338 0.1393
-0.9659 0.1556
-0.1077 0.1896
-0.2799 0.6804
0.1921 0.1164
-0.7017 -0.0787
-0.1927 0.1506
-0.6380 -0.7627
0.4030 0.2490
-0.0285 -0.1907
0.5864 0.1812
0.0915 0.0643
0.6410 -0.2382
0.8058 -0.1366
0.0903 -0.3832
0.0404 0.2254
-0.1089 0.1830
-0.1991 -0.4344
-0.3791 0.0240
0.1779 0.0775
0.6005 0.5248
0.5234 0.2814
0.5342 0.2960
-0.5297 -0.3124
-0.1939 0.3014
-0.7390 0.1351
0.1907 0.2099
-0.4437 0.1433
0.7200 0.4503
-0.6881 0.1464
0.1799 -0.1923
-0.0687 -0.0119
-0.5459 0.7243
0.0000 0.0004
-0.0073 -0.9294
-0.0268 -0.1255
0.3272 0.1346
-0.2451 0.5900
0.2394 -0.1395
0.0673 -0.6260
-0.1516 0.5440
-0.9030 -0.2283
0.1925 0.7302
-0.3789 -0.4120
0.3302 -0.5054
0.0213 0.0737
-0.6237 0.4097
0.4155 -0.1378
-1.9187 1.2393
-0.6978 -0.0402
0.1864 0.4331
-0.8180 -0.2852
0.3864 -0.8314
-0.6325 0.1487
-0.5568 0.1412
0.7845 -0.0546
-0.1701 0.0533
-0.3820 0.1799
-0.2844 0.3270
-0.2424 0.5905
3.5480 -0.4346
-0.7995 0.1912
-0.8787 -1.5644
0.8069 0.4713
-0.0065 -0.0438
0.4107 -0.3350
0.4847 0.2038
-0.0839 -0.9538
0.0013 0.0006
0.3518 0.1256
-0.7857 -0.5703
3.0722 -2.7754
-0.3342 0.3445
-0.5317 -0.0674
0.2158 -0.8476
-0.6846 -2.9330
0.1384 -0.8954
0.0050 -0.4983
-0.0997 -0.3712
0.0029 0.0184
-0.4734 0.0527
-2.5308 2.4512
-1.5386 -1.0235
-0.4278 0.4076
-1.9092 -0.6679
-0.3005 -0.6845
-1.8472 -0.4559
-0.1380 -0.7014
-0.5234 0.6842
-0.0765 0.1246
0.0500 -0.0683
0.0994 0.3666
-0.9781 -0.1759
-0.4694 -0.0561
0.8464 0.1448
0.2558 0.1282
0.1231 0.3562
-0.0176 -0.4226
0.7637 0.3461
0.3987 -0.1972
-0.4531 -0.9943
-0.0132 3.2878
-0.3246 0.8508
-0.1004 -0.5760
2.2804 -0.1988
0.0783 -0.0356
0.0043 0.0142
-0.4479 -0.7631
0.1029 0.0706
-0.2051 -0.0860
-1.2134 -0.4932
0.0074 0.0191
-0.0477 0.5218
-0.4504 -0.2604
-0.1804 0.9585
1.1991 -0.1952
0.0007 -0.0113
0.4127 0.8370
0.7308 -0.0326
0.1042 -0.1394
-0.4044 0.2504
0.4160 0.8146
-0.2905 -0.4029
0.0949 0.2877
-0.1122 -0.0577
0.5443 -0.2009
0.6142 -0.5318
0.4371 0.3781
0.4506 0.3539
-0.7866 0.3284
-0.3785 0.4817
0.3990 0.4161
-0.0429 0.4463
-0.1205 -0.3245
0.0228 0.2420
-0.1162 0.6997
-0.6057 0.3721
0.0545 -0.1244
-0.4283 -0.4520
0.2473 -0.3058
-0.5877 0.3554
0.0576 -0.8146
2.8278 0.6242
-0.3029 0.6466
0.6065 -0.1261
0.2456 0.3939
-0.5649 -0.4939
0.3157 0.1111
0.0342 0.3484
0.3859 0.3991
-0.5280 -0.3862
-0.0670 -0.0102
-0.1749 -0.2371
-0.0288 0.0392
-0.2090 -0.0349
0.1113 0.1785
-0.1506 0.2704
-0.1707 0.3037
2.3303 0.4852
-0.0189 -0.0027
-0.0253 0.0020
-0.1264 0.6750
-0.8354 0.0092
-0.0006 -0.0024
0.0917 -0.1791
0.3784 -0.1395
0.5051 -0.3381
0.2363 0.2328
