-0.4108 -0.5259
-0.4486 -0.0993
-0.0044 0.1155
2.5615 0.2538
0.3344 0.1248
-0.3531 0.4221
0.3196 -0.1318
0.6533 -0.3820
0.0944 -0.6575
0.7444 -0.3893
-0.1977 -0.1366
-0.0815 -0.4465
-0.5113 0.8483
-0.6597 0.5098
-0.1501 -0.1535
-0.1397 0.1373
-1.2297 0.0699
-0.0430 0.7275
0.0316 -0.0379
-0.7008 0.5098
0.4001 0.2561
-0.2396 0.7766
0.1138 0.0123
0.9072 -0.3075
0.8450 -0.2131
0.5606 -0.6315
0.1579 -0.7872
-0.2707 -0.0878
-0.0592 -0.4025
-0.1020 0.2146
-0.9685 -0.2101
0.3692 -0.3033
-0.3138 -0.1200
-0.2523 -0.9155
-0.2538 0.1439
-0.5532 0.6827
0.1514 -0.1279
0.5607 1.2923
0.4795 -0.3429
0.1046 0.2078
-0.0225 0.5038
-0.3339 -0.2434
0.6954 -0.5122
0.0964 -0.1464
0.4488 -0.3460
0.0009 0.0087
-0.3243 0.1493
-0.0293 0.0225
0.0648 0.3055
-0.0065 0.0176
-0.6658 0.1246
0.4493 0.1546
0.4092 -0.1116
0.4059 0.2649
0.4444 -0.2919
0.2048 -0.6499
-0.1201 0.7231
-0.0706 0.0160
-0.0027 -0.3844
0.1991 -0.4966
-0.8781 -0.2169
0.5369 0.5993
-0.1711 -0.8462
0.2422 0.5629
-0.1000 -0.2340
-0.0205 0.0665
0.5329 -0.3248
-0.8302 -2.8067
0.1206 -0.7123
0.4530 -0.1655
-0.8683 -0.2321
0.0518 0.0465
1.8159 -0.1688
0.2938 -0.2894
-0.1819 -0.3129
0.2431 0.0014
-1.3676 -3.1759
0.3842 -1.2465
-0.5629 0.0224
0.1460 -0.1788
-0.2766 -0.0702
-1.8647 0.8071
0.3471 -0.5108
-0.0001 -0.0000
0.5774 0.5822
0.6785 -0.1121
0.4623 -0.0420
-0.7688 -0.0058
-0.0768 -0.3435
-0.3925 -0.8605
-1.4106 -0.7713
0.0013 -0.0037
-0.2728 0.4384
2.8393 -0.1759
-0.0582 0.0708
-0.0455 0.0674
0.1529 0.8922
0.6161 -0.4873
0.0056 0.0337
0.2827 -0.6420
