-0.1230 -0.3021 0.2554
1.2242 0.3209 0.3589
-0.0501 0.0536 0.4968
-0.2348 0.3989 -0.6891
0.2724 -0.6069 -0.6577
0.0096 -0.0037 -0.0423
0.0319 -0.3234 1.5735
-0.0160 0.3455 0.5715
0.0203 0.0168 0.3112
0.2492 -0.4535 -0.2087
-0.2378 -0.0350 -0.0719
-0.3773 -1.3493 -0.9095
0.6643 0.3531 0.1431
-0.6946 -0.0958 -0.2295
0.1921 0.0974 0.9230
-0.2441 -0.8750 -0.4755
0.1750 -0.0311 -0.6296
-0.1602 -0.0395 0.0068
-0.3929 0.5527 -0.4092
-0.0101 -0.0858 0.0242
-0.0023 -0.0799 0.2088
-0.1137 0.3085 -0.1103
0.2146 -0.1092 -0.0474
-0.6697 1.1495 -1.0393
0.0451 0.5771 -0.7703
0.1933 0.0643 0.1279
0.0233 -0.1605 0.1251
-0.2776 0.6020 0.0287
0.8241 0.2172 0.2649
0.7686 0.3697 0.3622
-0.0773 -0.2851 -0.2957
0.2092 -0.3022 0.4014
-0.3830 -0.6371 -0.4953
-0.4653 -0.4718 0.2788
-0.0688 -0.0275 -0.0006
-0.2978 0.1088 -1.1677
-0.1972 -0.0600 0.0987
-0.5279 0.2640 0.2613
-0.0966 0.0420 -0.1000
-0.5415 0.0378 0.4217
-0.2508 -0.4451 -0.4721
-0.0735 -0.1000 -0.0895
-0.0022 -0.0142 0.9135
-0.2463 0.5798 0.6153
-0.1100 -0.2700 -0.3162
-0.0062 0.0026 -0.0577
-0.0009 -0.0620 0.7110
-0.0206 -0.0081 -0.0035
0.2352 -0.0585 -0.1401
0.0881 -0.2340 -0.0118
-0.5301 0.5198 -0.4468
0.0037 0.0063 -0.3782
0.2829 0.1206 0.1950
-0.0591 0.2931 -0.8184
0.0657 0.1232 0.0273
-0.5994 0.7335 0.2238
0.0002 -0.2232 1.3887
-0.3343 0.8694 0.8166
-0.0447 -0.0559 -0.0724
0.3417 -0.1055 0.5223
-0.2842 0.2762 -0.7615
-0.1478 -0.1491 0.1036
0.0719 -0.8440 -0.3702
-0.0816 0.1694 -0.8943
0.0001 0.0015 -0.0018
0.3244 0.2983 -0.5309
-0.1125 -0.1905 0.0966
-0.6189 0.4830 0.3295
-0.0001 -0.0276 -0.3949
0.1303 -0.1672 0.5525
0.0585 0.1662 -0.1344
-0.8442 0.7629 1.0033
0.1188 0.8949 -0.0483
-0.0657 -0.0081 0.0340
1.4872 0.3290 0.1531
-0.0285 -0.2380 0.6942
-0.0202 -0.0244 0.0286
0.4339 -0.3419 0.3847
0.0137 -0.0536 0.0763
-0.2245 0.6489 1.2165
-0.8613 0.6894 0.5024
0.3969 0.2241 -0.7509
0.0138 0.0518 -0.0682
-0.4733 0.1385 0.7114
0.0250 0.0349 0.5887
0.0586 -0.2017 -0.3299
0.0962 -0.6253 -0.2553
-0.2250 -0.2018 0.6138
-0.4756 0.1759 -0.2556
-0.1464 0.1073 -0.3000
-0.5122 -0.4675 0.7357
-0.2076 0.0912 0.3748
0.1442 0.2010 0.0152
0.3796 1.5057 -0.0177
0.5191 0.0617 0.5541
-0.1090 -0.2097 -0.3315
-0.0103 0.0130 -0.0178
-0.1232 0.2718 -0.7355
-1.1225 0.5663 0.9014
-0.3929 -0.5422 0.3081
