-0.3243 -0.2548 -0.6730
0.1405 -0.0653 0.5462
-0.6038 0.1643 0.4771
0.2531 0.1217 0.5460
-0.0992 -0.1173 -0.8337
0.0917 0.0172 0.0176
0.1631 -0.0711 -0.8455
-0.0733 0.0274 -0.0738
-0.6523 0.3451 0.1590
0.0879 0.1219 0.2475
0.3868 0.4118 0.4804
0.0678 -0.0631 -0.1277
-0.8905 -0.1970 0.2270
-0.1363 0.8929 0.2947
0.6354 -0.3661 -0.3414
-0.3760 -0.1829 -0.2846
-0.0353 0.0066 0.0042
0.0278 0.0334 0.0596
-0.7307 -0.4993 0.2770
0.0519 0.0065 -0.3884
-0.0380 -0.0187 -0.1603
0.2405 0.0995 0.1084
-0.4205 -0.0742 -0.0011
-0.1235 0.0204 0.5985
0.0303 0.8697 -0.4655
1.6995 0.2452 -0.3602
2.6629 0.0703 -0.1168
1.7185 0.3751 0.4622
2.4425 -0.0749 -0.9267
2.4063 0.2696 -0.2929
2.2832 0.4024 0.8608
2.4623 -0.1221 0.3116
2.2640 -0.0429 -0.0599
2.4663 -0.0257 0.3516
2.4929 -0.0156 -0.3226
2.2260 -0.0918 0.4127
2.7892 0.3258 -0.7243
2.4161 -0.0521 -0.1125
2.6546 0.0739 0.3474
2.7893 -0.1184 -0.2134
2.3883 -0.0237 -0.1917
2.4919 -0.0569 0.1010
2.5256 -0.0823 -0.0663
2.5027 0.0969 0.3180
2.3778 0.1190 0.1886
2.6819 -0.5106 0.6061
1.7415 0.0598 -0.2216
2.7035 0.0960 -0.4378
2.4697 0.4013 -0.6037
1.9076 0.5585 0.0082
