0.2536 0.0305
-0.7733 0.5626
0.0448 -0.1179
0.3079 -0.5640
-0.0837 0.0968
-0.0386 -0.6993
0.0122 0.9993
0.6245 0.3821
-0.1725 0.1471
-0.5420 0.0173
-0.5829 0.2851
-0.1131 -0.1541
0.3317 0.1438
-0.1497 0.1130
-0.8112 0.7979
-0.0568 0.4680
0.1869 -0.9462
-0.1845 0.1873
0.4067 1.1217
-0.2258 0.1342
-0.3692 -0.3669
-1.0743 -0.5197
0.2608 0.0903
-0.0475 0.6950
0.6575 0.9729
-0.0351 -0.1142
-1.0749 -0.0874
0.0267 0.3353
-0.7204 0.1532
-0.1454 -0.1339
-0.0092 -0.0652
-0.7459 -0.8117
-0.1116 -0.0081
0.0454 -0.0031
0.5252 0.8474
0.7365 -0.1652
-0.6121 -0.0454
-0.1031 -0.1061
0.6476 -0.0779
-0.2351 -0.5758
