-0.1365 0.6659
0.4312 -0.8038
0.4579 -0.4797
-0.7738 -0.1032
-0.2740 0.5749
0.2786 -0.2446
-0.3178 -0.0478
0.0359 0.1093
0.3698 0.5644
-1.6798 0.2008
-0.4065 -0.6322
0.0194 -0.0173
0.3333 -0.3816
0.3148 0.1526
-1.1372 0.3185
-0.8531 -0.1769
0.4057 0.6553
-0.6460 -0.2229
-0.8123 0.1780
0.7116 -0.2055
3.4571 -0.2789
2.7825 -0.1617
1.9763 1.8418
2.0111 0.1231
3.0754 0.1063
3.3033 -0.0480
2.3383 -0.7401
3.3791 0.3352
4.4424 0.2519
2.4716 -0.1796
3.0380 -0.0058
2.8614 0.1944
3.0263 -0.0369
2.1829 1.7116
3.4291 -0.3060
4.5437 1.4668
2.6535 0.3211
2.5303 0.1617
2.4142 -0.5468
2.7009 0.2866
