0.5181 0.1178
-0.3062 0.1136
0.2103 -0.0586
-0.1280 -0.6275
-0.0797 0.0178
0.1348 0.1193
0.1798 0.2074
-0.5268 0.3386
0.6004 0.7306
-0.2098 0.1623
0.5262 0.3793
0.8406 0.5324
-0.5100 0.0266
-0.0055 -0.1129
0.7004 -0.2413
-0.6430 -0.5065
0.2530 0.7324
-0.1403 -0.4759
0.3508 -0.0585
-0.0400 -0.1112
-3.1307 0.2303
-0.4622 -0.4377
0.0453 -0.0069
-0.7207 -0.4952
-0.0405 -0.8073
0.0326 -0.1405
1.3640 -0.9398
0.7712 0.3505
0.1336 3.1483
-0.0711 0.8024
-0.0047 0.0234
0.6660 -0.3080
0.0092 -0.0058
-0.6463 0.3217
-0.3264 0.4758
-0.0776 -0.3466
0.0139 -0.0759
-0.6673 0.0337
-0.5901 0.4238
0.7509 0.0543
-0.2836 0.2207
-0.0797 -0.3242
0.1452 -0.0069
-0.2110 0.5257
-0.5731 -0.0648
-0.5323 -0.6312
-0.0946 -0.0300
0.7397 0.1515
0.0027 1.6503
-0.3952 0.1469
-0.0082 0.0449
0.1572 -0.5122
0.0071 0.0216
0.0198 -0.1443
0.4809 -0.2728
0.0365 -0.8725
-0.0720 0.3145
0.0878 0.0368
-0.9100 2.9930
-1.4152 -0.8015
-0.7685 0.3680
0.1059 -0.1794
-0.6623 -0.6365
-0.0128 -0.0156
-0.4422 0.5792
-0.2399 0.9672
0.0684 0.0688
-0.1486 0.4879
0.0472 0.1055
-4.1232 -0.6886
-0.0140 -0.0200
0.8486 0.0775
3.0615 2.6014
-0.1055 0.0657
0.5794 0.0807
0.0142 0.0668
-0.2126 -0.4023
0.0078 -0.0106
-0.0767 -0.2948
0.1995 -0.3646
-0.0323 -0.1772
-0.1655 0.1706
-0.0702 0.2388
0.0769 0.1547
-0.2257 -0.2651
-0.1440 -0.7087
-0.4705 -0.5390
0.0946 0.5874
0.2193 -0.8344
0.0301 -0.0230
-0.0828 -0.5480
-0.1634 0.1874
-0.3381 -0.1023
-0.3482 0.4282
0.8019 0.1846
-0.2033 -1.6635
0.3443 -0.5289
-0.1752 -0.0695
-0.5962 0.4920
-0.2854 0.9343
0.7999 0.2859
0.2302 -0.5098
-0.1159 0.0011
0.7744 0.1827
-0.4052 0.0608
-0.2462 -0.0219
-0.3272 0.6201
-0.1469 0.0089
1.2403 -1.7994
-0.0463 -0.3604
0.2093 0.7152
-0.1146 -0.5874
-0.2214 -0.5539
0.4771 -0.2771
-0.2087 -0.0039
-0.1360 -0.3186
-0.6474 -0.1402
0.5865 0.7143
0.2661 -0.0284
0.5205 -0.0893
-0.0311 -0.0221
0.0400 0.3616
0.0547 0.0035
-0.1612 -0.4008
0.3651 0.6955
-0.8178 0.3581
0.1434 0.5064
-0.0903 0.2117
0.0904 0.6485
-0.1727 0.4212
0.4315 -0.4397
0.5053 0.0046
0.5600 0.4335
-0.7920 0.4086
0.5417 0.3366
0.5672 -0.3226
-0.3078 0.1893
0.0067 0.0514
0.1092 0.3743
-0.7195 0.4742
0.0343 -0.2823
0.4719 -0.7987
-1.9523 3.4197
-0.0420 0.1825
-0.1995 -0.1985
0.5665 0.5796
0.1170 0.3526
-0.4119 -0.4401
0.1417 -0.6909
-0.0647 0.0862
0.3667 -0.1746
0.6752 0.4997
-0.1204 -0.3374
-0.7388 -0.0445
0.2061 0.1985
0.2699 -0.4668
-1.3529 0.7314
-0.0504 0.6487
-0.3926 0.7495
0.3394 0.8904
0.4168 0.7076
0.3823 0.0110
0.0443 -0.1754
0.3506 0.6212
-0.4412 -2.9272
0.6983 0.5853
-0.2006 0.3877
-0.4933 -0.6466
0.0591 0.0358
-0.2722 -0.5132
0.3648 -0.4295
0.0161 -0.3342
-0.8045 -1.0429
0.0361 0.0242
-0.0546 -0.0540
0.2349 -0.2306
-0.4276 0.4671
-0.0013 0.0017
0.0804 -0.0967
1.0683 0.0504
0.7265 3.8230
0.1275 0.1615
-0.6919 0.5317
-0.5983 -0.3457
0.5305 0.6489
-0.0273 -0.0046
-0.1607 -0.2874
0.0751 -0.0016
-0.4155 -0.0543
0.6500 0.4910
-0.2678 -0.1247
0.5901 0.3220
1.3645 2.1209
0.3762 0.4700
0.1478 -0.0654
-0.8466 4.0873
-0.3628 -0.1365
0.4411 0.4413
0.8682 -0.4844
-0.6724 0.0676
-0.0029 0.0226
-0.0193 0.0119
0.8907 -2.1618
-0.6671 -0.4491
0.0857 0.4394
0.1652 -0.1462
-0.1556 0.0043
0.8346 -0.0435
-0.6463 0.1664
-0.2684 0.7830
-0.2600 0.2802
-0.2766 0.7433
-0.4408 0.0299
-0.7029 -0.5363
0.7547 0.3822
-0.3981 0.3012
0.3082 0.8781
0.1392 0.0416
-0.0232 0.0110
0.0848 0.0351
-0.5761 -0.0272
-0.8434 -0.0682
-0.4230 -0.3610
-0.6045 0.3357
0.3704 0.0214
2.2298 2.3893
-0.0144 -0.1789
-0.3816 -0.4312
-1.4923 0.2722
-0.6827 0.0976
-0.1579 0.1116
0.9073 -0.0651
-0.2249 0.2382
0.3029 -0.1124
-0.0293 -0.5397
-0.1486 0.3493
0.5390 -0.1360
0.3198 0.7812
-0.2355 -0.5310
-0.8758 -0.2045
-0.6835 0.0337
-0.3798 0.0529
-0.7495 -1.4338
-0.6520 -0.0752
0.1359 0.5721
-0.4125 0.2410
-0.7313 0.3055
-0.0455 0.0901
-0.7074 -0.0417
-0.2742 0.1410
4.4001 0.7802
4.7627 -0.3862
4.4388 -0.3018
4.9073 -0.8523
5.5938 -0.1489
4.8898 -0.4911
4.6337 -0.3579
5.2040 -0.2437
4.4100 -0.0142
5.8666 -0.3206
4.4177 -0.3769
4.8064 -0.1676
4.4039 -0.1262
4.5908 0.1000
5.5107 0.1461
5.8026 -0.3581
2.4563 -1.0981
5.1520 -0.6221
4.9620 0.2271
4.5509 -0.4362
4.5634 0.1849
5.2595 -0.2764
4.3519 0.4370
5.4590 -3.4433
5.5468 0.3088
5.4136 -0.0600
5.0571 0.1256
5.4927 0.2499
3.5056 -0.6342
4.6963 0.6511
5.3338 0.4739
5.0774 0.7134
4.8766 -0.2972
5.6006 -0.8351
4.9793 -0.8934
4.9076 0.4729
5.3460 0.3497
4.7244 -0.9520
4.6976 -0.8214
4.6368 0.2408
5.1007 -0.5282
4.8606 -0.2813
5.6161 -2.5162
5.2809 -0.9317
5.0119 0.0282
4.8904 0.6541
4.4299 -0.5464
4.8415 0.8768
4.9893 -0.1140
4.3251 -0.3342
4.6269 -1.8256
4.9137 0.1996
4.3291 -0.0447
4.6533 0.6510
5.0809 -0.0060
5.2311 0.2611
4.6695 -0.1441
5.4372 -0.0236
5.0763 -0.0502
5.7960 -1.9349
4.4378 0.6944
5.4535 0.1793
5.1668 -0.1952
5.2989 -0.2056
5.1126 0.7542
4.9853 0.1002
3.7685 2.5786
5.0044 0.0395
4.5046 -2.4661
1.9677 0.5979
5.6725 0.2761
4.9524 -0.0059
5.0364 -0.1790
4.6573 0.3566
5.6154 -0.3891
5.1228 0.0952
5.3649 0.3288
4.8521 0.4537
5.4921 -0.1957
5.2763 -0.3338
4.1308 0.6774
4.8515 0.2307
5.2970 0.2275
5.0132 -0.0416
4.4331 0.4293
7.3091 0.7092
5.2949 -0.0966
4.8609 0.2965
5.3813 0.2948
6.2972 0.0003
4.2922 0.2975
5.4798 -0.2823
4.3919 0.5243
5.1631 0.2582
5.1272 0.6970
4.3855 0.1431
5.1647 0.2928
5.0996 -0.0182
4.9002 0.9300
5.4871 -0.8700
4.9918 0.4253
5.3494 -0.3480
5.0314 -0.3171
5.7871 -0.5924
4.9845 -0.0244
4.5673 0.1822
5.2934 -0.3928
5.3795 0.7304
4.7872 0.4604
4.5582 -0.0200
5.2934 0.7568
5.1802 0.4007
5.0407 -0.0960
4.8970 -0.0967
5.1723 0.5605
5.3788 -0.2577
5.0734 -0.0312
4.4808 -0.2947
5.1453 0.1273
5.7755 -1.2957
4.6184 -0.3306
5.1467 0.0680
5.0108 0.0502
5.3215 0.0614
5.8306 -0.2068
4.5729 -0.3825
5.1463 -0.0184
4.7104 0.3930
5.3849 -0.8067
4.7033 2.4507
7.6102 1.4738
5.5780 -0.5880
5.2114 -0.0825
4.8493 0.6339
4.5171 0.5485
5.4116 -0.0263
4.9177 -0.9312
7.0616 -1.6164
5.2715 0.3242
4.3857 -0.0127
4.5349 0.5646
4.3868 -0.7414
4.7785 0.0947
5.1218 0.3828
4.5429 -0.4813
5.2790 -0.4817
5.4942 0.1794
5.9430 2.8452
2.7215 -1.9917
4.3834 0.6976
5.9234 3.3082
5.2753 3.0220
4.7585 0.4370
4.9713 -0.0131
4.6354 -0.1065
5.0324 -0.2469
4.8987 -0.3679
4.3989 0.7968
4.4886 0.1484
3.7236 -1.6473
4.7698 0.6657
5.3568 0.5964
4.8325 0.4222
5.1132 0.1728
4.3230 -0.2376
5.1187 -0.8166
0.9016 -0.3866
4.7344 -0.5715
5.4756 -0.3417
5.0319 0.5661
5.3371 0.2376
5.0682 -0.0709
4.8679 0.8376
5.5835 -0.0957
5.4690 0.6429
5.2344 -0.7831
5.3501 0.2676
5.2387 0.1298
4.8007 -0.1132
4.8949 0.5658
8.2150 -1.0820
4.9847 -0.4199
5.1021 -0.2011
4.7657 0.4102
4.7353 0.4453
5.1967 0.3285
2.5807 -2.4013
4.8698 0.4073
5.7998 0.5183
5.0526 0.5499
4.4379 -0.4562
5.1331 0.0340
5.0866 -0.0415
4.9133 0.4984
4.9833 -0.1362
4.6667 0.7378
5.1753 -0.5425
5.0093 0.2323
4.8079 -0.5214
4.9864 -0.0540
4.9155 0.0708
5.3518 -0.3075
4.7374 0.0500
5.8078 -0.0277
4.8424 -0.4088
5.0250 0.6884
6.5045 -0.5714
4.2305 0.3841
5.6437 0.6964
4.7416 -0.5468
5.3173 -0.3720
5.0246 -0.0083
4.3154 0.4635
5.7531 0.2957
5.7565 0.6498
4.4337 0.6921
4.5435 0.5088
5.3246 -0.3940
5.1007 0.1460
5.8859 0.2829
5.4714 -0.0719
8.2183 0.0358
6.5845 0.8398
5.0215 0.4520
4.7203 0.4492
4.8351 0.2306
4.8846 0.1124
4.9623 -0.0105
4.7790 0.4066
4.9396 0.3816
4.2848 -0.6120
4.8876 0.0572
4.8515 0.1228
5.6367 0.2966
5.0205 -0.5246
5.5665 -0.6903
4.7143 0.1610
5.5503 -0.2556
4.9547 -0.1634
5.2934 -0.5408
5.6786 0.2190
4.9425 0.1865
5.5725 0.2335
4.3938 -0.0243
5.5413 0.0009
5.0530 -0.4856
4.6793 -0.3964
5.3859 -0.0651
4.9932 0.0167
4.8748 0.5915
