-0.0411 -0.1163 -0.2327
0.1728 0.1217 -0.9637
-0.1951 0.3614 -0.8624
-0.2132 0.0322 -0.1561
-0.0740 0.1827 -0.1081
-0.1940 0.5218 0.1337
-0.0623 0.0197 -0.3361
-0.1566 0.0077 -0.0912
-0.1540 -0.2963 0.0862
-0.0860 0.7122 0.6006
-0.3898 0.2189 0.4938
0.0063 -0.0022 -0.0010
-0.0329 0.0099 -0.9858
0.3151 -0.7034 0.4586
-0.1688 -0.1442 0.7906
0.0015 -0.0086 -0.1378
0.4664 -0.2171 -0.1112
0.1885 0.1001 -0.0313
-0.4404 -0.0075 0.7909
-0.3810 -0.2551 0.5347
0.3204 0.0595 0.6491
0.0447 -0.0654 0.0555
-0.4715 0.0666 -0.8140
-0.1641 0.0291 -0.2304
0.1064 -0.3147 -0.9354
-0.0192 0.3254 -0.4052
0.1658 0.2941 0.6249
-0.2236 0.0593 -0.2243
0.5134 -0.2732 -0.1503
0.0007 -0.0006 -0.0015
