0.2311 0.1539 -0.3686
0.0995 -0.1188 -0.4041
0.0894 0.1745 0.2446
0.5334 -0.2494 -0.6382
-0.1835 -0.0320 0.0799
-0.0150 0.0514 -0.4650
0.0597 -0.0239 0.1777
-0.0169 0.0545 -0.9500
0.1365 -0.2335 0.4746
-0.2591 -0.1494 -0.4196
0.0541 -0.0452 0.2289
-0.1003 -0.5214 -0.6218
0.0020 -0.0017 -0.0035
-0.1928 -0.0050 0.9719
0.6583 -0.6716 -0.1067
-0.1995 -0.7783 0.0287
0.0334 0.0005 -0.0157
0.1754 -0.2836 0.1703
0.4451 -0.1750 0.4326
-0.0380 0.0151 0.0096
-0.3249 -0.2290 0.5630
-0.6145 -0.4566 -0.3660
-0.5450 0.7577 0.1709
0.0923 0.4720 0.8275
0.1385 0.2720 -0.7372
-0.1730 -0.3799 0.0616
-0.4158 0.2469 0.2655
-0.3215 0.0500 0.6190
-0.0609 0.0138 -0.8913
-0.2933 -0.1794 0.5977
0.0153 0.0018 0.0087
-0.1741 0.5056 0.6104
-0.0690 -0.0610 -0.6776
0.1687 -0.1339 0.1940
0.3476 -0.1688 0.6772
-0.1776 0.7549 0.0613
0.6541 0.0386 0.2240
-0.0467 0.0118 -0.1112
0.3463 0.0926 -0.1752
-0.1419 -0.0107 0.1683
0.3849 0.2588 -0.0793
0.0186 0.6181 -0.4403
0.1242 0.2190 -0.3392
-0.1292 0.4464 -0.8708
0.0163 -0.0893 0.3100
-0.0728 0.7831 0.5435
0.0741 -0.1443 0.1308
0.0185 0.0962 -0.1676
0.0726 0.0786 0.1566
0.0974 -0.0453 -0.7779
4.3767 -0.1451 -0.0366
3.7394 -0.1170 0.6191
3.9146 -0.3142 0.0457
4.5162 0.1816 -0.3290
4.4093 -0.0173 -0.3089
4.1954 0.0289 -0.0587
4.7106 0.3056 0.3740
4.5098 0.1019 -0.3226
4.3976 0.0210 0.2634
4.9538 -0.5844 0.1317
4.4478 0.2148 -0.6925
4.5245 -0.0152 0.1913
4.7043 -0.3269 -0.6705
5.3486 0.1630 0.2341
4.2749 0.2156 0.8448
4.8228 0.4768 -0.3647
4.4466 -0.0128 0.6132
4.6689 -0.1751 0.6166
3.5666 0.0777 0.0134
5.0853 0.5804 0.5308
4.9177 -0.4126 0.3521
5.1157 -0.0962 0.7195
3.7346 -0.1832 0.0108
4.7886 0.3745 0.6801
4.5168 0.0374 -0.9615
4.7141 -0.0654 0.6164
4.7931 0.0476 0.2177
4.3805 -0.0072 -0.0706
4.0751 0.3456 0.3586
4.3309 0.1000 0.0646
4.5165 -0.0412 0.0310
4.4907 0.0215 -0.0327
4.7785 -0.2583 0.2485
3.7813 -0.1896 -0.1942
4.4819 0.2118 0.2194
4.5001 0.2376 0.3047
4.5535 0.0183 -0.5664
4.5102 -0.0217 -0.6921
4.4970 -0.1571 0.3928
4.5593 0.0802 0.7816
4.8017 -0.6507 -0.1588
4.4723 0.0177 0.1409
4.3618 0.3424 -0.5870
4.4908 -0.0090 0.0772
4.5080 -0.0384 -0.0113
4.1848 0.8564 -0.2309
4.1512 -0.0149 -0.2875
4.2428 -0.2189 0.5423
4.6216 0.0179 0.1361
4.3633 0.0542 -0.3263
