-0.1186 -0.0173 0.6996
0.0170 0.0038 0.1577
-0.1808 -0.2048 -0.0800
0.3950 0.2567 0.8294
-0.4015 -0.3846 0.5995
-0.6148 0.0562 -0.3329
-0.0375 -0.7803 -0.0078
-0.0516 -0.1373 -0.0482
-0.0631 0.0609 0.3548
0.0293 0.0221 -0.2359
-0.0072 -0.0313 -0.4243
-0.0190 0.7763 0.5435
-0.3177 0.4904 -0.5688
0.0755 -0.3608 -0.5792
-0.0002 0.0000 0.0008
0.7657 -0.0774 -0.4333
0.2153 0.1819 -0.9581
-0.1523 -0.7990 0.2538
0.3112 -0.7343 0.5505
0.0388 -0.3667 -0.1723
0.1694 -0.3991 -0.4008
0.0163 -0.0836 -0.9913
0.1073 -0.3524 0.6507
0.7689 0.4792 0.2497
0.0049 -0.0113 -0.1850
-0.0540 0.1079 0.1369
-0.5217 0.5701 -0.3835
0.0926 -0.3709 0.4682
-0.0960 0.0413 0.1377
-0.0015 0.0010 -0.2721
0.1099 -0.5079 0.6515
0.1123 0.4133 -0.7144
-0.0031 -0.0566 -0.1884
0.0454 0.0035 0.3140
0.3054 0.2025 0.2606
0.0928 0.0881 -0.1395
-0.6726 0.2114 -0.6277
-0.0970 -0.1986 0.8753
-0.2354 0.2845 -0.0467
0.1482 -0.5680 0.0730
-0.0175 -0.0235 -0.0562
-0.1730 0.6123 0.2879
0.6250 -0.0048 0.4658
0.0453 0.0507 -0.9798
0.2226 -0.2645 -0.4339
-0.0017 -0.0049 0.0015
0.0346 0.0035 0.8799
0.0791 -0.0841 -0.2218
-0.1021 0.1393 0.0074
0.0319 -0.1041 -0.0969
0.3777 0.4068 -0.5297
0.4757 0.4318 0.4446
-0.3108 0.4499 0.7273
0.0006 -0.4152 0.0632
0.1756 0.1649 -0.2645
-0.1511 0.1952 0.0534
0.1254 -0.3054 0.4718
0.0668 -0.0409 -0.0966
0.4578 -0.2779 -0.4113
-0.1162 -0.3561 -0.2151
-0.0100 0.0634 0.1094
-0.0555 0.1046 -0.2902
0.0294 0.3374 0.6415
0.6137 -0.3254 0.1055
-0.6132 0.3033 0.5756
-0.0943 -0.0820 0.2931
0.3595 -0.2238 0.3995
0.1306 -0.2619 -0.8174
0.0017 -0.0098 -0.0121
-0.0519 0.0168 0.1365
0.0387 -0.0565 -0.0840
0.4207 -0.6619 0.0809
-0.0093 -0.0704 0.4239
0.0413 -0.1043 0.5930
-0.0175 -0.0071 0.0310
-0.2899 0.0674 -0.2002
-0.2072 -0.0316 0.9294
-0.0216 0.2611 -0.1367
-0.0654 0.0592 0.7579
0.0319 -0.0167 -0.2072
0.2539 -0.6788 0.5598
0.0029 -0.0037 0.0005
0.0031 -0.0134 -0.0005
0.0812 -0.1319 -0.0844
0.7124 0.1484 -0.1789
0.6307 0.0511 -0.2644
0.5498 0.5398 -0.6245
0.1049 0.1353 0.2108
-0.4116 -0.2079 -0.8152
-0.2211 0.1337 -0.1914
-0.1245 -0.2926 0.2774
-0.0599 -0.5410 -0.2072
-0.0149 -0.0220 0.1024
-0.0430 0.2170 -0.1171
-0.3480 0.0862 -0.0585
-0.0092 0.0108 -0.0053
-0.1834 -0.5151 0.1452
-0.3626 -0.2358 -0.6854
-0.0218 0.0805 0.2943
-0.0339 0.0997 0.0731
-0.0562 -0.1560 -0.0310
-0.3519 0.7768 -0.3861
0.3391 0.5586 0.5240
-0.4660 0.0085 0.0087
-0.2744 0.2931 0.6144
-0.2029 0.5424 0.2607
-0.0612 0.0540 0.5815
-0.0059 0.0142 0.8600
0.0856 0.0193 0.1517
-0.0032 -0.0641 -0.0008
-0.1310 0.3816 0.1962
0.5298 0.2518 -0.0572
-0.4951 -0.1706 -0.3586
0.0473 0.3744 -0.3096
0.3176 0.3406 0.1843
-0.0033 0.0383 -0.5820
-0.0520 0.7908 0.5870
0.0320 -0.4454 0.5355
0.0753 0.2533 0.4592
-0.0446 -0.0012 0.8281
-0.0033 0.0241 0.0088
-0.1910 0.6827 0.0695
-0.0160 -0.2176 -0.1108
0.0008 0.0033 0.0087
0.3860 -0.2398 0.4091
0.3770 0.0321 0.9192
-0.6373 -0.0517 0.3611
-0.6875 -0.2201 0.4579
-0.0014 -0.2770 -0.1176
-0.3516 -0.3665 0.8436
-0.1236 0.0739 -0.0457
0.0060 -0.0007 -0.0190
0.0020 0.1280 -0.1391
-0.2431 0.2244 0.0474
0.1156 0.3848 0.9080
0.1163 0.3861 0.0470
-0.4215 -0.0174 0.0678
-0.3190 0.3253 0.2594
0.0709 -0.2875 -0.0140
0.0379 0.0257 -0.0013
0.0324 0.0605 -0.9530
0.7427 0.4055 0.4795
-0.3079 0.4443 0.5965
0.4499 0.0431 -0.4622
-0.0908 -0.3316 0.0102
0.0065 0.0043 0.0086
-0.0216 0.0690 0.0893
-0.0513 -0.1417 -0.0667
-0.0455 0.0402 -0.2264
-0.2399 -0.5458 -0.7473
-0.3725 -0.3447 -0.3668
-0.3791 0.1945 0.7960
0.5065 -0.3208 -0.0788
0.0828 0.1087 -0.1135
-0.0410 0.0134 0.1423
-0.6176 0.1281 -0.2563
-0.1069 0.1132 0.0110
0.0137 -0.0583 -0.1481
0.4113 -0.6238 0.2907
-0.0829 -0.0809 -0.1002
0.0796 -0.6133 -0.5302
0.3199 -0.0626 -0.0271
0.1703 0.3491 -0.6482
-0.0985 0.0303 0.9090
0.2006 -0.0919 -0.6982
-0.2779 0.5017 -0.1066
0.4897 -0.3356 -0.4157
-0.1298 0.1051 -0.1494
0.8414 0.5114 -0.0945
0.0700 -0.0167 0.1710
0.0226 0.0188 0.0520
-0.0694 -0.0534 -0.0169
-0.2246 -0.1589 -0.7911
0.0113 0.0160 -0.0277
-0.0053 -0.0110 -0.0044
-0.3242 -0.4211 -0.7692
-0.5018 -0.1310 -0.3781
-0.1771 -0.0487 -0.2449
-0.0455 -0.0260 -0.0299
0.0138 -0.0272 -0.0250
-0.2373 -0.4386 -0.4353
0.0501 0.1599 -0.1705
0.4656 -0.4402 0.0320
-0.1328 0.2809 -0.1066
0.0001 0.0001 0.0382
0.8092 -0.1935 -0.0798
-0.0991 -0.1885 0.0252
-0.2087 -0.0732 -0.1672
0.0944 -0.0053 -0.0334
0.7770 -0.0025 -0.2569
0.0452 0.0006 0.2200
0.5032 0.6230 0.2498
0.6117 -0.1502 -0.0647
-0.0792 0.2736 -0.4603
0.1034 -0.1123 0.1646
0.0480 0.1376 -0.9538
-0.3702 -0.6935 0.0370
0.3429 0.1345 -0.1843
0.7286 0.1795 -0.2473
-0.5991 -0.0678 -0.0098
