-0.7419 0.1931
-0.0073 0.0564
0.0429 -0.0209
-0.4516 -0.3313
-0.4265 -0.2233
0.6090 -0.5161
-0.6912 0.0582
-0.2171 -0.0566
0.0952 0.1627
-0.1814 -0.1869
0.8792 0.2964
-0.2287 0.7920
-0.2638 -0.0840
0.0450 0.1351
-0.2345 -0.0448
0.1926 -0.9216
-0.0949 0.2687
0.1437 0.0640
-0.0466 -0.0262
0.1107 0.2782
-0.7978 1.4943
0.1052 -0.1200
0.4288 0.7213
0.0363 0.8691
-0.3173 0.5225
-0.1355 -1.5660
-0.1135 -0.0247
-0.1317 -0.0128
0.6958 -0.5493
0.5820 0.6956
-0.1769 -0.1842
0.3031 -0.0277
0.4562 -0.2836
0.2376 0.6540
0.1161 -0.4508
-0.1387 0.9251
-0.0991 -0.0331
0.4066 0.3175
0.0825 0.1605
0.9040 -0.3067
0.0212 1.2504
-0.0114 0.0421
0.1576 -0.3469
0.2748 -0.0887
-0.3539 0.1325
-0.0215 -0.0530
-0.3103 -0.1362
-0.0554 -0.1277
-0.6447 0.4019
-0.2862 -0.3513
0.0949 -0.4974
0.5414 0.6732
-0.3630 0.2479
-0.0516 -0.1377
-0.1727 0.1119
-0.7559 0.6192
-0.2162 0.0552
-0.3458 -0.3374
-0.1271 -0.1034
-0.0901 0.0819
-0.1393 -0.7490
0.2841 0.8757
0.4949 -0.6384
-0.1104 0.3088
0.6377 -0.0159
-0.0282 -0.1027
-0.1155 0.1342
0.5971 -0.2583
-0.1364 0.1421
0.6454 -0.4204
-0.6290 -0.5685
-0.6071 -1.2423
-0.1319 0.7405
0.0714 0.0123
-0.3510 -0.1754
-0.4668 -0.7770
0.8600 0.3065
0.6119 0.7904
0.3923 0.2994
0.0923 0.1859
-0.4967 0.2396
-0.3146 -0.0125
0.0585 -0.4378
-0.0844 0.2055
0.2314 -0.6772
0.7973 -0.9780
-0.0753 0.1693
-0.7233 0.0261
0.1496 -0.0709
0.4359 0.3930
-0.9873 0.0144
0.0695 -0.1823
0.6148 -0.3293
0.1578 0.4403
0.0147 -0.4533
0.0051 -0.1372
-0.0022 -0.0929
0.3782 -0.0586
-0.8991 0.3932
0.7767 0.4528
