-0.4879 -0.0423 -0.3713
0.1020 0.1468 -0.0569
-0.5422 -0.1116 0.1659
0.3481 -0.1864 0.0426
0.6168 1.2503 0.0980
0.0549 0.1495 -0.6674
0.4438 0.0050 -0.6579
-0.1013 -0.0292 -0.7120
-0.1247 -0.5851 0.3374
0.0498 0.0091 0.1240
0.0205 0.1087 0.3229
-0.0094 0.0187 -0.2683
0.0165 0.0242 -0.8903
0.2134 0.1852 -0.3716
-0.0644 -0.0055 0.5627
0.1288 0.4378 0.4829
0.2115 -0.1157 0.0156
0.1748 -0.6868 2.0372
0.3662 -0.8931 0.0914
-0.0067 -0.0073 0.0118
0.4472 0.0130 0.7182
-0.1791 0.0532 0.0237
0.0512 0.0472 0.0028
-0.5424 0.0249 -0.3969
-0.0594 -0.1637 0.5254
0.3730 1.1275 -0.3057
-0.0201 0.0540 0.4276
0.2357 -0.1454 0.1974
0.3528 -0.1555 -1.4304
-0.0002 -0.0028 -0.0003
-0.7884 0.0955 -0.5369
0.1092 0.0009 -0.0532
-0.2853 0.5633 -0.7451
0.0108 0.4652 -0.5089
-1.2120 0.8854 -1.1333
-0.2868 0.1994 0.1802
0.2427 0.0379 0.2610
-0.0595 0.2655 0.4703
-1.1631 -1.5849 1.5066
-0.2211 0.2075 -0.0746
