0.1050 -0.2267
0.2518 0.0841
0.1242 -0.7611
0.3282 0.1483
-0.2364 0.7963
-0.2000 -0.2239
0.0814 0.0585
0.7355 0.2204
0.3860 -0.3711
0.7887 0.6031
0.1863 -0.0209
0.1099 0.0407
0.1049 -0.8481
-0.0623 0.7130
0.3670 0.2490
0.3195 -0.8984
0.6023 0.2027
-0.2528 -0.4011
1.6806 -0.0527
-0.3219 0.3021
-0.0077 -0.3012
-0.1632 0.3059
0.1864 0.5461
-0.1272 0.6048
-0.3795 -0.3900
0.5515 -0.7443
-0.0326 -0.1321
-0.0523 -0.6284
-0.5875 -0.1237
0.1877 -0.6289
-0.1924 0.3543
0.0945 0.4438
0.3112 0.7342
-0.4401 0.1714
-0.2370 -0.2161
1.3248 0.2204
0.6184 0.1425
0.6636 -0.3510
-0.0503 -0.4840
-0.0599 0.1825
-0.1731 0.9506
-0.0255 -0.0649
-0.0284 -0.0098
-0.5716 -0.6735
0.0153 -0.5025
0.0654 -0.0109
0.2216 0.4940
-0.1417 -0.0613
-0.0026 -0.0116
-0.0730 0.4388
-0.7811 0.3386
-0.3819 -0.3506
-0.9167 -0.0433
-0.9851 -0.4841
0.7701 -0.0666
-0.7557 -0.1128
0.4505 -1.1947
0.4947 1.5127
-0.4677 -0.1275
-0.6027 -0.7360
0.3953 0.6602
-0.3627 0.5547
0.1894 0.5740
0.5758 0.6960
0.0411 -0.2123
-0.0779 -0.4803
-0.1168 -0.0073
-0.4815 -0.2294
0.0605 0.0866
0.7192 0.1354
0.7498 0.5698
-0.1579 0.2294
-0.0533 0.1157
0.1620 -0.6828
0.0015 0.0038
0.2567 0.6028
-0.0254 -0.3419
0.2189 0.4111
0.0566 -0.3390
-0.1955 -0.0558
0.0093 -0.0820
0.0140 0.0038
-0.4982 0.4205
0.1747 -0.0751
-0.7691 0.2896
-0.0360 0.0252
0.1939 0.1820
0.0352 -0.0132
-0.3458 -0.1269
0.4317 -0.2358
0.4383 0.2325
-0.1903 0.5653
-0.2843 -0.3579
-0.1641 -0.6919
-0.4928 0.0270
0.6691 -0.5570
0.1130 -0.0532
-0.1904 -0.0019
0.3893 0.3251
-0.1166 0.1222
