0.0310 0.1444 -0.8371
0.1287 -0.2166 -0.0527
0.2268 0.2992 -0.0909
0.3710 -0.5679 -0.1016
0.0106 -0.0089 -0.1339
0.3106 -0.8252 -0.1669
0.0290 0.0597 -0.0858
-0.0035 -0.0000 0.2219
0.0434 -0.0137 0.8887
0.0125 0.0087 -0.0146
-0.6340 0.3830 0.1618
-0.2185 0.5588 0.5989
0.0228 0.1202 -0.1520
0.2423 0.0504 -0.4883
-0.0359 -0.5360 -0.7626
0.4789 0.1939 -0.1168
-0.0330 -0.0579 -0.0691
0.0879 0.3901 0.6165
-0.3237 0.1698 -0.2623
0.5099 0.4446 -0.5342
0.3188 0.8255 -0.4064
-0.2431 -0.1270 -0.1605
-0.0455 0.2866 -0.2747
0.6115 -0.5105 0.2130
-0.0317 -0.1394 -0.0430
-0.4255 -0.0944 -0.2594
-0.0101 0.0110 -0.1488
0.0637 0.7064 -0.1832
-0.0128 0.0318 0.2398
-0.2694 -0.4929 0.2040
0.5088 0.0347 -0.5879
-0.1950 -0.5746 -0.7382
-0.2883 -0.2901 0.6472
0.2196 -0.4416 -0.4503
-0.0807 -0.0707 0.1832
0.0245 0.0249 -0.5064
0.1744 -0.0209 0.2018
-0.2634 -0.1353 -0.4357
-0.1306 -0.2265 -0.6320
0.2023 0.4148 0.5920
-0.2538 0.8586 0.3918
0.0196 0.0058 0.2218
-0.4314 -0.2192 -0.3527
-0.2391 -0.1267 0.8947
-0.0256 0.0133 0.5102
0.3362 -0.1700 -0.0830
0.2124 0.1030 0.5295
0.0341 0.0102 0.0045
0.2867 0.3542 -0.0438
0.0798 0.0376 -0.0735
-0.4750 -0.1047 -0.1475
-0.1878 0.0571 -0.4310
0.0051 -0.0042 0.4485
-0.2074 0.1162 -0.3618
-0.5011 -0.4089 0.2952
-0.0258 0.0169 -0.0699
0.0809 -0.0802 0.8724
0.5620 0.2907 -0.0713
-0.0634 0.1038 0.7112
-0.4259 -0.3052 0.0573
0.1387 -0.0582 -0.0123
-0.1382 -0.7469 -0.2973
0.0183 -0.0614 -0.1548
0.0194 -0.0552 -0.0416
0.2289 0.2785 -0.4348
0.3638 -0.5800 0.1983
0.0615 0.3973 -0.1432
0.0703 0.0447 -0.2792
-0.0572 -0.0798 -0.0567
0.0022 -0.0023 -0.0929
-0.1795 0.8090 0.4777
-0.0576 -0.1714 -0.5268
0.2316 0.0926 0.5965
-0.0130 -0.0013 0.0056
-0.1790 -0.1453 0.5194
0.0094 -0.0120 -0.8895
0.0585 0.0565 -0.0146
-0.0107 0.0124 0.8934
0.2862 -0.3783 -0.4896
-0.0848 0.0997 0.1351
-0.1670 0.1087 0.0595
0.3396 -0.9156 -0.0736
0.0068 -0.1638 -0.5520
0.1757 0.0586 -0.3268
-0.4275 0.3667 -0.3707
0.0024 -0.0014 0.3408
-0.0989 -0.5457 -0.3043
-0.1673 -0.4223 -0.3713
-0.1366 0.0563 0.1093
-0.6066 0.6176 -0.4726
0.0242 0.0343 -0.0496
-0.9155 0.1314 -0.3120
-0.1554 0.2598 0.8681
0.0556 -0.0646 -0.0334
0.2350 0.5370 -0.5476
0.0156 0.0331 -0.0053
0.0135 -0.0549 -0.0113
-0.0018 -0.0022 -0.0910
0.0381 0.0909 -0.1111
0.2947 0.3741 0.2857
-0.1813 -0.9222 -0.0514
-0.6521 0.2428 -0.3993
-0.1654 -0.0760 -0.1959
-0.2951 0.7212 -0.2264
0.0285 0.2960 0.8849
0.3979 -0.2678 0.8058
0.0687 0.2765 -0.1657
-0.0023 -0.0097 -0.0157
-0.3112 0.2395 -0.0883
-0.3112 0.5500 -0.0302
0.4525 0.5150 -0.2659
0.0620 -0.2399 -0.3297
-0.0358 0.0055 -0.1611
0.3055 0.3351 0.1116
-0.0475 0.0078 -0.1887
-0.0364 -0.2075 -0.0477
-0.0907 -0.0112 0.5789
-0.4233 0.1345 -0.0766
0.1770 -0.2375 -0.3651
0.1504 -0.1166 0.3723
-0.3795 0.0834 0.2371
-0.0015 0.0093 -0.0002
0.3986 -0.1145 0.6541
0.2287 -0.1118 0.1730
-0.0949 -0.0721 -0.2343
0.1041 0.0594 -0.4128
-0.1039 -0.1114 0.4224
0.3686 0.3272 -0.3734
0.2370 0.1540 0.0627
-0.1384 0.1287 -0.1941
0.2898 0.1043 0.2536
0.7574 -0.1083 -0.2693
-0.0070 0.0087 0.1496
-0.1052 -0.0966 0.0359
0.2312 -0.0119 -0.2029
-0.0672 0.1723 0.3853
-0.0202 -0.0036 0.0060
0.2880 -0.1557 0.6999
0.0961 -0.0451 0.0560
0.1156 0.5574 0.6665
-0.0633 0.8722 0.3695
0.0635 -0.0071 0.1579
0.0304 0.0056 0.3928
-0.7482 -0.0539 0.2084
0.0558 -0.0117 -0.3403
-0.2023 -0.1561 -0.5933
0.0426 0.2132 0.5514
0.0381 -0.0623 -0.2898
0.0200 0.1456 -0.5061
-0.7782 0.0083 -0.5691
-0.0228 0.1211 0.0956
0.5499 0.3875 0.1959
0.0856 0.7162 -0.6667
-0.2845 -0.7363 0.0272
0.0320 0.0683 0.1399
0.0631 -0.1171 0.0414
0.0011 -0.0011 0.0178
0.3206 -0.5368 -0.5443
0.4285 -0.3580 -0.0646
-0.3020 -0.3164 0.6163
0.0826 0.0637 -0.4812
-0.2931 0.5549 -0.2247
-0.1269 0.2522 0.1400
-0.0326 -0.2211 0.0899
-0.0317 0.1195 0.4353
-0.0819 -0.2444 0.3232
-0.0289 0.0157 -0.0449
0.0143 0.0268 0.0541
-0.3067 -0.2538 -0.5169
-0.4467 -0.1239 -0.2230
0.0583 0.1677 0.0307
-0.0257 0.0573 -0.2251
-0.1901 -0.4755 -0.5345
-0.4518 0.4792 0.1959
0.2950 0.1159 0.5449
-0.0905 0.2900 -0.8227
0.0536 -0.0586 -0.0139
0.1930 0.1931 -0.8880
0.1946 -0.5198 -0.3129
0.2017 0.8984 -0.2979
-0.2558 0.2827 0.2931
0.4223 0.0795 -0.8107
0.1278 0.1693 0.2371
-0.1087 -0.3413 -0.5867
-0.0172 -0.0646 -0.0157
0.0459 0.0705 -0.1429
0.1837 0.2121 0.2388
0.0152 -0.0152 0.0088
0.3686 -0.1761 0.2563
-0.0127 -0.0809 -0.0240
-0.0893 0.0148 0.1150
-0.1755 -0.7065 -0.5972
-0.0987 0.3899 0.1823
-0.3021 -0.1117 0.5257
0.6987 0.0539 -0.2227
0.2101 0.1372 -0.1904
0.5599 -0.1900 -0.2142
-0.0619 -0.3688 -0.3442
-0.1853 0.1772 -0.0559
0.0198 -0.2107 -0.0030
0.6853 0.2249 -0.3623
0.2807 -0.1788 0.5146
0.2304 0.5811 0.0876
-0.5147 -0.0144 -0.3426
-0.1704 -0.0648 -0.3542
0.1372 -0.3864 -0.3984
-0.2215 -0.2268 -0.1384
0.2556 -0.0056 -0.5776
0.1216 0.1790 -0.0625
-0.3113 -0.5963 -0.2596
-0.0796 0.0930 -0.6871
-0.0458 0.2333 0.0508
-0.2736 0.4195 0.6753
0.0136 0.0030 -0.2733
0.5812 0.2758 0.1004
-0.2445 -0.1238 0.3280
0.5413 0.3501 -0.3041
-0.1466 -0.0040 -0.6836
-0.0090 -0.2402 0.1680
0.3469 0.2774 0.4061
-0.0629 0.1328 0.5648
0.0275 0.1159 -0.0302
0.1017 0.0664 -0.2066
0.3666 0.0880 -0.3026
-0.1663 -0.0581 -0.9073
-0.9081 -0.1600 -0.1378
-0.0761 0.1594 -0.0471
0.4425 0.0656 0.3382
-0.2528 0.1237 0.2283
0.1068 -0.0528 -0.2161
-0.0599 0.4326 0.3201
-0.0104 -0.3003 -0.1687
0.1888 0.1224 0.4980
0.0574 -0.1244 0.1912
0.4241 0.4687 -0.2675
0.1329 0.3821 -0.4459
0.1275 -0.0556 -0.8762
0.3007 0.0828 0.0471
-0.0051 0.6539 0.1698
-0.4024 0.3409 0.7576
-0.3407 -0.5290 0.1402
0.3708 0.1940 -0.1356
0.2892 0.2053 -0.3719
0.7682 0.1499 0.4659
-0.0122 0.1698 0.1713
0.0013 0.0059 -0.0257
0.1861 0.3463 -0.3081
0.0384 0.1822 0.4981
-0.0549 -0.0019 0.0304
-0.0443 0.0270 -0.2964
2.6624 -0.1169 0.3312
3.1737 -0.2878 0.2820
3.4908 0.0266 -0.5903
3.5260 -0.3357 -0.0976
3.8486 0.2137 0.2352
3.4834 0.2068 -0.2146
3.2293 -0.0301 -0.8186
3.5006 -0.0002 0.0428
3.7852 -0.2304 0.1145
3.4905 -0.0110 -0.4169
3.5180 -0.2319 -0.1452
2.6783 -0.4859 0.0124
3.6011 0.2115 -0.0234
3.4987 0.0005 -0.6680
2.7579 -0.0440 0.2774
3.5001 0.0177 -0.5450
3.6202 -0.2182 0.3525
2.7242 0.1163 -0.3438
3.7778 -0.1470 0.2801
3.5260 0.0130 0.0355
3.5440 0.0037 -0.1406
3.3585 0.0114 -0.4464
3.4934 -0.0024 -0.0249
3.3815 -0.2388 -0.8478
4.2900 0.0355 -0.2059
3.4396 0.8149 0.2662
3.7894 0.1863 -0.8784
3.6515 0.1758 0.0866
3.5237 -0.0213 -0.3456
3.0458 0.0770 -0.1341
3.1831 -0.0472 -0.5916
3.2373 0.1867 -0.0882
4.0782 -0.3670 -0.0450
3.5003 0.0022 0.3158
3.5813 0.1237 -0.8204
3.4910 -0.0076 -0.0059
3.6509 0.1825 -0.2362
3.5626 -0.1996 0.3956
4.0192 -0.0299 -0.4436
3.4055 -0.2116 0.0586
3.6586 -0.1048 0.5602
3.4675 -0.0709 0.0720
3.0649 0.1268 -0.2626
3.6445 0.5968 -0.3095
3.6714 -0.6432 -0.7236
3.3555 -0.0155 -0.0494
3.4353 -0.0245 0.0809
3.1944 0.6812 -0.4781
3.1533 0.2418 0.1540
3.5173 -0.1318 -0.2238
3.5835 -0.1354 -0.2228
3.6042 0.0051 0.3078
3.5089 0.0205 -0.2750
3.6273 0.1204 -0.6968
3.5633 -0.0226 0.2319
3.6020 0.6149 0.4043
3.5190 -0.3526 -0.0720
3.6712 0.4040 -0.6329
3.3378 -0.2181 0.7276
2.8472 -0.1277 0.0368
2.9218 0.3457 0.3221
3.5253 0.0460 0.0630
3.4791 0.1175 -0.1141
3.5944 -0.2822 -0.9004
3.5111 0.0400 0.0663
3.5651 -0.1199 0.2284
3.8427 0.1478 0.0242
3.4931 0.0750 0.5455
3.4537 0.6077 0.1789
3.4887 0.2991 0.7741
3.5067 -0.0247 0.9953
3.6871 -0.0763 0.8343
3.2488 0.0732 -0.4208
3.4241 0.3182 0.2399
3.4674 -0.0449 -0.2135
3.5021 -0.2393 0.1919
3.4846 -0.0109 0.6505
3.9026 0.8155 -0.0896
3.6134 -0.3338 0.2596
4.0462 -0.2737 0.3139
3.1966 -0.2967 -0.7023
3.2592 0.1556 0.6994
3.4384 -0.0585 -0.6972
3.4098 -0.2115 -0.0321
2.9540 0.6516 0.0206
3.5460 -0.1283 -0.1311
2.7189 0.1795 0.3107
3.4912 0.0098 -0.3008
3.4626 -0.4188 -0.8925
3.4979 -0.0071 -0.2028
3.5038 -0.0084 0.1226
3.4316 0.0287 -0.3019
3.4763 -0.0416 0.1447
3.5438 -0.1831 0.2743
3.2903 0.2094 -0.0108
3.2205 -0.2548 -0.0158
3.7494 0.0385 -0.4113
4.2885 -0.2454 -0.1367
3.2507 -0.2113 0.2158
2.6602 0.2035 -0.2263
3.3593 0.1620 -0.0223
3.4130 -0.1095 -0.4150
3.8757 -0.0961 -0.3597
3.3522 0.5342 -0.6281
3.5087 -0.0306 -0.3642
3.4368 -0.1088 -0.0950
3.3933 0.0602 0.0710
3.3687 -0.0862 0.1922
3.6808 0.2153 0.2916
3.4501 0.1676 -0.2834
3.4640 0.0806 -0.7598
3.4965 0.0217 0.3612
3.4995 0.2344 0.9459
3.3750 -0.0629 -0.6394
3.6941 -0.0084 -0.9438
3.6921 0.1917 -0.0185
3.8526 -0.1863 0.2964
3.6538 -0.0523 0.2284
2.8328 0.3579 0.1066
3.6998 -0.5067 -0.4541
3.7053 0.1399 -0.6532
3.5404 0.0092 0.0284
3.4948 -0.0222 -0.3462
3.2422 -0.1097 0.7714
3.6208 0.2872 -0.6161
3.3785 0.3075 -0.3295
3.5137 0.0001 -0.0408
3.2372 -0.0083 -0.2076
3.4628 0.0826 -0.1807
3.4022 0.3574 0.1223
3.5783 -0.3770 0.1261
4.0762 0.5301 0.1226
3.0862 0.0654 -0.1127
3.4784 0.1200 -0.0072
3.5651 0.0152 -0.3356
3.5493 0.0591 -0.8747
3.7353 0.0333 0.8011
3.3330 -0.3451 0.3323
3.4992 -0.0634 -0.0046
3.5439 0.0250 -0.1683
3.5784 0.0069 0.0972
3.4858 0.0216 -0.0034
3.3741 0.1086 -0.7733
2.8935 0.7021 0.0831
3.9119 -0.4332 0.6260
3.7698 -0.3224 0.0492
3.4637 -0.2326 0.8857
3.7516 0.0951 -0.2933
4.1412 0.1809 0.1037
3.4978 0.1830 -0.0092
3.3357 -0.4695 -0.0043
3.4513 -0.3715 0.2394
3.5332 0.1135 -0.2427
3.5236 0.0371 -0.0114
3.4330 0.1242 -0.7027
3.6766 -0.0046 -0.0657
3.6045 -0.6459 -0.1128
3.9855 -0.1445 -0.8181
3.7333 0.1124 -0.2100
3.2380 0.4144 -0.7037
3.9361 -0.6099 0.5420
3.2889 -0.1032 -0.1086
3.2442 -0.1974 -0.2259
2.8926 -0.5404 -0.3888
3.6037 -0.0372 0.2524
3.1944 0.3343 0.5981
3.5382 0.0307 -0.5391
3.6856 0.4921 0.3289
3.5139 0.5688 0.0335
3.8323 0.8035 -0.3587
3.6702 -0.0556 -0.0349
3.4208 0.0024 0.0300
3.5041 -0.0003 -0.1358
3.4731 0.0299 0.0467
4.0301 -0.0225 0.0416
3.5230 0.0082 -0.2731
3.6636 -0.2460 0.0651
4.1266 -0.0411 -0.2428
4.3207 -0.1495 0.3284
3.4888 0.0962 0.1135
3.6475 -0.8408 -0.4656
3.4229 -0.1407 -0.1813
3.7321 0.1402 0.6180
4.0814 0.3723 -0.0029
4.0463 -0.3103 0.1705
3.3362 -0.0289 0.0159
4.2766 0.0397 -0.6153
3.9318 -0.6968 0.4698
3.0391 0.1806 0.0647
3.6528 -0.5171 -0.1349
3.5805 0.0369 0.1026
3.5373 0.5532 0.5450
3.1083 -0.2802 -0.0997
3.3337 -0.8670 -0.3805
3.6157 -0.1856 0.7738
3.1319 0.0406 -0.2155
3.3566 -0.2900 0.8657
3.4572 0.0630 -0.1526
3.3886 0.1902 -0.7893
3.4045 0.0610 0.3694
3.5768 -0.4028 -0.8229
3.7694 0.1258 -0.4052
3.3329 0.8154 0.3176
3.5715 0.0716 -0.2809
3.4561 -0.0690 -0.5760
3.4899 0.0092 0.4759
3.6641 0.2600 -0.0027
3.6451 0.5794 0.4156
3.8156 -0.7686 0.1674
3.7848 -0.5770 -0.0164
3.7037 0.2290 -0.6055
3.2982 0.0296 -0.5816
3.5066 -0.1760 -0.2105
3.4489 -0.4402 0.0487
3.4931 0.0155 0.6373
3.8795 -0.3635 0.3221
3.3297 -0.1839 0.4851
3.4834 -0.0469 0.1434
3.0582 0.3376 0.7679
3.1888 -0.7261 0.3689
3.7692 -0.3673 -0.2532
3.3110 -0.0365 0.2330
3.6424 -0.0360 0.0187
3.6273 0.1164 -0.9617
3.6692 0.3929 -0.4214
3.5990 -0.0361 0.3053
3.6334 0.4200 0.0692
3.8930 -0.3226 -0.4388
3.4600 -0.0562 -0.0218
4.1325 0.0226 -0.4552
3.6444 -0.4992 -0.2267
3.5060 -0.0745 0.1345
3.8232 0.2355 -0.6231
3.5188 -0.0314 0.0252
3.4235 -0.2088 -0.2205
3.8757 0.4160 -0.3795
3.3624 0.0389 0.5366
3.4903 -0.0073 0.0093
3.3050 -0.3827 0.0071
4.2407 0.1762 -0.2439
3.4884 0.2631 0.4190
3.9056 -0.4993 -0.5444
2.8818 -0.0155 0.3541
4.0624 -0.4207 -0.0245
3.4049 -0.0558 -0.1042
3.7763 -0.1418 0.8002
3.8952 -0.0737 0.6725
3.6533 0.6172 0.6154
3.4661 -0.0044 -0.4840
3.4998 -0.0002 -0.5427
