1.1121 0.8694 1.2087
0.5669 0.1048 0.2693
-0.0299 -0.1263 -0.0199
-0.3876 -0.1165 0.7153
0.0545 0.0305 0.1083
-0.2798 -0.0987 0.0618
-0.2029 -0.9221 0.2486
-0.2642 0.0293 0.0270
-0.4846 -0.3918 -1.0673
-0.0012 -0.0425 -0.0743
0.3616 -0.3139 0.5334
-0.1434 -0.0014 -0.0354
0.0775 -0.1878 -0.7075
-0.0074 0.0104 -0.0194
-0.0049 0.1774 -0.1043
0.1725 0.0449 0.5232
-0.1918 -0.3220 0.0829
-0.2005 -0.0514 0.1603
-0.8504 -0.1450 -0.0546
-0.9559 -0.4022 -0.4904
-0.0741 -0.1885 0.8655
0.0605 -0.0636 0.3020
-0.0524 -0.0299 0.1343
-0.0727 -0.1040 -0.0341
0.0057 0.0047 -0.0579
0.0438 -0.0516 -0.0295
-0.2081 0.0844 -0.8752
0.2384 -0.0471 -0.3003
0.0025 -0.0288 0.2401
0.0248 -0.1127 0.1228
-0.4149 -0.1512 -0.7841
-0.1383 0.7369 -1.2024
0.0298 -0.0448 0.0978
0.0061 -0.0043 -0.0219
-0.0267 0.1642 0.1553
-0.0340 -0.2218 -1.9318
0.0541 -0.3237 0.6301
0.4232 -0.0523 -0.4701
-0.0500 0.0996 -0.9038
0.1874 0.4125 -0.6067
0.4836 0.2039 -0.0122
-0.2494 -0.1203 0.2857
0.1782 -0.3055 0.5784
0.0152 0.3112 -0.1358
-0.2003 -0.1891 0.4534
-0.0621 -0.0747 0.7814
0.0502 0.0509 -0.0839
-0.7289 0.5314 1.8807
-0.9278 0.1555 1.9845
0.0019 0.0048 0.0109
