0.1065 -0.2449 -0.0252
-0.3811 0.7346 0.0070
-0.1142 0.0330 -0.5249
0.0218 0.0655 0.1661
2.0070 1.4893 0.9877
-0.1348 0.2761 -0.5940
-0.1054 0.0092 -0.5458
0.9043 -0.2763 -0.1712
1.1007 1.9087 2.8893
-0.7987 0.1109 -0.1054
0.0587 -0.0076 0.0302
2.6629 2.0330 1.3717
0.0449 -0.0659 -0.4280
0.0034 0.0041 -0.0156
-0.0915 0.2100 0.3278
-0.1163 0.1758 0.1548
0.2896 0.2694 -0.7762
0.2034 0.4499 0.0656
0.0700 0.0715 0.1924
0.0181 0.0025 0.1600
-0.2240 0.2374 -0.3096
-0.6847 0.1390 0.3061
-0.0069 -0.0221 -0.6005
-1.6689 0.3370 0.3732
0.6211 -0.0074 -0.1665
0.2734 0.2542 -0.4452
0.1057 -0.0476 0.1215
0.2787 -0.2408 0.3428
0.0705 -0.0592 0.6140
0.0117 -0.0259 -0.0495
-0.1680 -0.1239 -0.2228
0.4103 -0.8430 0.2317
0.3447 0.2563 -0.5450
-0.2236 -0.3453 -0.3490
0.2341 -0.0116 -0.1911
0.0206 0.1366 -0.3905
0.0596 0.1632 0.8789
0.0310 0.0364 -0.3211
-0.2340 0.8179 0.2825
0.0506 0.4473 -0.4427
0.5906 0.5326 -0.1451
-0.1338 0.0775 0.1483
0.1567 -0.1859 -0.5593
-0.1726 -0.1254 -2.2534
0.1700 0.0631 -0.7160
-0.2719 0.2095 0.2915
0.0675 -0.3573 0.1264
-0.0397 -0.4933 -0.0888
0.1101 0.1461 0.1737
-0.0111 -0.1491 0.0133
0.2012 -0.3164 2.9264
-0.1844 0.1393 -0.6932
-0.1976 0.0572 0.2422
-0.0601 -0.0109 0.7397
0.0231 -0.0131 0.0074
-0.4050 0.3143 0.7199
-0.0706 0.3509 -0.3681
0.0704 0.0603 -0.1027
0.1404 -0.0753 -0.5125
-0.2679 -0.2648 -0.0280
0.0171 -0.0142 -0.1178
0.0015 -0.0022 -0.0726
0.8656 -0.0392 0.3305
0.6767 0.7716 2.5608
0.0841 0.1831 0.4275
2.4659 1.4039 -2.2921
0.4001 0.4634 0.4789
-0.1321 0.8152 -0.3921
0.0231 -0.0319 -0.0318
0.0091 -0.0538 0.3486
-0.2388 -0.3246 0.1940
-0.0049 0.0008 -0.0467
0.4571 -0.0346 0.4285
-0.0043 0.1663 0.0470
-0.5105 0.2972 -0.4209
-0.9002 0.2960 -1.0394
-0.0505 -0.0525 0.0984
-0.6143 0.3860 -0.1371
1.5790 -1.2181 0.2662
0.0708 0.0618 -0.3152
-0.4865 -0.4488 0.6901
-0.0482 0.0008 0.2047
-0.2814 -0.0122 -0.4215
0.0377 -0.2984 0.0528
0.0006 -0.0005 0.0014
-0.0529 0.1032 -0.7802
-0.0667 -0.0505 -0.3262
0.1900 0.2556 -0.3669
0.5026 1.5251 -2.3917
0.1106 0.1964 -0.4131
0.1713 -0.0790 0.5111
0.4803 -0.0531 0.3601
0.1603 0.0440 -0.7881
-0.5448 0.2588 0.7805
-0.5943 -0.0365 -0.1119
0.1175 0.2150 -0.5854
-0.9252 -1.6923 -0.5826
0.7322 -0.0043 -2.1306
0.0021 0.0383 -0.9547
-0.4314 0.5529 -0.4727
4.5159 0.0113 0.0649
4.5608 1.2662 -0.5871
5.5505 1.6131 2.5871
4.5237 0.0022 -0.2811
4.2914 0.1770 0.0362
5.2169 -0.1847 0.1393
4.5736 -0.0508 0.6898
4.2602 0.2647 0.7399
4.9619 0.2172 0.2171
5.1687 0.2100 0.5757
5.7718 -0.1806 -2.9128
4.4389 0.0598 0.0980
3.6191 0.4457 1.8564
4.4319 0.0098 0.0318
4.5824 -0.0940 -0.1222
2.5666 -1.9395 2.1631
4.2228 -0.2030 -0.0008
4.2649 0.3062 0.8682
4.5176 0.0864 0.2948
2.3811 1.6355 -1.7323
4.0158 -0.6514 -0.0827
4.2389 0.1404 -0.2043
4.3540 0.0112 0.0031
3.8516 0.0518 -0.3818
4.5013 0.0065 0.0057
4.7014 0.1328 0.9679
4.8395 0.2355 0.3580
4.8627 0.4107 -0.0587
4.5176 0.1909 -0.4290
4.8150 -0.4178 0.1145
4.2516 0.2252 0.7533
4.1535 -0.2803 0.0703
3.9311 -1.1671 -0.5519
4.4777 -0.0010 -0.0236
4.6959 0.1207 0.6536
4.6828 0.0219 -0.0345
4.1538 0.1500 -0.1521
4.5487 -0.0726 -0.4523
3.5421 0.0687 -0.0443
4.3105 -0.2377 0.3331
4.0972 -0.5151 3.3922
4.2755 -0.3626 0.4408
4.5230 -0.1182 -0.6746
4.7286 -0.0366 -0.0723
4.7430 -0.0208 -0.2532
4.6244 -0.1022 -0.7449
4.4847 0.0187 -0.3651
5.1673 0.4190 -0.2145
4.2154 -0.0317 0.3066
4.4997 0.0319 -0.4804
4.5742 -0.1271 0.1245
4.6747 -0.7705 -0.0522
4.4430 -0.0602 -0.9366
4.6724 0.4922 0.0919
4.4238 0.3725 -0.2256
3.9428 0.1848 -0.1219
4.5069 -0.0743 0.8335
4.2371 -0.6484 -0.3460
4.3321 0.0219 -0.5368
4.3155 -0.7044 -0.3573
4.6335 -0.2031 -0.0254
4.6618 0.1108 0.4975
4.3444 0.1276 -1.5508
4.4988 0.0142 -0.0264
1.5631 1.6329 -0.9615
4.4771 -0.0240 -2.2367
4.5121 0.0171 -0.6088
4.4958 -0.2757 0.2769
7.8793 -0.6345 -1.0337
4.2746 -0.1046 -0.9037
5.3020 -0.2819 0.4874
4.5167 0.5058 0.0616
4.0526 0.5670 -0.1600
4.8791 0.1263 -0.8860
4.6039 -0.0334 -0.3028
4.1914 -0.0262 -0.8818
4.7864 0.3716 0.4292
4.4814 -0.0183 -0.0551
4.8751 -0.6770 1.9983
4.5111 0.0062 0.0722
4.0006 -0.4043 0.1469
5.9132 -1.0592 3.2072
4.3439 -0.0220 0.2829
4.5244 0.1026 0.2509
4.0120 0.6218 -0.4755
4.2604 -0.0186 0.2791
4.4423 0.5651 -2.7584
4.5137 -0.0064 0.1167
4.4489 -0.0737 -0.1740
4.5205 -0.0816 -0.1318
4.5673 0.1378 0.3258
4.6245 -0.0548 0.1319
4.4069 -0.0163 0.1880
4.5039 0.0004 0.0028
7.5441 -0.5154 -1.9552
4.3350 -0.2323 0.8154
4.7559 1.3119 0.8270
4.6393 -0.3596 0.4759
4.6561 0.4902 -0.1880
4.7086 0.8685 0.2401
