-0.0013 0.0220
-0.4437 0.5024
-0.1038 -0.7610
0.1808 0.1105
-0.0869 0.0373
-0.3913 0.2944
0.4177 0.7720
-0.0357 0.8285
0.1601 0.2806
0.0494 -0.1892
-0.7450 -0.2875
0.8096 0.4005
0.5042 0.6098
0.3146 0.1973
0.2723 0.1574
0.2823 0.1496
0.2494 -0.3921
-0.1715 0.0131
0.5768 0.5645
-0.1168 0.0068
0.0347 0.4968
0.1366 -0.1161
0.0226 0.0101
-0.4467 -0.1656
-0.2561 0.7957
0.4375 0.6951
-1.6328 -2.2933
-0.4535 0.6793
-0.4731 -0.0111
1.8850 -0.0188
-0.3429 -0.1924
-0.0714 -0.4563
-0.4489 0.7602
-0.1196 -0.0530
0.5502 -0.5773
0.4958 0.1909
-0.1701 -0.5913
0.7575 -3.5390
-0.3296 -0.6962
0.6984 -0.0537
0.5044 0.6736
-0.3498 -0.1370
0.5899 -0.7597
-0.1216 -0.0790
-0.1188 0.1887
2.3205 -2.1267
0.2477 0.1735
1.1427 -0.7166
0.1663 -0.1871
-0.1345 0.2361
-0.1339 0.1823
-0.3201 -0.1442
1.9484 0.5317
-0.7635 0.1183
0.4399 -0.5166
-0.0765 0.0544
-0.8527 -3.4380
-0.5067 -0.3252
-0.2897 -0.0113
0.2875 0.4397
2.6644 -0.1653
0.2186 0.0351
0.7523 0.1752
0.0625 -0.2471
0.2408 -0.2867
0.4238 0.1111
-0.3728 -0.0269
-0.0598 -0.3215
1.9575 1.7722
-0.5641 0.3602
0.1695 -0.3204
1.3582 -0.2398
-0.2642 0.6437
0.1273 -0.0117
-0.8534 0.1398
0.5868 -0.1128
0.0853 -0.0291
0.1002 -0.1510
-0.1180 -0.2569
-0.0196 -0.0552
0.1380 -0.3294
0.4559 -0.3324
1.8063 2.0919
0.1387 0.5609
-0.5000 -0.6914
0.1071 -0.0455
0.9283 0.1065
0.0541 -0.1430
0.5556 -0.3819
0.0098 -0.1913
-0.7963 0.5373
0.0294 -0.6378
0.2244 0.2474
-0.4800 0.4154
0.1639 -0.1624
-0.4400 -0.0388
-0.2781 -0.2134
-0.1267 0.4821
0.0592 0.2262
-0.8995 0.1183
0.2278 -0.2025
0.3530 0.7153
-1.5421 2.7185
-0.6495 0.1026
0.7984 -0.1441
0.0947 0.4362
0.0935 -0.0701
-0.2178 0.2260
2.8428 1.5484
-0.7422 1.4128
-0.2279 0.7047
0.1757 0.8459
0.0041 -0.0238
0.2705 -0.1353
0.3039 -0.3306
-0.7531 0.3206
-0.7542 -0.1361
-0.0972 1.9588
0.6255 -0.4054
0.6646 -0.0248
0.5574 -0.4959
-0.1620 -0.0034
-0.3924 -0.3210
-0.0201 -0.0236
-1.4710 1.0018
-0.3451 -0.7016
-0.5757 -0.2219
0.1567 -0.0856
-0.2174 0.1022
0.2991 -0.3608
-0.5296 0.4519
0.1103 0.9711
2.4167 0.8187
-0.1014 0.2534
0.1256 0.2639
0.2653 -0.8465
2.5209 -1.1770
-0.4649 -0.3053
-0.2160 -0.4840
1.1671 1.5735
-0.9327 0.1942
-0.0796 0.0796
-0.4773 0.0329
1.5774 -1.1638
-0.1056 -0.9432
-0.2665 0.5363
-0.0704 0.1514
-0.3537 0.2130
0.0772 0.1393
-0.8275 1.0487
0.2292 0.2214
0.0032 0.0219
-0.4468 -0.1360
-0.3342 1.3966
0.8091 0.0936
0.0724 -0.1563
-0.0772 -0.3859
0.8647 -0.1818
-0.0674 -0.0613
0.0203 -0.1950
0.7835 -0.2823
-0.4082 3.1857
-0.3686 -0.4517
-0.6753 -0.1080
-0.1523 0.0954
-0.4585 -0.6186
-0.2213 0.8894
-0.4846 0.7935
-0.8865 0.4666
1.8645 -2.5578
-0.7864 -0.4774
-0.8881 0.0888
-0.4346 -0.5029
0.6951 -0.6988
0.3173 0.5971
-0.9600 0.0690
0.6088 0.4488
-0.0776 -0.1339
0.0071 0.0170
-0.1407 -0.0733
-0.2885 0.7357
-0.7418 -0.4333
-0.5956 -0.7721
-0.6991 -0.9079
0.2265 0.0705
-1.5100 -0.1922
-0.0229 -0.0121
0.4852 -0.2744
0.3952 -2.0974
0.3276 0.1332
0.0520 -0.2654
-0.1175 0.5310
-1.6540 1.3405
0.2944 0.4996
0.0393 0.1140
0.0167 -0.1371
0.1732 0.8842
0.0767 -0.6296
0.3499 0.7856
0.0524 2.2185
0.8146 0.3797
0.0703 0.1420
-1.3797 -2.3270
-0.1018 0.0377
0.1152 0.5740
0.1058 -0.1374
-0.5892 -0.0660
-0.6976 -0.2905
-0.0440 -0.0357
-0.4923 0.2522
2.6781 1.7207
-0.1700 -0.4238
-0.6220 -0.2541
0.4060 -0.1721
0.0031 0.2039
0.4752 0.7482
0.6997 -0.5948
0.0236 0.1493
-0.5112 -0.4012
-0.1275 0.3157
0.4944 -0.1156
-2.2995 1.9335
-0.0127 0.0269
0.7863 -0.4316
-0.5160 -0.3029
-0.2388 0.3389
0.4650 -0.2121
-0.0021 -0.0123
0.2190 0.4779
-0.4903 -0.3192
-0.4472 0.0790
-0.6510 0.1945
-0.2905 0.6937
-0.1025 0.0209
0.2637 0.4748
0.7191 -1.4295
0.5046 -0.0233
-0.2990 0.0705
-0.4936 0.2887
-1.4458 0.3824
0.5551 -0.1942
-0.0179 0.3489
-0.5155 0.1062
-0.0027 -0.0015
-0.5799 0.2085
0.5376 0.6509
0.1834 0.2916
0.1883 0.2143
0.0631 -0.2954
0.1561 0.1658
0.2613 0.7482
0.1194 -0.9894
-0.0465 0.3216
0.8902 -0.2892
-0.2997 0.0285
0.0240 0.0303
2.7927 0.9231
0.0739 -0.0280
-0.0106 -0.0179
-0.2524 0.2524
-0.3173 -0.7018
-0.8174 0.5298
0.3047 0.4470
0.0412 0.2793
-0.3415 0.0217
0.8502 0.3897
-0.9410 0.0186
-0.8533 0.3279
0.8614 -0.1889
0.1481 -0.0808
0.0303 0.3656
-0.0235 0.2605
2.2817 -0.4341
-0.8111 -3.3025
0.3289 -0.6253
-0.5557 -2.4787
-0.0331 -0.1459
0.8484 -0.2485
0.2325 0.0335
0.1509 -0.3139
0.0654 -0.0178
2.2125 -1.0310
0.3233 0.5494
-0.0586 0.0480
0.0213 -0.1055
-0.8399 -0.0478
0.1835 3.2549
-0.0097 3.5058
0.2462 0.1619
-0.4197 0.3588
-0.4104 -0.4165
-0.1478 0.1515
0.2233 0.4215
-0.5515 3.1972
0.9314 0.0325
0.4549 -0.4762
-0.0424 -0.0269
-0.2813 -0.2810
2.3489 0.4338
-1.6581 1.1533
0.0452 0.8285
-0.3134 0.0477
0.8425 -0.0288
-1.9294 1.5398
0.2976 0.4105
-0.0850 0.0021
-0.2384 -0.6912
-0.6954 0.5110
1.0014 3.0837
0.1076 -0.1973
0.0532 -0.1852
-0.7241 0.3012
-0.0818 -0.4599
-0.0177 0.1030
0.4987 -0.4302
0.1569 0.3811
-0.6827 -0.1870
0.2523 -0.5468
0.1366 0.2144
0.2883 -0.9042
0.1500 0.5489
-0.0397 -0.0470
0.2820 0.9579
-0.1291 0.8201
0.7707 0.1348
-0.3662 0.0206
0.4020 1.5174
0.2763 0.1912
0.0470 0.0331
-0.0001 -0.0008
-0.5906 -0.7990
0.2635 0.1406
0.1131 -0.0929
-0.0310 0.0299
0.8299 -0.3249
0.1336 -0.2645
0.0789 -0.8502
-1.2363 0.1059
-0.0980 0.1045
0.0997 -0.3117
0.5473 -0.4244
0.2041 0.4016
0.1269 0.0259
0.1399 -0.5441
-0.6868 -0.4353
0.5833 0.0976
0.0629 0.8075
0.5540 -0.3139
-0.3974 0.7268
0.2511 0.2148
0.5881 -0.4768
-0.5987 0.2177
0.2922 -0.9076
0.4306 -0.4794
-0.1336 0.0719
-0.1154 -0.0952
0.7511 -0.3299
-0.7882 -0.0356
0.1247 -0.1086
0.1927 -1.0971
0.4334 -0.0201
-2.9951 -0.2872
-2.9718 -1.0182
-0.0176 0.2699
0.2832 0.3535
0.2670 0.1161
-0.5972 -1.0912
-1.4770 -1.4302
0.0578 -0.0270
0.3103 -0.2418
0.0650 -0.3029
-0.4792 0.0531
0.5692 -0.5572
0.0160 -0.3174
-0.0754 0.1181
0.0644 -0.7539
-0.1128 2.8241
2.5014 -1.9020
-0.6444 -0.5192
0.5777 0.6931
-0.9074 -0.1492
-0.0942 -0.2117
0.1138 0.0558
-0.4577 0.0380
0.1503 0.0392
0.3133 0.1407
-0.8681 -0.4773
2.7620 -0.8685
0.5289 -0.2074
-0.2082 0.1092
0.0665 -0.1044
-0.4221 0.7238
0.0452 0.3355
0.4340 -0.1782
-0.1721 0.3351
-0.8023 -0.2688
-0.0873 -1.4827
0.7932 0.1214
0.2844 1.7003
0.0466 -0.0417
0.6833 -0.1115
-1.3017 -2.4936
-0.0295 0.0162
-0.0817 -0.4202
0.2032 0.2334
-0.7177 -0.5291
0.7709 -0.2553
-0.0500 -0.0157
0.2061 -0.2821
0.0033 0.0222
-1.1917 -2.6704
0.3185 0.1522
-0.6573 -0.1615
-0.0006 0.0016
-0.0422 -0.1022
0.1044 -0.0595
-0.3895 -0.3326
0.1609 -0.2841
-0.4139 0.2280
-0.0282 -0.4306
-0.5592 -0.6667
0.1081 0.4065
1.6681 -2.0151
-0.3488 0.4091
-0.2669 -0.4018
0.0055 -0.7159
0.1843 -0.1707
-0.5884 1.7146
-0.2308 0.3819
0.6549 -0.6844
1.5026 -3.2585
-0.1399 -1.1170
-0.3636 -0.2784
0.2894 -0.1679
0.6338 0.2271
-0.2036 -0.0710
-0.8948 0.1664
-0.2428 0.4551
0.1222 0.2927
-0.0406 -0.3504
-0.3655 0.0884
-0.5492 0.6570
-1.1053 1.3496
-0.1460 0.3726
-0.3132 -2.0886
0.2712 -0.4601
-0.1130 0.7951
0.0580 -0.2131
-0.4169 -0.4419
-0.2081 -0.2795
-0.3099 0.3167
-0.0399 -0.0246
0.1995 -0.5118
-0.6171 -0.6749
-0.0051 -0.3397
-1.3688 0.0979
0.0177 0.1121
0.5211 -0.3500
-0.0037 -0.0253
0.2311 0.2296
-0.2531 0.1866
-0.2574 0.5843
-0.2761 0.1039
-0.1210 0.0427
0.0546 -0.1282
1.4071 1.7791
-0.8849 -0.3359
0.9830 -0.0657
0.0648 -0.1790
0.0756 0.0038
-0.0276 -0.6759
-1.9220 2.6987
-0.8932 -0.3229
-0.4194 0.2206
0.4380 -0.6835
0.5232 -0.0162
0.5812 0.2784
-0.2756 -0.1709
-0.5270 0.2493
1.5230 -2.6704
-0.4941 -0.2453
-3.3785 0.5708
0.5306 0.0539
-0.4399 0.8130
-2.0678 -2.0471
-0.0077 -0.0087
-0.3680 -0.5750
0.7741 -0.3737
-0.5144 -3.6490
0.3556 -0.7122
0.1838 0.3129
-0.1292 -0.0406
1.0583 -0.5538
-0.2606 -0.3553
-0.3431 0.8962
-0.4704 -0.2303
0.3186 0.2431
0.7123 0.4035
0.8011 -0.3048
0.4835 -0.7105
