0.1403 0.3790
-0.4839 0.7998
-0.2764 0.9436
0.2703 0.5152
-0.0492 0.5426
-0.5104 0.4723
-0.3447 0.8256
0.8108 0.0178
0.9358 0.2371
0.2392 0.1287
-0.0356 0.0796
0.1479 -0.5431
0.4496 -0.2921
0.1356 -0.0718
0.5637 0.7345
0.6141 0.2487
0.8483 0.4471
-0.0007 0.2724
0.6923 0.2571
0.0315 0.0062
0.1792 0.2187
0.0854 -0.5727
-0.3167 -0.0990
0.2304 0.1429
0.5045 0.9843
-0.3690 -0.0267
0.0636 0.7534
-0.0349 0.1102
-0.0188 0.5703
0.1155 0.2860
0.6241 -0.5092
0.2643 0.6988
0.2456 -0.3115
-0.0071 0.0054
0.0285 -0.1434
-0.1516 -0.9330
0.6336 0.1079
0.0997 -0.3197
0.2163 0.5816
0.1453 0.5022
2.6497 -2.4479
0.2935 0.7958
-0.1414 0.7979
0.1451 0.0303
0.3439 -0.8531
-0.0563 -0.0796
0.1258 -0.2317
0.5212 0.4660
0.8634 -0.3272
-0.3917 -0.5415
