0.7279 -0.6583
0.5660 0.0549
-0.1550 -0.0220
0.3147 -0.2046
0.0868 -0.2813
-0.8282 0.0663
-0.3060 -0.2180
-0.3922 0.6323
-0.7395 -0.2374
0.2581 -0.2285
-0.1215 -0.3226
-0.0073 0.7114
0.1186 -0.1790
0.4044 -0.0655
-0.3770 -1.3385
-0.7035 0.4861
-0.0240 -0.0017
-0.5212 0.5887
0.1464 -0.7538
0.3617 -0.8759
-0.0265 -0.4461
0.0102 0.4841
-0.1538 -0.0026
-0.9418 0.1620
-0.1458 0.9316
0.0761 0.2303
-0.0126 0.0027
-0.0887 -0.0629
0.1426 -0.4193
0.1654 0.2317
-0.5899 -0.7558
0.0190 0.0066
-0.0662 -0.2715
-0.0000 -0.0078
0.3537 -0.5726
-0.9080 -0.3859
-0.3491 0.2046
-0.8830 -0.2442
-1.8211 1.0686
0.3908 -0.6544
