0.7954 -0.3549
0.3765 0.1172
-0.7420 0.6357
-0.0864 0.0893
-0.0251 -0.0097
0.3903 0.6613
-0.4208 -0.4730
0.0673 -0.8380
-0.2158 0.3969
0.3654 0.3719
-0.0038 0.0058
-0.0499 0.2470
0.4448 -0.2582
0.0236 -0.0109
0.8161 -0.1274
-0.6559 0.3337
0.0952 0.3354
-0.2150 -0.4699
-0.1844 -0.2989
-0.3587 0.8413
0.3507 0.7189
0.1536 -0.0252
-0.1197 0.3350
-0.0247 0.1929
0.0897 -0.0524
0.7815 -0.1112
-0.9651 -0.1290
-0.0595 0.7009
-0.0963 0.1373
0.3092 0.4082
0.6333 -0.2607
0.7891 0.3202
-0.2164 -0.1445
-0.8237 -0.5623
-0.5000 -0.7252
0.1440 -0.1783
-0.1635 -0.6359
0.4391 0.3316
-0.4565 -0.4751
-0.8838 0.0940
