0.8201 0.4523 0.1815
0.3964 0.3042 0.0900
-0.6901 0.4329 0.5662
-0.6518 0.5653 -0.1641
0.1480 -0.6984 0.3280
-0.1413 -0.3212 0.6601
0.0139 0.0393 0.8674
0.0427 0.4517 -0.3081
-0.2916 0.0600 0.4944
0.0231 -0.0270 -0.1126
-0.2773 0.0427 0.6627
0.0023 -0.0644 0.7812
0.3873 -0.1605 0.1921
-0.0395 -0.0155 -0.1038
-0.0210 -0.0400 0.0076
0.1804 -0.2055 -0.8015
-0.1098 -0.0760 0.0045
-0.5750 -0.3399 -0.3752
0.4228 -0.2589 -0.1353
-0.2390 0.4451 0.6128
0.0906 -0.5210 0.0304
-0.1366 0.4873 -0.3570
-0.1863 -0.4980 -0.5386
0.1852 -0.0013 -0.1014
-0.6031 -0.6804 0.1806
-0.6665 0.1919 -0.0613
-0.1324 0.0635 -0.2316
0.4510 0.0147 -0.7108
-0.0341 -0.0900 -0.3381
0.0307 -0.0580 -0.0895
0.4095 0.2421 -0.0124
-0.1563 0.2449 -0.3827
-0.4624 -0.3414 -0.3880
0.0833 -0.0637 -0.3730
0.0775 0.6375 -0.4939
-0.4570 0.1844 0.1720
0.0392 0.4116 -0.3638
0.3410 0.3082 -0.7755
0.0285 -0.0073 -0.2987
-0.0029 0.2641 -0.7498
-0.0736 0.0221 -0.3063
-0.0740 0.4512 -0.3359
-0.0625 -0.1112 0.0021
0.3293 0.4045 -0.8446
0.0916 0.2515 -0.4112
-0.1092 0.1163 -0.3345
-0.9450 0.2492 -0.0057
-0.0284 0.4153 -0.2681
-0.4618 0.0988 -0.3343
0.0385 0.0635 -0.0021
0.0058 -0.0092 -0.2381
-0.4715 -0.0949 0.3308
0.0411 0.0217 -0.1529
-0.4211 0.2863 -0.6759
0.3227 0.2437 -0.2348
-0.0729 0.2264 0.0789
0.0678 0.0174 0.2269
-0.0224 0.0300 -0.1870
-0.0157 -0.6344 -0.0148
0.1935 -0.2165 0.4691
0.2420 0.1655 -0.1082
-0.7319 -0.2704 -0.3746
-0.9050 0.1114 -0.0477
0.0322 -0.0583 0.1966
-0.0230 -0.0164 -0.0368
0.0828 -0.1940 -0.0186
-0.0161 0.2338 0.7511
0.0069 0.1084 -0.2481
-0.7541 -0.1569 -0.0202
0.0289 -0.0470 -0.0943
-0.0393 -0.1658 0.1587
-0.1983 0.2479 0.7212
0.0587 0.1662 0.0841
0.0303 -0.4637 0.4718
-0.0833 -0.4862 -0.7147
-0.1578 -0.0542 -0.9737
0.5747 0.3758 0.1378
-0.7956 0.0081 0.3392
0.5080 0.1551 -0.1783
0.1346 0.0531 0.6379
-0.0731 0.2821 -0.8305
0.1297 -0.0236 -0.1160
0.0157 0.0737 -0.8662
0.1861 0.0808 -0.5192
0.0040 0.0050 0.0133
-0.6648 0.3686 -0.2222
-0.4082 -0.2952 -0.7608
-0.0342 0.0536 -0.0912
0.0117 -0.0511 -0.4271
0.0430 -0.0973 0.2063
0.0029 -0.0089 -0.0175
0.2630 0.4438 -0.0849
-0.0407 -0.0097 0.2082
-0.2776 0.5260 0.5354
-0.1448 -0.2560 -0.9412
0.3590 0.6512 0.4461
0.0243 -0.0213 0.6616
0.0295 -0.0287 -0.0495
0.2102 -0.2188 0.4105
-0.7387 -0.4111 -0.0966
