0.6545 1.1619
-0.6657 -0.3222
-0.0562 -0.6330
0.6161 0.7022
-0.6998 -0.3171
-0.0452 -0.1754
-2.6933 1.7871
-0.1417 0.1817
0.0044 0.2447
0.6483 0.4745
0.0305 0.0858
0.3996 -0.8909
0.3816 -0.3235
0.8051 -0.0553
0.3815 -0.6764
0.0952 -0.0385
0.1091 -0.0899
-0.6304 0.2271
-0.0955 -0.3275
-0.0246 -0.6843
-0.2779 -0.4285
-0.9361 0.2655
0.4066 -0.3028
-0.2892 0.1946
-0.0618 -0.5781
0.8741 0.3543
0.1254 -0.2719
-0.2899 0.2603
-0.0259 -0.0511
-0.6322 0.5230
0.9448 0.0552
-0.2319 -0.2738
-0.0260 -0.7634
-0.1582 -0.1886
0.0273 -0.6477
-0.7882 0.5841
0.0003 0.0004
0.1328 0.0896
0.1641 0.0772
-0.3573 0.1002
