0.8160 -0.2481
-0.3452 -0.1800
-0.0125 -0.0060
0.2179 0.0647
0.8315 -0.4724
0.2435 0.0440
-0.4215 -0.7680
-0.0568 0.2979
-0.0375 0.0045
0.0908 0.9949
-0.3426 0.0057
0.7462 -0.2757
-0.2446 0.8170
-0.1406 0.0229
0.0861 0.0024
0.4870 -0.5426
-0.4309 0.1621
0.1142 0.1585
0.2382 0.1495
-0.3580 -0.5052
-0.1281 0.3727
0.1309 0.2638
0.1579 -0.2180
-0.2244 -0.7830
0.2574 -0.5268
-0.3441 0.2208
-0.2522 0.2215
-0.3173 -0.0368
0.5626 0.3345
0.1505 -0.1407
-0.5611 0.2559
0.0250 0.0951
0.0011 0.2837
-0.2150 0.3151
-0.3539 -0.2717
-0.1523 -0.0160
0.0519 0.1877
-0.5746 0.7422
-0.3746 -0.2592
0.7528 -0.1794
-0.1993 0.3636
0.3906 0.3444
0.9155 0.3363
0.4879 -0.4757
0.6172 0.6115
0.0200 -0.2073
-0.0795 0.1366
-0.2628 0.0773
-0.7327 -0.2133
-0.4852 -0.0606
