-0.3695 0.1124 -0.0963
0.1193 0.1366 0.7658
-0.0376 -0.0388 -0.0368
0.1835 0.0575 -0.3815
0.2497 -0.0533 -0.5335
0.0929 0.0109 -0.3642
0.0705 -0.0645 0.0693
-0.0865 -0.5202 0.2116
0.3438 -0.0126 0.9179
0.0106 0.0227 0.0505
-0.0396 0.2363 -0.0200
-0.2183 0.0102 -0.5484
0.0683 -0.0629 0.7255
-0.1836 -0.1402 -0.7765
0.0199 0.2299 0.2145
-0.5485 -0.2880 0.5162
0.2792 -0.0103 -0.0262
-0.3225 -0.5946 -0.1583
0.0018 -0.0022 -0.0073
-0.0776 -0.5645 -0.4129
0.1864 -0.3963 0.8273
0.4563 -0.0092 0.8042
0.3676 0.1988 -0.4477
-0.0758 0.2494 0.0756
0.7728 0.0016 -0.1175
-0.3610 -0.5973 0.4673
-0.1536 -0.6898 -0.3693
-0.0384 0.0641 -0.8569
0.0045 0.0180 0.0777
-0.0416 -0.0273 0.0164
-0.0172 -0.1540 -0.0698
0.3815 0.1573 -0.2032
-0.0964 0.0222 -0.7836
0.2861 0.1447 -0.8488
-0.0019 0.0235 -0.0396
0.1227 -0.0749 -0.2003
-0.1922 -0.0212 -0.1081
-0.7923 -0.3785 0.4747
0.1001 0.8085 -0.4007
-0.2479 0.1846 -0.2212
0.3875 -0.0423 -0.0400
-0.0690 0.0721 0.3279
-0.2373 0.4046 0.3974
-0.0014 0.0004 0.0040
0.0894 -0.2087 0.5620
-0.1843 0.0776 0.0114
0.0235 0.0823 0.0601
-0.0009 -0.1904 -0.8364
-0.1368 -0.0389 0.5700
0.0333 -0.0781 0.7724
0.3870 -0.2664 0.4174
0.7527 -0.3045 0.1357
-0.1733 0.0923 0.0414
-0.0129 -0.1428 0.0567
0.0878 0.0316 -0.2825
0.6342 -0.3783 0.1760
0.3501 -0.1180 0.0832
-0.0220 0.0029 -0.0069
0.0714 0.4017 -0.1601
0.2465 -0.0090 -0.2100
-0.1989 -0.1336 0.9677
-0.1739 0.0540 0.1244
0.0684 0.0063 -0.0486
0.0162 0.1728 -0.5649
-0.1231 0.2294 0.8715
0.2253 0.0635 0.0429
-0.3477 0.2594 0.0499
0.0020 0.0081 0.0021
-0.0853 -0.1116 -0.1644
-0.0843 -0.0958 -0.7151
-0.3224 0.2257 0.1192
-0.0575 0.0428 0.0093
0.3240 -0.6236 0.1220
-0.0367 0.0158 -0.0077
-0.0296 -0.0922 0.4312
0.1879 -0.3281 0.1306
0.0648 -0.0044 0.0469
0.0917 0.2366 -0.4657
-0.0107 -0.0065 0.7072
-0.6915 -0.6158 -0.1116
-0.1559 0.1204 -0.4994
0.3919 0.2350 0.7975
-0.5461 0.3343 -0.4907
0.1658 -0.2582 -0.2946
-0.0064 -0.0016 -0.8577
0.0000 0.0001 -0.6692
0.0994 -0.3472 -0.5440
-0.0258 0.0374 -0.6081
0.2379 -0.2692 -0.1920
0.0045 -0.0603 -0.7275
-0.5649 -0.0854 -0.2641
-0.3978 -0.0880 -0.2195
-0.0382 0.0659 -0.3504
-0.0577 -0.0560 0.0494
-0.0396 -0.0631 -0.2167
0.0186 -0.1105 -0.7665
0.0273 -0.0137 -0.1579
0.1905 0.0711 -0.4100
-0.5627 0.4009 -0.6026
-0.1087 -0.6916 -0.3714
0.2819 -0.0941 -0.2860
-0.1448 0.1150 -0.3019
0.0761 -0.1155 0.4649
-0.5784 -0.0750 -0.1381
0.2439 0.2904 0.7245
0.1130 -0.0287 0.2311
-0.1008 0.0698 -0.5374
-0.7720 0.3162 -0.0020
0.0389 0.1415 -0.4473
-0.0062 0.0083 -0.4367
0.0059 -0.0833 0.2181
-0.5963 0.2958 -0.2073
-0.0513 -0.0510 0.7351
-0.0487 0.0837 -0.2390
-0.0911 0.4187 0.4083
-0.0982 -0.3463 0.4606
0.3635 0.8392 0.3844
-0.0206 -0.0120 -0.0077
0.5376 -0.1318 -0.0310
-0.0711 0.4644 0.0059
-0.0249 -0.0048 -0.4304
-0.0130 0.0770 -0.6971
0.0203 -0.2899 -0.2267
0.8003 0.0457 -0.5015
0.0317 0.0196 -0.9684
-0.3277 -0.4911 0.0542
-0.1675 0.0775 -0.1421
-0.3103 -0.1420 -0.4978
0.0253 0.0013 0.1810
0.5952 0.5575 0.2882
0.0762 0.1082 -0.4798
0.7258 0.3893 0.3273
-0.0021 -0.0016 0.2241
-0.4300 0.3511 -0.0556
0.0297 -0.1314 -0.2152
0.9177 0.0438 -0.2198
-0.0370 0.0214 0.0104
-0.1154 -0.4272 -0.5881
0.0737 -0.0317 0.2269
0.2417 -0.2902 -0.3817
0.3837 -0.2805 0.6853
0.0769 0.1181 -0.7311
0.1607 -0.2573 -0.7409
-0.8331 -0.0401 0.0463
0.0764 0.1553 0.9283
-0.0880 -0.0548 -0.1098
-0.0665 0.0118 -0.2433
-0.4662 0.0604 -0.1747
0.0382 -0.1931 0.3617
-0.1257 -0.0354 -0.0142
0.0042 -0.2090 -0.2569
0.0602 0.0333 0.0413
0.0971 0.2189 0.0204
0.5710 0.4474 0.0886
-0.0298 0.0176 0.2869
-0.2013 0.1592 0.2355
0.1087 0.0351 0.0842
-0.0322 0.0296 -0.1670
-0.1362 -0.2605 0.5422
0.1001 0.2253 -0.6877
-0.0494 0.1304 -0.3932
-0.2658 -0.6299 0.0245
0.1198 -0.6256 0.1087
-0.0017 0.0108 0.6201
0.0654 -0.2978 -0.9328
-0.1638 -0.0978 -0.2966
0.0268 0.0267 -0.0191
0.2681 0.3069 -0.1244
0.5645 -0.1638 -0.5132
-0.0027 0.0264 0.1409
0.3349 -0.3657 0.0279
-0.2176 0.4484 -0.6016
-0.0398 -0.0538 -0.0686
-0.1167 -0.8203 -0.0630
-0.6373 0.1826 -0.1701
0.1656 0.1218 -0.0546
0.0240 -0.0320 0.3415
0.0624 -0.1931 -0.3464
0.0136 -0.0068 0.0049
0.2018 -0.0184 0.2493
-0.0670 0.0422 0.2263
-0.2891 -0.2123 -0.0056
0.0257 -0.0064 -0.6334
-0.0461 0.0542 0.2207
0.5043 0.3072 0.0492
-0.0288 -0.5064 -0.3530
0.0138 -0.0795 -0.7384
-0.1274 0.2458 0.2965
0.0522 -0.1416 -0.0583
0.0569 0.2540 0.1778
0.9343 0.1984 0.1572
0.0099 0.0098 -0.8746
0.7574 0.4409 0.3983
-0.1310 0.0156 0.4332
0.1931 0.3024 0.3749
-0.0638 0.0590 -0.0435
0.1193 0.1180 -0.8911
-0.3709 0.1889 -0.9087
0.2015 -0.1751 0.6465
0.2931 -0.0334 -0.0173
0.0344 0.1846 0.1220
-0.3498 -0.0046 -0.7358
-0.1673 0.0213 0.8505
-0.1518 0.2042 -0.7597
-0.1706 -0.2412 0.1908
0.0485 -0.0512 -0.0916
-0.4862 0.4517 -0.5358
0.2154 -0.1861 -0.0097
-0.2575 -0.4197 -0.0584
-0.0177 0.1398 0.0380
0.1294 0.4379 0.4685
-0.0587 -0.0629 -0.3850
-0.0262 -0.0482 -0.2516
0.0333 0.6997 -0.5368
0.0135 0.0269 0.0361
-0.0260 0.0212 -0.3163
-0.3060 0.1881 0.5648
-0.2147 0.1649 -0.4012
0.1421 0.0220 0.0742
-0.4795 0.0231 0.3452
0.1172 0.5349 0.3699
0.0469 0.0803 0.5809
-0.0923 0.1416 0.3684
0.4878 0.0842 -0.4514
-0.5115 0.5952 -0.5111
-0.3502 0.0554 -0.5098
0.1065 0.1199 0.8628
0.0638 -0.2332 0.2385
-0.1035 -0.1026 -0.9150
-0.0283 -0.0218 -0.0048
-0.0489 -0.0240 -0.5590
0.4058 -0.0710 -0.1133
-0.0299 -0.3384 -0.6641
0.3711 0.3313 0.3054
-0.3262 0.0827 -0.5293
-0.0602 0.0487 -0.1245
0.1134 -0.0881 -0.3843
0.0530 0.1489 -0.0197
-0.4922 -0.1527 -0.2346
-0.2073 -0.0293 -0.4256
0.2898 -0.1750 -0.3465
0.0221 0.0138 0.0511
-0.0034 -0.0008 0.0804
0.3217 -0.3154 -0.4768
-0.2128 -0.7010 -0.1080
0.0334 0.0195 -0.5692
-0.0057 0.1433 0.1745
-0.1159 -0.1821 0.1910
-0.0988 0.0419 -0.0057
0.5681 -0.2547 0.3444
3.6913 -0.5706 0.1300
3.1470 0.6637 -0.3618
3.0258 -0.0117 -0.1604
3.2119 -0.2419 -0.4398
3.2011 -0.0727 -0.3853
3.0225 -0.5966 0.3448
3.0545 0.5060 -0.3965
2.6672 -0.2456 -0.6848
2.7039 0.3168 0.2464
3.0294 0.8482 -0.3668
3.6056 0.5162 0.5078
3.2013 -0.0197 -0.0650
2.4849 0.0717 -0.0554
3.1157 -0.4204 0.3254
3.0006 0.0073 -0.0947
2.9378 -0.0324 0.1017
2.9187 0.0629 -0.0013
2.8675 -0.1941 0.8429
2.8498 0.0001 0.0437
3.1122 0.3072 -0.4351
3.2671 0.1255 0.2143
3.0024 0.0087 -0.2733
3.3373 -0.0372 -0.8883
2.8268 -0.0720 -0.4938
2.9222 0.4501 -0.1746
3.1124 0.2446 0.9265
3.0536 -0.4417 0.0811
2.9595 -0.0184 -0.0180
3.0103 0.0245 -0.0669
3.1944 0.1703 0.3734
2.9640 0.0549 0.0414
3.2279 0.1016 0.0528
3.1588 -0.1531 0.0441
3.0284 0.2950 -0.3053
2.7574 0.1689 0.4762
2.9899 -0.5875 0.4907
2.5361 0.2955 0.5088
2.8141 0.0811 -0.3053
2.5904 0.5994 -0.6351
3.0695 -0.0740 -0.3064
3.0098 -0.0209 -0.0573
3.0292 -0.0097 0.7048
3.1803 -0.1332 -0.1872
2.9807 0.0274 -0.0051
2.9325 -0.0199 -0.0230
2.8186 0.2273 -0.3275
3.0276 0.0044 -0.2480
3.1127 -0.0303 -0.0607
3.2582 0.0694 0.0574
2.4650 0.1182 0.1167
2.9614 0.0254 0.0762
3.0282 -0.0031 0.1286
3.3003 0.0643 -0.0869
3.2245 -0.3982 0.1636
2.6797 0.0728 0.5568
2.9792 0.1333 -0.0349
2.9303 0.5172 -0.0596
3.4656 0.1349 -0.3438
3.0723 -0.4406 -0.6341
2.7758 0.2598 0.5811
3.1260 0.1770 0.0517
3.1758 0.3032 0.3279
2.4694 0.0117 0.2004
3.2026 0.0308 0.2015
2.5288 0.8236 0.2719
3.0794 -0.0013 0.2114
2.9325 -0.0453 -0.0839
3.6006 -0.3986 -0.5190
3.0049 0.0276 -0.2974
3.9118 -0.1572 0.3720
2.8868 0.3685 -0.4977
2.8570 -0.0441 0.6305
2.3453 0.4061 -0.5447
2.9807 -0.0129 0.0157
3.0016 -0.0040 0.0042
3.8205 -0.3271 -0.3918
3.0107 0.0010 -0.3229
3.3480 0.1843 0.8928
2.9702 -0.0672 0.0817
2.9199 0.6096 -0.6781
2.9927 -0.0238 -0.0189
3.2586 0.1493 -0.6992
3.1404 0.2665 0.5949
3.0098 -0.0118 0.0578
3.1110 -0.0335 -0.0191
2.9956 0.0146 -0.6192
3.0231 0.2799 0.1600
3.1708 0.0441 0.3034
2.7847 -0.0121 0.7064
2.9735 0.2100 0.0390
2.9652 -0.0473 0.5459
3.1875 -0.5741 -0.6188
3.4279 0.6843 -0.0235
3.0420 -0.0324 -0.5725
2.6543 -0.1337 -0.2764
2.9733 -0.0219 -0.1422
2.9746 -0.0424 -0.8251
3.0978 0.1372 0.1626
3.0166 -0.3211 0.6002
3.2384 -0.1098 0.1566
2.9696 0.1238 0.1196
2.8477 -0.0803 -0.4281
3.0132 0.0583 -0.0884
2.8369 0.4953 0.5948
3.0485 0.0074 0.2706
2.9641 0.0582 0.1070
3.0763 0.1480 0.0051
3.1086 0.0350 -0.0015
3.0082 0.0084 -0.2693
2.9859 0.0420 -0.6111
2.2514 -0.4583 -0.0737
2.4180 0.0051 0.1891
2.9041 -0.0173 0.0405
2.2511 0.2437 0.3132
2.8491 -0.5565 -0.7440
2.7570 0.1698 0.5669
2.8700 -0.0081 0.9015
3.0032 -0.0225 -0.0134
3.2761 0.0626 -0.4690
2.9262 0.0259 -0.1239
3.0201 -0.5224 0.3166
3.0778 0.2511 -0.2251
3.0360 -0.0717 0.0368
2.8603 0.0661 0.1078
2.9527 -0.5407 -0.4657
3.0326 -0.0442 0.5162
3.4047 -0.1003 -0.5210
2.6636 0.4156 -0.0021
2.9020 -0.7340 -0.5373
3.1927 0.0001 -0.1786
2.9400 -0.0022 -0.0339
3.3237 -0.3221 -0.6792
2.3192 0.6129 -0.3652
3.5290 0.1037 0.1591
2.5456 -0.4856 0.5862
2.9999 -0.0778 0.0604
2.8235 0.0388 -0.9317
2.1698 -0.1127 0.0469
2.7032 0.2819 -0.3175
2.7364 0.4322 0.6485
2.8674 0.2065 0.3561
2.6424 0.3171 -0.0105
2.9957 0.1621 -0.4281
3.1833 0.2566 -0.1680
3.0427 -0.1240 -0.5210
3.0955 0.3039 -0.4312
3.6209 -0.5781 0.1101
3.3053 -0.8588 0.2747
3.6977 -0.0837 0.1032
2.9120 0.4352 -0.2714
2.6841 -0.1603 0.5549
2.9708 -0.0151 -0.1920
2.4659 -0.5295 0.5978
2.9865 -0.0139 -0.3806
2.8415 0.1846 -0.8675
3.0040 0.0129 -0.0200
3.0239 -0.0004 -0.0751
2.4345 0.5706 -0.0213
2.9773 -0.1108 0.8583
3.1530 -0.2371 0.1766
3.0001 -0.0030 -0.2950
3.1863 0.0278 -0.0322
3.0087 0.0461 0.0761
2.6499 0.0418 0.8178
3.0439 -0.0100 0.1348
2.8416 -0.0091 0.2058
3.0324 0.2711 0.2724
3.0953 -0.5886 -0.0741
3.0091 -0.0033 0.1165
2.8463 -0.4526 0.1019
3.0698 0.2905 -0.6411
2.9999 0.0001 0.0024
3.2600 -0.5689 0.0181
2.6728 -0.0304 0.5949
3.1022 -0.1927 0.2541
2.7675 0.4806 -0.0709
2.8467 -0.0255 0.1007
2.6556 0.2070 0.7985
3.1177 -0.6382 -0.4576
3.0603 -0.0530 0.2111
2.6320 0.7360 0.1099
3.0452 0.3399 0.7834
3.0193 0.2421 -0.2593
2.9991 0.1721 -0.4730
2.7795 -0.1325 0.0989
3.0511 -0.0336 -0.1106
2.9979 0.0011 0.0886
2.9888 0.0342 -0.1056
3.2285 0.2608 0.8827
3.0555 0.0092 0.0682
2.8680 0.7182 0.4251
3.0128 0.0233 0.0256
3.0412 -0.0855 0.1828
2.8731 0.2701 -0.0211
2.8637 0.3365 0.5147
2.7187 0.1625 -0.0069
2.8928 0.2691 -0.3248
2.8463 -0.1313 0.4999
3.3476 -0.5259 0.1346
3.1735 -0.0226 -0.4966
3.2640 0.2524 0.2113
3.4674 0.1444 0.7690
2.9557 0.0183 -0.0208
2.9969 -0.0122 -0.5599
2.8756 0.0596 -0.1913
2.9770 0.0635 0.0853
2.9198 -0.0914 0.8149
3.7609 0.1336 -0.2522
2.0478 -0.1035 0.0433
3.5270 0.0460 -0.7390
3.0044 0.1054 -0.1733
2.8938 0.0163 -0.1736
3.0000 0.0560 0.0240
2.9332 0.0618 0.0191
2.9978 -0.1344 -0.1225
2.0631 -0.0101 -0.2731
2.9587 -0.2629 0.5167
3.2462 0.3177 0.4620
2.7672 -0.6942 -0.5547
3.3857 0.4294 0.4820
2.8050 0.0739 0.4408
3.0214 0.3143 -0.7793
2.3538 0.3182 -0.1136
2.9968 -0.0161 -0.0203
3.1661 0.3602 0.4678
3.0457 -0.0688 -0.4298
3.1142 0.1214 -0.2305
3.5965 -0.2613 0.7246
2.2085 -0.1321 -0.2865
2.9253 0.0064 -0.0087
3.0190 -0.5816 0.4658
2.9970 0.0139 -0.1330
2.8391 0.0644 -0.3927
3.6040 0.3540 0.5990
2.9656 0.0243 -0.0169
3.1069 0.0692 -0.0580
2.9632 -0.2076 -0.5595
3.1704 0.7244 0.6425
2.9774 0.0230 -0.3589
3.5783 0.0129 -0.3694
3.0454 -0.0221 -0.0657
3.0188 0.0759 0.3656
3.1840 0.3109 -0.0588
3.0106 -0.5125 -0.6469
3.0397 -0.0584 -0.9019
3.4961 0.6800 0.2527
2.6678 -0.0958 -0.0529
3.0485 0.0504 -0.8423
2.9528 0.1030 -0.3530
3.1180 -0.0033 -0.2772
