0.0737 0.0139 -0.8999
0.2395 0.4356 -0.1053
-0.6339 -0.0434 0.1657
-0.0308 0.1986 -0.5229
-0.0930 0.1392 -0.2544
0.4154 0.2516 -0.0631
-0.0058 -0.5890 0.1804
0.1557 0.0460 0.7941
0.1316 0.7034 -0.2796
0.0990 -0.0404 -0.2974
-0.0758 -0.0613 0.3813
-0.0544 -0.3109 -0.5480
0.0267 -0.0122 -0.0394
-0.0969 0.0078 0.4200
-0.0592 -0.1136 -0.3849
0.3691 -0.5382 -0.6834
0.6560 -0.1940 -0.0720
0.1210 -0.4211 0.1216
0.0350 -0.1065 0.2292
-1.3266 -1.4248 -0.8766
-0.0057 -0.0009 0.7603
-0.0096 -0.0058 0.0170
0.1264 0.0631 0.1722
-0.0253 0.0195 -0.0320
-0.0464 -0.0298 -0.0419
-0.1198 0.0160 0.6487
-0.0236 0.0954 0.0238
-0.4570 0.2478 -0.0258
-0.0075 0.0286 0.0138
0.0383 0.0169 0.4853
0.0936 0.1468 -0.7883
0.1067 -0.1835 -0.9620
0.0046 -0.0021 0.0088
-0.1687 0.1265 -0.1540
0.1056 0.5194 0.8439
-0.0641 -0.0348 0.1070
0.3839 -0.0502 0.6658
0.0478 -0.0237 0.0208
0.1462 -0.5520 0.4041
0.2897 -0.0274 -0.0846
0.4224 -0.3218 -0.7822
0.0000 0.0081 0.3756
-0.1965 -0.2618 0.1011
-0.0549 -0.2832 0.6702
-0.4010 0.4406 -0.3966
-0.0388 -0.0229 0.0174
-0.7269 0.0162 0.1642
0.0266 0.5449 0.7531
0.0684 -0.0321 -0.1282
-0.0412 0.0162 -0.0086
0.1891 0.0932 0.0406
-0.3346 0.0185 0.7059
0.4840 -0.0048 0.4094
0.0034 0.0147 0.6042
0.7387 -0.3376 0.0849
-0.3036 0.0746 0.7422
0.4264 -0.3577 -0.3078
-0.1743 0.0090 -0.9249
-0.3397 0.2147 0.0719
-0.0074 -0.2571 -0.7987
-0.4222 0.1881 -0.8586
0.0678 -0.0076 0.1112
-0.4445 1.4308 -0.0345
-0.1126 0.6377 0.4162
-0.0146 -0.0122 0.3437
0.1089 0.1322 -0.0771
-0.2202 -1.3556 -0.2398
-0.0900 -0.3953 0.3343
0.8170 0.0431 0.2445
-0.0198 -0.0078 0.1014
0.1077 0.9367 -0.0827
-0.0073 -0.1202 0.0206
0.0267 0.0566 0.2457
0.1943 -0.5034 -0.1851
-0.3297 -0.1515 -0.5160
0.0008 0.0015 -0.0669
0.0116 -0.1407 -0.2092
-0.0843 0.1811 -0.2553
0.0088 0.0044 0.0124
-0.0865 -0.1976 -0.1045
0.0501 -0.0159 -0.9850
0.4122 -0.2810 -0.8333
-0.4699 0.2442 -0.2227
-0.0001 0.0013 -0.0002
-0.1101 -0.0424 0.0804
2.4872 -0.8617 -2.0859
0.4644 -0.0835 -0.1372
-0.0214 -0.0287 0.1717
-0.0776 0.1949 0.3208
-0.2068 0.6101 0.3882
0.3086 -0.0896 -0.2026
1.5255 -0.5703 0.4735
-0.0087 0.0245 0.0223
0.1594 -0.1579 0.0221
-0.5626 -0.5491 -0.4772
-0.0282 0.0020 -0.0463
0.0007 0.0075 -0.1331
-0.0959 0.2074 -0.7395
0.2438 -0.5968 -0.0411
0.0182 -0.2810 -0.2980
