0.1989 0.0896
-0.0036 -0.8631
0.8193 0.1358
-0.8035 0.1204
-0.7815 0.2672
-0.0203 -0.0033
0.8002 0.0991
-0.2917 0.4380
0.1341 -0.0785
0.4585 -0.5470
0.0464 -0.6312
-0.5081 0.7967
-0.1019 -0.4689
-0.3043 -0.2475
-0.6049 0.4670
-0.2369 0.0581
0.1784 0.4264
0.2944 0.5924
-0.4344 0.0714
0.3145 -0.3897
-0.5757 0.4894
-0.2010 -0.4340
0.4974 -0.5522
0.3953 -0.4348
-0.0097 0.0309
-0.4545 -0.0339
-0.0133 0.5804
-0.2732 -0.6041
0.1162 -0.1242
0.6898 -0.2503
-0.0903 0.3931
-0.5583 -0.1328
0.0068 -0.0035
-0.0169 0.1686
0.8812 -0.4237
0.4962 0.0729
-0.4021 0.1911
0.4022 -0.2411
-0.0621 0.0935
-0.7018 -0.5145
-0.7176 0.3351
-0.6150 -0.2748
-0.7756 -0.1172
-0.1976 0.0273
-0.1048 -0.5632
0.2749 0.4373
0.1822 0.4005
0.4087 -0.2246
0.0183 -0.3918
-0.2571 0.1960
-0.0172 -0.0109
-0.7438 -0.0286
-0.7168 0.0211
0.0658 -0.1427
0.1772 0.0426
0.0361 0.9831
-0.2318 -0.7722
-0.0179 -0.0100
-0.2430 -0.2693
0.1874 -0.2296
-0.0705 -0.2244
-0.1125 0.1100
0.0203 -0.4851
-0.8387 0.3183
0.4289 0.0673
-0.0180 0.7580
0.2871 -0.3193
-0.1895 -0.0382
-0.3008 -0.3077
0.0638 0.0212
0.1520 0.2942
-0.4590 0.1917
-0.3284 0.6519
-0.1706 0.9255
0.1330 0.0053
-0.4389 0.0220
0.0432 0.5387
-0.1788 -0.5632
-0.7242 -0.2547
0.0740 -0.3667
0.1616 0.8023
0.0130 0.0321
-0.0096 0.0596
-0.3976 0.7493
-0.3135 -0.1479
0.4900 0.3092
0.7292 -0.0747
-0.9101 0.3838
0.4335 -0.0286
-0.5263 -0.3414
-0.0373 -0.0184
0.6199 0.1010
-0.0085 0.7831
0.0933 0.2046
0.1728 0.2636
0.0669 0.2263
0.4968 -0.7118
0.5796 -0.2062
0.4393 0.5974
0.0522 0.0417
0.1130 -0.7260
-0.3077 -0.1663
0.7961 -0.1836
0.7483 -0.3358
-0.5411 -0.2077
-0.5956 -0.1043
-0.1080 0.2103
-0.5513 -0.5944
-0.8053 0.3610
-0.0468 -0.1748
-0.0686 0.4758
-0.4496 -0.7506
0.1972 0.0790
-0.5416 0.3406
0.8892 -0.3909
-0.1324 -0.5521
0.0061 -0.0409
0.0387 0.0932
-0.6812 0.4660
-0.0791 -0.1686
-0.1129 -0.4548
0.0053 -0.6115
-0.0371 0.3382
0.0550 0.3844
-0.2428 -0.2458
-0.1726 -0.9557
0.5094 -0.2814
-0.2182 -0.9133
-0.3877 -0.4039
-0.4256 0.7570
0.1032 0.7183
0.0707 0.2303
0.4116 -0.1170
-0.5716 0.0224
-0.4113 0.3284
0.1020 -0.0061
-0.3155 0.7755
-0.2834 0.8683
0.1223 -0.6923
-0.1047 0.4545
-0.8254 0.1406
-0.1915 -0.2980
0.4657 0.5524
-0.6925 -0.6628
0.7165 0.5989
0.1762 -0.2011
-0.4817 -0.0214
-0.1999 0.0421
0.2332 -0.1149
-0.3807 -0.6702
-0.7035 0.3686
0.0264 0.7914
-0.0272 -0.0780
-0.7366 0.4801
0.0365 0.5421
0.0264 -0.7952
-0.1477 0.3422
-0.1299 -0.2852
-0.4319 0.1079
-0.4342 0.2097
0.5246 -0.4614
0.9274 0.1728
0.0246 -0.0414
0.0116 0.1606
0.2323 -0.2040
-0.7638 -0.3123
0.1317 0.1156
-0.4566 0.3334
-0.0614 -0.0355
0.2938 0.2980
0.3589 -0.6787
-0.3663 0.2077
0.0389 0.1134
-0.7681 -0.1120
-0.3080 0.0666
0.3531 0.1626
0.1339 0.7177
-0.8321 0.5043
0.3181 -0.8065
0.0252 0.0885
0.4595 -0.0993
0.1021 0.4592
0.0739 -0.0871
0.1278 0.5903
-0.1069 0.7157
0.6315 0.7144
-0.5129 0.3215
0.0014 0.0265
0.1561 -0.7784
0.5085 -0.3540
-0.0451 0.0520
0.1097 0.0054
-0.3892 0.4004
0.5366 -0.0046
0.2534 -0.1749
0.3528 0.4047
0.1692 0.0457
0.3192 -0.3640
0.1851 0.0610
0.7738 0.2762
0.2254 -0.1114
0.0436 -0.6005
-0.0514 -0.8518
-0.9659 -0.0527
-0.1537 0.3402
-0.2137 0.1136
-0.2099 -0.1908
-0.0643 -0.1956
-0.0928 0.1338
0.2447 0.2609
0.1606 0.1829
0.7452 0.2692
0.4729 -0.5323
-0.4682 0.0017
-0.1895 0.7755
-0.6282 -0.1914
0.0564 0.2444
0.6073 -0.0525
-0.2759 0.3181
0.0890 -0.2365
-0.1410 0.0057
-0.0938 0.4667
-0.0851 0.1370
-0.8359 -0.0796
0.1047 -0.3346
0.4158 0.3385
-0.1997 0.5233
-0.1253 0.6069
-0.2143 0.4363
-0.8099 -0.5284
0.5557 0.8197
0.0344 -0.1164
-0.0506 -0.0170
0.1829 0.2351
0.1142 -0.4146
0.9318 -0.3449
0.2070 0.1529
-0.0645 -0.0872
-0.3045 -0.2787
-0.1034 0.3734
-0.2403 0.4234
-0.3670 0.3217
-0.0093 -0.0310
-0.0220 -0.0098
0.1200 0.5167
0.3089 -0.0329
-0.0297 0.1137
-0.3932 -0.1700
-0.3015 0.8080
0.6928 0.3065
2.0070 0.5477
2.9177 -0.3609
2.9573 0.2854
2.0573 -0.1767
2.5086 -0.5070
2.6436 -0.4437
1.9941 -0.0100
2.5544 0.0706
2.1301 -0.2527
1.7190 0.6529
1.9858 -0.0222
1.9138 0.6861
2.8915 -0.2579
1.1093 0.0401
2.4742 -0.1819
1.9585 0.2188
1.9038 -0.1836
1.8280 -0.0599
2.8676 0.0758
2.3062 0.7253
1.5299 -0.1828
1.3196 -0.7297
1.6867 -0.2415
1.5677 0.0416
1.4560 -0.2138
1.9027 -0.3286
1.9738 -0.0117
1.9875 -0.0077
2.0008 -0.0349
1.4123 -0.2074
2.0262 -0.2237
1.9136 0.1909
2.0457 0.4956
2.1595 0.0008
1.6491 -0.5242
2.2918 -0.6548
2.0413 0.1800
1.7067 -0.2615
2.6711 0.0432
1.6272 0.0614
2.2899 0.6111
1.9808 -0.1918
2.3595 0.8370
1.4768 -0.0071
1.6492 0.6027
1.9614 0.1227
2.3409 -0.0906
1.5938 -0.8294
2.8529 0.1877
2.0974 -0.6124
2.5908 -0.2738
1.8292 0.1367
2.1324 0.4608
2.2745 -0.1619
2.3174 0.2214
1.8527 0.3937
1.6702 -0.2541
1.7853 0.3971
2.0069 0.0067
2.0780 -0.1516
2.0455 -0.2332
1.1426 0.1232
2.1192 0.4337
2.7420 0.0459
1.9194 0.2144
1.7885 0.0528
1.9765 0.0023
1.8249 0.8476
1.4350 0.0993
2.2152 -0.3849
1.9634 0.0797
1.2319 -0.6307
1.7888 0.4257
2.2938 0.1683
2.0814 -0.0471
1.5774 -0.6015
2.3707 0.8347
2.2961 0.0459
2.0766 0.9634
1.3390 0.3942
1.9816 0.0146
2.5409 -0.4082
2.8859 -0.1776
2.8983 0.2043
1.7635 0.3151
1.3108 0.2517
1.5919 -0.3125
1.4924 0.4223
1.9964 -0.1921
1.2370 0.2012
1.2086 0.1061
1.8315 -0.2108
1.4727 -0.8372
1.4608 0.7727
1.3371 0.0684
1.2092 -0.3184
2.4643 -0.0940
2.0693 -0.0455
2.9363 -0.1807
1.8007 -0.0496
2.0076 0.4709
2.0238 -0.0134
1.7468 0.5194
1.1421 -0.1324
2.2905 -0.0214
1.8970 0.3095
2.5972 0.1694
2.2563 -0.1827
2.4422 -0.2451
2.0393 0.9226
2.3642 -0.1074
1.6764 -0.5421
2.2218 -0.5305
1.3936 -0.0814
1.8961 0.4000
1.6168 -0.0960
2.0365 0.0056
1.5512 -0.4186
2.4262 -0.3625
2.7416 0.0751
1.2975 -0.7025
1.8798 -0.0677
1.7315 -0.1671
1.3766 -0.4350
2.1572 -0.2962
2.7095 -0.1632
1.4053 -0.2481
1.8478 0.5058
1.1336 -0.3615
1.8316 -0.5822
2.0004 -0.0086
2.3682 -0.5688
2.2223 0.0417
2.4786 -0.7008
1.4512 -0.2379
1.9649 0.2941
1.3375 0.3792
1.1938 -0.2235
2.7954 -0.6021
1.2391 0.3630
1.4654 -0.2423
1.2947 0.4911
1.5237 -0.4445
2.2464 -0.3169
1.7689 -0.7454
2.5521 -0.3056
1.7972 0.2607
1.6510 -0.1261
1.2593 -0.6453
1.8856 0.5914
2.1428 -0.3687
2.0298 0.2532
2.1834 0.3187
1.9843 -0.6389
2.0045 0.6451
2.6627 -0.3256
1.2785 0.3342
1.4258 -0.5378
2.2052 0.0419
1.5624 0.2478
2.7604 0.5426
2.2809 0.3182
2.1635 -0.0953
2.1089 -0.2410
1.7010 0.0485
1.9080 0.0901
2.0696 0.3616
2.3354 0.3953
1.7177 -0.9403
1.9297 -0.3098
1.9468 0.0140
1.5320 -0.3791
2.3891 0.1392
1.7479 0.9301
2.6376 0.3573
1.6218 -0.5059
2.0178 0.4883
1.4173 0.5409
1.3631 -0.1736
1.7271 0.6493
2.1461 -0.6088
1.7408 0.7163
1.8907 -0.0345
2.3161 0.1394
1.1367 -0.1802
2.2620 -0.4814
2.0553 0.1901
1.8683 -0.0504
1.2582 -0.4558
1.6125 0.3051
2.0229 -0.4057
2.0818 0.1008
1.9407 -0.0738
2.0082 -0.0131
2.0055 0.0461
1.2195 0.2344
2.0145 -0.8398
2.4773 -0.4619
2.1751 -0.4927
2.7275 0.3907
2.4135 0.6379
2.7559 0.1016
2.1983 0.0195
2.2935 0.8070
2.6301 -0.2272
1.9058 0.0680
1.8188 -0.3437
1.9199 -0.8666
2.4691 0.0503
1.6835 0.1664
2.9511 0.0212
1.9249 -0.8129
1.9763 -0.2873
2.0197 -0.2030
2.0168 0.5678
1.1123 0.0055
2.3545 0.1473
2.2114 0.5236
2.0366 -0.1190
2.0728 -0.0189
2.0017 0.2051
1.1226 0.0099
2.8375 0.1644
2.2922 0.1054
1.3642 -0.5543
1.1886 0.3486
1.5062 -0.4260
2.0431 0.3437
1.5351 0.2659
2.3399 -0.8280
1.3867 -0.2268
2.0952 -0.1068
1.8327 -0.0993
2.3554 0.8008
1.7846 -0.3251
1.8771 0.4447
1.2396 -0.4934
2.8633 0.4526
2.5066 -0.0770
2.1263 0.7247
1.6047 -0.0151
2.1483 -0.2734
2.3135 -0.3236
1.2232 -0.0399
2.3978 -0.4689
1.9707 -0.9592
1.7377 0.4962
1.5361 0.0123
1.9615 -0.1916
2.2834 0.1291
