-0.6262 0.3155 -0.1594
0.3437 -0.3544 0.7893
-0.1181 -0.0707 0.0923
0.8808 0.3710 -0.2891
0.1726 -0.7026 -0.4608
0.0165 -0.0636 -0.1474
-0.0190 0.0298 0.8515
0.0787 0.0202 -0.3554
-0.2661 0.0300 -0.1199
0.3141 -0.1933 0.4046
-0.1974 -0.1088 0.2955
0.4832 0.2940 -0.3110
0.0051 0.0066 0.6896
-0.0981 -0.3334 -0.5205
0.0318 0.0200 0.0019
-0.0345 0.8105 0.1905
0.1060 0.1244 -0.0196
0.0092 -0.2661 0.5894
0.0130 0.5352 -0.4194
0.1902 0.0815 -0.0873
0.5209 -0.0086 0.5300
0.0569 0.0324 -0.1237
-0.1418 -0.1079 -0.5653
-0.1063 0.0196 -0.3582
-0.0230 0.0052 -0.1173
0.2514 0.0707 0.5793
-0.1026 -0.4006 -0.0478
0.3546 0.1735 0.3795
0.1283 -0.1895 -0.3584
-0.1484 -0.4255 -0.7886
-0.2420 -0.5433 0.5395
0.0132 -0.0356 -0.0317
-0.0720 -0.1340 0.3812
0.2355 0.3136 0.3887
0.1564 -0.4713 0.4497
0.0079 -0.0039 0.0159
-0.0167 0.3068 0.1207
-0.2773 -0.4384 -0.1624
-0.2172 0.0300 0.2961
-0.4178 -0.1751 0.0273
-0.0499 0.0790 0.1499
-0.0065 -0.0099 -0.7874
0.0378 -0.0959 0.3740
-0.1058 0.2215 -0.7908
0.0050 -0.0835 0.1079
0.1103 -0.1302 -0.2120
0.0086 0.0082 -0.0556
0.0519 -0.1347 -0.0635
0.0194 -0.0162 -0.5998
0.6599 0.1575 0.5021
0.0358 0.0380 -0.1644
-0.0731 0.0065 -0.6794
0.0022 0.0330 0.2515
0.0034 0.0610 0.0589
-0.2507 -0.5422 -0.0656
0.1575 -0.1477 0.3216
0.9540 -0.0629 -0.1430
-0.5956 0.4436 -0.1568
0.0291 0.1409 0.8860
-0.2917 0.0288 0.7405
0.4208 0.1745 -0.7293
0.1506 0.2596 0.0830
0.3152 -0.0756 0.5698
-0.1835 0.2134 0.7001
0.0018 0.0039 -0.7138
0.1346 -0.1897 0.1997
0.0014 -0.0009 0.0024
-0.2589 -0.2577 0.4102
0.1797 0.0326 -0.3065
-0.0035 -0.0429 -0.5617
-0.0671 0.1434 -0.0600
-0.6180 0.5160 0.5123
-0.5221 0.1386 -0.2672
-0.7427 0.2485 -0.0478
-0.0723 -0.0522 -0.0040
0.3996 -0.4948 -0.4657
0.1481 0.0201 -0.5890
0.0962 -0.0347 0.7144
-0.3153 -0.5337 -0.1095
0.2365 -0.0511 0.0507
0.0296 -0.0485 0.2471
0.2451 -0.7475 -0.3025
0.0563 0.5021 0.1949
-0.3020 0.1993 -0.5958
-0.2382 0.3906 0.6302
-0.1430 -0.0846 0.5827
-0.5463 0.2891 0.4872
0.5172 0.5783 0.2025
-0.0515 -0.0135 -0.8755
-0.0360 0.0101 0.2289
0.0202 -0.5697 0.5314
0.5081 0.3018 -0.0795
0.3113 -0.0933 -0.1630
-0.2625 0.4912 0.0687
-0.1053 -0.0324 0.1833
-0.0124 0.0081 -0.2310
0.0456 -0.0157 0.7371
-0.0233 0.0071 -0.0406
0.1933 -0.4983 -0.8107
-0.2279 0.1961 -0.0301
