-0.0586 0.2787 -0.3624
-0.0283 0.2321 -0.9765
0.5599 -0.1728 0.3909
0.2990 -1.0439 0.0703
-0.0159 -0.0165 0.1092
-0.1898 -0.1142 0.0374
-0.2844 0.0251 0.7602
0.0150 -0.1678 1.0414
0.0207 0.0064 0.0184
-0.0165 0.0731 0.8830
0.0415 -0.0186 0.5372
-0.6489 -0.0962 -0.8102
0.0022 -0.0044 0.0282
0.2660 0.5832 -0.5590
-0.1494 -0.1039 0.7787
0.8857 -0.7661 0.0850
-0.7993 -0.0786 -0.3564
0.2271 -0.4067 0.2944
0.1317 0.0827 0.1652
0.0340 0.3752 -0.2328
0.0477 -0.3091 0.7151
0.8786 -0.0547 -0.1009
0.1404 -0.0677 0.2559
0.0131 -0.1996 -0.1851
0.0064 0.1509 0.7085
-0.6251 -0.2928 -0.8291
0.1104 -0.0274 0.3915
0.4372 0.4034 0.8296
0.1218 -0.0920 -0.3900
0.2006 -0.2678 0.1032
0.6607 0.3883 -0.0671
-0.0368 -0.1943 0.1809
-0.8303 0.3572 -0.3407
-0.1990 -0.0377 -0.2906
0.0369 0.0274 0.8142
-0.5929 0.5882 0.2963
0.8782 0.4354 -0.1265
0.1619 -0.1739 0.2149
0.0821 -0.1127 -0.3681
0.3890 0.2240 -0.3553
0.0697 -0.2329 -1.0050
-0.0817 0.1692 -0.4139
0.1904 0.1331 0.9810
0.0517 0.1265 -0.7664
0.1287 0.4524 0.0412
-0.0002 0.0002 -0.0001
-0.0494 0.2263 -0.3569
-0.0280 0.0765 -0.1335
0.0005 0.0014 0.1971
-0.0721 -0.0555 0.0779
-0.4100 -0.4235 0.4089
-0.3447 0.2620 -0.7485
-0.4098 0.2308 0.0089
0.0387 -0.0758 -0.0207
0.0010 0.0098 -0.0335
-0.0174 -0.4514 -0.2287
-0.2353 -0.8239 0.3776
0.0127 -0.0382 -0.0125
-0.1678 0.1142 -1.0450
0.0049 0.0111 -0.8041
-0.1963 -0.5553 -0.1706
-0.2864 0.5586 -0.0205
0.4001 -0.3582 0.0748
-0.0321 0.1034 0.3284
-0.4578 -0.0784 -0.4193
-0.0537 0.0645 0.2865
-0.0324 -0.2809 -0.0905
0.1565 0.0368 -0.0247
0.3536 0.1396 -0.8869
-0.3469 0.0412 -0.0030
-0.2381 0.0372 -0.6219
0.4213 0.6453 -0.1222
0.0423 -0.0289 -0.5610
0.3423 -0.1505 0.1781
-0.0800 -0.0077 -0.0661
0.0695 0.0082 -0.0542
0.0979 -0.0435 -0.5045
0.6170 0.4381 0.1697
-0.4286 -0.2849 0.9931
0.6388 0.3272 -0.9448
-0.0124 0.0073 -0.0043
0.5470 0.3416 0.9090
0.3723 0.6025 -0.0429
0.0714 0.0593 0.0451
0.3587 0.2161 0.7315
-0.0660 -0.0529 -0.5602
-0.1744 0.0730 -0.1673
-0.2797 0.6973 0.1824
0.0294 0.1230 0.1138
0.1363 -0.2651 0.1213
0.1912 -0.3241 -0.1835
0.5784 0.0005 -0.2878
-0.7681 -0.0224 0.0739
0.2692 -0.7813 0.8043
-0.4004 0.0993 -0.7805
0.0106 -0.0007 -0.1258
0.0791 0.2248 -0.0575
0.0077 -0.0020 -0.4132
-0.0018 0.5414 -0.4530
-0.0235 -0.2347 0.1702
-1.0673 0.5328 0.0511
-0.1385 -0.4556 -0.0834
0.0173 -0.0227 0.1667
0.0463 0.0339 0.0299
0.0009 -0.0015 -0.0260
-0.1184 -0.2430 0.3744
-0.3752 -0.4565 0.4791
0.0216 0.0200 -0.3103
0.6887 -0.0640 -0.1212
0.3740 0.1072 -0.6530
-0.0187 0.0028 -0.0311
-0.7276 -0.5314 -0.6014
0.3791 -0.4269 -0.9189
0.0619 0.1157 -0.3413
0.0731 -0.0656 -0.3247
-0.2843 -0.1010 -0.3288
-0.3507 -0.2787 0.9361
-0.2199 -0.2017 0.3481
-0.0356 -0.0055 0.0133
0.3925 0.2799 -0.0117
0.4172 -0.1370 -0.0906
0.3685 -0.4041 0.1268
-0.2650 -0.2702 0.0374
-0.4120 -0.4781 0.5585
0.6822 0.0385 0.3023
-0.2182 0.2895 -0.7440
0.8565 0.0744 0.0310
-0.2810 0.6505 -0.5036
0.0333 -0.0174 -0.2227
-0.0578 -0.0690 0.0015
0.0439 -0.1109 -0.1396
0.3126 0.8350 -0.1051
0.0106 0.0946 -0.0351
0.0874 0.0633 -0.1917
-0.1687 -0.2737 -0.3065
-0.4105 -0.1055 0.3792
-0.1452 0.1163 -0.0927
-0.2879 -0.0642 -0.1347
0.0470 -0.0764 0.2644
-0.7019 -0.2224 -0.7003
0.0449 -0.0461 -0.0217
0.3308 0.7056 0.4248
0.1120 0.1023 0.5120
0.2657 0.1044 0.4922
0.0203 0.0041 0.0330
-0.1205 0.0847 0.0795
-0.6036 0.0331 0.5765
-0.1338 0.2892 -0.0927
-0.2983 0.0462 -0.6428
-0.1535 0.4275 0.4870
0.6941 0.2487 0.9207
-0.1045 0.0040 -1.1042
0.1179 0.3066 0.4294
-0.7507 -0.5249 0.1915
0.0043 -0.0052 -0.8566
0.1122 -0.0641 0.2465
-0.0304 -0.1098 0.2788
0.0252 0.0305 -0.4574
0.0900 -0.0375 0.2656
0.0085 0.0279 -0.0236
0.1334 0.0576 -0.9700
0.1855 0.1649 -0.6538
-0.2231 0.0925 -0.5208
0.0428 0.5065 1.0851
0.3886 0.1076 0.6749
-0.4049 -0.4183 0.1728
0.1265 0.3846 0.5986
-0.0297 -0.0199 -0.4217
-0.0218 -0.0521 0.3355
-0.0785 -0.1661 0.5407
-0.2557 0.3303 -0.9278
-0.1201 0.0327 0.5177
-0.0219 -0.3152 -1.0971
-0.0007 -0.1102 -0.2814
0.0067 0.5100 -0.2507
0.0721 0.0740 0.4510
0.0643 0.2730 -0.3388
0.0156 0.0809 -0.0278
0.4824 -0.3310 0.6707
0.0986 -0.0084 -1.1959
-0.5697 -0.5563 -0.4105
-0.1366 -0.0018 -0.0228
-0.0518 -0.1020 -1.0506
-0.3136 -0.1612 -0.9946
-0.0615 0.5987 0.9191
-0.1673 0.1716 -0.5384
-0.2446 -0.4426 -0.7739
-0.0864 -0.0882 -0.4103
0.1612 0.6144 0.4011
0.0055 -0.0054 0.0878
-0.1995 0.1692 0.1722
0.6967 -0.5453 0.6082
-0.4737 -0.0133 -0.1597
0.9709 -0.0486 -0.2892
-0.1593 -0.5106 0.2930
-0.2176 0.3691 0.8150
-0.2796 0.2858 -0.1896
0.0787 0.0002 0.3527
-0.2533 0.2550 1.1092
-0.2934 0.0884 0.0195
0.0877 0.3042 0.1503
-0.3399 -0.4673 0.6798
-0.1135 0.0834 0.0005
-0.0784 0.0267 0.0262
-0.5697 -0.7961 -0.1086
-0.0022 -0.0039 -0.0080
-0.1581 -0.7454 -0.4413
-0.0759 -0.0121 0.3063
-0.3586 0.9738 0.1106
0.8134 -0.5188 0.5729
0.7255 -0.0951 -0.8570
0.5887 -0.4644 -0.8119
-0.0072 0.0041 0.0624
-0.0336 -0.9488 -0.6250
0.1489 -0.5626 0.1916
0.0110 0.6412 -0.9054
-0.0527 0.3979 0.1923
-0.2504 -0.1439 -0.0276
-0.0176 0.0207 0.1082
-0.0453 0.3860 -0.4838
-0.2695 -0.3277 0.6055
0.5879 0.2875 0.7888
0.0442 -0.0609 -0.0388
-0.0197 -0.1052 0.1570
0.4380 0.3097 -0.1553
0.0139 0.0864 -0.1697
-0.8059 0.5038 -0.1280
-0.7076 -0.2879 0.2788
0.0266 0.9745 -0.5194
-0.1939 -0.4185 0.2714
-0.0618 0.4396 -0.2660
-0.2170 0.1184 -0.0021
-0.2294 -0.3801 -0.3068
0.9037 -0.4669 0.0945
-0.4280 -0.9651 -0.3967
-0.5676 0.1291 0.3174
-0.5237 -1.0070 -0.2259
-0.3907 -0.0474 0.9339
0.2654 0.1030 -0.0705
0.2602 0.0475 -0.0053
-0.0532 -0.2718 -0.2172
-0.9318 0.6129 0.2131
0.3507 -0.6421 0.2501
0.1382 0.2000 -0.8922
-0.2808 1.0391 0.2318
0.0285 -0.2687 -0.8175
0.0343 0.0548 0.1900
-0.2066 -0.6979 -0.8122
-0.0565 -0.1284 0.6870
0.1405 -0.5260 0.0754
1.6330 -0.0979 0.1176
2.1233 0.1951 0.1999
2.8207 0.5007 0.3062
1.8835 -0.2537 0.9721
1.5863 -0.0093 0.9251
1.9936 -0.3104 -0.1160
1.7676 0.0268 0.4446
1.9314 0.0523 0.0846
2.1342 0.4667 0.4092
1.9621 -0.1276 0.5982
1.7754 -0.8748 -0.2324
2.0077 -0.0011 -0.2400
2.0006 -0.0122 -0.8185
1.8520 0.6798 0.3918
2.1913 0.0460 0.3346
2.6585 -0.2559 0.2436
1.4058 0.2220 -0.7429
2.0475 -0.3909 -1.1032
2.0506 0.0636 -0.0655
2.0214 -0.0203 0.0004
1.9238 -0.3051 -0.1411
2.1603 -0.5248 -0.8110
1.9723 -0.0234 0.0091
1.9250 0.0651 -0.3567
1.9862 0.0102 0.0481
2.2487 0.6950 0.5098
2.4227 0.6479 -0.1815
1.9985 0.0051 -0.5148
1.4301 0.4970 0.1471
1.9244 -0.1248 0.4394
1.6234 0.3388 0.0896
2.3148 -0.7970 0.2259
1.9598 0.0596 0.0407
2.3474 -0.7257 0.7751
1.8930 -0.0165 -0.0881
2.0118 -0.1607 0.2047
1.8117 -0.2448 -0.7471
1.3707 0.1914 -0.6918
1.9116 -0.0337 0.6345
1.8071 0.1540 -0.1407
2.5742 0.1951 0.6378
2.1049 -0.5781 0.2251
2.0174 0.1110 -0.2810
1.9987 -0.0002 -0.0028
2.0202 0.0643 0.2031
2.1385 -0.3275 -0.5655
2.6808 -0.1522 0.7538
1.8414 0.2711 -0.9835
1.9173 -0.1529 0.1870
1.9147 0.0776 0.2012
2.0627 0.1161 -0.0980
2.4439 0.3640 0.9584
2.0867 -0.4447 -0.0591
1.8412 0.1936 -0.2189
2.8200 -0.4968 -0.1895
1.4186 -0.7095 0.2474
2.8775 -0.1000 -0.1126
2.4172 -0.2420 0.6941
2.6507 0.8078 0.2905
1.6899 -0.2284 -0.9055
2.0283 0.0278 0.1253
1.8616 -0.5283 -0.9343
2.0015 0.0527 0.2756
2.3535 -0.1789 -0.5463
2.0712 0.1694 -0.1021
1.9996 -0.0001 -0.8433
1.7991 -0.5241 0.3226
2.2096 0.3564 -0.3457
2.0597 0.1686 -0.4744
1.9999 0.0424 -0.1329
2.0401 -0.1903 0.9742
2.4681 -0.2762 0.7360
1.8804 -0.4155 -0.0708
2.7787 -0.2645 -0.4760
1.1465 -0.0719 -0.0751
1.8295 0.1050 0.1214
1.8794 -0.0956 0.9205
2.3269 0.6541 0.5101
2.0032 0.0268 -0.3907
2.2227 -0.1284 -0.3804
1.0397 -0.3063 0.5948
2.0037 -0.0639 0.6138
2.0576 0.0468 -0.7997
2.4524 -0.2248 -0.1360
1.7559 0.0819 -0.1034
2.0221 -0.3356 -0.1731
2.2091 0.4730 0.0017
1.8527 -0.1277 -0.1630
1.8962 0.0293 -0.0483
1.8581 0.3330 0.8679
2.9507 0.3712 0.1405
1.9816 -0.0024 -0.0059
1.1182 0.5634 -0.5585
2.0852 0.2229 -0.3347
1.3351 0.5328 -0.4210
2.4952 -0.7799 -0.4050
1.9236 -0.0285 -0.1541
3.0448 -0.2429 -0.3596
1.9633 -0.0762 0.2978
2.7049 -0.4335 0.2219
1.9987 0.0031 0.2179
2.0855 -0.1745 0.1877
2.2581 0.0205 -0.0997
1.6510 -0.3619 -0.4911
1.9174 0.1056 -0.1662
1.9615 0.0764 0.1792
1.9843 0.0110 -0.9417
1.8159 0.6755 0.4254
1.8989 -0.5839 -0.5406
1.7866 0.2212 0.2681
2.3814 0.1890 -0.7385
1.7862 -0.1243 -0.3773
2.0018 -0.4066 0.6696
1.8269 0.2693 0.3640
1.8164 -0.3549 -0.3920
1.7768 -0.5831 0.1189
2.0481 0.0823 -0.0692
1.8344 0.0843 -0.9870
1.8001 0.1611 -0.5500
1.8492 -0.0533 0.9071
1.6144 -0.3695 0.6677
2.0651 0.0178 -0.1032
1.9859 0.0224 -0.0052
1.6985 0.2520 -0.0645
2.2549 -0.2989 0.9095
2.3689 -0.0188 -0.3228
1.8609 -0.0883 -0.1923
2.1868 -0.7248 -0.9343
1.9400 1.0899 0.4737
1.6372 -0.0466 -0.5256
1.8018 0.3191 -0.4985
2.0373 0.0401 0.9034
1.6369 0.0668 -0.2171
1.8967 0.0644 0.0888
2.0884 -0.0155 -0.0703
1.8984 0.0078 -0.0488
1.8287 -0.4588 0.0518
2.5417 -0.5968 0.3596
1.5416 -0.0145 1.0635
1.9582 -0.0673 0.2567
1.7225 0.8317 0.4910
1.9619 -0.0078 0.3683
1.9433 0.6256 0.0160
2.2986 0.2705 -0.4707
1.9964 0.0109 0.1950
1.9070 -0.0921 -0.3302
1.4517 -0.2910 0.2969
1.9996 0.0043 0.2225
1.5865 0.1503 -0.0252
1.9737 0.0329 -0.3788
1.3853 -0.3562 0.6785
2.1675 0.3087 0.0431
2.7387 0.4703 0.2183
2.0772 -0.0503 -0.1059
1.9917 -0.0114 0.5189
2.3376 -0.1450 0.3652
2.0254 -0.0606 0.9872
2.0578 -0.2910 -0.2917
1.6676 0.1010 0.3697
1.6947 0.1622 -0.9708
1.4563 -0.1326 0.4663
1.9682 0.0069 0.0276
2.1866 -0.1761 -0.2986
2.1902 -0.3716 0.5185
2.1291 -0.0911 0.8645
1.7435 0.0578 -0.2147
1.9926 0.1990 0.1143
1.9603 -0.0401 0.4296
2.2511 -0.4257 -0.5044
1.9661 -0.0238 1.1098
1.6076 -0.1904 -0.8642
1.7549 -0.1082 -0.0241
1.6841 -0.2921 0.0471
2.3452 -0.2472 -0.2135
1.9878 -0.0641 -0.7529
1.6134 0.0668 -0.0831
1.7963 0.3370 0.4515
1.7212 -0.3596 -0.3020
2.0720 0.0764 0.1628
1.9809 -0.1768 0.0650
2.0385 0.0026 -0.0303
2.8313 0.4480 -0.1497
1.9811 0.0142 -0.3464
2.2093 0.0598 0.4156
1.9904 0.0348 -0.0796
2.0998 -0.5048 -0.2811
2.5643 -0.6456 0.6525
1.9456 0.1869 0.8742
1.8502 -0.4548 -0.8142
1.8911 0.3113 -0.3578
1.8813 0.1154 -0.5950
1.8001 -0.3034 0.2340
1.5044 0.5261 0.5398
2.4173 -0.5408 -0.2076
2.3178 0.2019 -0.1068
1.9949 -0.0043 0.0236
1.4356 0.0237 -0.1927
1.9085 -0.1576 0.0846
1.9872 -0.0909 0.5682
1.5163 -0.2565 -0.0491
1.9834 -0.0397 -0.1148
2.0659 -0.3231 -0.4107
2.0102 -0.0078 -0.1794
1.8237 -0.8047 -0.4878
2.5220 0.5916 0.2342
2.1481 0.2626 -0.5296
1.9678 -0.0645 0.6513
1.9441 -0.6752 0.5527
2.3082 0.3348 -0.1989
2.0263 0.0324 0.1242
2.1006 0.0657 -0.2467
1.6707 -0.3586 -0.4369
1.8548 -0.1213 -0.0399
1.9514 -0.0432 0.4745
2.2618 -0.5989 -0.2933
1.6796 -0.4667 -0.4589
2.2091 -0.1294 0.8341
2.1595 0.0037 -0.3779
1.7170 -0.1850 -0.0755
2.1448 0.0278 -0.8864
1.9221 0.1014 -0.8891
1.8892 -0.3167 -0.1049
1.9880 0.0210 -0.0847
0.9717 -0.5800 -0.0254
1.9091 0.0245 -0.2641
2.1926 -0.1211 0.9988
2.2302 -0.8039 -0.8370
2.1036 0.0251 0.7476
1.7409 0.3080 -0.6690
2.0197 -0.0436 -0.4933
1.9111 -0.2531 -0.3464
1.3566 0.0923 0.1649
1.6389 0.2822 -0.1672
1.7352 0.1498 -0.0071
2.2321 -0.0026 -0.1796
1.5804 0.2613 -0.8356
1.8701 -0.7686 -0.7038
1.4775 -0.4904 -0.8493
1.3430 -0.1694 -0.2480
2.0116 0.0266 0.0468
2.0136 0.0096 0.3580
2.4789 -0.1106 -0.8972
1.7696 -0.2735 -0.4994
2.4212 -0.2686 0.5157
2.2144 0.0633 0.0459
1.4336 0.2674 0.1602
2.1149 0.3088 -0.8796
1.9903 0.1460 0.0508
1.4959 -0.0685 -0.3789
1.4132 0.0371 -0.6651
