0.1491 0.3100
0.2855 0.1423
0.2859 0.4459
0.1058 -0.2441
0.6000 -0.1251
0.3437 -0.0102
0.4370 -0.1201
0.0034 -0.1069
0.1909 0.2927
-0.4309 0.0788
0.0910 0.0767
-1.9961 -0.5850
0.0001 -0.1126
-0.0690 -0.2449
-0.0673 0.3603
-0.0032 0.0146
-0.2160 -0.2796
-0.6383 -0.4257
0.4162 -0.1424
0.3747 -0.6764
-0.0258 0.0334
0.2729 -0.1762
-0.0006 -0.0831
0.4337 -0.4306
-0.2920 -0.2588
-0.7749 0.5438
0.1390 0.1662
0.1396 -0.1841
0.3127 0.1037
-0.1102 -0.1433
0.6425 -0.1058
0.2143 0.1420
0.0727 0.8945
0.0145 0.1018
-0.3888 0.3555
0.2519 -3.1562
-0.1242 0.3531
0.0140 0.0051
-0.1220 -0.2113
0.3646 0.3896
-0.2687 -0.2139
0.0173 0.5195
-0.2944 0.2387
-0.4444 0.3174
-0.0543 -0.0718
0.2645 -0.0520
0.4390 -0.7283
0.2513 0.1044
-0.3886 -0.2496
0.0582 -0.0510
