-0.2395 0.0946
0.0502 -0.7714
0.0300 -0.0160
0.0079 0.1323
-0.3497 -0.4265
-0.5941 -0.2115
-0.3346 0.5301
0.6218 0.6988
-0.0672 0.1072
0.3076 0.0446
-0.0243 -0.1946
-0.3723 0.4875
0.7432 -0.0033
-0.3281 0.9202
-0.5637 0.2384
0.1152 -0.0576
-0.3915 0.0858
0.1305 -0.1180
0.1641 0.1150
-0.4116 -0.5893
-0.3900 -0.5194
0.1805 -0.2914
-0.2787 0.2554
0.4346 0.0815
0.5030 0.1427
-0.9026 -0.0297
-0.1896 0.4313
-0.2814 -0.0483
-0.3423 -0.2016
-0.4139 0.7967
-0.8522 0.4083
0.1378 -0.9771
-0.0075 -0.4262
0.5316 -0.6954
-0.0467 0.4492
0.3950 -0.7667
-0.3879 -0.8737
0.4577 0.0791
-0.6114 0.3120
-0.3414 -0.4899
0.6047 -0.6585
0.1862 0.1945
0.3330 -0.3961
-0.3348 0.3225
-0.0132 0.0264
-0.5963 -0.2359
0.4094 0.5844
-0.0413 -0.3295
-0.4775 0.1881
-0.9631 0.0024
-0.0556 0.1407
-0.3016 -0.2480
0.1767 0.6844
-0.0540 -0.0208
-0.8879 0.4581
0.0710 -0.2032
0.7331 0.1486
-0.1495 0.9166
-0.5721 -0.0796
-0.0273 0.1221
0.7470 0.0636
-0.2714 0.1482
0.0336 -0.0044
-0.9855 -0.0439
0.0431 -0.0667
-0.0655 0.2133
0.1733 0.8661
-0.7417 0.4309
0.0442 -0.2029
0.0964 0.0961
-0.0114 -0.0166
0.6841 -0.6245
0.3686 -0.2767
0.1643 0.0950
-0.3982 -0.7856
0.1364 -0.1452
-0.3685 0.2385
0.0247 0.0837
0.7492 -0.0191
-0.0050 0.0983
-0.0032 -0.6702
0.8151 -0.1779
0.3090 0.6006
0.1237 0.3636
0.0381 -0.0163
-0.0279 0.1923
0.0717 -0.3795
0.0426 -0.0111
0.1615 -0.1172
0.0511 0.3508
0.7019 -0.5046
-0.1740 -0.2542
-0.6745 -0.2885
-0.1261 -0.0649
0.5004 0.3298
-0.5644 -0.2363
0.7312 0.0167
-0.2940 0.6687
-0.3916 0.6090
-0.0374 -0.1601
0.1235 -0.8387
-0.3039 -0.7367
0.0043 0.0019
0.4075 0.2702
0.5400 -0.7530
-0.4799 -0.8693
-0.5077 0.1273
-0.0143 0.1110
0.1431 0.1939
-0.3065 -0.2744
0.3255 0.9010
-0.3533 -0.1012
0.3147 -0.4208
-0.2098 0.3935
0.0018 -0.7477
0.0733 0.2013
-0.0435 0.0109
0.7594 -0.2897
0.3168 -0.0554
-0.5101 -0.5462
-0.2424 0.1969
0.5068 -0.0088
-0.9296 0.2019
-0.0371 -0.2397
-0.1628 0.0056
0.0004 0.0189
0.2524 0.2755
-0.1612 -0.3632
-0.1003 0.2334
0.2757 -0.5434
-0.6698 -0.5126
-0.1267 0.3561
-0.4251 -0.8009
0.3009 -0.1792
-0.0009 -0.1360
-0.0148 0.1710
-0.0328 -0.0627
-0.9650 -0.0797
-0.1267 -0.4946
-0.1303 0.4272
0.3214 -0.2217
0.0729 -0.0578
-0.7842 0.5420
0.2829 0.7065
0.0100 -0.1213
-0.1476 0.2858
-0.0173 0.0030
0.3145 -0.3684
-0.0390 0.2058
-0.4465 0.2706
0.5224 0.0360
0.7418 0.5207
-0.1963 0.2353
0.0028 -0.0010
-0.1649 -0.6151
0.3868 0.1571
0.0598 0.1908
-0.7162 0.2449
0.7066 0.3269
-0.8642 -0.4112
0.1070 0.1428
0.0689 -0.0051
-0.8868 -0.3098
-0.0070 0.0097
0.1478 -0.9358
-0.3429 -0.2946
-0.0515 0.0522
-0.0771 -0.2288
0.0283 -0.1827
0.2300 -0.7649
0.2290 0.1726
0.0003 0.0899
-0.1854 -0.4677
0.2405 0.4885
-0.4834 -0.0013
0.3673 0.3549
0.4656 0.8755
-0.7829 0.3491
0.2914 -0.3838
0.0904 -0.2194
-0.6289 0.5102
-0.1705 -0.2520
-0.4168 -0.4843
-0.1882 -0.2736
-0.0327 -0.1620
0.2575 -0.3546
-0.6865 0.2858
0.0648 0.0971
0.4537 0.4750
0.5124 -0.3873
0.0470 -0.2512
0.6285 -0.0340
0.7522 0.4935
-0.0709 -0.5863
0.6128 -0.5414
0.1429 -0.0271
0.2331 0.4603
-0.8088 0.4396
-0.0449 -0.3673
0.2098 -0.1034
-0.4441 0.1164
-0.3204 -0.2448
-0.6595 0.1162
0.1465 -0.2284
0.3467 0.2412
0.1875 -0.1590
0.5869 -0.4521
0.3914 0.2865
-0.0443 -0.5275
0.2499 0.0813
-0.5746 -0.2209
-0.4260 0.0931
-0.3696 0.3696
0.1494 -0.7034
-0.0171 0.0747
0.2238 0.3068
-0.4002 0.0420
-0.3472 -0.1697
-0.0703 -0.1431
-0.0537 -0.9616
0.0729 -0.2812
-0.5389 0.6796
0.5034 -0.8057
0.6330 0.7142
-0.4344 -0.2605
0.1092 -0.0701
0.1465 -0.0193
0.5571 0.6037
0.0835 -0.5401
0.2806 -0.1479
-0.6591 0.6685
-0.0722 0.1744
-0.0719 0.1287
0.3903 -0.4001
-0.2593 -0.3950
-0.6267 -0.0230
0.2299 0.7122
-0.4728 0.4189
0.4392 0.3879
0.9452 0.3235
-0.2241 -0.5144
0.2178 -0.2298
-0.0056 0.0094
-0.1154 0.7775
0.2818 0.0900
-0.5082 0.3356
0.3723 0.0783
-0.2605 0.5335
0.6339 -0.1972
0.3873 0.1714
0.7355 0.0827
-0.0941 0.1526
0.7639 -0.2794
-0.9930 -0.1138
0.3154 -0.1679
-0.4051 0.4627
-0.7210 -0.6274
-0.1410 0.0119
0.2771 0.0688
0.6124 -0.4747
-0.0274 -0.0036
-0.2755 -0.5516
0.4283 0.4643
0.3555 0.6962
-0.4689 0.5016
0.0681 0.4757
-0.8801 0.0379
-0.0894 0.3130
-0.2578 -0.2777
-0.1750 0.2065
0.4209 0.4201
-0.0971 -0.0001
-0.0096 -0.6680
-0.3622 0.4856
0.0496 -0.8928
0.0716 0.5050
0.0169 -0.0450
-0.0907 -0.2560
-0.6464 0.4520
0.9271 0.0602
0.2704 0.3921
-0.0691 -0.0955
0.4573 -0.4803
0.2716 -0.7935
0.0854 0.3849
-0.1563 -0.1411
0.8055 -0.2850
0.2891 -0.3254
-0.3432 0.5356
-0.8696 -0.1697
-0.4315 -0.8218
-0.1814 -0.9015
-0.6761 -0.0043
0.0128 0.0066
0.1789 -0.9461
0.0575 0.7069
0.5385 -0.4604
-0.6027 0.2191
-0.0411 -0.0066
-0.2189 0.1795
-0.0014 -0.0308
0.0990 0.0310
0.5114 0.7490
-0.0588 -0.3579
-0.3350 -0.1651
-0.6571 -0.3867
0.1945 -0.1115
0.4318 -0.7285
0.7400 -0.3425
0.7832 0.6199
0.5631 -0.5604
-0.4637 0.6723
-0.0042 -0.0050
0.8089 -0.3774
-0.1424 -0.5538
-0.2315 -0.1108
-0.3985 -0.0203
-0.3860 -0.0974
0.1795 0.0214
-0.1888 -0.6849
-0.3065 0.4018
0.7593 -0.0132
-0.7081 0.6356
-0.2264 -0.3739
-0.2000 -0.0983
0.4269 -0.0737
-0.2760 0.1950
-0.0275 0.1224
0.6189 -0.7028
0.0039 0.2216
0.7573 -0.0436
0.1483 0.0214
-0.4957 -0.8544
-0.1825 -0.1850
-0.3387 0.0865
-0.2278 -0.1576
-0.1899 -0.1414
-0.2174 -0.6617
0.1605 0.1920
0.6668 0.6684
0.5349 -0.5688
0.4443 0.6833
0.3263 -0.3938
0.1208 0.0470
-0.6123 0.6681
-0.2494 -0.0834
-0.9313 -0.3424
-0.1151 -0.4540
0.1135 0.4599
0.7621 0.5630
-0.4406 0.4162
-0.0222 0.0194
-0.0979 0.0856
0.8796 0.3147
-0.1894 -0.2009
0.2671 0.0052
-0.9691 -0.0475
-0.0058 0.0033
-0.0115 0.4993
0.1565 -0.0662
0.0377 -0.2101
0.4701 0.2624
0.1826 -0.1546
0.1371 0.4223
0.3679 -0.8723
-0.8326 -0.2129
-0.3948 0.1390
0.3524 -0.0637
-0.3458 0.0106
0.8751 0.1789
-0.4024 -0.6375
-0.2038 0.3424
-0.6491 -0.5393
0.3308 0.0685
0.8628 0.0415
0.0818 0.1859
-0.3918 -0.8402
0.1865 0.3296
0.0080 -0.3783
0.4102 0.3472
0.0967 -0.5664
-0.2179 0.3685
-0.0523 -0.2470
0.0794 0.0409
0.0613 -0.0557
-0.2406 0.1329
-0.1317 -0.0886
-0.7879 -0.2942
-0.4752 0.2796
0.1215 0.0598
-0.0859 0.0148
0.2273 -0.1141
0.0460 0.0643
-0.3524 0.0033
0.2935 -0.4956
-0.0827 0.4104
0.3040 -0.0945
0.7917 0.5523
0.9221 -0.0399
-0.4110 0.3307
0.2243 -0.2300
0.4332 -0.5352
-0.0070 0.0124
0.0078 0.0205
0.1906 0.0789
0.9805 0.1798
0.2950 0.3200
0.0082 -0.0857
-0.0238 -0.1260
0.6880 0.5245
0.0501 -0.0173
-0.2506 0.3297
-0.2067 -0.0008
0.7914 -0.1927
0.5748 0.4940
-0.8049 -0.5228
0.0014 0.0134
-0.5256 -0.1508
-0.5030 0.4959
-0.7462 -0.0616
-0.1935 -0.0176
0.0127 -0.0304
0.0540 0.5614
-0.0954 -0.3299
0.8598 0.1459
-0.4211 0.4158
-0.0067 -0.2544
-0.0833 0.0533
-0.0247 -0.2419
0.1574 -0.7906
0.2651 0.5975
-0.2656 0.6173
-0.0535 -0.4480
0.2670 -0.9217
0.5595 -0.2921
0.1747 0.2330
0.8670 0.2971
-0.8499 -0.4674
0.0508 0.0803
-0.2422 0.1964
0.0242 0.2413
0.1244 0.9491
-0.0046 -0.0202
-0.0276 0.6884
0.2338 -0.1650
-0.3522 -0.7331
-0.8991 -0.1212
0.1538 -0.0653
-0.5313 -0.6921
-0.5993 0.2506
-0.1177 -0.9158
-0.1845 0.4978
0.0078 0.8563
-0.2916 0.5516
0.0489 0.2296
-0.0961 0.3971
-0.2248 0.7502
-0.0488 0.1221
-0.6237 -0.3308
-0.1346 0.4061
-0.0104 -0.2480
-0.7620 -0.2447
-0.1136 0.5220
0.1547 0.6477
0.6295 0.4257
0.5248 -0.4139
0.4212 0.0606
0.3633 -0.1977
-0.2042 -0.0252
-0.7033 0.0034
-0.3782 0.0128
0.0738 0.2007
-0.4620 0.8080
0.0401 0.4881
-0.7058 -0.2160
-0.5500 -0.7585
0.9142 0.3199
-0.3808 -0.8553
0.0415 0.0188
0.5365 -0.0149
0.1258 0.0009
0.1408 0.5873
0.5243 0.3757
0.1431 0.9517
0.4976 0.1858
0.6126 -0.5418
-0.4919 -0.2622
-0.0017 0.0006
-0.2621 0.6964
-0.6674 -0.1536
0.3557 -0.6102
-0.3258 0.0302
0.6925 -0.1120
0.2997 -0.0529
-0.1475 -0.7673
-0.8918 -0.0635
-0.0990 -0.2182
-0.1526 -0.7948
-0.2500 0.4681
-0.2680 0.2615
