0.0207 0.0611 0.0050
-0.1074 0.1256 0.0799
0.2368 0.0739 -0.0043
0.0049 0.4560 0.5191
-0.3755 -0.1983 -0.9543
0.1596 0.2217 -0.9430
0.1653 -0.3885 -1.3871
-0.4398 -0.0744 0.5927
-0.0134 0.0029 0.0672
0.0532 0.0076 -1.0032
-0.9389 -0.1440 0.3683
0.0308 0.4445 0.0901
-0.0163 -0.1312 -0.3855
0.0577 -0.0022 -0.1961
0.3046 0.5912 -0.3840
0.0011 -0.0020 -0.2790
-0.1648 -0.3502 -0.8950
0.6025 -0.5923 1.3258
-0.1592 -0.1820 -0.0316
-0.0781 -0.1895 -0.1247
0.2425 -0.0195 -0.8374
-0.0214 -0.0567 0.4351
-0.0287 -0.0637 -0.2469
0.0876 -0.0034 0.0538
0.2847 0.0582 -0.2465
0.0178 -0.0527 -0.1488
0.3248 -0.2866 -0.1498
0.1616 0.1684 0.1752
0.5148 -0.1757 -0.2807
0.3748 0.5237 -0.5039
0.0087 -0.3982 -0.0761
-0.1368 0.0979 0.1701
0.2565 -0.6157 0.0691
0.2549 0.4552 0.0301
0.3088 -0.3999 -0.2661
-0.0896 -1.0062 0.2119
0.1086 -0.0002 -0.0150
1.0945 0.1917 1.0294
0.1519 -0.5684 0.6523
0.1318 0.1649 0.0878
0.0284 0.1852 -0.1576
0.7302 -0.4765 0.9172
-0.1473 0.4188 0.3795
-0.2088 0.8320 -0.7208
0.0450 0.1390 -0.2306
-0.1779 0.0209 -0.3405
-0.4214 -0.5188 -0.1657
0.3799 0.1059 0.5622
-0.2034 0.1978 0.1260
-0.4009 0.0977 -0.2095
2.4987 0.0103 0.0755
2.2953 0.1220 0.7548
2.5054 0.0141 0.0336
2.8497 -0.5695 -0.2547
2.4345 -0.1955 0.6543
1.9868 0.0406 0.3151
2.2898 0.1337 -1.4335
2.4690 -0.2242 0.3617
2.9227 0.0976 -0.5913
2.5309 0.0231 -0.1844
2.8642 -0.2034 -0.0567
2.5212 0.0195 0.0285
2.4882 -0.0119 -0.1649
2.3519 -0.1185 -0.5239
2.4720 0.1130 0.5808
2.4583 0.3701 -0.2736
2.2802 -0.1884 -0.0202
3.0338 0.4752 0.4249
2.0329 -0.5036 0.2305
2.5001 -0.0002 -0.1234
2.4490 -0.0719 -0.0488
2.5535 0.0163 0.5514
2.3164 0.0225 -0.1174
2.4927 -0.1113 -0.2823
2.5081 -0.0156 -0.4018
2.4619 0.0567 0.2072
2.7124 -0.3262 0.0142
2.5758 0.0637 -0.0842
1.8814 0.4670 0.0788
2.3819 -0.4708 0.1503
2.5569 -0.0568 0.9228
2.4296 0.6414 -0.4697
2.4990 -0.0003 0.0044
2.6457 0.0329 0.5252
2.5299 -0.1902 0.1299
2.5443 -0.9103 0.1200
2.6253 0.1624 -0.4134
2.0367 0.3454 -0.4047
2.5371 -0.0500 0.6488
2.5192 -0.0029 0.3408
2.4489 0.0854 -0.0528
2.6615 -0.1506 -0.6591
3.1496 0.3189 0.4446
2.4096 0.0793 -0.1487
2.9307 -0.0838 0.0137
2.5938 0.3040 0.1108
2.3388 -0.1014 0.1818
3.0563 -0.0622 -0.3273
2.4681 0.2990 0.5203
2.1963 -0.8387 0.0904
