-0.0028 -0.3344
0.0429 0.0026
-0.7795 -0.0168
0.4331 -0.5036
0.7918 -0.1350
-0.0091 -0.0117
-0.3576 0.5977
-0.6163 -0.6194
-0.5056 1.1024
0.6264 -0.1540
-0.0685 0.1551
0.2761 0.0176
0.3970 0.0881
-0.5183 -0.5474
0.0918 1.0102
0.9447 0.0958
-0.2242 0.2966
-0.7453 0.1412
0.0429 -0.0653
-0.0220 -0.1571
-0.8053 0.3835
-0.6221 -0.4070
-0.4889 -0.3507
-0.5766 -0.4526
0.5423 0.0393
1.1609 0.3135
-0.6346 0.4816
-0.0197 -0.0577
0.2188 -0.0892
0.4229 -1.1918
0.0450 -0.7642
-0.0704 0.2329
0.0267 0.2353
-0.1616 -0.8215
0.0415 0.1939
-0.0850 -0.4924
-0.4782 0.3047
0.0040 -0.2933
0.3800 1.1889
-0.5149 -0.6088
0.1350 -0.4678
-0.2261 -0.8626
-0.1044 -0.6363
-0.4357 0.1880
0.1863 -0.0744
-0.1385 0.0020
-0.9691 0.0644
-0.4581 -0.0286
0.4539 0.0808
-0.2705 0.7147
2.1761 0.5905
2.4558 0.0583
2.2375 -0.7184
0.8254 0.0528
1.0549 0.4315
1.5729 0.5633
2.6366 -0.0991
2.4524 0.0180
1.8196 0.1329
1.9600 -0.1251
2.5299 0.1555
2.4238 -0.0156
2.4509 0.1519
3.2624 0.6906
1.9983 -0.6461
2.4307 -0.0098
1.7214 -1.2336
3.2028 -0.4005
2.6112 -0.2901
3.0674 0.5560
1.3580 0.0163
2.8868 0.3993
2.0679 -1.1608
2.4668 0.0010
3.0580 -0.5805
2.5544 -0.2339
2.8657 0.1031
2.8310 0.8287
2.4798 0.0888
2.3811 0.0404
1.9661 0.0208
1.5683 -0.3625
3.6585 -0.2284
1.6135 -0.2595
3.0300 -0.6452
2.4764 -0.5865
1.6142 -0.1675
1.0556 0.1102
2.5516 1.1287
2.7464 0.6866
2.6593 0.0613
2.5756 0.0653
2.5717 -0.3905
1.7915 0.6587
2.4922 -0.0761
2.5534 0.3018
2.0637 0.3679
2.8321 0.7455
2.2251 0.4139
2.4931 -0.0007
