-0.2368 -0.7782 -0.2751
-0.1624 -0.0006 0.1737
0.1609 0.1809 -0.9568
-0.4222 -0.2234 2.2259
-0.3129 -0.2321 0.0064
0.0894 -0.5834 -0.1441
0.1972 0.0339 -0.4841
0.4187 -0.4272 0.3412
0.0421 -0.0139 0.0442
-0.0216 -0.0199 0.1309
0.1414 0.0834 -0.8824
-0.0214 -0.0260 0.0816
0.0272 -0.0878 -0.1427
-0.0051 0.0024 0.2162
0.1033 0.4603 0.2431
-0.2073 -0.0845 -0.0378
0.1445 0.2216 0.1895
-0.2158 -0.1704 0.9182
0.2564 0.6804 0.1613
-0.3686 0.1569 -0.3234
-0.1537 -0.1661 0.1203
-0.1553 -0.0011 -0.8762
-0.0576 -0.0152 -0.2007
-0.2544 -0.1128 0.7211
-0.2967 0.3159 -0.2819
-0.2673 -0.7601 -0.0734
-0.7555 1.1810 0.4645
0.3116 -0.3294 -2.7335
0.0336 0.1969 0.0453
-0.3945 -0.1057 -0.4887
-0.0128 0.0633 -0.8061
-0.0336 0.0259 0.3811
0.5797 -0.4597 0.6699
-0.7611 0.0464 -0.1552
-0.1725 -0.1510 -0.2422
0.0352 -0.1020 -2.1072
-0.3878 -0.1198 0.8310
0.3173 -0.1853 0.6541
-0.0443 0.0157 0.1050
-1.0767 -1.5098 1.5648
-0.0940 0.2816 -0.1552
0.7392 -0.1973 -0.0606
-0.1198 0.3539 0.6404
-0.3770 0.5867 -0.4215
0.2237 0.0694 0.0785
0.1251 -0.2056 0.6782
0.0713 0.0245 0.5110
-0.3543 -0.1049 0.2593
0.4577 0.0268 -0.0812
-0.2580 -0.4095 -0.2367
-0.7353 0.3639 0.0887
0.4781 0.4711 0.1211
0.3807 -0.4900 -0.5984
-0.1192 -0.0186 0.0384
0.0043 -0.0175 -0.0893
0.6668 -0.2276 0.2378
0.0012 0.0052 -0.1231
0.1036 -0.0536 0.5077
0.6849 0.1567 -0.0248
-0.2263 -0.1171 0.6343
0.0505 0.0120 -0.1622
0.1665 0.4816 0.7529
-0.0036 0.1095 -0.3274
1.0233 2.7466 -1.2634
-0.1613 0.3328 0.3973
0.0487 0.0467 -0.3587
-0.0021 -0.0238 0.0626
0.0740 -0.0195 -0.1685
-0.0171 -0.1050 -1.3683
0.2979 -0.0485 -0.5844
0.6690 -0.2120 -0.3042
0.0164 -0.0455 -0.1327
-0.0656 0.0917 -0.9911
0.0007 -0.3697 0.3014
0.1621 -0.0561 0.4150
0.4355 0.6766 0.3906
-0.0048 -0.0514 -2.3874
0.2244 0.1344 0.3877
0.4563 0.2337 0.7468
-2.1766 1.6146 -1.4914
0.0165 0.0558 -0.1207
-0.2197 -0.3046 -0.2078
0.0451 0.0987 -0.0629
0.6636 -0.4434 -0.4531
0.2974 0.0615 0.5642
0.8900 0.5717 0.4146
-0.0125 -0.2549 2.0295
0.0776 0.0274 0.7914
-0.0284 0.6121 -0.0364
0.0180 0.0116 -0.1020
0.0192 0.0622 0.3695
-2.3117 0.0839 -1.3305
0.2524 0.2041 0.0177
0.0447 -0.0274 0.7454
-0.2068 -0.2608 0.6796
0.0618 -0.1087 0.1209
-0.2165 0.0554 -0.2703
-0.3139 -0.1641 -0.5270
-0.1708 -0.0231 -0.0557
0.1995 0.1828 0.7569
0.1275 0.1146 -0.7180
-0.1364 0.1374 -0.1297
0.0872 0.0832 -0.0943
0.9362 -2.5833 -1.1503
-0.0770 -1.0580 0.7474
-0.5522 0.5037 0.0874
-0.1288 -0.0461 0.1913
0.3024 0.1413 0.0339
-0.1806 -0.0479 -0.9132
0.2358 0.5508 0.0156
0.0738 -0.1515 0.2144
0.2062 -0.7722 -0.0261
0.2622 -0.2922 0.0162
0.1662 0.0927 0.2984
0.0672 -0.0980 0.0840
-0.0023 -0.4519 0.3556
0.4929 0.5622 -0.4149
-0.0751 -0.1453 0.1217
-0.0103 -0.4253 0.2548
-0.0318 0.2074 -0.3828
-0.0016 -0.1022 -0.6988
-0.1126 0.6922 -0.6530
-0.3867 0.0874 0.1880
0.2810 -0.1507 0.0340
-0.1054 -0.3752 0.3837
0.2606 -0.2183 0.0252
-0.3225 0.0422 0.3435
0.2773 0.0809 -0.5599
-0.0658 -0.4250 0.8292
-0.1473 0.1406 0.0227
0.1973 0.3729 0.3398
0.0404 -0.5991 0.2817
0.0431 -0.1021 -0.4897
0.0582 -0.0988 -0.2445
0.5783 -0.2065 0.3619
-0.0035 -0.0104 0.1870
-0.6069 -0.5264 -0.4727
0.1905 0.6340 -0.6573
0.3450 -0.1430 -2.5511
-0.0118 -0.0908 0.3099
-0.0031 -0.2816 -0.2961
-0.0005 -0.0026 0.0798
0.0705 0.0506 0.1742
-0.5619 0.2641 0.6660
0.4519 -0.0048 -0.7091
1.6883 -2.2863 0.8600
-0.2545 0.2224 -2.1343
0.0451 0.0039 -0.0946
0.1320 0.4469 0.7374
0.6436 0.0552 0.5017
0.1813 0.0792 0.5943
-1.9351 -0.3993 0.0903
-0.4939 0.1078 0.3169
-0.2740 0.0055 0.5190
0.0933 -0.0267 0.0181
-0.3693 -0.2021 0.7154
0.0599 0.0138 0.1132
-0.0133 -0.0000 -0.0108
0.1689 0.0485 0.2800
-0.4335 0.1701 -0.3735
-0.0452 0.0197 0.9383
0.1951 -0.0273 0.1230
0.0075 0.0793 -0.3456
0.6901 -1.0890 -1.1214
0.1764 -0.3331 0.3002
-0.0754 0.4401 -0.2824
-0.1305 0.1957 -0.9526
0.2200 -0.0012 0.7588
0.1149 0.1133 0.5859
-0.0116 -0.7561 -0.3376
0.1012 0.3674 0.4035
0.8908 0.0128 -0.1519
-0.1795 0.3472 -0.2304
-0.8290 0.2602 -0.3032
-0.7002 -0.2082 -0.4011
-0.1909 -0.1366 -0.5083
0.0762 -0.0052 -0.7482
-0.0676 0.1211 0.3879
-0.4524 -0.2872 0.1847
-0.0602 0.0072 -0.9411
-0.2106 0.9104 -0.2351
0.2882 0.5409 -0.5641
-0.2229 0.5473 -0.2121
0.0083 -0.0029 -0.4325
-0.0022 -0.0196 -0.2128
0.4013 0.5459 -0.0920
-0.2438 0.4121 0.4051
-0.0132 0.0009 -0.0595
-0.5779 -0.1831 -0.2199
-0.6165 -0.1483 -0.2878
-0.5048 0.3982 0.4848
0.0227 0.0052 0.0096
0.2244 0.2596 2.6275
-0.0021 -0.0475 0.0505
0.0030 -0.0052 0.4387
0.7257 -0.0632 0.0809
0.0798 -0.5905 0.0994
0.7132 0.3681 0.2070
-0.7249 0.4530 -0.1250
-0.0629 0.0899 -0.0504
