-0.0663 0.7701 -0.2074
0.3269 0.0696 -0.8445
0.0422 -0.0106 -0.1850
-0.7051 0.4820 0.4936
-0.3348 0.6443 -1.2970
-0.7987 0.2596 -0.1978
0.9659 1.9356 2.1506
-0.2031 0.8502 -0.1472
0.9109 -0.9221 -0.2659
0.3215 -0.2747 0.1362
0.1476 -0.0067 0.6816
0.0603 -0.0194 -0.1445
0.0129 0.0200 -0.0895
0.0083 0.0085 0.0102
-2.1949 0.7757 -2.1942
3.8617 0.3725 0.1076
3.9932 -0.0825 -0.5442
4.0719 0.0726 -0.0238
4.0909 0.0254 0.1483
3.9860 0.1267 -0.7722
4.1116 -0.0201 -0.1827
4.1290 0.3943 -0.3295
3.9353 -0.0202 0.4737
3.9863 -0.0786 0.3236
4.1245 -0.0431 -0.1624
3.7545 -0.1380 -0.4514
4.3082 -0.1709 -0.7879
3.7090 0.1510 0.4616
3.9881 0.0424 -0.4603
4.0239 -0.0173 0.9624
