0.1048 0.0872 -0.5906
-0.2494 0.2075 0.0550
-0.0872 -0.0966 -0.1862
-0.3602 2.1891 -0.3581
-0.2019 -0.3505 0.0595
-0.1402 0.1265 0.4409
0.1892 -0.8678 0.3444
-0.4453 -0.4181 -0.2873
-0.2066 -0.6073 -0.4541
0.2127 -0.1220 -0.1326
0.0205 0.0162 -0.2716
0.3680 0.2780 -0.0521
-0.2706 0.2696 -0.3636
-0.0242 0.0419 0.0778
0.0059 0.0009 -0.1043
-0.1730 0.2196 0.1287
0.1506 -0.0862 -0.4265
0.1531 0.2406 -0.1257
-0.0424 -0.2265 0.0795
-0.4426 -0.3736 0.1575
-0.5495 -0.5939 -0.1284
0.1907 -0.0951 -0.2204
0.0546 0.0408 -0.4445
0.4625 -0.2894 0.0176
0.2718 -0.7566 0.4141
0.0391 0.6784 -0.7136
-0.0288 -0.2180 0.1824
0.1270 0.0468 0.5239
0.6841 0.1203 0.5475
0.3830 0.2832 -0.8675
-0.2018 0.1750 -0.0497
0.1240 0.3950 -1.0199
0.3865 0.3308 -0.2324
-0.6096 -0.5916 -0.1896
-0.0102 -0.5665 -0.6318
-0.0334 0.3539 -0.7297
-0.1781 0.0755 0.4254
0.2706 -0.6145 0.1945
-0.1105 0.2008 0.6026
0.0317 -0.0913 -0.0220
-0.0082 0.0546 -0.7193
-0.0157 0.2288 -0.9159
-0.1437 -0.2365 0.1527
2.1124 -0.8182 1.4637
0.0229 0.1084 -0.1069
0.0894 -0.0723 0.0017
0.0482 -0.2084 0.0683
0.5081 0.5553 0.5599
0.4002 0.8068 0.3537
-0.1519 -0.0265 0.0825
3.8032 0.0332 -0.1731
3.7778 -0.4303 -0.4576
2.7071 -0.4602 0.3433
2.9536 -0.6732 0.1240
3.3735 0.0200 -0.2505
3.4996 0.0004 0.9078
3.1403 0.0333 0.1148
1.8031 -1.3523 1.3150
3.8761 0.2497 0.5582
3.4085 0.4505 0.2631
2.9155 -0.7358 1.5096
3.0327 -1.3862 2.1741
3.5263 -0.1365 0.2923
4.2179 0.0394 0.8035
3.4450 -0.1840 -0.8149
3.5033 -0.0865 0.0590
4.0536 0.0995 -0.4113
3.5587 0.0168 0.5803
3.8232 0.2620 -0.4174
3.3988 0.2352 0.0496
3.2869 -0.6775 -0.5550
2.7751 -0.5048 0.0605
3.3889 0.3592 -0.6378
3.4653 0.2294 0.7031
3.3024 -0.3689 -2.2266
4.2066 -0.7989 1.9323
3.6821 0.1015 -0.0838
3.9726 1.0448 -0.1549
4.2643 0.5058 -2.2689
3.6523 0.0392 0.0194
3.5500 0.1288 0.2264
3.6235 0.4541 -0.4940
3.8965 -0.0596 0.9240
2.7733 0.5223 0.1316
3.4740 0.0289 0.0823
3.4402 -0.5630 -0.1892
3.2541 0.0275 0.7440
3.2614 -0.0719 1.8786
4.2948 0.1021 -0.9615
3.6767 -0.0018 0.9796
3.6396 0.1711 -0.5457
3.0765 -0.3663 0.0336
3.5359 0.0159 -0.0010
3.5336 0.0181 -0.0879
1.5210 1.4951 -0.2121
3.5131 -0.1048 0.2856
4.0807 -0.0272 0.6279
3.3762 -0.0697 0.2395
3.2068 0.2284 -0.5604
3.6867 0.0297 -0.0975
