-0.0145 -0.0834 -0.8174
-0.1168 -0.1183 0.1597
0.0356 -0.2261 0.4769
0.3946 -0.2261 0.5152
0.4922 -0.0303 -0.5170
-0.3231 0.2753 0.2470
0.5378 0.1075 -0.2541
0.1822 0.1758 -0.0954
0.0014 0.0025 0.0169
0.0103 -0.0523 -0.1539
0.0663 -0.5135 -0.1084
-0.0692 0.0551 -0.0761
2.4344 0.6643 0.0575
0.1164 -0.1532 -0.8467
-0.6495 -0.2157 -0.0023
4.9736 -0.1595 -0.7517
6.8643 0.5793 1.8179
5.0058 -0.0553 -0.9453
5.0681 0.0239 0.2072
4.9556 -0.3929 -0.1930
5.7746 -0.2831 0.2372
5.0566 -0.0007 -0.6836
5.0272 -0.0511 0.3754
4.4292 -0.2111 0.5651
5.3178 -0.3967 0.2485
4.9946 -0.0123 0.0035
5.0166 0.0769 -0.9792
4.8271 3.8368 1.2359
4.4047 -0.3556 0.0830
5.0007 -0.0082 0.0359
