0.8235 0.1547
0.3212 0.1130
-0.2141 0.4392
0.0067 0.0215
0.0212 0.0517
-0.0424 -0.4489
0.1062 0.0250
-0.2485 -0.5350
-0.3573 -0.8681
-0.1818 -0.5999
-0.2181 -0.8808
-0.5795 0.1388
0.0245 0.0017
-0.5932 -0.6205
-0.0226 -0.0151
0.0066 -0.2642
-0.0170 -0.2936
-0.5424 0.5216
-0.1066 -0.4283
-0.2939 -0.9552
0.0057 0.0029
0.2095 0.1416
0.0170 -0.1454
0.0993 -0.6713
-0.1593 0.6144
0.0901 -0.0848
-0.8936 0.2852
0.2381 0.0535
0.3607 0.5690
-0.2063 0.8553
-0.3504 -0.1835
-0.0202 0.7081
0.1366 0.1405
0.3087 0.4599
0.0241 -0.0055
-0.2461 0.2243
0.0281 -0.2667
-0.1652 -0.1455
-0.1192 -0.2900
-0.5541 0.5881
-0.2736 -0.1253
-0.8957 0.0408
0.5596 0.4586
-0.3193 0.2531
0.2689 0.5980
0.5061 0.2637
0.6859 -0.0439
0.1049 0.3443
-0.6185 -0.1434
-0.9463 0.2771
4.5020 -0.0562
4.8589 -0.5714
4.9074 -0.0542
4.5529 -0.0394
4.7274 -0.2616
3.7215 -0.0922
4.4448 0.1442
5.2240 -0.2433
4.5910 -0.2252
5.1061 -0.5360
4.6397 -0.2562
4.7818 -0.1173
4.0599 0.7194
4.6827 0.6339
4.5106 -0.6471
5.0039 0.4431
4.8260 0.2922
4.7819 0.8216
4.0219 -0.3411
4.0324 -0.7790
4.2186 0.6676
4.6157 -0.0264
4.4595 0.0139
4.2962 0.2724
5.2095 0.1129
4.1052 -0.4656
5.1085 0.0564
4.4770 -0.0409
4.4663 -0.9320
4.6710 -0.3225
4.4846 0.0002
5.4761 0.1907
4.1467 0.1831
4.7079 -0.0193
4.6115 0.1086
4.4511 -0.0843
5.1006 -0.5837
3.8571 -0.2013
5.1059 -0.2326
4.7860 0.4095
4.2239 0.0076
3.8576 0.5194
5.0971 0.7433
4.6277 0.8220
4.7533 -0.0142
4.2411 -0.3366
4.6782 -0.1338
4.0494 -0.2761
4.5407 -0.2320
4.6203 -0.0973
