-0.1629 -0.0026 0.2542
-0.0805 0.4707 -0.2118
-0.0313 -0.0042 -0.0498
-0.1106 -0.5006 -0.3236
-0.0399 -0.0680 -0.4328
-0.0960 0.1852 -0.1684
0.2239 0.2313 0.0494
-0.5493 -0.4352 0.3905
-0.2175 -0.6717 -0.0499
-0.3208 0.0822 0.0994
-0.0003 0.0006 -0.4594
0.0554 -0.1524 0.8097
-0.1016 0.8094 -0.4802
0.0051 0.0091 -0.9097
-0.0702 0.0536 0.4179
0.0826 -0.7057 0.2172
0.0449 -0.0102 0.0748
-0.5763 0.6223 0.1283
-0.2724 0.0179 0.1724
-0.0736 -0.0081 0.0049
-0.0148 0.0136 -0.1775
-0.3631 0.2447 0.8691
-0.2426 0.2464 -0.2229
0.4735 -0.2731 0.4584
0.5376 -0.6994 0.3831
-0.0185 -0.0073 -0.1557
0.0157 0.2334 -0.0352
-0.0188 0.0866 -0.1113
0.1901 0.3172 -0.4921
-0.0237 0.0003 0.0235
-0.4303 0.2647 0.7353
-0.4324 -0.4063 -0.5094
0.0025 -0.0058 -0.0565
-0.0081 0.0582 0.5991
-0.1067 -0.7105 0.9343
0.0000 -0.0000 -0.0403
-0.3377 0.1046 -0.3561
0.3882 0.7906 0.2040
-0.8711 0.4846 0.0732
0.0107 0.0334 -0.2441
-0.0510 -0.3094 0.3007
0.0007 -0.0020 -0.3100
-0.5365 -0.0147 0.5426
0.8577 0.1798 -0.2289
-0.1809 0.2224 0.3248
-0.1773 -0.5788 -0.2658
0.5657 0.7150 0.5413
-0.0276 0.2736 -0.3829
0.0595 0.0286 0.0139
-0.4501 0.2380 0.0556
-0.1026 -0.1485 -0.8532
0.2644 0.4168 0.3021
0.3940 0.3923 -0.6217
0.4788 -0.0070 -0.1071
-0.1518 -0.0780 -0.2256
-0.2522 0.1495 0.1820
0.5805 0.2886 -0.5648
-0.1544 -0.2226 -0.3785
0.0276 -0.0010 -0.4364
-0.0434 0.0419 0.0550
-0.6481 -0.8608 -0.2374
-0.0000 -0.0000 0.0000
0.5747 -0.6888 -0.0629
-0.0142 -0.0175 -0.3204
0.0238 -0.4054 -0.2381
0.2620 -0.9319 0.2147
0.1858 -0.4136 -0.7010
0.5035 -0.5361 0.4149
0.2537 0.3970 -0.3945
-0.0001 0.0000 0.2870
0.0803 -0.0119 0.0219
-0.2161 -0.8782 -0.4494
-0.4086 -0.8298 -0.2665
-0.1731 0.0436 -0.6837
-0.0466 -0.0219 0.6779
0.2160 0.4459 0.5672
-0.2947 0.6818 -0.5118
0.0466 -0.5355 0.6427
-0.3898 -0.6565 0.3052
0.1001 -0.1344 0.1839
-0.5709 -0.5871 -0.1864
0.6454 -0.1553 -0.3584
0.5969 0.0471 -0.4409
-0.2873 -0.0025 -0.5335
0.2107 -0.0697 -0.8992
0.0125 0.0189 0.0073
-0.3386 -0.2367 0.8247
-0.2029 -0.7345 -0.2637
0.1782 0.4235 -0.1556
-0.9390 -0.0554 0.0709
0.0041 0.0002 -0.0180
0.1991 0.0286 -0.4802
-0.5509 0.9699 -0.3409
-0.2623 0.7247 -0.1343
0.0865 0.0273 0.1738
0.4439 0.1881 -0.5325
0.4767 -0.0339 0.2298
0.0102 -0.0037 0.2414
0.4809 -0.4783 -0.2777
-0.0950 -0.1103 0.0980
