0.0901 0.1832
-1.8277 2.2924
0.1390 0.5059
-1.4288 -2.1167
-1.7719 2.1853
0.5402 0.5695
0.3711 0.5687
0.7844 0.1655
-0.8997 0.1202
-0.2101 -0.0572
0.4437 -1.0491
2.3437 1.8694
0.0439 -0.0780
-0.3983 -0.5082
0.5251 -0.4437
-0.0688 -0.7713
-0.6880 -0.2662
0.9476 -0.2590
-0.4608 -0.4264
-0.2285 -0.0560
0.1717 -0.1940
0.0471 -0.1828
0.0646 -0.1481
0.0645 0.0997
0.1563 0.0285
0.3508 -0.2867
-0.8490 0.3242
-0.1786 -0.1055
0.0578 -0.0373
0.2960 0.0296
-0.2894 -0.1228
0.3443 -0.4892
-0.3557 0.1366
-0.0377 0.6295
-2.3687 -1.8865
-0.3595 -0.0275
-0.2751 -0.2598
-0.7988 -0.0784
0.0422 -0.0263
-0.2644 0.4236
0.6880 0.4280
-0.5086 -0.4217
0.1869 0.0704
1.3372 -2.6269
0.0398 0.6893
0.5967 0.2079
-0.1419 0.0667
-0.1700 -0.3366
0.2417 -0.1999
0.7141 0.6125
