-1.1396 -0.9579
-3.1319 -0.0783
0.5090 0.2249
0.4426 -0.3841
-0.0040 -0.0009
-0.5045 0.0923
-0.0827 0.4319
-0.1454 0.8005
-0.0614 0.7717
-0.0521 0.1865
-0.2349 -0.0028
-1.0603 -1.5871
-0.8037 -0.3580
0.3995 0.2829
0.6565 0.6467
-0.2966 0.0652
0.5114 -0.0247
0.2931 -0.0303
0.1625 0.4478
0.9307 0.1087
0.2723 0.1234
0.1562 -0.0770
-0.7698 0.1930
-0.2594 -0.4125
-0.0724 -0.6546
-0.4193 0.4237
-0.2681 -0.8100
-0.0101 0.1661
-0.4848 0.0379
0.2199 -0.0220
-0.5177 -0.5144
0.1708 0.5716
-0.1629 0.6110
0.2552 0.0461
-0.1991 -0.8300
0.0456 0.0347
-0.8911 -0.7082
-0.4568 0.4029
0.2510 -0.8823
-0.2652 -0.0697
-0.2678 -0.1450
-0.2388 0.1681
-0.7831 -0.4145
0.1177 0.5620
0.3787 0.0678
0.2434 0.0956
-0.5019 0.4365
0.3187 0.2437
-0.3897 0.4546
0.2439 0.7961
4.2438 -0.6515
4.1517 -0.2710
4.3114 -0.1281
5.3190 -0.5414
4.6467 -0.1518
2.6943 -0.4164
1.0092 0.0449
5.3438 0.1883
2.6211 -0.8598
4.7275 -0.4050
4.8196 0.2352
2.6871 -0.6133
4.8780 0.7837
3.6189 -0.0473
4.5978 -0.0448
3.9160 -0.0810
4.6089 0.1355
4.8402 -0.8138
5.2278 0.6084
5.3932 -0.1973
4.6271 0.7090
4.3014 0.0898
4.8061 -0.2891
3.6642 -0.4620
4.7651 -0.1395
4.4839 -0.3280
4.7669 0.2743
4.4818 0.3384
3.6196 -0.0316
4.4534 -0.0511
3.8129 -0.6797
4.5026 0.3711
4.6697 -0.0844
4.2942 -0.5749
3.5320 -0.0327
5.0324 0.4250
5.3523 -1.3988
4.3796 0.2034
4.4813 0.5310
3.9525 0.1304
4.3650 0.1868
3.9780 -0.6055
4.5343 0.0869
4.3507 -0.2870
3.8172 0.5922
5.3907 0.0873
4.4143 0.2985
0.9287 -0.9061
4.6455 0.6479
4.8076 0.0953
