-0.2172 0.1892
-0.5897 0.6403
0.6042 0.2845
0.4240 -0.2094
0.4181 0.0587
-0.9798 -0.1255
-0.8640 -0.0165
-0.1102 0.0834
0.1127 0.0075
0.4691 0.5954
0.5730 -0.1955
0.4576 -0.2221
0.0232 0.9972
-0.2923 0.1900
-0.3655 -0.6045
-0.0312 0.4871
-0.0950 -0.0727
-0.1584 -0.1067
0.7797 0.1850
-0.3204 0.5886
0.4869 -0.7432
-0.2139 -0.6158
2.1627 3.4378
-0.8733 0.0359
-0.3791 -0.0370
0.2005 -0.4535
0.0769 0.1342
0.3780 -0.5438
-0.0693 0.9088
0.1573 0.2875
0.1028 -0.3823
0.2324 0.8126
0.1112 -0.0921
-0.3344 -0.4856
0.1081 -0.9811
0.0295 -0.0406
0.3556 -0.2788
0.0240 0.0141
-0.0919 -0.9238
-0.1944 0.1907
-0.0007 0.3734
-0.2314 -0.0782
0.0014 -0.0005
0.3792 0.0827
-0.3366 -0.3913
-0.3434 -0.1340
3.2473 -0.4752
-0.8679 1.6204
0.5841 0.6022
-0.2503 -0.6710
0.4706 0.2313
0.5797 -2.9016
-0.2670 0.3621
0.6880 0.2030
0.0368 -0.2281
0.6783 0.4005
0.2068 -0.0727
-0.3327 -0.1354
0.3711 0.5348
-0.3949 -0.3584
-3.1163 -0.7632
-0.6095 -0.4139
0.2567 -0.2810
-0.1396 -0.0208
0.4525 0.5097
0.0185 0.0077
1.7549 1.6907
0.0826 -0.1339
-0.4500 -0.4572
-0.0965 0.8985
0.9209 -0.0684
0.6308 -0.5019
0.7276 0.5598
-0.0203 -0.9554
0.0924 0.3775
2.8452 0.9768
0.5010 -0.3604
-1.2948 -1.6153
-0.3095 -0.2613
-0.3333 1.2672
-0.4089 -0.5919
0.2637 -0.2881
-0.2651 0.0327
-0.3071 -0.1860
-0.1413 -0.3564
0.8770 0.2293
0.3706 0.6148
0.1088 0.9520
2.8130 2.6748
-0.6101 0.2042
0.4894 0.1931
0.2938 -0.5979
-1.8896 3.5091
0.7839 -0.1173
-1.8620 1.6332
-0.3871 0.9071
0.0018 -0.4186
-0.6504 0.5961
-0.2818 -0.0959
-0.2680 -0.7662
0.2529 -0.4283
-3.5265 -2.0152
3.8416 -0.0401
-0.6164 -0.7307
0.3797 -0.0472
0.5115 0.3890
-0.1254 0.4724
0.5555 0.6283
-0.2011 0.4380
-0.7032 -0.0339
0.4652 -0.0178
-0.9073 0.3281
-0.5819 -0.6481
-0.1939 0.1637
0.0437 -0.6567
-0.6121 -0.4275
0.1303 0.1741
0.3281 0.3748
-0.7636 -0.5467
-0.3584 -0.4451
-0.0619 4.1577
-0.0086 0.0695
-0.3623 -0.7792
0.2205 -0.0358
-0.0771 -0.2440
0.4010 0.1789
0.5322 -0.2380
0.6832 0.6259
0.5914 -0.6798
0.8421 0.3376
-0.6079 0.6112
-0.4489 0.3110
0.5059 -2.8788
-3.6485 -0.7426
-0.1626 0.1727
0.0246 -0.0954
-0.1683 0.0576
0.3341 0.1496
0.7408 -0.0808
0.8053 0.2875
0.2142 -0.4147
0.0008 -0.0156
0.6375 -0.5402
0.0444 0.9773
-0.4896 0.6585
0.0342 -0.1238
0.0941 0.1050
0.4018 0.2284
0.0684 -0.0830
0.6569 -0.2999
0.1892 -0.0000
-0.6036 -0.2654
0.0952 0.0175
-0.2978 -0.7357
0.6528 0.4368
0.8292 -0.3716
1.2409 -3.7551
0.3049 -0.0436
-0.3059 0.9472
0.0426 0.4844
1.3657 1.5858
-0.4995 -0.0732
-0.0529 -0.6995
-0.1064 0.5576
-0.3698 -0.6951
-0.5668 -0.6349
0.4731 -0.2338
0.6802 -0.6325
-0.0586 -0.0165
-0.1498 -0.1157
-0.0940 3.0142
-0.0415 -0.1993
-0.1240 0.0826
0.4036 -0.0412
2.2377 3.4549
0.6086 -0.5504
0.0455 0.5508
0.0206 -0.5087
-0.4264 -0.4371
0.2422 -0.3628
0.4101 0.3357
-0.3875 -0.1583
0.1543 -0.1196
-0.5102 -0.4196
0.0904 -0.6757
-0.2699 -0.5151
0.6606 -0.5854
0.6887 -2.2302
-0.0639 -3.8346
-0.0281 0.0734
-2.5400 -1.1334
-0.0128 0.1167
0.2524 -0.5525
-0.3626 -0.6159
2.3572 -0.5893
0.3989 1.6780
-0.6472 0.2798
-0.1038 0.0888
-0.4120 -0.1240
-0.1764 -0.1274
-1.5622 1.8482
0.7732 -0.1000
0.8861 -0.2669
2.4702 2.8752
0.5433 -0.3378
0.5110 0.0376
-0.6654 -0.3111
-0.6131 0.4225
-0.3048 -0.2253
0.1800 0.1366
0.5553 0.0102
-2.7277 -1.3391
-2.2707 3.1210
-0.0648 0.3603
-0.5562 3.1505
0.6827 0.4970
0.4656 -0.2826
0.3565 -0.0809
0.2378 0.0621
0.2454 -0.2542
-0.3605 0.2646
0.8237 -0.3188
2.4340 -1.4438
0.1389 0.1759
0.5947 0.3084
-0.4664 -0.2468
1.0450 -0.9147
-0.2796 0.1000
-0.7717 -0.5112
-0.1522 -0.3298
0.2210 -0.1266
0.4167 -0.0240
-0.2497 -0.3745
0.2099 -0.1143
0.0018 0.0113
-0.0794 -0.2193
0.9461 -0.0421
0.0437 -0.7652
0.3172 0.1447
-0.8686 0.2690
-0.0114 0.0812
0.2383 0.3933
0.2073 -0.0564
0.7726 -1.9907
-0.2187 -0.2140
-0.0073 0.1867
0.1838 -0.0909
0.2441 0.1453
-0.4303 -0.5324
0.1005 -0.0384
4.5415 -0.6835
5.0017 0.0294
4.3740 0.7754
5.3040 -0.6644
4.9405 -0.0444
7.1604 2.3425
4.8444 0.5276
4.9882 0.0395
4.8570 0.9778
5.0041 -0.9149
4.6227 -0.0413
4.4272 0.0888
4.7353 0.4189
4.9745 -0.3380
5.1423 0.0038
5.1720 0.2129
5.4407 0.2091
5.5214 0.4674
5.1572 -0.2455
4.9949 0.0966
5.1114 -0.5236
5.3348 -0.2063
7.6600 -1.9464
4.9922 0.2961
5.2506 0.6511
5.3289 -0.1962
4.9094 -0.3512
4.3564 -0.6963
5.4542 -0.2854
8.8191 -0.6651
5.4429 0.2683
4.3942 -0.4290
5.0640 -0.7640
4.4972 -0.7443
5.1118 0.2692
5.6884 -0.6703
4.1400 0.0712
4.3566 0.2966
5.1015 0.2431
4.1642 -0.0187
7.1842 1.6471
5.1182 -0.1111
5.3359 -0.5329
5.5782 3.4370
5.9337 -0.0590
4.7769 -0.1415
5.2107 -0.0615
5.0361 -0.6184
4.4231 0.4483
5.0571 3.1335
5.1816 -0.3155
4.6241 0.4646
4.9506 0.0460
5.0044 -0.2382
4.9832 -0.0952
5.3658 -0.1620
7.6356 0.6714
1.3555 -2.0685
7.3042 1.9921
1.9285 -2.2873
5.1586 -0.1537
4.9698 0.0773
6.0707 0.7211
5.0121 -0.0733
4.8932 -0.6508
2.4783 1.8826
6.8104 -1.7544
1.3649 -0.9647
5.0486 0.0307
5.0566 -0.0071
5.6439 -0.1330
4.4174 0.0962
4.1354 -0.3240
4.5623 -0.7011
5.3763 0.1905
7.4511 -1.4901
5.0681 -0.0822
5.5660 -0.1760
4.8058 -1.4323
5.0657 0.0650
4.3399 -0.3937
3.0040 1.0774
4.8895 0.1486
4.7877 0.1374
4.6462 0.0866
4.8931 -0.5959
4.9962 0.0647
4.9912 0.0567
5.3830 0.5867
4.8750 -0.1542
5.3655 0.6156
4.7329 0.7789
4.6406 0.0709
5.0178 0.2935
7.8533 0.0536
4.8809 0.3042
4.7969 0.0948
5.4094 -0.2593
5.1846 0.7227
3.2790 -3.3718
4.8038 -0.6221
5.5786 -0.1893
5.2865 0.8701
4.8957 -0.8871
6.5917 -2.0522
7.0090 3.1165
4.6927 -0.6349
2.1180 -0.4849
5.3464 0.1057
5.0121 0.1708
8.0892 1.0788
5.2260 -0.1728
4.6150 -0.0352
5.0187 0.4521
4.9935 -0.1549
5.0795 0.1396
5.4903 0.4689
4.0375 1.2285
4.7216 -0.0375
5.2152 -0.2319
4.9839 -0.1435
4.9941 0.0275
4.8742 -0.2626
4.8571 0.0698
4.1444 -0.0699
4.0409 -0.0249
5.0934 -0.4002
5.3433 -0.0614
3.0318 -1.2099
6.3543 3.0211
4.8919 0.6373
4.9683 0.0547
4.8870 0.0533
4.9749 0.0240
4.0605 0.2312
5.2501 0.8098
4.9705 0.1856
3.7248 1.0796
4.8539 0.7200
5.2064 -0.3940
4.8125 0.8997
4.6158 -0.6032
4.9757 -0.1772
5.2447 0.5766
4.3941 0.0467
5.1296 0.0752
4.6526 0.5019
6.1522 1.4889
4.8055 -0.0764
3.2762 -0.2739
5.0001 0.0176
4.7186 -0.1643
5.4648 -0.2300
4.5477 -0.3498
4.7901 0.8334
4.9317 -0.0237
5.5248 -0.3256
4.9218 -1.6179
5.0185 0.0209
5.3933 0.2330
5.4090 0.2259
5.5113 0.4477
4.9157 0.6535
5.4932 0.4592
4.5813 -0.4353
4.9009 -0.2265
5.1315 0.4361
5.5854 0.6360
5.4147 -0.8137
5.4785 0.3342
5.0415 -0.1583
4.8134 0.2482
5.0680 0.8591
4.8277 -0.4495
5.0706 -0.0120
5.2784 0.1122
4.9783 0.0982
4.8395 0.1001
5.9114 -0.0073
5.1725 0.4481
5.2765 -0.4385
4.8294 0.1362
4.9758 0.5080
6.8746 3.5488
1.7476 0.2645
4.8763 -0.2439
5.1442 -0.2459
5.2344 0.0242
4.8904 -0.2423
5.2224 0.0797
4.3290 0.5170
4.9182 0.0590
6.2672 0.9991
4.4504 -0.6544
3.5462 -0.3359
5.1965 -0.3818
4.9635 0.5236
4.6864 -0.3270
5.9970 2.6705
4.2747 -0.4785
4.4166 -0.5491
4.8236 0.7765
4.3436 -0.4160
5.3951 0.0676
4.9879 -0.8912
5.0660 0.0350
5.1801 0.1678
5.0817 -0.2868
7.0291 -1.4515
5.0017 0.0086
4.5707 0.0088
5.3428 -1.0908
5.9180 -0.1347
4.9397 -0.1955
4.9899 0.0689
5.4078 -0.6051
5.0835 0.1847
2.9312 0.3366
5.2100 0.0567
5.0100 -0.7195
5.2266 -0.6108
5.7404 0.0022
5.0533 -0.0257
4.6702 0.1315
4.7294 0.3110
4.9930 0.2078
4.8573 0.1473
5.7379 0.4784
4.6824 0.5788
4.6474 -0.3223
4.5653 0.3462
4.9447 0.5557
4.6296 -0.1367
5.2600 -0.2168
4.9872 -0.4433
4.0942 0.0030
4.8631 0.5086
5.6798 0.4752
4.9914 0.0307
3.0489 0.9422
5.0654 0.3223
2.3189 -1.2771
5.7151 0.0335
5.2014 -0.3870
5.5859 -0.5218
4.9473 -0.2142
3.8547 0.0792
5.5788 0.4616
5.0147 -0.0330
4.9466 -0.0621
