0.1683 0.2092
0.0387 0.0750
0.5794 0.6343
0.2692 -0.4903
-0.9686 -0.1380
0.0195 -0.4652
-0.2633 -0.0764
-0.3872 -0.8978
0.1744 0.3047
-0.5631 0.3859
-0.0102 -0.0452
-0.7412 0.2449
0.0798 -0.4885
0.3773 -0.2388
-0.0360 0.6262
0.4891 -0.0359
0.2040 0.0544
-0.7473 -0.1904
-0.0852 0.0388
-3.1600 0.4095
-0.4270 0.4724
-0.2411 0.0648
0.1954 -0.3549
0.1476 0.0103
-0.0028 0.0372
4.7172 2.6854
4.8021 -0.2728
4.6921 -0.3389
5.0227 -0.6384
4.3815 0.2421
4.5884 0.0318
4.5068 0.0052
4.5317 0.0404
3.9744 -0.2716
4.2810 0.2960
4.4079 0.0992
4.4771 0.0025
4.5423 0.0420
4.7786 0.8454
4.2352 0.5135
4.4824 -0.7235
4.2526 -0.2480
4.1443 -0.3018
4.6820 0.3704
4.8789 1.9590
4.7656 1.3206
4.5809 0.8059
4.1825 -0.2469
4.3892 0.0849
4.8186 1.9193
