-0.0077 -0.3978
-0.7137 -0.4124
-0.9613 0.1041
0.3120 -0.5351
-0.1787 -0.2319
0.2039 0.1724
-0.2722 0.8679
0.4172 0.6546
-0.7659 0.0821
-0.7676 0.1369
0.0842 0.3395
0.3713 0.3776
-0.3092 0.0688
-0.6802 0.4904
0.3584 0.7964
-0.2678 0.5843
0.7619 0.4339
0.5677 -0.2405
-0.1311 0.4666
0.2904 0.2984
-0.4818 -0.8448
1.7490 -1.1973
0.0536 -0.0130
-0.5649 -0.0416
-0.5720 0.1742
-0.2183 1.0537
0.1327 0.1637
-0.1001 -0.0641
0.0107 0.0898
0.0477 0.0563
-0.2966 -0.1528
0.3561 0.2954
-0.1316 0.1930
-0.2377 0.2940
-0.1351 -0.9581
0.5629 -0.0992
-0.0546 -0.1243
-0.7557 -2.9317
0.0270 0.0509
0.6758 -0.2617
-0.1974 -0.1908
0.4730 -0.7293
0.5975 -0.3173
-0.4542 -0.6371
-0.5965 -0.7925
-0.5681 -0.5181
0.4733 0.1459
0.0668 0.0371
0.6042 0.7314
-0.7659 0.3871
-0.1416 0.7530
-0.3120 -0.0620
0.0272 0.0463
-0.2038 -0.2784
-0.1702 -0.1120
0.5978 -0.7606
-0.2943 -0.5443
-0.5249 -0.1151
0.3033 0.2361
0.0784 0.0565
0.1156 -0.1746
1.2754 2.5488
-0.4375 0.0677
0.3697 0.2569
0.3431 0.3529
-0.3734 -3.1321
-0.9757 -0.1604
-0.3291 -0.0591
-0.4385 0.6699
0.2089 -0.8135
1.3311 -0.0151
-0.0120 -0.0060
0.2097 -0.1126
-0.8879 -0.2063
-0.2636 0.5082
0.3665 -0.5709
-0.0762 0.4483
0.2554 -0.4896
-0.4313 -0.5262
0.0069 -0.1399
-0.0571 -0.0376
-0.0364 -0.8396
0.2396 0.1246
-0.3066 0.9245
0.4067 -0.7016
-0.2020 0.8016
-0.1765 -0.0824
-0.5200 -0.6537
-0.1938 -0.1498
-0.0819 0.4837
0.1601 0.0910
0.3098 0.1761
0.3207 -0.1354
0.6583 1.5200
0.1268 0.1388
-0.0904 -0.2524
0.4228 0.0481
-0.3172 -0.0923
-0.1189 0.8565
-1.2346 1.3460
-0.1993 0.3067
-0.0144 0.0266
0.0357 -0.0386
0.0000 0.0018
-0.2100 0.6446
0.8583 0.0227
-0.6229 0.3604
-0.1408 -0.7832
-0.1607 0.3313
-0.3597 0.6634
0.5749 -0.2570
0.8216 0.2569
0.5106 0.2134
-0.2324 0.3391
-0.6191 0.4039
-0.4506 0.6057
0.6313 -0.8273
-0.4478 0.1225
-0.5261 -0.0864
-0.0462 0.1669
-0.1529 0.4584
0.3856 -0.2467
-0.0708 -0.0372
0.8529 -0.2469
0.3438 -0.8443
0.6336 -0.5131
0.3682 0.8797
-0.6071 -0.7908
0.0782 0.0609
-0.2976 1.0706
0.0221 0.0289
0.5035 -0.3087
0.1103 0.0445
-0.0565 -0.8067
-0.1216 0.6323
-0.5115 0.2426
-0.4084 -0.2777
-0.3786 -0.7316
0.3699 0.0739
0.2782 -0.3046
-0.1419 0.2382
-0.8044 0.2368
-0.3886 0.2785
0.2360 0.9314
-0.4910 0.1007
-0.4867 0.3411
0.1129 -0.2749
-0.2200 -0.5701
0.2769 0.0309
0.0054 -0.0901
0.5945 0.3081
-0.3275 0.3928
0.8601 0.0889
0.3352 0.2256
0.3946 0.1660
0.0049 0.5202
-0.2871 -0.4462
-0.1863 -0.1220
0.8059 0.3024
-0.0397 -0.5801
0.2092 -0.6963
-0.1652 -0.7664
-0.0945 -0.2700
-0.1952 0.1286
-3.4428 -0.8746
-0.2281 -0.1757
-0.4406 -0.3460
0.2460 3.0078
-0.1083 -0.0471
-0.3810 0.5648
-0.1174 -0.1068
-0.5357 -0.5965
-0.6798 0.4041
-0.0204 0.0259
-0.7677 0.4647
-0.0765 -0.7491
0.2636 0.3042
0.0822 -0.3539
0.0736 0.6039
0.2301 -0.7131
0.1058 0.0713
1.1393 0.0764
0.0863 0.4526
-0.3296 -0.5278
0.0507 0.6232
-0.3655 -0.7341
-0.5040 0.0247
-0.7916 -0.4715
-0.5003 0.4171
0.2213 0.4869
0.6827 0.6046
0.6046 0.3476
-0.6263 0.2592
2.9531 -1.8492
0.3986 0.8580
-0.8238 -0.1830
-0.4549 -0.1686
-0.3785 0.3279
-0.5743 0.0962
0.2671 0.1206
-0.8500 -0.0013
-0.6316 -0.3569
0.2089 0.2217
0.0286 -0.0948
0.7576 0.6417
-0.0717 0.2173
0.5043 0.1911
-0.6135 0.2837
-1.6543 0.6636
-0.8363 -0.1171
-0.0017 0.8407
0.3647 -0.3997
0.0385 -0.2572
-0.0306 -0.1163
0.2305 -0.5411
-0.0607 0.0288
-0.0731 -0.1601
-0.0013 0.0018
0.3966 0.0611
-0.2815 -0.0972
0.8652 -0.2824
-0.0301 0.0755
-0.3225 0.3991
0.1623 -0.0867
-0.2915 -0.1068
0.3857 0.3498
0.1501 -0.6123
-0.6897 0.2163
0.3522 -0.3345
0.4815 0.0618
1.2409 2.5418
-0.4294 0.3452
0.0371 -0.0651
-0.2192 -0.1163
-0.0904 -0.2767
-0.1223 0.2809
0.1125 -0.3044
-0.2470 0.4317
-0.5275 -0.2977
-0.2423 0.5860
-0.6791 -0.1442
0.0091 -0.0469
-0.0663 0.4514
-0.0644 -0.0850
0.3662 0.1400
0.2715 -0.3793
0.3194 -0.6006
-0.0498 0.0533
-0.0112 -0.3647
0.1911 -0.7166
-0.4245 -0.4277
-0.4603 0.4562
-0.5122 -0.1926
-0.0598 0.1788
0.2351 0.0353
0.5475 0.3722
0.8050 -0.5455
-0.5307 -0.1467
-0.7162 -0.4861
0.0420 0.0174
0.7211 -0.5961
0.2488 0.4943
-0.4628 -0.5702
-0.5738 -0.6382
0.1825 0.4696
0.1103 0.6551
0.0209 0.0263
0.2400 0.5481
0.1010 0.2984
-0.4799 1.7746
-0.0268 0.0465
-0.7127 0.5927
-0.0270 -0.2126
0.1323 -0.1100
0.3243 -0.7768
0.0690 -0.1903
0.1388 0.0884
-0.2437 0.0304
-0.0328 -0.0627
0.3214 0.4419
0.0906 -0.1007
-0.0255 0.0515
-0.1310 -0.3295
-0.7231 -0.5387
0.1412 -0.1545
0.9498 -0.2080
-0.1131 0.1064
-0.2297 0.1708
0.3956 0.8024
0.0851 -0.3062
-0.0672 0.0792
0.2896 0.3216
-0.4107 0.3382
-0.8478 0.2560
-0.8366 0.2718
-0.1924 -0.6762
-0.0408 -0.0031
0.6236 -0.2260
0.5530 -0.1372
-0.9476 -0.1134
0.0531 -0.0726
-0.0592 -0.3700
-0.6873 0.2504
0.1715 -0.0397
-0.0052 -0.2333
-0.7888 -0.3802
0.0453 -0.2623
-0.1917 0.4176
0.5546 0.0071
0.0281 -0.2109
-0.0487 0.9486
0.8812 0.3042
-0.3560 0.6355
-0.0828 0.0606
-0.0832 -0.2031
0.4547 2.9941
-0.8676 -0.0905
-0.1077 -0.1952
0.4757 0.0169
-0.8329 -0.3265
0.5487 0.3849
0.2297 -0.2960
0.1246 -0.3353
0.8802 0.3659
-0.6188 0.2073
0.3899 -0.1764
-0.7636 0.0816
-0.2887 -0.8247
0.0170 -0.0256
0.0446 -0.0357
-0.3863 -0.1999
-0.1926 -0.3621
-0.1080 0.1712
0.1514 -0.0800
0.0822 -0.0805
-0.5911 0.1178
0.1470 0.0583
-0.8014 -0.1040
-0.6834 0.0309
-0.2722 0.0021
0.4081 -0.1783
0.4923 0.5146
0.0297 0.0084
0.1147 -0.0539
0.2027 0.0086
0.0348 -0.0607
0.1259 -0.6640
-0.3440 -0.5005
0.1001 0.1941
-0.1160 -0.7762
-0.1279 0.6482
0.6296 0.2891
0.5965 -0.1389
-0.1207 -0.0640
0.4672 0.8573
0.0021 -0.1546
0.1974 -0.2033
-0.4404 -0.0720
0.8319 -0.3591
-0.5192 0.2113
-0.1278 0.3505
0.2716 -0.8058
-0.1337 -0.6607
0.6476 -0.7429
0.0099 -0.0015
0.4107 -0.1693
-0.2562 -0.8102
0.3895 0.0857
-0.0031 -0.3185
0.7229 0.4046
0.0619 -3.2931
0.4547 0.1955
0.8674 -0.4499
0.6526 -0.0696
0.4739 -0.3379
-0.2555 -0.3000
0.0467 0.0924
-0.0427 -0.4668
0.2565 0.8576
-0.0682 0.1975
0.7252 -0.3098
-0.3862 -0.3972
-0.1064 -0.2446
-0.8479 -0.4173
0.2168 0.1762
-0.6913 0.1303
0.8258 0.5301
0.3689 0.5872
0.9130 0.3112
-0.4610 -0.2184
0.0602 0.3269
-0.3862 -0.0220
0.6422 0.4651
-0.1922 -0.0666
-0.2998 0.1062
0.1236 -0.7132
-0.3468 -0.1413
-0.2617 -0.0604
-0.2436 -0.5403
0.2124 -0.2362
-0.1718 0.0890
-0.3256 -0.0138
-0.2565 -0.1391
-0.8304 -0.0353
0.7204 -0.0383
0.2857 0.7038
-0.0637 0.5008
-0.2291 -0.7080
0.3453 -0.7996
0.1961 0.8634
0.0745 -0.2586
-0.1352 0.1138
-0.1032 -0.8559
0.1904 -0.1503
-0.2833 -0.5098
-0.4579 -0.3386
0.2218 0.1198
-0.5714 -0.6881
-0.0239 0.0399
0.3531 0.2194
-0.3101 -0.2836
-0.5754 0.4766
0.1660 0.1054
-0.0474 0.1005
0.0139 -0.1424
0.5842 -0.1858
0.0860 -0.2834
-0.2562 0.6128
-0.0656 0.1991
0.6411 -2.0568
0.6618 0.2028
0.0977 0.6345
-2.1987 2.4441
0.3189 0.0891
0.6009 -0.0441
-0.1244 -0.2420
-0.1239 -0.0546
-0.0356 -0.0132
-0.7625 -0.4696
-0.3275 0.4233
-0.0545 -0.4904
0.3133 0.8306
0.0285 0.0507
-0.0580 -0.1722
-0.1173 -0.1646
-0.2705 -0.8245
0.0112 -0.0017
-0.2381 0.1934
0.2942 0.8863
-0.0017 -0.0631
-0.3248 0.5662
-0.6375 0.1342
0.1429 0.3961
-1.2565 -0.9784
0.8290 -0.3697
-1.1987 0.9487
-0.3163 0.4280
0.5050 0.3958
-0.6300 -0.0427
0.3103 0.4866
0.4129 -0.2224
0.8070 -0.3156
-0.0737 -0.2207
-0.2370 0.3180
0.4448 -0.8760
0.2168 0.3289
-0.1948 0.8946
-0.0933 0.3942
0.1505 -0.3809
-0.0112 0.0049
-0.0903 -0.0441
0.2467 -0.0906
-1.0821 -0.9471
0.1433 -0.1586
0.4396 -0.5093
-0.3749 0.0037
0.7358 0.6449
-0.4649 0.2222
0.5034 0.3560
0.3377 -0.1877
0.2255 -0.5587
-0.6301 0.2114
0.7749 -0.2862
0.1501 -0.2574
-0.0424 0.1704
0.5883 0.0671
0.1294 -0.1861
0.1186 0.0184
-0.6867 -0.2215
-0.0384 0.0468
-0.2052 0.8885
0.9738 3.1221
-0.0068 -0.0013
-0.2725 -0.0295
-0.2009 0.7337
0.3009 0.9370
-0.0154 0.2175
0.0095 0.0355
-0.3412 -0.6415
-0.1647 -0.9709
