0.1454 -1.0328
0.0755 -0.2810
-0.0649 0.1766
-0.9821 0.0338
-0.1076 0.3396
-0.1799 0.8722
0.1032 0.0702
-1.5356 -1.6464
-0.0197 0.2040
0.5823 -0.4638
-0.0533 0.2393
0.0943 -0.0917
-0.3613 -0.5299
-0.6251 0.3682
0.4943 -0.4170
-1.7485 -0.5337
-0.1577 -0.0182
0.0402 -0.3431
0.3283 0.0427
-0.3035 2.3713
0.2242 -0.2529
-0.0072 -0.1457
-0.7085 0.3752
-0.0118 -0.0102
-0.3464 1.2624
-0.0346 -0.0538
0.4809 0.3484
0.2151 -0.2536
-0.2294 -0.4110
0.3631 1.7813
0.3518 -0.6820
-0.1306 0.4780
0.5998 -0.6873
-0.0490 0.4892
-0.3463 -0.4712
-0.1498 -0.3935
-0.0103 -0.0850
0.0209 -0.7939
0.1407 -0.1300
-0.4299 -0.5359
