0.1248 0.0291 -0.9215
0.0174 0.0063 -0.1031
-0.0132 0.0081 -0.0746
-0.0414 0.0101 0.4819
0.0860 -0.3494 0.3729
-0.1633 0.1744 -0.0809
-0.0198 -0.1441 -0.1289
-0.1015 0.0642 0.3484
0.1472 0.0904 -0.1824
-0.1072 0.3446 -0.8069
0.0901 -0.6654 -0.0800
-0.5623 0.0609 -0.3388
-0.1710 -0.2518 -0.7190
-0.0120 0.0139 -0.0035
-0.5766 0.4659 0.2243
-0.2269 0.3600 0.0023
-0.1491 0.1374 0.7426
-0.1485 0.2549 -0.1848
0.1191 0.2889 0.2132
-0.0192 -0.0120 -0.8903
-0.9208 -0.0422 0.1656
-0.2799 -0.0017 -0.0187
-0.1803 0.0783 0.4858
-0.4487 0.1181 0.6302
-0.0437 -0.3164 0.1037
-0.1214 -0.0680 -0.3031
0.2626 0.2394 0.1192
-0.6931 -0.5538 -0.1536
0.2072 0.0410 -0.6866
0.0428 -0.2925 0.3587
-0.1910 0.0316 0.0670
-0.3411 0.5275 0.4714
0.0008 0.0100 0.8902
-0.0012 0.0169 -0.2992
-0.0823 0.0331 -0.0255
0.0256 0.0970 -0.2421
-0.0471 0.4354 0.2024
-0.2143 -0.2191 -0.2547
0.2128 -0.0041 -0.1662
-0.5769 -0.3012 -0.1756
0.3084 0.1120 0.7947
0.0029 0.3475 -0.1900
-0.0032 -0.1337 0.4650
-0.6320 -0.6748 -0.1229
0.0719 -0.3259 0.6162
0.0228 0.0164 -0.0843
-0.3693 0.6335 0.3670
-0.1060 0.3066 -0.0858
-0.0949 0.0077 0.6685
0.3650 -0.2997 0.2206
0.0002 0.0124 0.0337
-0.0278 -0.0296 -0.2439
0.4033 -0.4149 -0.4735
0.2214 -0.8706 -0.1095
-0.0563 -0.0618 0.9542
-0.0840 0.0210 -0.0730
-0.2515 -0.4443 0.4780
0.0361 0.1416 -0.1712
-0.0032 -0.1598 -0.0241
0.0118 -0.2590 -0.0664
-0.1579 0.7966 0.0409
-0.1916 0.6887 0.1781
-0.3709 0.1567 -0.5083
-0.4245 -0.4991 -0.4782
-0.4402 0.4471 -0.4519
0.0245 0.0233 0.1858
0.1589 -0.0789 0.7558
-0.0081 0.3419 -0.5355
-0.2650 -0.4192 0.5447
-0.1239 0.2166 -0.9024
0.4562 -0.1879 -0.3989
0.2948 -0.2352 -0.6635
0.0402 -0.4584 -0.0126
0.4945 0.0657 0.3102
0.5183 0.6797 0.3609
-0.4915 -0.1846 -0.2009
-0.3071 -0.1981 0.1562
-0.0203 -0.0120 -0.0436
-0.0273 0.0281 -0.4861
0.1163 -0.0669 -0.1382
0.5902 -0.5071 -0.3316
-0.6922 0.0994 0.2866
-0.0319 0.4750 -0.8619
-0.7414 -0.2912 -0.2816
-0.0305 -0.0085 -0.2674
-0.0688 -0.0045 -0.1632
-0.0180 -0.0047 0.0377
-0.1713 0.5638 -0.1598
-0.0192 -0.0090 0.0464
-0.0015 -0.0076 0.1128
-0.2105 0.5675 0.5549
0.4824 -0.2619 0.1295
0.4577 -0.3351 0.5098
-0.0528 0.2567 -0.2365
0.0009 0.0107 -0.2237
-0.0171 -0.0001 0.7002
0.4148 -0.2805 -0.7479
0.0004 -0.0092 -0.0675
0.0105 -0.0483 -0.0567
-0.0353 0.0130 0.0352
-0.2113 0.4346 -0.1779
0.1270 0.4175 -0.3693
0.6054 -0.6131 -0.1807
0.3533 0.0601 -0.2863
-0.3489 -0.1798 -0.0437
0.3155 -0.1458 -0.9246
0.0130 -0.0051 0.0482
-0.7101 -0.1121 0.6596
-0.3875 0.1616 0.5588
0.0771 0.4276 0.7963
0.1525 -0.7001 -0.4599
-0.0640 0.1022 0.1100
0.0099 -0.2798 -0.2771
0.0626 0.5404 0.0156
0.1887 0.1953 -0.1724
-0.0623 -0.0519 -0.0724
-0.2713 -0.0672 0.7895
-0.1157 -0.4526 -0.2651
-0.3767 -0.1024 -0.1488
-0.0001 0.0094 -0.3808
0.0280 -0.0210 -0.0945
-0.1459 0.0324 0.2472
-0.1343 0.1276 0.0379
-0.2065 -0.2515 0.3540
0.0773 -0.0314 -0.5193
0.0093 -0.0186 -0.2023
-0.7017 0.1033 0.3256
0.2456 0.0858 0.4659
0.0140 -0.0164 -0.2462
0.3705 -0.2926 0.3316
-0.3505 0.5532 -0.1068
0.0068 -0.5007 -0.0993
0.2467 0.1524 0.2540
0.0527 -0.0014 0.4488
0.0743 0.2835 -0.8047
0.0107 0.0364 0.1225
0.0632 -0.1449 0.8695
-0.2137 -0.0924 0.1430
-0.2772 -0.2008 0.2055
0.0918 0.0066 -0.1219
-0.0343 0.0857 0.5401
0.0300 0.2008 -0.0212
-0.0100 -0.0211 0.6367
0.6942 0.0385 0.5177
0.0496 -0.0138 -0.0161
0.2643 -0.0207 0.7337
-0.0619 -0.0097 -0.1739
0.8108 0.5323 0.0798
-0.6847 -0.0212 -0.4755
-0.1428 0.1128 0.1623
0.0281 0.0657 0.0724
-0.0451 0.0289 0.3754
0.5437 -0.1130 -0.1709
-0.2894 0.2009 -0.7925
-0.1731 0.5599 0.2726
0.2554 -0.1522 -0.1345
-0.2713 -0.4886 -0.6967
-0.1546 -0.0655 0.3570
-0.2560 0.2384 -0.0450
-0.1114 -0.6143 -0.2262
-0.3302 0.0136 0.4294
0.0429 0.0134 -0.5165
0.1383 -0.3505 0.8765
-0.0768 0.0116 0.0118
-0.1482 -0.1217 -0.2178
0.0206 -0.0205 0.0766
-0.3881 0.0195 0.5246
-0.1381 0.3146 -0.0712
-0.0644 0.0515 0.2086
0.1948 -0.2666 0.4535
0.0891 0.0893 -0.2640
0.5132 0.8391 0.1182
0.6657 -0.3047 -0.5033
0.0660 -0.0460 -0.3411
0.3799 -0.2531 -0.2277
-0.1482 0.3996 0.7709
0.2920 0.0485 0.1274
0.0560 0.1541 0.4393
-0.2049 0.3635 -0.6499
0.7546 0.0811 0.2336
-0.1385 0.1972 -0.2391
0.4914 0.1307 -0.3733
0.0443 -0.3532 -0.0185
0.3492 0.2101 -0.5994
-0.0473 0.1681 0.4345
-0.0760 0.0036 -0.3107
-0.8282 -0.2306 -0.1221
0.0942 -0.0960 -0.7515
-0.7895 0.2640 -0.2728
-0.0143 0.0052 -0.0283
-0.1915 -0.1354 0.1359
0.0222 -0.0108 0.2871
0.1907 -0.0280 -0.2597
-0.1344 0.2167 -0.8144
-0.1518 -0.0430 -0.7325
-0.1301 -0.0337 0.2381
0.0008 0.2680 0.1377
0.2465 -0.2490 0.5996
-0.5833 0.4688 0.2419
-0.0083 -0.0055 0.6619
-0.1983 0.0406 -0.4289
0.0847 -0.3271 -0.0467
0.0303 -0.0078 -0.2995
0.0936 0.0571 0.0788
0.0650 -0.2714 0.5939
0.7953 -0.2536 -0.4692
0.0130 0.0080 -0.2331
0.3264 -0.0414 0.1849
-0.0277 -0.0358 -0.0408
-0.0030 -0.0321 0.0445
0.4028 -0.1876 -0.6751
0.3116 0.2787 -0.1885
0.4393 0.1627 0.1399
-0.1878 -0.1623 0.4696
0.0773 0.0997 0.9864
-0.0004 -0.0471 0.1528
-0.0587 -0.1932 0.5939
-0.6160 0.1046 -0.0923
0.0453 0.0051 -0.0522
0.0024 -0.0011 0.0320
-0.4648 -0.1215 -0.2951
-0.0187 -0.2232 -0.3774
0.0702 -0.0398 -0.1292
0.0202 -0.0115 -0.1225
-0.0018 -0.0419 0.0605
0.3088 0.1285 0.1149
0.1400 0.1403 0.5825
-0.8012 0.2647 0.1582
0.6208 -0.0066 -0.6611
-0.0283 0.0194 -0.0399
-0.1454 -0.4000 -0.7324
0.2944 -0.0853 0.3174
0.4602 0.3068 -0.2835
0.1853 -0.0277 0.0445
0.0336 -0.0213 -0.1487
-0.1634 -0.4683 0.7478
0.0766 0.0794 0.5689
-0.0934 0.2619 0.7349
-0.1897 0.4280 -0.5253
-0.3112 0.4653 -0.3766
-0.3318 -0.0784 -0.0387
0.0495 0.3259 0.7439
0.0000 -0.0000 -0.5358
-0.1625 0.0425 0.2896
-0.0947 -0.2271 0.0021
-0.6851 -0.2822 -0.4959
0.0488 -0.0333 -0.0308
0.2809 0.3377 -0.5120
0.0065 0.3111 0.0558
0.0029 0.0011 -0.0047
0.5820 -0.0610 0.2887
0.6390 0.2459 0.1510
-0.2920 0.4885 0.4829
0.0326 -0.1045 -0.6152
0.2599 -0.2901 0.0327
-0.1450 -0.1976 0.0502
0.1028 0.1602 -0.4766
0.6201 -0.2719 0.5086
-0.4525 -0.5171 0.6157
0.1522 0.5594 -0.7273
0.2701 0.2221 -0.4133
0.4054 -0.0806 0.6758
0.0200 0.0892 -0.4169
0.2221 0.1802 -0.4928
-0.2638 -0.4151 -0.4530
0.0067 0.0015 0.0526
0.0132 0.0260 0.7692
0.0007 -0.0005 0.0071
-0.1767 -0.0504 -0.2253
-0.1226 0.1275 0.1097
-0.0054 0.0750 0.2133
0.0721 -0.1580 0.6122
0.2327 0.2703 -0.6487
0.1268 0.2533 0.6813
-0.0201 0.1448 -0.0223
-0.4129 -0.4094 0.0398
-0.2493 -0.0992 0.1457
-0.0649 0.0092 -0.2608
0.1980 0.5194 -0.6361
-0.0531 -0.1287 -0.4240
0.0552 -0.4188 -0.1822
0.7225 -0.1091 -0.0544
0.7001 -0.3675 -0.4376
0.3699 -0.1379 0.0530
0.0261 -0.0330 -0.0970
0.4334 0.0961 -0.3155
-0.5002 0.2186 0.3516
-0.0087 -0.4693 0.4196
0.0985 -0.0723 -0.4800
0.2029 -0.8706 -0.3414
0.3053 -0.6701 0.1742
-0.0027 0.1771 0.5312
0.4902 0.0859 -0.8359
0.5187 -0.0600 -0.1446
0.1270 0.1368 0.1049
0.0741 0.0225 -0.1321
0.7020 0.0522 0.2341
0.0004 0.0013 -0.0004
-0.2339 -0.4502 0.5670
-0.0398 -0.0245 -0.1376
-0.2670 -0.4234 -0.2772
-0.4077 -0.4198 0.7682
-0.2958 0.4043 -0.7061
-0.0460 0.0885 0.0359
-0.1534 0.1796 -0.5407
-0.0432 -0.0177 0.4903
0.0524 0.0359 0.3412
-0.4840 0.7233 -0.1641
0.1556 -0.1890 -0.6052
-0.1589 0.0812 -0.2450
0.2848 0.7438 0.0702
-0.1573 0.0368 -0.0864
0.0914 0.2844 -0.0207
-0.4025 0.0560 0.7823
0.3879 0.4825 -0.2234
-0.0410 -0.0240 -0.0281
0.1737 0.3102 0.6363
0.0838 -0.4414 0.5018
0.3882 0.2874 0.7634
-0.0143 0.0844 0.0155
-0.2240 0.0617 0.2815
0.0239 0.0620 0.5160
-0.9211 0.1314 -0.0876
0.0790 -0.0146 0.0103
-0.1389 -0.1231 0.2392
-0.1029 0.0935 0.2209
0.0580 0.5075 -0.4610
-0.0048 0.4756 -0.6967
-0.1295 -0.4833 -0.6364
-0.0460 -0.1740 0.0291
-0.1725 -0.3085 0.1416
-0.7503 0.4309 0.1343
-0.2263 0.0952 0.3033
0.1047 0.2144 -0.3798
0.2573 0.0955 -0.4873
0.0961 0.0705 -0.2568
-0.0330 0.0364 0.0012
0.1965 0.2472 -0.2565
0.0055 0.0487 -0.3965
-0.4997 -0.4256 -0.0158
0.0412 -0.0153 -0.4660
-0.5846 -0.7140 -0.1019
0.6927 -0.4926 0.4158
-0.6267 -0.4935 0.1595
-0.1040 -0.2874 -0.5803
0.2508 -0.7078 -0.1557
-0.2680 -0.1366 0.8860
-0.1449 -0.1492 0.7733
-0.2471 -0.3845 0.6862
-0.0696 0.2248 -0.0746
-0.1325 -0.1737 0.7333
-0.0077 -0.0046 -0.0391
-0.1544 0.0063 -0.2390
-0.1951 -0.0192 -0.1159
0.1904 -0.1482 -0.6111
-0.0356 0.3387 -0.0703
-0.6393 -0.0366 0.2303
-0.0239 0.7914 -0.5869
-0.1158 0.5687 0.2075
-0.0062 0.2834 -0.4463
-0.0026 -0.3699 0.4005
0.1247 0.6213 -0.7285
0.0065 0.0752 0.2494
-0.0782 0.0432 0.2306
0.1112 0.2124 0.2374
-0.1861 0.2625 0.0065
-0.0344 -0.1085 0.0916
0.0874 -0.0880 0.0468
-0.0093 0.0053 0.0017
0.1298 -0.1593 -0.2627
-0.0191 0.0256 0.2369
-0.0469 0.0380 0.4691
-0.4041 -0.0270 -0.0548
-0.1623 0.9136 0.2414
-0.0214 -0.0419 -0.3930
0.0008 -0.0016 -0.4889
-0.1552 -0.0607 -0.0335
-0.2766 0.5463 -0.1708
-0.2331 -0.1366 0.4525
0.3046 0.0334 0.8568
-0.1200 -0.3897 0.5572
0.0993 -0.1328 -0.3409
-0.1213 0.2667 0.1384
0.1552 0.3787 0.2081
-0.0220 0.0127 -0.0031
0.0022 0.0007 -0.0899
0.2589 0.0144 -0.7433
0.2067 0.0897 0.5000
0.0314 -0.0945 -0.0206
-0.1962 0.4804 -0.7413
-0.4876 -0.5779 0.3405
0.4783 -0.1142 0.0996
-0.0346 0.0039 -0.0053
0.4336 -0.2465 -0.2426
0.0464 0.2528 0.4644
-0.1164 -0.0266 0.3639
-0.4602 0.1991 -0.6031
0.2162 -0.5112 -0.8197
0.2421 -0.0702 -0.1182
0.4894 0.0664 0.4816
0.8654 -0.0485 -0.2375
0.3469 0.2674 0.6841
0.0039 0.0047 -0.9230
-0.1744 0.3452 -0.3064
-0.5029 -0.4529 0.0547
0.1991 0.4590 0.5474
-0.4091 0.4195 -0.6026
0.5651 -0.0957 -0.1053
0.3641 -0.1700 0.6003
-0.4875 0.3165 -0.5118
-0.3527 -0.6539 0.1772
-0.1235 0.0872 -0.2194
0.1357 0.4171 -0.4022
0.1923 -0.1765 -0.0979
0.0153 0.0017 0.0241
-0.0203 -0.1547 0.2541
0.1925 0.2330 -0.2616
0.0815 0.0811 -0.2675
-0.0220 -0.1194 0.1541
-0.0038 0.0278 -0.5278
0.2977 -0.7745 -0.4649
0.1559 -0.1217 -0.5225
-0.1463 0.1178 -0.0750
0.0682 -0.3431 -0.2694
0.0198 0.0588 -0.2100
-0.2580 -0.3381 -0.5423
-0.1931 0.1321 0.0775
0.5895 0.5157 -0.4772
0.1336 0.0051 0.5842
0.1309 0.0158 0.4407
0.1694 -0.4096 -0.3425
0.4321 -0.1752 0.1336
0.4984 -0.3564 0.2735
0.0174 0.0144 0.0585
-0.4178 0.3948 0.5015
0.0351 0.0426 -0.5491
0.2599 -0.2557 -0.1016
-0.0444 -0.0907 0.2146
0.2177 -0.2172 0.3476
0.1342 -0.6887 -0.6896
0.3282 -0.2490 -0.7176
0.0203 -0.0378 -0.1201
0.0168 -0.0125 0.0132
-0.2716 -0.2542 -0.4664
0.2462 0.3897 -0.5406
0.3840 -0.2774 -0.7653
-0.0209 -0.1127 0.4057
-0.1797 -0.0665 -0.2925
-0.2118 -0.1243 0.4390
-0.0457 -0.1589 0.0839
-0.3408 0.1892 0.0751
0.2590 0.7414 -0.0585
0.1687 -0.2416 0.3227
-0.4334 -0.4112 0.1876
-0.6823 0.3233 -0.0016
0.1575 0.0714 0.6174
0.0159 -0.0199 -0.1542
0.1302 0.2376 -0.2904
-0.0766 0.2116 -0.0454
0.0420 0.1234 0.0659
0.0574 0.1274 -0.1343
0.0556 0.0927 0.8159
-0.6314 -0.5356 0.0860
0.0602 -0.1863 0.1482
0.0141 0.0297 0.0020
0.1453 0.6307 -0.1272
-0.7195 -0.1949 0.0465
-0.4358 -0.3861 0.1639
0.9840 -0.1554 0.0366
-0.1338 0.1472 0.1575
0.2505 -0.8602 -0.1515
0.2486 -0.4171 0.7717
0.0241 -0.0354 -0.0649
0.3268 0.1310 -0.4375
-0.0222 -0.0808 -0.0749
-0.0404 -0.1933 0.0679
-0.0059 -0.0999 0.0211
0.0891 -0.1556 0.7680
0.0126 0.0142 -0.0108
-0.0584 -0.0276 0.2358
0.1569 0.2007 -0.5709
-0.1545 -0.1296 0.7458
-0.0048 -0.0986 -0.0725
0.3211 0.1908 -0.0571
0.1610 0.1609 -0.2119
-0.8065 -0.5294 -0.1619
-0.3750 0.0007 -0.5324
0.6681 0.3225 0.0860
0.0062 -0.9027 0.3202
-0.0731 0.0952 0.1074
-0.1202 -0.1025 -0.2653
-0.0298 -0.0134 0.0056
-0.0208 0.0187 -0.2541
-0.0024 0.0395 0.8811
-0.0334 0.0009 0.2019
-0.0393 0.0099 0.0795
-0.1140 -0.1433 -0.0162
0.2566 -0.3402 0.1760
-0.0655 0.0666 0.0488
0.0371 0.0854 0.3897
