-0.0002 -0.0063 -0.7621
0.2781 0.0411 -0.0912
-0.5243 -0.3653 -0.5678
0.2087 -0.1699 -0.6194
0.4463 0.3532 2.2805
-0.0116 0.0752 0.1602
-0.0221 -0.8017 -0.2267
-0.0889 -0.0590 -0.6478
0.1482 0.0819 0.4905
0.2065 0.7630 0.5528
-0.2739 0.6124 0.1788
0.0704 0.0306 -0.1100
0.0080 -0.0053 0.5920
-0.0204 -0.0023 0.0099
0.6089 -0.1016 0.4637
-0.3083 -0.4292 -0.8271
0.2258 0.6764 -0.4482
0.1914 0.7200 -0.4312
-0.5086 -0.5280 0.2721
-0.3028 -0.2758 0.8040
0.1231 -0.2569 -0.9273
1.1637 1.3243 -0.3259
0.0535 0.1063 0.0499
-0.2407 0.2273 0.5589
-0.2846 0.1610 0.6906
-0.2307 -0.3523 0.1360
-1.0392 1.2367 1.0798
-0.0290 0.0166 0.3594
0.1243 0.2581 0.1169
-0.0053 0.0071 -0.3966
0.7640 -0.3601 -0.4724
0.1349 0.0080 0.3374
-0.2544 -0.1808 0.9713
-0.2710 0.0875 -0.6970
0.3315 0.9392 -0.0693
1.1530 0.6882 0.0358
-0.3743 -0.2928 -0.1213
0.0835 -0.2197 0.1882
0.0023 0.0240 0.0149
0.3207 0.1830 -0.7273
0.3256 -0.1123 0.0641
-0.0238 -0.0846 -0.0620
0.0071 0.0765 0.4136
-0.0087 -0.1289 -0.3132
-0.0085 0.0121 -0.0043
-0.0098 0.0310 -0.0129
-0.4632 -0.5827 -0.4266
-0.1537 -0.0104 0.1017
0.3850 0.1523 -0.8619
-0.2016 -0.2302 -0.3652
0.0032 -0.0030 -0.5042
-0.3453 -0.0607 0.2853
0.0158 0.0053 0.1198
-0.0651 -0.0202 0.2237
1.6984 -0.5342 0.4029
1.4981 -1.2426 -0.1199
-0.8729 -0.0888 -0.9434
-0.0275 -0.2454 0.6777
0.2929 -0.5152 -0.3066
-0.0085 0.0067 -0.1633
0.0152 -0.4618 -0.6455
0.1856 -0.1813 -0.3022
0.7308 -0.5645 0.0986
-0.5597 0.3857 -0.2265
0.0377 0.0310 0.0048
0.0069 0.0129 -0.0637
0.2891 0.1761 0.8965
-0.1076 -0.2314 -0.4031
0.3988 0.0483 0.3655
0.5412 -0.0391 0.1508
-0.1022 0.0228 0.2915
0.2932 -0.2836 -0.2533
-0.4267 -0.7885 0.0097
0.0234 -0.0345 -0.0408
0.0979 -0.6008 -0.4313
0.0476 -0.1155 0.6107
-0.6474 0.2271 0.0831
0.0525 0.0035 0.0094
-0.5120 0.5059 0.5385
0.2889 -0.3093 -0.7802
0.3923 -0.4354 0.2196
-0.0032 0.2259 0.3716
-0.0260 -0.0103 -0.0756
0.2176 0.4822 0.3829
0.4313 -0.0289 -0.7227
0.3447 -0.1388 -0.2652
-0.0480 0.0476 -0.0274
0.2224 -0.2035 0.0011
-0.5728 -0.9331 0.2047
-0.1574 -0.1727 -1.2624
-0.2975 -0.2716 -0.0899
-0.1310 -0.0665 0.1379
0.7010 0.4315 1.9325
0.7295 -0.3570 -0.3426
0.1430 -0.1629 0.2524
0.6510 0.9147 -2.4496
0.0581 0.0130 -0.1652
-0.4033 -0.1709 0.3377
-0.1423 -0.5277 0.5480
-0.1188 -0.1334 -0.0855
-1.3645 -0.5910 1.7316
-0.0059 -0.0046 -0.0536
-0.0380 -0.0130 0.0790
-0.2916 -0.3024 0.3380
0.3100 0.1643 -0.0577
-0.0490 0.0868 -0.3322
-0.1714 -0.2528 0.0658
-0.4871 -0.2342 0.8381
0.1470 0.0622 0.1524
-0.1295 -0.0913 0.9685
0.6397 -0.5522 0.3307
0.4267 -0.0679 -0.0190
-0.7422 -0.1773 -0.3236
0.1271 -0.0263 0.1975
-0.0249 -0.0073 0.3955
0.7443 0.2876 -0.4678
0.4786 0.1902 -0.2000
0.2965 -0.2657 0.1213
0.0177 0.0260 -0.0060
-0.3669 0.1179 -2.1069
0.0378 -0.0018 -0.0018
-0.8027 0.2122 0.1140
-0.0534 0.1060 0.6476
-0.0552 -0.0571 -0.4451
0.3445 -0.8284 0.4120
-0.3455 -0.8108 0.4609
0.0002 0.4891 0.1257
-0.1941 -0.3211 0.6403
0.9743 1.3193 1.8141
-0.1497 -0.1264 -0.1740
0.0642 -0.0759 -0.3398
0.5395 -0.2863 -0.3130
-0.0699 0.0506 -0.4557
0.0212 -0.1386 0.7978
0.0649 -0.0095 0.2025
-0.0053 -0.0418 -0.8664
-2.3923 0.7548 -0.8835
-0.6590 -0.1819 -0.0022
-0.7834 -0.1252 -2.3156
0.3872 0.6239 0.1363
0.0276 0.4964 -0.3891
-0.0000 -0.2848 -0.0043
0.2341 0.5127 0.4210
-0.4359 -0.0648 -0.2348
0.1792 0.0468 -0.9266
0.2967 0.1293 0.7154
-0.4862 0.1144 0.2820
0.3715 -0.1770 -0.5320
-0.1071 0.1094 0.1003
0.0204 -0.0913 -0.2248
0.2550 0.1994 2.2476
-0.6965 -0.1271 0.1330
-0.4367 0.0288 0.1876
-0.5769 -0.3773 0.1991
-0.1006 -0.1251 0.4327
-0.5048 -0.3392 -0.1379
-0.0575 0.0507 0.7979
-0.0001 -0.0001 -0.0072
0.2243 -0.1046 -0.2363
1.2380 0.5423 1.1747
0.2899 -0.8906 0.3036
0.1991 0.0621 0.0491
0.0199 0.0145 -0.0484
-1.6231 -0.5375 -0.1667
-0.7215 -0.4616 0.4630
0.0846 -0.1300 -0.2426
-0.3113 0.2832 -0.5419
0.3146 -0.2216 -0.1909
0.0194 0.3817 0.5118
-0.2734 -0.7762 0.0908
0.7815 -0.3402 -0.3341
-0.0700 0.0815 0.6363
0.0032 -0.3193 0.6564
0.0604 0.0304 -0.0940
-0.0513 -0.0789 -0.0223
0.2541 -0.1279 -0.6293
-0.4420 0.4211 -0.4291
-0.3445 -1.2488 0.4518
-0.3450 0.9313 -0.7573
-0.0806 0.1823 -0.3424
0.1722 0.0830 0.2457
0.1681 -0.0540 0.0933
-0.1758 -0.0002 -0.1414
0.1834 -0.1264 0.2308
-0.0113 0.0250 0.0269
0.0389 0.0543 0.2199
-0.0435 0.0233 -0.1228
0.0418 -0.0861 0.4609
-0.0528 -0.4954 0.4852
-0.0500 0.1172 0.5414
-0.0577 0.1762 0.1627
0.3841 -0.4301 0.0426
0.3996 0.0330 -1.3944
-0.3769 -1.2606 2.0272
0.0867 0.7267 -0.3245
-0.1506 0.2686 -0.7257
0.3735 -0.4560 0.4477
0.0191 -0.0057 0.4483
-0.2842 0.2381 0.2685
0.0603 0.4386 0.1946
-0.0075 0.2284 0.6231
-0.0034 0.1564 0.0545
0.0041 -0.0119 0.0042
-0.0380 -0.1274 -0.3701
0.2201 -0.0286 -0.5560
1.1347 -0.3223 1.6667
-0.1821 -0.2764 -0.0848
0.1808 0.0075 0.2082
0.1574 0.0471 -0.1288
0.0029 -0.1053 0.1566
0.0145 -0.1167 0.3678
0.3000 0.2815 -0.8526
-0.0668 0.2890 -0.0930
0.0194 -0.0912 0.4281
0.0053 0.0067 0.0114
-0.2155 0.4467 -0.2501
0.2886 -0.7901 -0.3588
0.2687 0.0954 0.0465
0.2134 0.0127 0.2461
-0.3016 -0.3327 0.8318
-0.5014 -0.0392 0.4108
-0.2050 -0.1028 -0.5199
0.0407 0.1460 0.2153
-0.1009 -0.5357 -0.3258
-0.1668 -0.1644 -0.9669
-0.2352 -0.0555 1.9085
-0.8321 -0.1063 0.2144
-0.0063 0.1455 0.8712
-1.2193 0.3368 0.9902
-0.3391 -0.1094 0.0242
-0.4431 -0.5647 0.6811
0.0898 -0.4382 0.3756
0.0807 -0.1173 0.1263
-0.1636 0.6599 -0.0696
0.0007 0.0014 0.5521
0.3666 -0.7688 0.4319
0.8779 -0.8259 0.8973
-0.2235 -0.7675 0.4343
-0.0906 -0.0342 0.0561
0.1113 -0.0528 -0.0452
-1.3449 0.1197 -1.9093
-0.0710 0.1573 0.3585
-0.0104 0.1784 -0.6017
0.0150 0.0074 0.2411
0.4828 1.9134 -1.1605
-0.8821 -0.7305 -0.3235
-1.8606 1.5481 -0.9437
0.1248 -0.2782 -0.7462
0.0573 0.3460 0.8879
-0.0408 0.0212 0.0642
-0.0539 -0.0062 0.3358
0.4419 -0.5027 -0.5082
-0.1853 -0.0744 -0.8052
0.4808 -0.5936 0.3570
1.0489 1.9958 1.0681
0.2083 -0.1029 -0.5430
-0.0212 -0.0779 0.2766
-0.3434 -0.0415 -0.4901
-1.1172 0.0526 -1.3942
-0.0622 -0.1866 0.8308
0.1151 0.0505 -0.1266
-0.0241 0.0051 0.1209
0.6094 -0.0391 -1.6574
0.0450 2.6381 -0.1303
0.0657 0.0609 0.3256
-0.0100 -0.0883 0.2034
0.0487 0.5517 0.1161
0.0891 0.8969 0.1262
-1.1755 1.5771 0.3691
0.0588 0.0631 0.5132
-0.2354 -0.4230 0.1877
0.0894 -0.0787 -0.1322
0.0987 0.2403 0.7199
0.1328 0.1484 -0.8534
0.1694 0.8057 -0.4300
0.0042 0.0007 0.0020
0.5148 0.2210 -0.4662
0.0494 -1.6217 0.4171
-2.0140 -0.3855 -1.5857
-0.3323 0.0596 0.1304
0.5130 0.0674 0.7659
-0.0062 0.0005 -0.0460
-0.0318 -0.0046 -0.4188
0.4700 0.4594 -0.6264
-0.4800 0.0708 -0.2203
0.4185 1.0898 -0.0651
-0.0691 0.1421 -0.9333
-0.1642 0.0032 0.2630
0.2900 -0.7746 -0.2265
-0.0111 0.8117 -0.5707
-0.6554 -0.1780 -0.6125
0.0271 0.0709 -0.0465
-1.0760 1.5744 -0.9001
1.2136 0.2195 1.8307
0.1000 -0.6832 0.5298
-0.2054 -0.0006 -0.0984
-0.0057 -0.0589 -0.1090
0.1222 -0.7926 -0.3323
-0.0252 0.0921 -0.0807
-0.2913 0.2146 -0.0116
-0.0063 0.1695 -0.1117
0.6826 1.9771 1.6501
0.7482 1.7911 -0.6298
-0.0554 -0.0165 0.1993
1.5577 -0.4324 -0.5729
-0.0865 0.0021 0.2641
-0.1636 -0.2661 -0.1832
0.2674 0.0976 0.1369
0.2417 -0.0849 -0.3354
0.2309 -0.3580 -0.7776
0.5027 0.1397 -0.0656
0.0847 0.0936 0.1214
0.0232 -0.5489 0.2002
0.5162 0.0915 -1.0481
0.7461 0.4113 0.1339
0.0966 -0.1214 -0.9493
0.2564 -0.3525 0.7708
0.6221 0.6431 -0.8650
0.0284 -0.0452 -0.0814
-0.0608 0.1553 0.0423
-0.7468 -0.5851 -0.8502
-0.3783 0.4287 -0.7171
-0.1767 -0.7304 -0.4655
0.1618 0.1619 0.1232
-0.2616 0.5398 0.9054
0.1661 0.5152 -2.2603
-0.2025 -0.4279 0.4520
1.8804 -1.5134 -0.0857
-0.6482 -0.0365 0.3404
0.0101 -0.1709 0.0166
0.0266 -0.0001 -0.0545
0.5393 -0.2723 0.5597
-0.4549 -0.3034 -0.1765
0.0004 0.3952 -0.3545
0.1863 0.1786 0.1216
-0.4960 -0.5369 -0.0762
-0.1826 -0.3560 0.0044
-0.0458 0.0666 -0.0888
-0.6758 -0.1121 -0.4379
0.0041 -0.0088 -0.2927
-0.3786 0.4288 0.6887
-0.0198 0.0210 0.0564
-0.9756 -2.0911 -0.4602
0.4997 -1.4892 0.7611
-0.1948 0.0255 0.4802
0.4316 -0.7374 2.4829
0.1485 0.2141 0.2043
0.0656 0.0154 1.2183
-0.0225 -0.0198 0.2075
-0.3228 -0.0536 0.3146
0.1051 0.2288 -0.2221
0.1054 0.1467 -0.6905
-0.1646 0.8917 0.2640
0.4120 -0.7897 -1.7270
0.0415 -0.7362 -0.3181
-1.5435 -0.2978 -1.4915
0.5995 -0.6065 -0.2764
0.4147 -0.1271 -0.8720
0.1441 1.9381 -0.1682
0.1898 0.4021 -0.6415
0.0238 -0.0080 0.1085
0.1140 0.6350 -0.0321
0.2862 0.1354 0.4855
-0.7865 0.7120 -0.4556
0.2671 -0.0568 0.2722
0.1841 -0.0939 0.0193
-0.1303 -0.0454 -1.2888
-0.7289 -0.8280 0.0394
-0.4364 0.1877 -0.2206
-0.0546 0.2406 -0.2193
-0.0206 -0.0561 0.1877
0.0206 0.8935 0.0339
0.1212 -0.2471 0.1080
-0.0553 0.1594 -0.0810
-0.0037 -0.0135 -0.0128
-0.3647 -0.2150 -0.2755
0.2177 0.0597 -0.2397
-0.2030 0.5978 -0.4518
0.0144 -0.0155 0.0389
-0.0023 -0.0401 -0.7036
-0.1500 -0.6945 0.5046
-0.0239 0.1646 -0.2286
-0.0167 -0.0944 0.1400
-0.0121 0.0187 0.1215
-0.1793 0.5094 -0.6234
-1.5990 0.7245 -0.2518
-0.0221 -0.0378 -0.2286
0.0223 0.0145 -0.2690
-0.1362 -0.0818 0.0444
0.0921 -0.0705 -0.1610
0.9065 -1.7009 0.4369
-0.1591 -0.9662 -1.1807
-0.0054 -0.0124 -0.0658
0.1054 0.5182 -0.0558
0.0091 0.0279 0.3883
-0.0979 0.0512 -0.7339
-0.1932 -0.2096 -0.0473
-0.0808 0.0021 0.0527
-0.0406 0.0254 0.5226
-0.7858 0.2981 0.2506
-0.3539 0.0462 0.7308
-0.1830 0.2941 0.4877
-0.1262 -0.3079 -0.0908
-0.1864 0.2594 0.2026
-0.1016 0.2372 -0.1224
0.0827 0.4193 -0.6332
0.0268 0.0184 0.0254
-0.0529 -0.0035 -0.1376
-0.2158 0.2819 0.7245
-0.0058 -0.0365 -0.7543
0.0636 0.0083 0.7315
0.7570 -0.2931 0.2116
-0.0059 0.4618 0.3495
0.0169 -0.7573 0.2999
0.3063 0.2898 -0.3589
-0.0174 0.0106 -0.8245
0.1836 0.2953 -0.0332
0.0366 -0.0130 0.0614
-1.0685 1.2877 0.0682
0.0680 0.2351 1.0574
-0.2302 0.0704 -1.4661
0.6136 -0.1995 -0.5019
-0.0455 -0.0784 -0.1897
0.0973 -0.0036 0.1893
-0.3482 -0.5891 0.4326
-0.5494 0.5986 -1.1289
0.0542 0.1602 -0.1372
0.0385 0.1399 0.1452
-1.1538 -1.8512 -1.0555
0.0012 0.4038 0.7061
-0.0889 0.0415 -0.2143
-0.8753 0.2580 -0.1201
-0.0507 0.2826 -0.2771
0.0817 -0.0268 0.1930
0.5679 -0.2049 0.5860
-0.2035 0.3964 0.0463
-0.0054 -0.0397 0.0516
-0.0176 -0.2817 -0.5678
0.0159 -0.0655 0.1316
0.7644 0.4976 -0.0255
0.1237 -0.8464 -0.4641
-0.0071 0.0124 -0.0052
0.5527 0.0394 -0.4989
-0.2870 0.0548 0.6906
0.0660 1.1975 -0.6379
0.1290 0.2170 0.2820
-0.7050 0.6411 -0.2083
0.7519 0.2882 0.1361
0.2884 1.4079 2.2844
0.3982 -0.4583 -0.5209
0.4367 -0.1529 -0.5138
-0.1198 -0.0819 -0.0856
-0.0198 -0.1062 -0.0266
-0.4158 -0.5743 0.1001
-1.2661 -0.0669 1.6256
0.0452 0.0150 -0.5050
0.0666 -0.1045 0.0756
-0.6500 -0.3973 -0.5314
0.4448 0.4720 0.2086
0.0688 -0.2676 -0.5124
0.0432 -0.0328 0.0711
-0.3697 -0.0915 0.8865
0.0577 0.0046 0.1398
0.5397 -0.2781 0.4783
0.0750 -0.1225 0.6293
-1.1191 -0.3463 1.5401
0.5497 0.2855 -0.4507
-0.0247 -0.7337 0.2718
-0.0056 -0.0165 0.1809
-0.6793 0.5293 0.1153
-0.5573 -0.2029 -0.5115
-2.3049 -0.6446 0.4456
0.3936 0.1720 0.9112
0.3857 0.2602 0.6029
0.7612 0.4832 -0.1978
0.0885 -0.1020 -0.6061
0.0433 0.0832 -0.0475
0.4586 0.8170 0.0900
-0.0174 -0.0351 -0.0219
0.4830 0.0348 0.5140
-0.0084 0.1244 -0.3984
0.2886 0.4606 0.5730
-0.3704 -0.1507 0.5020
-0.0048 0.0152 0.0241
0.3073 0.2318 -0.3906
-0.1974 0.5109 0.6862
-0.0291 -0.0137 -0.3512
-0.1070 0.1543 0.0672
-0.2331 -0.2880 0.4226
0.2517 0.1217 -0.2615
-0.3615 -0.3645 -0.5965
-0.1243 -0.1884 -0.0790
-0.0084 0.0222 -0.0976
0.7551 0.4263 0.3068
-0.8848 0.2944 0.0919
-0.4044 -0.1295 -0.0949
0.1618 -0.2148 -0.0227
-0.1273 -0.0037 -0.3403
0.3271 -0.7490 0.2106
0.0008 -0.0497 0.7981
