-0.1035 0.1698 -0.3768
-0.1607 0.0568 -0.2115
-0.0092 -0.3860 -0.8445
0.1576 0.9216 0.1255
-0.1434 0.0452 -0.1191
-0.3065 -0.3871 -0.1019
0.1001 0.0921 0.5098
0.1256 0.1991 0.4791
-0.9158 -0.2549 -0.0797
0.0520 -0.0863 0.1776
0.4849 0.1441 0.1810
-0.4569 0.5235 -0.5526
-0.1597 0.2445 -0.2849
-0.1177 0.1011 -0.1955
-0.2058 1.3321 -1.1704
0.3481 0.4133 -0.8276
0.1142 -0.0928 0.0740
0.6938 0.2985 0.4210
0.0130 0.0199 0.7130
-0.5228 0.6285 0.4621
0.0966 -0.3245 0.4309
0.5997 -2.1654 -2.2231
-0.0203 -0.1083 0.4356
0.2273 -0.6593 -0.4861
0.1405 -0.2176 -0.1807
2.4660 0.5740 -1.0254
-0.1314 -0.5933 -0.3967
0.0293 -0.1957 -0.0424
-0.7727 0.5848 -0.2061
0.0014 0.0016 -0.1261
-0.2903 -0.7996 -0.0160
0.1219 0.0690 -0.5786
0.4108 0.1953 0.4104
0.2595 0.0841 -0.8365
-0.0403 0.0365 -0.0849
-0.0004 -0.0238 -0.0448
0.1942 -0.1299 0.3398
-0.3082 0.3683 -0.7283
-0.0318 -0.0221 -0.0602
0.5568 0.9437 0.3742
0.4371 -0.1744 -0.3331
-0.3005 0.1736 1.9320
0.2681 -0.0176 -0.4513
0.0832 -0.9166 -0.3850
0.4632 0.0428 0.3065
-0.0405 0.0957 -0.0743
0.3532 -0.2471 -0.4130
0.5280 0.0281 3.1066
0.0549 0.1705 0.7329
-0.1506 -0.1001 0.0404
0.1659 -0.1132 -0.2862
-0.0817 0.1139 0.5355
-0.0169 -0.0792 -0.2657
-2.3883 1.6152 0.9752
0.1779 0.4493 -0.7815
-0.3526 0.5320 0.7367
0.3880 0.3138 -1.4872
-0.1290 -0.1927 0.1462
-0.2266 -0.1221 -1.7875
0.0385 0.0345 0.1092
-0.2346 -0.1612 0.1849
-0.1313 -0.4207 -0.5030
-0.1286 0.3035 0.6079
-0.0067 -0.0551 0.5219
0.1618 0.4308 -0.3147
-0.1010 0.0669 -0.0429
-0.2670 0.4572 -0.0713
0.3145 0.4969 -0.5441
-0.2928 0.0235 0.5785
0.4045 0.0302 0.9013
-0.6734 -0.1601 -0.3754
-0.2332 -2.6715 1.0643
-0.5226 0.0777 -0.1348
0.0375 -0.0244 -0.0331
-0.0412 -0.2161 0.0325
-0.1630 -0.0750 0.0624
-0.0150 0.0230 -0.0282
0.0511 -0.0280 -0.6659
-0.0618 0.1956 -0.7929
-0.3106 0.0937 0.7664
-1.4119 0.7810 -2.2491
0.0609 0.0520 0.0916
-0.0365 -0.0147 0.3811
-0.3497 0.0734 -0.6836
-0.2127 0.5183 0.3490
-0.0245 0.0141 -0.7118
-0.0339 -0.0791 0.4634
0.6928 0.3253 -0.1132
0.0117 -0.0035 -0.1442
-0.4807 -0.1187 0.1835
0.0312 0.1140 0.1364
-3.5590 -0.9384 -0.1808
-0.0068 0.0793 0.1953
0.0798 -0.0211 0.1369
0.2389 0.2185 -0.4976
-0.7469 0.2954 -1.1970
0.1132 0.5286 0.2472
0.1239 0.2173 -0.8097
0.1081 0.0051 -0.1741
0.0190 0.0176 -0.5705
0.0769 -0.8609 -0.1242
-0.0157 0.0297 -0.0301
0.2906 0.4388 0.3560
0.2350 0.0107 -0.0052
0.1295 0.4597 -0.3920
0.6426 0.3468 0.3973
0.0277 -0.3240 -0.7797
0.3130 -0.3171 0.2932
-0.2267 -0.1659 -0.9836
-0.0198 0.2239 0.2507
0.2385 0.3147 0.5065
-0.3624 -0.0356 0.0856
0.0680 -0.1759 0.3797
-0.0464 0.0290 0.5592
-0.0512 0.1605 1.2591
0.2667 0.0425 -3.4694
-0.3611 0.0862 -0.4386
0.3490 0.4575 -0.3355
0.5412 -0.0362 0.1457
0.2176 0.2292 -0.5618
-0.0074 0.0117 0.0088
0.0733 0.1106 -0.5800
0.0868 -0.1422 0.1073
-0.1101 0.1330 0.2495
0.1927 -0.1005 -0.2220
0.0132 -0.1636 -0.8145
-0.0339 0.0535 -0.1983
-0.2208 0.7095 -0.5100
-0.4029 0.3414 -0.6667
-0.1421 -0.0996 0.0909
0.0221 0.0009 -0.0300
0.0585 -0.2012 0.0035
-0.0186 0.0201 -0.0230
-0.4566 0.5010 -0.5673
-0.0918 0.0432 0.1409
-1.8484 -0.8311 2.2510
0.0898 -0.7461 -0.6010
-0.7301 -0.6710 -2.7976
-0.0343 -0.0202 0.4634
-0.4646 -0.5087 -0.4858
0.3504 -0.2066 0.5379
0.3482 -0.0575 -0.1099
0.2704 -0.1653 -0.4820
-0.0098 -0.0044 0.0752
0.9109 0.3464 0.2087
0.2523 -0.5158 0.2154
-0.6737 0.1720 0.3285
0.6678 1.8781 -2.9022
-0.2854 0.5232 0.5749
0.6393 -0.3225 0.2937
0.0433 -0.0071 0.0434
-0.8961 -3.0445 -0.7620
0.0396 -0.0117 0.0642
-0.0103 -0.1232 0.0713
0.1437 -0.0798 0.6081
0.0184 -0.0296 -0.5715
-1.8142 1.4247 -2.0612
-0.2908 -0.2493 -0.0255
0.4847 0.0427 0.2985
0.7152 -0.2803 0.0417
1.0386 1.6264 -1.4179
0.0279 -0.1071 0.4901
-0.5433 -0.0081 -0.4706
-0.2275 0.0153 -0.1167
0.2229 -0.0039 0.1226
0.0289 -0.3817 -0.5563
0.0067 0.0279 -0.0287
-0.9294 1.9199 -0.0879
-0.0295 -0.0713 0.2858
0.6820 0.1369 0.0289
0.0191 -0.0048 -2.3306
-0.0667 0.2143 -0.2923
0.0255 -0.0539 -0.5448
0.0071 0.0084 -0.8632
2.2242 1.3711 -0.1205
-0.4833 -0.0507 -0.3668
0.6272 -0.2398 -0.5503
0.2325 -0.1813 0.1636
-0.1841 0.2779 -0.0248
1.0052 -0.1837 -3.1103
-0.0807 0.0711 0.9061
0.0141 -0.0007 0.0698
-0.2623 -0.3284 -0.0987
0.8311 0.1839 0.0862
-0.1419 0.7332 -0.3172
0.2072 0.0547 0.7132
-0.5754 -0.5059 -0.6145
-0.1122 0.1977 0.2481
-0.0267 -0.0130 0.0347
0.0497 0.0364 0.0842
0.1206 0.1412 1.6583
-0.1327 -0.0909 0.7914
3.6623 -0.0364 0.5138
0.1141 0.0892 -0.2647
0.2027 0.0591 -0.4176
-0.0018 -0.0014 0.0027
0.0372 0.7248 0.5903
-0.4159 0.4205 -0.0491
-0.4730 -0.7260 0.3544
0.1330 -0.2241 0.0038
-0.2995 -0.7949 -0.1660
0.5349 0.4309 -0.3642
0.6175 0.6301 0.1217
-0.2851 0.2770 0.1492
-0.3134 -0.2434 0.2292
0.0082 0.0000 0.0681
0.2567 -0.0525 0.3243
0.3449 -0.2644 0.4728
0.2643 -0.3848 -0.1066
0.0158 0.0150 0.4988
0.7740 -0.3544 -0.1681
-0.0475 -0.0205 0.9512
-0.0116 0.5244 -0.8022
0.3817 0.2009 1.0999
-0.0236 -0.0032 -0.0052
-0.2287 0.4044 -0.5683
0.0010 -0.0068 -0.0029
-0.0233 0.0537 0.8597
0.0883 -0.1278 0.2898
0.1163 -0.0835 -0.3434
0.2716 0.9401 -0.1757
-0.4383 -0.4030 0.6259
-0.0781 -0.0659 -0.2119
-0.4185 -0.0158 -0.1498
-0.2233 0.4669 -0.5733
0.0208 -0.1025 0.9318
0.2641 0.0196 -0.5303
0.0111 0.3113 -0.5656
0.4798 0.7081 2.5160
-0.1688 -0.1221 0.1418
-0.4309 0.0669 -0.1284
-0.0039 -0.0046 -0.0031
0.3605 -0.7734 0.2365
0.0099 -0.0014 0.0586
0.6662 0.5694 0.3666
0.6536 -0.5200 -1.0311
0.2562 -0.0773 0.8340
-0.0781 -0.9558 0.0677
0.6310 0.2115 0.1899
0.1212 0.0307 0.0621
-0.3738 0.1544 0.3403
0.3907 -0.1680 0.3810
-0.0134 0.0042 -0.4535
0.0953 -0.0800 0.6702
0.0333 0.0600 -0.0541
0.0453 -0.0408 -0.1308
-0.5385 -0.3555 -0.8475
0.0122 0.0009 0.3797
0.6486 1.3180 1.2857
-0.0009 -0.0011 -0.0359
5.2403 0.2628 0.0795
4.4635 0.0311 -0.0468
4.8154 -0.0796 2.2227
4.5009 -0.0021 0.1633
4.5916 -0.0281 0.0764
4.4507 -0.3874 -0.6541
4.4488 -0.0159 0.6040
4.6377 -0.0239 0.0674
4.3954 0.5385 -2.2420
5.0565 1.1500 0.7905
4.4384 0.0273 -0.2134
4.7535 -0.3828 -0.5849
4.6230 -0.2528 0.5264
4.7052 0.3476 0.7643
4.3642 -0.1151 0.4016
4.7036 -0.2941 0.3434
4.5214 0.3221 -0.0504
4.3043 0.3450 0.0104
4.6071 0.8115 -0.1180
4.4814 -0.1079 0.1673
4.7326 -0.0021 0.3674
4.6151 0.4350 0.1006
4.3739 -0.1449 0.0739
5.2833 -0.2014 1.9887
4.3031 -1.7194 0.2075
4.0257 0.4871 -0.3725
4.7686 0.0870 -1.0847
2.7537 -0.2404 -1.0903
4.5077 0.9475 0.1239
4.4613 -0.4288 0.7299
4.4955 -0.0203 0.0040
4.8507 0.3236 -0.6896
4.9660 0.6627 2.8196
3.6714 -0.3147 -0.0159
4.7132 0.1186 0.3009
5.1764 0.2986 -0.1175
4.0642 0.7250 -1.3406
5.0577 -0.5816 -0.3918
4.2098 0.0077 0.1733
4.5309 -0.0546 -0.4153
4.9572 -0.1626 -0.5742
4.5174 -0.1981 -0.9394
4.4965 0.0033 0.0008
4.3479 0.0600 -0.2311
4.0838 -0.9032 -3.3564
4.1390 -0.1675 0.8140
4.2822 -0.2691 -0.1486
3.2016 0.8903 2.8363
4.5369 0.0623 -0.0624
4.5236 0.0251 -0.0348
3.9056 -0.3068 -0.2100
4.5002 0.0004 0.0154
6.1924 -0.6327 1.1466
4.1715 -0.6211 1.1406
4.4930 0.0011 0.0012
4.4433 0.0155 0.9537
4.3672 -1.9355 1.6607
4.2706 -0.7018 0.3072
4.5219 0.0660 0.3344
4.2968 -0.0764 0.0149
4.5448 0.0202 0.0178
4.5827 -0.0244 -0.0113
4.4285 -0.1664 0.4307
4.6755 -0.4338 -0.3732
4.5956 0.1926 0.2262
4.6402 0.1163 0.4327
5.1517 -0.3735 -3.1884
5.3285 -0.0453 0.0097
4.4598 -0.7018 -0.2101
5.0259 0.4471 0.5230
4.2205 -0.3027 0.2722
4.2679 0.3810 0.0179
3.8467 -0.2436 0.3537
4.3269 -0.1928 0.8502
4.4551 -0.1086 0.7229
4.2164 0.1521 0.5352
3.9240 0.3715 0.6434
4.5071 -0.0058 -0.1012
4.8160 0.5209 0.0716
5.0684 -1.5729 1.5650
4.1456 0.0447 0.0302
4.0068 -0.0896 0.4060
4.4777 -0.0317 -0.3722
5.4491 0.2548 -1.3595
4.3280 -0.4403 0.0206
4.5583 0.0481 -0.5030
4.5171 0.1057 0.0028
4.4848 -0.1670 -0.1999
4.4998 0.0116 -0.0130
2.8605 0.6445 1.5263
3.7423 -0.3994 0.4435
4.5529 -0.4974 -0.4715
4.5663 -0.0825 -0.0623
4.1254 0.1415 0.4022
4.2284 -0.4304 -0.3387
4.4903 -0.1973 -0.4736
4.6179 -0.0458 0.2231
4.1626 -0.1939 0.6990
4.5415 -0.2835 -0.9036
4.4963 0.0362 -0.0678
2.6396 -0.4782 -0.8430
4.5912 0.6282 0.5458
4.6420 -0.7775 -0.4040
6.0717 -0.1586 0.2621
4.4656 0.0054 0.3333
4.3149 -0.1802 0.1500
4.2069 -0.1533 -0.0895
4.4766 0.0811 -0.6871
4.2864 0.5633 0.1579
5.0022 -0.1732 0.2062
4.4768 0.2893 0.6503
4.6130 0.1242 -0.0518
5.3485 -0.1102 0.4469
4.7660 -0.8221 -0.4164
4.5021 0.0001 0.0106
4.7734 -0.0688 -0.0565
3.8028 0.2362 -0.3182
4.7736 0.3501 0.1618
4.5974 -0.2003 -0.2736
4.2508 -0.4206 -0.8074
4.7261 0.0546 -0.2630
4.7672 0.8330 -0.4690
3.9085 -0.2534 -0.3628
4.3982 -0.2524 -0.1562
4.5188 -0.4515 0.4189
4.6898 -0.4809 -0.1413
4.4144 -0.0939 0.1169
4.8050 0.0937 0.6912
5.1319 0.3691 1.2135
4.9790 -0.1706 -0.7619
4.5657 -0.0553 0.7636
4.5312 0.0599 0.0363
4.7046 0.8417 -0.3775
5.1655 0.0852 0.0514
4.5099 0.1912 0.5960
5.0542 0.0250 0.7812
5.2052 0.1095 -0.4388
4.4238 -0.1548 -0.2383
4.5059 -0.0902 -0.0407
4.8208 -0.4665 0.7896
4.0450 -0.1785 0.6400
3.9282 0.3675 0.3556
4.4764 -0.0080 0.0524
5.1869 -0.1544 0.1619
4.4734 0.2217 0.7451
1.9698 -0.5340 2.2299
4.0818 -0.4389 0.3407
5.1066 -0.1778 2.5672
4.5077 0.0161 -0.0155
4.4998 -0.0011 -0.0026
4.5500 -0.1062 0.1227
3.2811 0.0847 1.6822
4.4568 0.5611 0.1986
4.4298 -0.2645 -0.1792
4.4965 0.0029 -0.0251
4.4343 -0.0604 0.1647
4.5474 0.2935 -0.1231
4.6635 -0.0611 2.3124
4.7663 -2.5740 -0.5456
4.5322 -0.1030 0.0147
4.5046 -0.0017 0.0115
3.6377 1.1430 -0.6550
3.8943 -0.3038 -0.3206
4.6134 -0.0055 0.4123
4.5748 0.3667 0.6498
4.7146 0.2400 0.2685
4.5186 0.0207 0.3195
6.6206 0.6896 0.2737
4.4697 0.0043 -0.0242
4.4735 0.0783 1.5610
4.7002 -0.0823 -0.1606
4.8555 -0.3325 -0.6347
4.2395 -0.2194 0.0898
3.7011 0.0310 -0.2309
4.0993 -0.1070 -0.8041
4.8357 0.4168 0.0643
5.0158 0.6079 0.0061
4.3674 0.0324 0.4946
4.7114 0.8728 -0.4208
4.2939 -0.4255 0.7507
5.1402 0.1151 -0.2693
4.5939 -0.1773 0.0281
4.4516 0.0941 0.3180
4.2346 -0.1189 -0.1817
4.4338 0.1287 -0.1024
4.4994 0.0073 -0.1897
4.4324 0.1339 -0.1690
4.3547 -0.7864 3.3968
4.1955 -0.4532 0.5805
4.4912 -0.0119 0.0105
4.7115 0.0229 -0.0292
5.4929 -2.7643 1.7315
4.6949 0.3075 0.1428
4.4528 -0.0868 -0.4315
4.4976 0.0131 -0.0302
4.4678 0.0865 0.0005
4.5873 -0.0364 -0.4923
4.4316 0.2245 0.2964
4.6499 0.0012 0.2171
6.2477 -1.3225 -0.0395
4.5292 -0.0039 -0.5648
4.4377 0.0872 -0.0592
4.6359 0.4009 -0.1151
4.3222 -0.6269 -0.0421
4.7617 -0.4497 -1.2935
4.6681 -0.2068 0.4969
4.2119 0.4105 0.0246
4.4817 -0.1274 -0.0368
4.4315 -0.1048 0.1574
4.5384 -0.0143 0.0335
4.0583 0.1328 0.0835
4.7338 0.0593 2.8030
3.0501 -0.2657 -1.7359
4.5103 0.4206 -0.1469
4.5038 0.2587 0.5582
4.3307 -0.0532 -0.1113
2.6289 1.0207 -2.4787
4.3664 -0.0397 0.4030
4.2565 -0.0555 -0.4088
4.4487 -0.1129 -0.6614
4.3206 -0.0657 0.2922
4.9069 0.2090 0.0792
3.8483 0.3448 0.7658
4.4770 0.0647 0.9741
4.6484 0.1513 0.3639
3.8142 0.0113 0.2159
4.8636 -0.0254 -0.4461
4.1050 -0.5808 -0.5111
3.6191 -0.1884 0.2708
4.3781 -0.2525 0.2248
1.8700 -0.9558 0.8903
4.7807 0.0206 -0.1856
4.5909 0.0072 -0.3539
4.8387 0.0330 -0.0332
4.7576 0.3242 0.4293
4.6534 0.5583 -0.0365
1.5245 1.4492 -0.8635
4.4513 -0.2573 0.5542
4.3644 0.0153 0.1581
4.5358 -0.3815 0.6310
4.4343 -0.2150 0.0237
4.3257 -0.2093 0.2471
4.4285 0.0607 0.1263
5.3506 -2.2097 -0.6539
4.0145 -1.1901 -0.3703
4.0614 0.1243 -0.7886
4.1781 -1.6525 2.4393
4.3970 -0.0079 -0.4069
4.5315 0.0410 0.7616
4.4731 -0.0154 0.0222
