-0.1335 -0.1460 0.8624
-0.0467 0.3230 -0.8530
-0.5184 -0.3129 -0.2097
0.1063 0.4138 -0.7151
-0.2376 -0.1106 0.2362
-0.1077 -0.0000 0.8138
0.6772 0.0631 0.7297
-0.4224 -0.1682 0.6337
-0.6632 -0.4795 -1.4569
-0.0236 0.0070 0.0707
-0.0160 0.0479 -0.1780
0.0850 -0.2271 -0.5106
0.3843 0.0058 0.2425
0.0003 0.0047 -0.0415
0.2411 -0.4770 -0.6076
2.3362 -0.0623 3.1454
-0.3445 -0.0877 0.1132
0.3565 -0.5737 0.2075
-0.3375 -0.3707 0.5880
0.2680 -0.2736 0.2038
0.1331 0.1748 -0.8400
0.6659 0.1477 0.4801
0.0102 -0.0929 0.0473
-0.0875 0.4802 0.2093
0.0217 0.1160 -0.0158
4.9811 -0.0962 -0.2367
4.5607 -0.3960 -0.6795
5.7132 -2.8166 -3.0156
4.8244 -0.3930 0.4842
4.6512 1.4033 -1.6522
5.6801 -0.2912 0.6187
4.7350 0.3534 -0.3193
5.2653 -0.3061 -0.3901
4.4403 1.6583 0.0991
4.9283 -0.1116 -0.1218
4.4879 0.3974 -0.3333
5.0640 -0.0118 0.2615
5.2655 -0.1328 -0.0162
4.9789 0.0285 -0.3762
5.2458 0.2342 -0.5808
4.8965 0.0541 0.0062
5.4567 3.4230 1.0710
4.7336 -0.0131 -0.7307
4.1892 0.2887 1.1980
4.9670 -0.2178 -0.1583
5.0903 -0.1165 -0.2071
5.0444 -0.1022 -0.3566
4.8297 -0.1798 0.8455
5.5151 -0.0415 0.4023
4.9669 -0.1180 -0.2468
