-0.2147 -0.1382 -0.0226
-0.1451 0.1224 -0.1739
-0.2949 0.1922 -0.6349
0.0692 -0.1606 -0.1639
-0.2338 1.2665 2.6196
0.1955 0.1955 0.3154
0.3276 -0.3049 -0.0499
0.0235 0.0112 0.0026
0.2096 -0.0214 -0.0069
0.0437 -0.3819 0.2273
-0.0592 0.1391 -0.5979
-0.2758 -0.9071 1.5793
-0.0374 0.4118 0.8745
0.5624 -0.1825 0.1087
-0.1520 -0.0975 0.0023
-0.2700 -0.0189 -0.0534
-0.0012 0.0010 -0.0035
-0.0016 0.0300 -0.4650
0.2104 0.0434 -0.1808
0.0775 0.6005 -0.2118
-0.0037 -0.1856 0.4184
0.0341 0.3146 -0.2537
1.2938 1.2000 1.9625
0.6734 2.5574 -0.5819
-0.1526 0.4670 0.2449
0.0048 0.0026 -0.0740
0.1962 -0.6167 0.6156
-0.2188 0.1747 -0.1765
0.4466 -0.1559 -0.6017
0.0289 0.2560 0.2231
-1.4085 0.0463 2.3579
0.0323 -0.2671 -3.5154
0.2936 -0.3212 -0.1144
-0.0849 -0.0284 -0.8081
0.2536 -0.1423 -0.9258
0.1519 0.2231 -0.5110
-0.1195 0.0416 0.7471
-0.0021 0.1113 0.0262
0.2121 -0.4712 -0.3566
-0.5896 -0.1553 0.5663
0.3187 0.2363 0.2810
0.0818 -0.0538 -0.1537
0.0013 -0.0024 -0.8628
-0.5437 1.0775 0.1941
0.1766 0.0093 0.8892
-0.0056 0.4781 0.4733
-0.5648 -0.0572 -0.0707
-0.0187 -0.1948 0.1229
0.1623 0.2056 -0.2319
-0.2441 -0.0445 -0.7111
5.2297 -0.4045 0.4071
4.8831 -0.0784 -0.1575
4.7457 0.1736 0.0443
4.6938 -0.3440 -0.4974
5.4929 0.3557 -0.0843
5.0522 -0.0532 -0.3771
4.9346 0.0266 -0.9195
4.8382 0.0520 -0.6091
4.9839 -0.0054 -0.2844
5.0052 -0.0227 -0.0251
4.9134 -0.2391 -0.4003
4.9859 0.0082 -0.2275
5.1199 0.0133 0.3349
5.0407 -0.2127 -0.0180
5.0108 0.0047 0.0069
5.6843 -0.0741 -0.3951
4.5134 -0.0779 -0.3480
5.0124 0.0056 -0.0050
4.8660 -0.1148 0.6034
5.5936 -0.2112 0.6369
5.1668 -0.0297 0.1492
5.2198 -0.0881 -3.4190
5.2848 0.1289 0.3146
4.3392 0.6020 -0.1843
4.9333 -0.2038 0.0003
4.8306 -0.1234 0.2949
5.1572 0.4272 -0.2960
5.2699 0.4112 -0.4103
4.8825 0.1150 -0.1272
4.8330 -0.0490 0.0375
4.7585 0.4070 0.1967
5.2763 0.0706 0.0618
4.9432 0.2212 -0.2940
5.3375 0.2040 -0.2667
4.5955 -0.1242 -0.2121
4.9869 -0.0049 -0.0214
5.0648 -0.0362 -0.1229
5.7781 -0.2550 0.4997
8.6342 0.5964 -0.2149
5.0529 0.0157 0.1905
5.2951 0.4079 0.4855
4.9345 -0.2600 0.6241
5.3992 -0.2982 -0.2267
5.1695 -0.0037 -0.7467
4.8857 0.1883 -0.9104
4.9433 0.2560 -0.4643
5.0562 1.3112 2.8795
5.0036 -0.0006 0.0954
5.2031 -0.0052 0.3835
4.3656 0.2092 0.2095
