-0.0315 0.0325 0.6824
-0.0159 0.1376 0.1466
-0.1776 0.0032 0.4862
0.7850 0.3040 0.1147
-0.0208 0.0069 -0.2141
0.0050 -0.0193 0.0963
0.3820 0.5889 -0.6651
-0.1250 -0.0132 0.3587
0.2682 0.6732 0.0470
-0.0315 0.1346 1.1284
-0.5712 0.5383 0.1041
0.0873 0.0298 0.0371
0.1223 -0.0087 0.4127
0.7203 -0.5596 -0.0443
-0.0805 0.0342 -0.0959
-0.8809 -0.2490 0.7320
0.1679 0.2311 0.5512
0.9031 -0.1990 0.1519
0.0478 0.0423 0.5770
-0.0863 -0.0019 -0.8442
4.5445 -0.0685 0.1952
4.5638 -0.2074 -0.0598
4.3943 -0.1296 -0.1144
4.1133 0.0834 0.2014
4.4161 0.1547 -0.1815
5.0241 -0.5745 0.4198
4.9871 0.1333 -0.1243
4.5203 0.3097 -0.3882
2.4482 0.0497 -2.8404
4.6496 0.3955 0.2319
4.8279 -0.1829 -0.2802
3.1393 -0.2797 -1.6783
4.5147 0.0200 0.4574
5.0572 0.7312 -0.2769
4.5050 -0.0270 0.2586
4.5014 0.1462 0.4446
4.9682 -0.5044 -0.1931
4.9410 -0.3543 0.4955
4.6499 -0.7563 -0.0088
4.5036 -0.0017 -0.0601
