2.6602 -0.4948 -1.3202
-0.0105 -0.0066 -0.0027
0.3034 -0.1307 -0.3459
-0.0143 0.1475 0.0097
0.4492 -0.5351 0.1531
-0.0126 -0.0572 0.0993
-0.0190 -0.0649 0.6971
-0.0487 -0.3351 0.7657
-0.0125 0.3701 -0.1272
0.0611 -0.0423 -0.1408
-0.5372 -0.1569 0.1173
-0.0694 0.9986 -0.1265
0.1785 -0.3709 -0.5719
-0.3625 -0.4479 0.6754
0.0296 0.2456 0.2461
-0.0022 -0.0131 0.6788
-0.1472 0.1297 0.7904
0.0857 -0.0487 -0.3251
-0.7732 -0.1486 0.0482
-0.2738 -0.5576 0.5791
0.0429 0.0082 0.4054
0.0263 -0.3874 0.1807
-0.1823 0.7067 -0.6520
0.3875 -0.0223 0.0683
0.5329 -0.4162 0.1585
-0.0918 0.2468 0.8950
-0.3169 0.7831 -0.2716
0.1638 -0.0671 0.2240
0.0391 0.0793 0.1986
-0.1545 -0.3155 0.1530
1.5290 1.4017 -1.9995
-0.6046 -0.4352 -0.5748
-0.3329 0.1911 0.5072
0.1370 0.1828 0.1474
-1.4431 0.7974 0.5611
0.5075 -0.2446 0.4935
-0.3350 0.0206 2.4677
0.5466 -0.5292 1.8580
0.0024 0.0026 0.5177
0.0588 -0.0555 0.0812
