-0.5140 -0.1954
0.1563 -0.5247
0.1376 -0.0904
-0.5491 0.0706
-0.4141 -0.6604
-0.3171 0.3011
0.5395 -0.5522
0.3954 0.4302
0.0264 -0.3096
0.0325 0.3038
0.0040 -0.0018
-0.5008 -0.1297
-0.2023 0.2687
-0.0463 0.0324
0.1055 0.6136
0.0181 0.2553
-0.2407 0.2228
0.6791 -0.3708
0.0138 0.0082
0.4395 0.3406
0.0100 0.2923
-0.2676 0.3121
0.2796 0.4406
-0.7757 0.2766
-0.0092 -0.9526
-2.0805 -1.0801
-0.4466 -0.8522
-1.0927 2.4714
0.0463 0.0242
-2.6057 -0.3100
0.7324 0.2985
-0.3082 0.4579
-0.0373 -0.0000
-0.0055 -0.1682
-0.4871 1.2629
0.5125 0.5470
-0.3684 -0.5447
0.2069 0.0793
-1.9973 -2.9658
-0.6095 0.5291
-0.2485 0.6176
-0.5962 -0.3065
-0.0649 -0.4089
0.6721 0.1534
-0.1189 0.1179
0.1357 -0.0882
0.1995 -0.2316
0.1070 0.4110
-0.3691 0.1941
0.6058 -0.3949
0.4106 -0.0196
-0.2076 0.7223
0.5426 0.0939
-0.0907 0.6949
0.0912 -0.3651
-0.4513 -0.1789
-0.0237 -0.0066
0.8436 0.3347
-0.1509 0.4124
0.0088 0.0356
-0.3374 0.0129
-0.2982 -0.3343
-0.0812 -0.0791
0.6765 0.0734
-0.3248 -0.6503
-0.4518 -0.0066
0.0145 -0.4315
0.4036 -0.7255
-0.1516 -0.1524
-0.7407 0.5912
0.0985 0.4360
-0.0757 -0.1452
-0.7154 -0.1851
-0.0535 -0.0632
0.2974 -0.5165
1.4456 2.1358
-0.0594 0.0010
-0.2476 0.5175
-1.8444 0.9988
-0.2109 -0.2477
0.1503 -0.2160
0.9001 0.3615
-0.6497 -0.5467
-0.9052 0.2190
0.4756 0.6803
0.0522 -0.0954
0.5166 -0.1638
-0.4627 0.2703
-0.2445 0.2611
-0.1873 0.6620
-0.2624 -0.2232
-0.1832 0.0249
-0.4727 -0.1268
-0.6530 -0.2459
-0.4384 0.4109
0.0537 0.0571
0.0012 0.0721
-2.7206 -2.1007
-0.1561 -0.1205
0.2408 0.6682
0.4585 -0.0911
0.3224 -0.4962
-0.7071 0.4494
-1.0741 -0.7231
0.0140 0.0534
0.1272 0.7732
0.0076 -0.0159
-0.4942 -0.4259
0.2409 0.0893
-0.0951 -0.1566
-0.6865 -0.2996
-0.2358 0.4831
-0.1307 -0.1006
0.0447 -0.0442
-0.2160 -0.4832
-0.0024 -0.0000
0.6281 -0.5543
0.0279 0.0407
0.3178 -0.3106
-1.9365 1.8136
0.0108 0.5278
0.9043 0.0381
0.3558 -0.1577
-0.0168 0.1532
-0.6404 0.2388
0.5896 -0.3269
-0.6569 -0.5725
0.1050 0.8531
-0.0764 -0.1907
-0.0154 0.0734
0.8585 0.2912
0.6079 -0.6793
0.0426 -0.0835
0.2868 -0.0712
0.3641 0.5568
-0.8555 0.1010
0.5528 0.4265
0.2268 -0.6306
0.1728 -0.3649
0.2767 0.1788
0.2228 0.5456
0.3918 0.5825
-0.9583 -1.1967
-0.1780 0.5755
0.0851 -0.2412
0.1499 -2.3643
-0.1261 -0.0503
-0.1916 0.2563
-0.4480 -0.3500
-0.0184 -0.2502
0.1468 0.0572
-0.2007 0.3091
0.2865 -0.1505
-0.1040 -0.5245
-0.0043 -0.0385
0.0106 -0.0071
-0.2034 -0.1093
-0.0067 0.2180
0.0357 -0.0839
-0.1217 0.0370
0.0030 0.4519
0.5050 0.7289
0.0120 -0.0751
-0.0029 -0.3053
0.1583 -0.0461
0.2832 0.2354
-0.3623 -0.8488
-2.7936 -0.5850
0.4233 -0.0455
0.5812 -0.0739
0.0716 0.9579
0.6637 -0.0218
0.0417 0.0077
0.1665 -0.2542
-2.5399 -0.5703
0.5692 -0.6284
-0.1512 -0.8161
-0.0281 -0.1626
-0.4617 -0.1623
-0.4198 0.7147
0.5070 -0.5075
-0.4032 -0.4654
-2.0158 -0.0376
0.1649 -0.2245
0.1900 0.6789
0.0362 -0.0510
0.0962 0.1252
0.1892 0.5186
-0.1485 0.0895
-0.6148 -0.2389
-0.0305 0.0451
-0.6825 -0.3221
0.5938 0.1144
0.1017 0.5034
0.1409 0.9163
0.8235 0.2012
1.3589 1.4410
0.1558 -0.0290
0.9076 -2.4385
-0.0352 -0.1151
-0.0080 0.0359
1.5209 -0.2259
3.2488 -0.3380
0.3137 -0.0136
0.4836 0.3214
0.1823 -0.0789
-0.0077 0.0397
-1.3094 -0.4101
-0.2568 0.5037
-0.9121 -0.0677
0.4383 0.4178
-0.7133 0.5812
0.2810 0.4853
0.1786 0.1505
0.1011 0.1680
0.0173 0.3848
-0.0003 0.0081
-0.0819 0.0629
-0.2829 -0.2420
-0.5303 0.1608
-0.2711 -0.1742
0.6437 -0.2691
0.2826 -0.1618
-0.1510 -0.5246
-0.5086 -0.0939
-2.3528 0.7466
-0.4587 -0.5929
0.0645 0.0524
0.5160 0.6499
0.7906 0.0311
-0.3428 0.2828
-0.1229 -0.0217
-0.4536 -0.3722
0.2948 0.4304
0.0635 -0.9194
0.2138 -0.1108
-0.2674 -0.1124
0.0757 -0.8662
-0.7235 -0.4244
0.0689 0.5265
0.0236 -0.0103
-0.1999 0.4007
0.1398 0.0761
1.1932 1.0877
0.0172 0.0067
0.1991 -0.0406
-0.1610 0.0183
0.6277 0.1599
0.7698 0.1049
0.7081 -0.0502
4.6183 -0.2905
4.4286 0.0167
4.3550 -0.8238
4.6185 0.3238
4.4896 0.0124
4.4180 -0.6027
4.1111 -0.8245
4.9213 0.5898
5.1764 0.2689
4.2532 -0.3942
4.2797 -0.0406
4.4095 -0.7021
3.7482 0.2955
5.0347 2.4114
4.6247 0.0441
5.3634 0.1111
3.6757 -0.2048
4.4992 -0.1695
4.5695 0.1138
4.5576 -0.0293
4.0985 0.1587
4.5846 -0.3007
5.1680 2.4859
5.0537 0.2020
3.7113 -0.0803
6.2896 1.5758
4.4790 -0.0484
4.4203 0.0422
4.9804 0.4055
4.3546 -0.7744
4.9316 1.4265
4.5719 0.5129
4.9357 -0.6231
4.1650 -0.1778
4.4997 0.0014
3.9146 -0.6391
4.0255 -0.3727
4.5010 -0.0005
5.1966 0.2390
4.4562 -0.1328
4.9195 -0.6940
4.5092 0.7092
4.7816 0.0861
4.9853 -0.7310
4.6192 0.0194
4.6681 0.6935
4.6971 0.2766
3.8642 -0.5368
4.5610 0.1095
4.1223 0.8441
4.4989 -0.0029
6.3339 0.9776
4.3079 -0.0179
4.1494 0.5439
4.7636 -0.0865
4.3965 0.0958
5.0138 0.5259
3.5905 -0.1275
4.1752 -0.5213
4.1377 -0.0234
2.4520 -0.6271
4.1825 -0.6292
4.0207 -0.1783
5.2674 0.1661
4.2314 0.9000
4.5490 -0.3167
3.4761 -0.5448
6.0482 0.0067
4.3769 -0.3091
4.6452 0.4475
3.8911 -0.5494
3.6326 0.2247
4.9796 -0.2244
4.9784 -0.0590
4.3638 0.2540
3.7851 -0.6644
4.4702 -0.0578
4.7092 0.2516
4.8963 0.5225
4.7176 2.3350
4.5579 0.2907
4.9428 0.3061
4.4541 0.2688
3.8367 0.7389
3.8008 0.5369
4.3754 0.7817
4.6437 -0.3905
4.4348 0.3068
5.4269 0.1444
4.7832 0.0993
4.6870 -0.0869
4.4987 0.0001
5.3070 -0.1748
1.7815 2.4950
4.4844 0.0768
4.1912 -0.0809
4.1569 0.2866
5.4858 0.0682
4.6556 -0.0896
4.1128 0.1237
4.1592 0.0406
4.0487 0.0260
4.5209 -0.0627
3.8109 -0.2523
4.2985 0.3374
2.5359 -1.5044
5.0943 0.2406
4.8963 -0.3843
4.5027 0.2127
4.9318 0.3294
3.6130 -0.4969
4.4651 -0.1053
4.4098 0.1707
4.5622 0.6218
3.7161 -0.3492
4.2652 0.3775
4.4644 -0.2446
4.9083 0.5788
4.7777 0.1250
5.5364 -2.0458
3.9965 0.1811
4.9234 0.6931
4.0608 -0.6893
4.2985 0.1272
5.3267 -0.5614
4.1020 0.2920
4.3942 -0.1078
4.9191 0.3926
3.5416 -1.2374
4.5198 -0.6975
4.0977 0.7151
4.2398 0.2022
3.9625 -0.2461
5.8867 -1.5000
4.0174 0.7922
4.8882 -0.1062
4.1146 0.1535
2.3394 0.7393
3.8848 -0.1073
4.4793 0.3580
5.4536 -0.0687
3.6732 -0.4903
4.6660 -0.6986
4.8003 -0.7760
4.5911 0.9639
7.0379 -2.6033
4.9552 0.7349
3.9656 -0.2652
3.5439 -0.2245
4.1047 -0.4479
4.0193 0.3428
7.6919 -1.6339
5.4871 0.0147
4.5017 -0.5763
3.4100 1.1053
5.0806 -0.1753
4.0299 0.0478
4.2171 0.7584
5.1447 -0.2967
4.9094 0.1689
4.0652 0.4676
4.1207 -0.5154
4.6915 -0.9364
3.9776 0.7102
3.9292 -0.4694
4.4169 0.1901
4.4358 0.0961
4.9218 0.7097
4.2502 -0.0628
4.6726 0.0191
4.2862 -0.2860
3.6567 -0.1151
4.8131 0.5371
3.7323 0.1050
2.9290 2.5289
4.2736 0.5333
5.3960 1.3389
4.3190 -0.0656
5.2350 0.3854
3.9240 -0.0300
6.4497 -2.7996
4.2382 0.8094
4.0007 0.1392
4.7296 0.1827
4.2652 -0.4559
4.5606 -0.4758
5.4896 0.0203
4.6804 -0.0474
4.3499 0.4012
4.2190 0.7413
4.6973 -0.7428
4.4860 0.0394
4.3532 0.5288
4.0649 0.1911
6.1161 1.8902
4.7236 -0.1567
4.7261 0.6145
3.9069 -0.2899
3.6828 0.3791
4.4612 0.0212
4.5474 0.0151
4.3244 0.8680
5.2024 0.2506
4.6823 0.8880
4.4676 -0.6656
4.4943 0.1175
4.5477 0.0958
4.5207 -0.0777
4.3625 -0.1429
4.6606 0.4561
4.4553 -0.0384
4.1974 -0.1993
4.3128 -0.2754
4.6173 0.4788
5.3485 0.3519
3.9441 -0.3427
4.6191 0.6613
4.4849 0.0007
5.3677 3.5417
5.1494 0.5795
4.9756 -0.5284
6.4254 0.7425
5.2365 -0.5066
1.3160 -0.6784
4.6215 0.5995
4.4683 0.1846
5.1371 -0.3949
4.0031 -1.1447
4.2566 -0.2748
4.0684 0.7115
4.5263 -0.1016
3.5269 -0.1866
4.5382 -0.0416
3.5820 0.0031
2.6584 -0.5064
3.8282 0.0080
4.1896 -0.0650
3.8669 0.1048
4.2502 -0.2572
3.7146 0.5131
3.9488 -0.1199
5.0742 -0.7911
4.6357 -0.1909
4.4152 -0.1950
4.4558 0.0811
4.2197 -0.4095
5.2239 -0.2383
4.4501 -0.2303
4.1981 -0.0651
4.1085 -0.1585
