-0.0169 -0.0481 0.0275
-0.2843 0.0695 0.7167
0.0638 -0.1240 -0.1035
0.0799 -0.0077 0.2780
-0.1910 -0.3738 0.5762
-0.0746 0.1049 0.1690
-0.4467 0.1591 -0.0242
0.0591 0.0685 -0.0045
0.8755 0.2764 -0.3915
0.8463 0.1187 0.1172
-0.2439 0.0047 0.9101
0.0162 0.0673 0.0002
-0.0470 -0.0675 -0.9870
-0.4992 0.1413 -0.3191
-0.0521 0.0825 -0.6373
-0.0128 0.1288 0.4094
-0.0627 -0.0196 0.1156
-0.3442 0.4040 0.4896
-0.0106 -0.0750 0.4868
-0.6151 0.1351 -0.0387
-0.5385 -0.3330 0.1176
-0.4503 -0.0162 -0.4428
0.1898 0.0737 -0.8247
0.6919 0.0843 0.4291
-0.0886 0.0280 0.7954
-0.7611 -0.0437 0.5771
0.1856 0.1955 -0.4553
-0.2996 0.2648 -0.3006
0.0085 -0.0021 -0.1150
-0.3235 0.2744 0.2853
0.0072 0.0053 0.0705
0.0017 0.0347 -0.1693
-0.6489 0.0955 -0.7268
-0.5127 -0.0561 -0.2302
-0.0315 0.0831 0.7103
-0.2477 -0.2100 0.4027
0.1625 0.2417 -0.1021
0.6728 0.2956 -0.6050
-0.1556 0.6707 -0.0386
-0.0321 0.1197 -0.3551
0.0552 0.0060 0.3799
-0.0065 0.0234 -0.5100
-0.1475 -0.3687 0.4778
0.0530 0.4805 -0.6207
0.2168 -0.6972 -0.0077
-0.0109 -0.0060 -0.0147
-0.1682 -0.2530 -0.1015
-0.0013 0.0012 -0.0112
0.0835 0.3859 -0.0450
0.0134 0.2286 -0.3615
0.0055 -0.0025 0.1984
-0.0870 0.3943 -0.4978
-0.0798 0.0145 0.0881
0.6319 0.6767 -0.3186
-0.0868 -0.0569 -0.1527
-0.0282 0.0542 -0.2250
0.0054 0.1176 0.1992
-0.1709 -0.6545 0.2111
-0.2668 -0.1300 0.8509
-0.4904 0.3589 0.2514
-0.0147 0.0136 0.7131
0.0915 0.1901 -0.5368
0.1766 0.2130 0.1763
0.0071 -0.0193 -0.2133
0.2890 0.4364 0.4174
0.0870 -0.2026 -0.0970
-0.0364 -0.1288 -0.1074
0.1033 -0.3246 0.8473
0.2313 -0.1241 0.1350
0.0036 -0.0082 0.8367
0.3295 -0.1010 -0.2156
-0.0152 -0.0028 0.0090
-0.1624 0.0610 0.1590
0.1736 0.0522 -0.1702
0.0334 -0.0308 0.1834
0.4660 0.5871 0.3981
-0.1126 0.7377 0.4568
0.1907 0.0646 0.2899
0.5685 0.1659 0.1434
-0.3554 0.2006 -0.1354
0.6134 -0.0982 0.5927
0.0439 0.0029 0.1456
-0.6473 -0.6610 0.2646
0.0226 0.0116 -0.0325
-0.0400 -0.1094 0.8515
-0.5433 -0.2525 0.3266
0.2022 0.3212 -0.6219
-0.2169 -0.1900 -0.0609
-0.2124 -0.1762 -0.6998
-0.6149 -0.4973 0.3686
0.4069 -0.5675 -0.5251
0.1713 -0.2435 -0.4331
-0.1895 -0.0828 -0.1689
0.3778 -0.0112 0.7754
-0.0777 0.2415 0.5458
-0.3841 -0.2559 0.4878
0.5389 -0.5223 -0.0508
0.4487 -0.8447 -0.2092
0.0799 -0.1427 -0.3476
-0.2185 -0.7328 0.2254
2.3274 -0.1072 0.6582
2.5075 0.0038 0.1097
2.5387 0.1743 0.2235
2.7140 0.0160 -0.7594
2.5072 -0.0126 -0.6020
2.5795 0.0118 -0.9353
2.6045 -0.5079 0.5211
2.5357 0.0065 -0.1463
2.6376 -0.1102 0.2552
2.7417 0.4078 -0.4603
2.4893 0.0275 0.0749
2.4871 -0.7662 0.0424
2.3022 0.1587 -0.9087
2.4201 -0.0742 0.0977
2.0975 -0.0776 0.2845
2.0837 -0.1113 0.1009
2.7888 0.9323 0.0975
3.0590 -0.3804 0.6852
2.5145 -0.0657 -0.0310
2.3229 -0.2500 0.1430
2.4950 -0.0947 -0.0435
2.5104 -0.1339 0.4437
2.3605 -0.0702 0.0808
2.4202 0.0248 -0.0373
2.5131 0.2453 0.9113
2.4884 -0.0183 -0.0738
3.2039 0.3314 0.0909
2.6443 0.0884 -0.6434
2.5134 0.0041 -0.0324
2.8255 -0.1706 0.7477
2.3603 -0.1979 0.4082
2.4090 -0.0017 0.2953
2.7096 -0.0672 -0.5080
2.5182 -0.0070 -0.2317
2.2662 -0.5015 0.2931
2.4629 -0.0011 -0.0254
2.5339 0.0208 0.4693
2.5675 -0.1216 0.0592
2.4214 0.3318 0.1304
2.5059 -0.6185 -0.7265
2.0928 0.2897 -0.8286
1.9254 0.0164 0.1398
2.4922 0.0111 0.2194
2.6173 -0.3448 0.3712
2.6850 0.5293 0.3152
2.6301 -0.3264 -0.1180
2.4256 -0.8929 0.3616
2.4916 -0.0471 0.0305
2.6149 -0.0364 -0.2096
2.5693 -0.0695 0.0389
2.5328 0.0526 0.1314
2.7223 0.0087 -0.2133
2.5943 0.7305 -0.4502
2.0315 0.2127 -0.5536
2.2442 0.8006 0.2228
2.4996 -0.0006 -0.0006
2.5850 0.1544 0.9164
2.2726 -0.4124 -0.6307
2.5310 -0.0270 0.1638
2.3297 -0.2113 0.4832
2.6788 0.1644 -0.1022
2.4882 -0.0091 -0.4758
2.4939 -0.0696 -0.6835
2.5470 -0.4232 -0.7786
2.6038 -0.0821 0.5198
2.4248 -0.0277 -0.1106
2.6918 -0.0280 -0.1249
2.2314 -0.0683 -0.3228
2.4667 -0.0629 -0.0996
2.3773 0.0050 0.7043
3.2018 0.1429 -0.0420
2.3442 -0.0470 0.8835
2.6275 -0.0548 0.0745
2.5593 -0.2636 0.1572
2.6078 0.1829 0.4368
2.6151 0.1546 -0.7545
3.1619 0.1639 -0.3988
2.0129 -0.3418 -0.3430
2.5233 -0.0120 0.0563
2.5983 -0.0644 0.1994
2.6052 -0.2448 0.0087
3.0641 -0.2415 -0.3206
2.5155 0.0020 -0.0192
2.5322 -0.0100 -0.1319
2.0198 -0.3053 -0.0068
2.4928 0.1498 0.5482
2.3365 0.0446 0.0964
2.3680 0.0541 -0.0964
2.8836 0.4736 -0.2980
2.2152 -0.2948 -0.5703
2.8939 0.4509 -0.2956
2.4052 0.0526 -0.0035
2.3923 -0.4593 0.0125
1.9256 0.1764 0.4558
2.7669 -0.5531 0.4100
2.4017 0.0119 0.1215
2.5441 0.6551 -0.4784
2.5502 -0.0296 0.0078
2.5303 0.2827 0.0302
2.4971 0.0038 -0.1007
