0.3650 -0.2768 -0.3414
-0.0951 -0.1531 -0.3558
-0.2839 -0.2860 0.1066
-0.5709 -0.0528 0.0128
0.5444 0.6146 0.2067
0.3017 -0.1916 0.8196
-0.0537 0.1648 0.0363
-0.9322 -0.0713 0.1328
0.0093 -0.0083 0.0538
-0.1485 0.0233 0.4229
0.0928 0.1124 -0.6610
0.0395 -0.0139 0.0561
0.0040 -0.0044 0.0879
0.0822 0.1394 -0.3981
-0.2740 -0.2202 -0.6026
-0.4449 -0.2897 -0.4120
0.3748 0.0426 -0.3016
-0.2216 0.2267 -0.0620
0.0661 0.0546 -0.4938
-0.2653 -0.0410 0.2873
-0.0366 -0.1369 -0.5971
-0.0604 0.1675 -0.3973
0.1757 0.1720 0.4789
0.2673 -0.4669 0.2895
-0.9575 -0.0258 0.7758
2.5151 -0.3247 -0.7565
2.4007 -0.0604 -0.1722
2.4443 -0.4015 0.4295
2.2031 -0.0532 -0.3491
2.0967 0.4620 -0.9272
2.8789 -0.7327 0.2083
2.4269 -0.0430 0.0546
2.9862 0.5103 -0.6551
2.5751 -0.6309 -0.7196
2.8962 0.4755 0.3759
2.5391 0.3470 -0.3106
2.4856 0.0445 -0.4995
2.3233 0.1471 0.4500
2.7034 -0.1313 0.8277
3.4017 -0.3115 -0.0389
2.9795 0.1703 0.3639
2.6522 0.0000 -0.9428
2.9284 -0.2105 0.2397
2.4737 -0.0846 -0.3712
2.8356 0.1710 -0.4523
2.2252 -0.0183 0.4554
2.4704 0.0792 0.6183
2.3493 0.1954 0.0695
2.9593 -0.4088 -0.5071
2.4647 -0.0842 -0.6696
