0.1726 -0.0804 -0.0241
0.0608 0.1089 0.4622
0.0061 -0.0072 0.0085
0.7923 0.3340 0.1952
-0.7384 -0.2637 -0.0677
-0.4104 0.5161 0.3687
-0.5862 0.0390 0.3356
-0.0746 0.0529 0.4687
0.0256 -0.0054 -0.0120
-0.4123 0.0958 0.2078
0.0893 -0.1631 0.9652
0.0002 -0.2391 -0.2974
0.3279 0.3424 -0.7759
-0.0271 -0.0931 0.0819
-0.5933 0.4780 -0.6114
0.0260 0.0539 0.6221
0.0011 -0.0016 -0.0083
-0.5334 -0.6532 -0.2507
0.3382 0.3059 0.0421
-0.6499 -0.0088 -1.9001
-0.0013 -0.0084 -0.0268
-0.2534 -0.3482 0.3760
0.3060 -0.0492 -0.6437
-0.5912 -0.4019 -0.6617
-0.0158 -0.1177 0.0433
0.1245 -0.2133 -0.8131
0.2625 -0.4790 -0.5045
-0.2605 0.1953 0.6117
-0.0659 0.1074 0.1291
0.0164 -0.0540 -0.1947
0.8117 0.1876 -0.2317
0.1412 0.0405 -0.5840
0.4240 0.3429 0.3402
-0.4489 0.0108 -0.8139
0.6089 0.4130 -0.1726
0.3079 0.2323 -0.3855
0.1427 -0.0297 0.1599
-0.0678 -0.0195 0.1122
-0.0278 0.0545 0.5085
-0.0724 -0.3112 -0.2758
-0.4505 0.7019 0.1021
-0.0566 0.1677 0.6600
-0.1753 0.1734 -0.3513
0.2473 0.1256 0.4977
-0.1926 -0.2138 -0.4848
-0.0012 0.0104 -0.5448
0.1846 -0.7623 0.2578
-0.0212 -0.1497 0.0177
-0.1227 -0.0219 0.2197
0.4677 -0.0480 0.3605
-0.0689 0.0185 -0.2488
-0.0200 -0.0047 -0.1848
0.0699 -0.4641 -0.3014
0.2200 -0.5492 -0.7945
0.3515 0.2008 0.0990
-0.1077 0.1762 -0.0521
0.1851 -0.0536 -0.4384
-0.0017 0.0010 -0.3023
-0.6830 0.2305 0.1287
-0.1757 0.0287 -0.0927
-0.0044 0.0660 -0.5997
0.0329 0.0165 0.0106
0.3102 -0.0879 -0.6285
-0.6700 -0.1410 -0.1014
0.2153 -0.2498 -0.5552
0.0010 -0.0760 -0.0291
0.0145 -0.0012 -0.2170
0.2700 0.0592 -0.6713
-0.0766 0.1371 0.0258
0.7405 -0.2366 0.0475
0.0617 -0.0484 0.0736
-0.7085 0.5166 -0.1419
-0.2643 0.1231 0.2334
-0.2407 -0.8101 -0.0939
-0.4097 0.2393 -0.4114
0.3014 -0.0113 0.8958
0.0340 -0.0166 0.2229
0.7287 -0.0202 -0.3914
0.4805 0.2990 0.1817
-0.2053 0.0116 -2.4460
0.5196 -0.1424 0.4774
-0.1928 -0.2402 -0.3807
1.8981 1.2273 0.1361
0.1607 0.3013 0.5617
0.7731 -1.2039 -0.4727
-0.2705 0.5248 -0.3176
-0.0293 0.2729 -0.3025
0.1643 -0.0324 -0.1592
0.3131 -0.2996 -0.9011
0.1171 -0.5289 -0.1416
0.0859 0.2360 0.4070
0.3669 0.0252 0.1811
-0.2676 -0.4729 0.3058
-0.0025 0.0028 0.3237
0.1826 -0.1270 0.1953
-0.0242 -0.1172 -0.0850
-0.0122 0.0205 -0.0425
0.0092 0.0110 0.2865
-0.0403 0.0159 -0.9756
-0.0908 -0.1402 0.0752
3.5004 0.0006 0.0001
3.4456 0.4946 0.0604
3.5318 0.2923 -0.0846
3.8038 0.0429 -0.4444
3.4685 -0.0892 -0.7949
3.4908 -0.1225 0.4422
3.6749 -0.1821 0.3558
3.5377 0.2727 0.6395
3.4642 -0.0184 0.0176
3.5131 0.0835 -0.0968
3.2176 -0.2564 0.0750
2.8631 0.3101 -0.0234
3.4025 -0.1980 0.0344
3.4876 -0.0216 -0.7901
3.4637 0.2472 -0.1232
3.5415 0.1354 0.2388
3.2996 0.0776 -0.0248
3.5835 -0.8151 0.5329
3.1726 0.2040 0.3424
3.5028 -0.0733 0.0231
4.4898 0.2762 1.4980
3.9095 -0.2193 0.3388
2.6274 0.3469 -0.0620
3.3820 0.1180 0.6783
3.8089 -0.2425 0.2277
3.4509 -0.0091 -0.0402
3.6167 0.0203 -0.2627
2.8417 -0.0635 -0.2948
3.5136 -0.0058 0.0184
4.0243 -0.4298 -0.4898
3.4992 -0.1564 -0.1839
2.9770 0.0267 0.2406
3.7671 -0.8088 0.2657
3.5078 -0.0019 -0.0108
3.6539 0.0309 -0.0341
3.4603 -0.0354 -0.0967
3.7113 0.2205 -0.0629
3.4900 0.0301 -0.0585
3.4426 -0.0266 0.1323
3.6109 0.0173 0.0698
3.4921 -0.0698 1.6159
3.5121 -0.0190 -0.3182
3.3931 0.0518 -0.0583
3.8220 0.1776 -0.6585
3.4354 -0.1068 0.3707
3.3067 -1.1037 1.0151
4.0296 -0.0029 0.2238
5.0110 1.4246 -1.6728
3.8042 -0.2972 0.2333
3.6553 0.0443 0.1866
4.0106 -0.1950 1.5746
3.5597 0.0581 0.2809
3.4941 -0.0847 -0.0079
3.0249 -0.0155 0.5661
3.2260 0.1678 0.5849
3.3315 -0.3235 0.7496
3.6368 -0.0419 -0.1946
3.4849 0.1464 0.7095
3.4876 0.0759 -0.2555
3.6414 -0.0427 0.0059
3.5000 0.0007 0.4103
2.7988 -0.2795 -0.2202
3.5087 0.1555 -0.7220
3.4497 0.1782 -0.7091
3.6627 -0.0561 0.5395
3.5242 -0.6819 0.6371
4.0262 0.0453 -0.5638
3.6109 -0.0590 0.0257
3.4420 -0.4538 0.8516
4.4130 -0.1926 0.2789
4.2221 -0.2193 0.3136
3.4487 -0.0414 0.1208
3.6073 -0.0022 -0.3622
4.2758 0.8561 -0.2510
3.5285 -0.1155 0.2608
3.5151 0.0092 -0.0738
4.2312 0.2178 -0.3287
3.7862 0.8956 0.0920
3.5434 0.3152 0.9333
3.2686 -0.1403 -0.5346
3.6287 0.1700 0.1962
3.6983 0.0213 -0.0424
3.1218 -0.0293 0.0651
3.6800 -0.1308 0.0447
3.7957 -0.4525 0.0274
3.4158 -0.2210 0.4562
3.6973 -0.1001 -0.3097
4.0048 0.2566 0.0294
3.4401 0.0198 0.0443
3.4788 0.0163 0.0997
3.3006 -0.6127 0.7202
3.1310 0.4280 0.2634
4.1399 0.2358 -0.7174
4.1885 -0.0298 -0.2629
3.4990 -0.0000 0.4173
3.5625 -0.2097 -0.8943
3.3646 0.2826 -0.1327
3.5165 -0.3842 0.2595
3.5328 -0.1026 -0.8286
3.4989 -0.0178 -0.9919
