-0.0004 0.0056 -0.5413
0.0041 -0.0021 0.0002
-0.2347 0.5112 0.3258
0.0352 0.1217 -0.0057
-0.0058 -0.0179 0.0021
-0.0662 -0.0564 -0.7586
-0.3662 -0.0558 -0.1600
-0.4592 0.3233 0.7613
0.0071 0.0039 0.0120
0.1975 -0.2143 0.0705
-0.1159 0.2532 -0.2722
-0.6868 -0.4458 -0.4739
0.3589 0.2977 0.5353
-0.3297 -0.0228 -0.0148
-0.2746 0.0067 -0.4188
-0.0076 0.0238 0.4926
0.5837 -0.2055 -0.0804
0.0487 -0.0607 0.5439
-0.0147 -0.1971 -0.8139
0.3272 0.5197 0.5176
0.2181 0.1170 0.5791
0.0067 0.0098 -0.1349
-0.2383 -0.0282 0.4961
0.0033 -0.0416 -0.1008
-0.1258 -0.0461 -0.0725
-0.1687 0.2358 -0.2518
-0.0353 0.6031 0.7420
-0.3337 -0.1378 0.6874
0.1685 0.8688 0.1116
0.0159 0.1646 -0.6425
0.0887 -0.0174 -0.4016
0.0476 0.2002 0.5535
-0.1749 -0.1152 -0.0320
-0.0160 -0.0350 -0.0760
0.0150 0.0186 -0.0180
-0.2777 -0.4824 -0.0795
-0.0347 0.0174 -0.3028
0.0083 0.1410 -0.6433
-0.8548 0.3228 -0.1250
-0.5570 0.1481 0.7312
0.0114 -0.0704 0.1358
0.0890 -0.2064 0.2416
0.2020 -0.1068 0.1731
-0.2328 -0.2541 0.5799
0.7030 -0.3180 0.3497
0.3268 0.0243 -0.3200
-0.0014 0.0146 -0.0661
-0.1219 0.0348 -0.6563
0.0015 0.0660 -0.0946
-0.2328 -0.1508 -0.8992
0.0181 0.0300 -0.0284
0.2917 0.0629 0.0576
0.1466 -0.0008 0.9788
-0.4495 0.6016 -0.1328
0.2497 0.0157 0.3943
-0.6973 -0.2801 -0.4655
-0.0607 0.0186 0.2378
-0.2185 0.3410 -0.2022
-0.0462 -0.5471 -0.7249
-0.1133 -0.2939 -0.4844
-0.0184 0.0019 -0.1832
0.3061 -0.4063 0.5745
-0.0114 0.0059 -0.6560
0.0011 0.0017 0.0050
0.0327 -0.0227 -0.2543
-0.0708 -0.0079 -0.2527
0.0306 -0.1202 -0.7836
-0.1670 -0.0559 -0.4626
-0.3394 -0.8274 0.1044
0.0076 0.0048 0.0068
0.2195 0.0132 0.1944
-0.1563 -0.5983 -0.0220
0.2521 0.0715 0.7730
0.0452 -0.0791 0.2703
-0.0017 -0.0032 0.0302
-0.6422 -0.6010 -0.1055
0.5769 0.3534 -0.4859
0.2508 0.1726 -0.4845
-0.3806 -0.3606 0.3330
-0.1710 -0.3297 -0.6821
-0.0079 -0.5753 0.2628
0.8127 0.3359 0.1421
0.1971 -0.0975 0.5473
-0.1613 -0.3289 -0.2207
0.5455 -0.0604 -0.0142
-0.4403 -0.3655 -0.4195
-0.0054 -0.0028 0.8361
-0.1150 -0.0201 -0.1283
-0.0697 -0.0936 0.1265
-0.0097 -0.0000 -0.1488
-0.0096 0.0387 0.4410
-0.3589 0.1513 0.1899
0.0978 0.1905 -0.6821
0.6324 -0.5079 0.2782
-0.3229 0.1474 -0.0077
0.0187 0.3112 -0.0429
0.0082 -0.0137 -0.2279
0.6418 -0.4643 0.1088
0.0198 -0.0157 -0.0778
-0.2002 -0.2307 0.0245
0.2332 0.2876 -0.0552
0.2493 0.0176 0.2169
-0.0845 0.1484 0.1996
-0.1069 0.4674 -0.6222
0.0173 -0.0362 0.9495
0.0644 -0.0080 -0.1404
-0.3217 0.0859 -0.1654
-0.1046 -0.0177 -0.7674
-0.4427 -0.1172 -0.7118
0.0025 0.0112 -0.7960
-0.1359 0.0270 0.0674
0.3852 -0.2802 -0.8271
0.1458 -0.3602 0.4624
0.0449 -0.0731 -0.4674
-0.4728 -0.1758 0.6489
0.3003 0.0168 0.0218
-0.2021 -0.5523 -0.0857
-0.0094 0.4160 -0.5611
-0.3647 -0.0863 0.4083
0.1902 -0.1064 -0.0583
0.1827 0.6117 0.6211
0.0107 -0.0052 0.0783
-0.1446 0.0309 -0.1858
-0.4830 -0.0241 -0.0543
-0.0063 0.0111 0.3932
0.3093 0.6788 -0.6396
-0.0320 0.0162 0.7084
0.1010 0.1182 0.1187
-0.1345 0.1039 0.2076
-0.4716 -0.0314 0.3243
-0.2456 -0.5964 -0.0264
0.2944 -0.0435 -0.0212
0.0439 -0.4712 -0.8554
0.0614 -0.1634 -0.0405
0.2006 0.6200 0.4995
-0.1500 0.0099 -0.5283
0.1157 0.0632 -0.1241
0.3177 -0.8448 0.3845
-0.1777 0.5188 0.1496
0.0863 0.0257 -0.6731
0.1005 -0.1600 0.3016
0.1548 0.7905 0.2931
0.4753 0.6637 0.4113
-0.0676 -0.2487 -0.4968
0.0633 -0.0786 -0.5116
-0.4696 -0.1313 0.3854
0.0708 0.1406 -0.0676
0.2511 0.0306 -0.3898
0.0817 0.3019 0.1741
-0.1258 0.0684 -0.0382
-0.0196 0.0659 -0.2474
-0.7301 -0.0757 0.2915
0.1099 -0.0918 -0.9343
0.0292 0.0479 0.5735
0.3420 -0.0254 0.7374
-0.5317 0.1281 0.6261
0.0269 0.1561 -0.3703
-0.2854 0.0481 -0.4418
0.6765 -0.5613 -0.3962
0.2501 0.0995 0.2421
0.1889 0.2373 0.0597
0.3136 -0.4874 0.3685
-0.6630 0.2803 -0.3382
0.0168 -0.0865 -0.0231
0.0225 0.1653 -0.2530
0.5233 0.0335 0.6088
0.0053 0.0055 0.0067
-0.2434 -0.5615 -0.0692
0.4736 -0.0683 -0.2097
-0.1003 0.1065 0.0545
0.0028 0.1236 -0.3007
0.1446 -0.0738 0.1635
0.0448 -0.0997 -0.8933
-0.7198 -0.5641 -0.4042
-0.4605 -0.3253 -0.6942
-0.0923 -0.4978 -0.0288
0.4755 0.2494 -0.3087
0.0123 0.0129 0.4280
-0.0901 -0.2744 0.4536
-0.2861 0.4295 0.0003
-0.6348 -0.2577 0.6129
-0.4865 -0.1707 0.7160
-0.1180 -0.2869 0.4668
-0.1322 -0.0080 -0.0170
0.2008 0.5574 -0.4949
-0.0022 -0.0041 0.0420
-0.2988 -0.3321 0.0675
-0.0062 -0.0014 -0.3748
-0.2728 -0.0444 -0.6228
-0.3076 -0.3648 0.2410
0.2552 -0.0317 -0.1469
-0.2355 0.5171 0.5481
-0.0551 0.1412 -0.2064
-0.0212 -0.0278 -0.0132
-0.1906 0.1021 -0.3221
-0.0300 -0.0249 0.1566
-0.0491 0.6681 0.4433
0.0025 0.1397 0.3608
-0.1270 -0.6018 0.4915
0.0347 0.0001 -0.0255
-0.0029 0.0611 -0.7321
0.0683 0.0638 0.3104
-0.1734 -0.0282 -0.4319
-0.0651 0.0009 0.0262
-0.0333 0.0047 0.4272
0.0025 0.0024 -0.1605
0.4113 -0.3049 0.2133
-0.0810 0.0564 -0.0036
-0.7901 0.1575 -0.0830
-0.1590 0.0569 0.1371
0.0082 0.8124 0.1146
0.4831 -0.2916 -0.0708
-0.0893 0.2590 -0.1111
-0.0440 -0.0858 0.0267
-0.2602 -0.3988 -0.2547
-0.3608 0.0874 0.0792
0.0038 -0.0026 -0.3936
0.4746 -0.3367 0.2264
-0.1397 -0.0234 -0.0268
0.1438 0.2109 0.1300
-0.0829 0.1260 0.4994
0.1349 0.0436 0.0229
0.5452 0.6962 0.2423
-0.1207 0.5621 -0.3849
0.1004 0.0915 -0.1935
0.1294 0.3292 -0.0694
0.5871 -0.0501 0.5922
-0.4833 0.3816 -0.7326
-0.6303 -0.2930 0.6051
0.0001 0.0013 -0.0004
-0.4363 -0.3727 -0.2867
-0.0749 0.2312 0.2100
-0.4679 -0.6182 0.1699
0.1991 0.1479 -0.7002
0.1702 -0.0315 -0.5148
0.1205 0.2702 0.3010
0.0358 0.0039 0.0275
0.1404 -0.3772 0.2815
-0.5062 0.2170 -0.5166
-0.1739 0.4157 0.7291
0.2378 0.5231 0.6220
0.0883 0.2587 -0.6812
0.0120 0.1729 -0.3000
0.0095 0.0185 -0.1228
-0.2147 0.4928 0.7865
0.5023 -0.3370 -0.5590
0.2676 -0.0229 -0.7295
0.0433 -0.1756 -0.7658
0.0077 -0.1247 0.4373
-0.0587 0.0304 0.0434
-0.1689 -0.4245 -0.7489
-0.2284 0.1194 -0.9590
-0.2192 0.1243 0.3038
-0.3209 0.2542 0.6409
-0.0095 0.0493 -0.2246
-0.3909 -0.2325 -0.1409
-0.0533 -0.0157 0.0695
-0.0584 -0.0240 0.0762
0.4486 -0.1708 0.6465
-0.0189 0.0320 0.5886
-0.0880 0.1702 -0.0787
-0.0183 -0.0532 0.7243
0.4187 -0.7794 0.3927
-0.0013 0.0025 -0.0005
-0.1779 0.0057 0.4213
-0.0079 -0.0001 0.0572
-0.6650 -0.1996 -0.6031
-0.1051 0.0674 0.2079
0.1661 -0.2320 0.8926
-0.2757 0.5248 -0.7278
-0.2947 0.3015 0.8550
0.2360 0.2505 -0.5358
-0.1104 -0.0363 -0.2176
0.1526 -0.4075 -0.6742
0.0020 0.0420 0.0048
0.2592 -0.1818 0.0765
0.0042 -0.0071 0.0048
0.0010 0.0008 0.2420
-0.1694 -0.0461 0.0357
0.0015 -0.0015 -0.0192
-0.1907 -0.4128 -0.2358
0.0577 0.0004 -0.0135
0.5570 -0.1926 0.0700
0.0022 -0.0207 0.9095
0.3441 -0.6396 0.3946
0.0104 -0.8257 0.4490
-0.1567 -0.1011 -0.5923
0.3019 0.0933 -0.3753
-0.7251 0.3711 -0.3949
-0.4726 0.3781 0.0048
-0.2003 0.1272 -0.6615
0.1434 -0.2130 0.7685
-0.1125 -0.2884 -0.1054
0.0918 0.1308 0.1567
-0.7291 -0.1602 -0.0433
-0.0014 0.0728 0.1590
0.0915 0.0716 0.0319
0.1607 -0.8782 -0.3322
0.5740 -0.0044 -0.3353
-0.2316 0.0991 -0.5700
-0.0132 0.1790 0.1149
0.0090 0.0010 -0.0590
-0.4935 -0.8052 0.1403
-0.2873 0.3679 -0.3829
0.0141 -0.3268 0.0152
-0.6046 0.4506 0.0052
0.0967 0.3454 0.3171
-0.0004 -0.0015 -0.0017
-0.0461 0.2187 0.7824
-0.0286 0.0144 0.6737
-0.0339 0.0103 -0.0563
-0.0355 0.0307 0.5596
-0.4633 -0.2119 -0.7865
-0.0472 -0.6021 -0.6266
-0.1903 -0.2152 0.8273
-0.3798 0.0479 0.2080
0.0214 -0.1077 0.0996
-0.0364 0.1537 -0.4323
-0.0056 -0.0008 0.0831
-0.8748 -0.4149 -0.0184
-0.0008 -0.0008 0.0017
0.0313 -0.7234 -0.3588
0.3396 -0.5316 -0.6065
0.0415 -0.0567 0.5359
-0.0155 0.0067 0.1507
0.0768 -0.1420 0.7826
-0.5919 0.7540 -0.2290
-0.0030 0.0115 -0.6261
0.1935 0.1076 0.3020
0.0025 -0.0044 -0.1367
-0.1563 -0.1450 -0.8742
-0.3191 0.3492 -0.7264
-0.5330 0.2051 -0.1918
0.0409 0.0893 0.2036
-0.5041 -0.5085 -0.1969
-0.3818 -0.2175 0.0711
-0.2558 -0.2851 0.6754
-0.0011 0.0025 -0.0244
0.0268 -0.0123 -0.0576
0.0168 0.0254 -0.0578
-0.3451 -0.8235 0.2128
0.7458 0.0031 -0.5368
-0.0674 -0.0136 -0.0205
-0.0893 -0.2335 0.1576
-0.0206 -0.0272 -0.0160
0.1047 -0.1121 0.4852
0.0227 0.1023 0.1246
0.1167 0.5079 -0.1116
-0.9240 0.2253 -0.1217
0.1818 -0.1875 0.5575
0.5064 0.1312 0.0096
-0.7015 -0.3299 0.1373
0.0234 0.2438 -0.6686
0.1937 -0.0362 0.0843
-0.5523 -0.0147 0.1127
0.0830 -0.3161 0.7687
0.1286 0.0431 0.4317
-0.7506 0.5274 -0.2994
0.7022 -0.3932 -0.2760
-0.3076 0.2891 -0.1200
-0.3572 -0.5624 -0.1845
0.0577 -0.1993 -0.0910
0.1224 -0.0218 0.2338
0.2593 -0.4110 -0.0389
0.0011 -0.2122 -0.6220
0.3315 -0.2816 -0.3382
0.3584 -0.1371 -0.7921
0.1578 -0.5195 -0.0748
0.0824 0.3105 -0.4536
0.0944 -0.0122 0.7603
-0.1974 0.0611 0.0508
-0.0071 -0.0070 -0.1182
-0.5653 0.5832 -0.5518
0.1322 -0.4267 -0.2494
0.0927 -0.0350 0.3979
-0.0674 0.0998 -0.3593
0.1408 -0.0893 -0.1401
-0.0965 -0.0017 0.3448
-0.5836 0.2801 0.7491
0.4580 0.5544 -0.2099
0.0600 0.1060 -0.2012
-0.0107 0.0060 -0.0649
-0.0474 -0.1015 0.5646
-0.0658 -0.1172 0.3121
0.1461 -0.2581 0.6033
0.0021 0.0058 0.1263
0.2453 0.1831 -0.2643
-0.2903 0.9131 -0.2822
-0.0126 -0.0153 0.3048
0.5377 0.6169 0.1782
0.1060 -0.2853 0.8482
0.0378 0.0616 -0.0732
-0.0721 -0.2233 0.1464
0.1967 -0.3735 0.6627
-0.1338 0.1411 0.8808
0.0142 0.3017 0.4756
-0.0486 -0.6237 0.2870
-0.0491 0.3165 -0.5843
0.0743 0.0334 0.3222
-0.1654 -0.0057 -0.7320
0.0102 -0.0012 0.0019
-0.7097 0.0309 0.5173
-0.0827 -0.1584 -0.0187
0.2344 -0.2878 0.5246
-0.2930 0.1725 0.0707
-0.2847 -0.1272 -0.3516
-0.0096 -0.0019 0.2192
0.0947 0.4299 0.0163
-0.0578 0.0462 0.0319
0.0122 0.0699 -0.1992
0.0235 0.0071 0.4482
0.0906 0.5818 -0.0479
-0.6416 -0.3297 -0.5320
-0.0109 0.0198 -0.1244
-0.1357 -0.1693 -0.4061
0.1681 -0.2254 -0.6661
-0.6455 -0.3595 -0.5581
0.2477 -0.3321 -0.0529
0.4947 0.1511 0.1737
-0.1672 0.1861 -0.7497
-0.6540 0.3514 -0.1615
0.3117 0.3565 0.6118
-0.0329 -0.0877 -0.0416
-0.0123 0.0332 0.8423
-0.0490 0.5197 0.5330
0.1926 -0.5063 -0.6215
0.2779 -0.1746 0.0933
-0.7983 -0.1316 -0.5396
0.0794 0.2727 -0.6675
0.0612 0.3113 0.5452
0.2876 -0.4791 0.3475
-0.1510 0.2247 -0.2661
0.0147 -0.0229 0.1489
0.0257 0.0652 0.0645
-0.2053 0.5226 -0.2685
-0.5657 -0.0517 0.7649
-0.3192 0.2409 0.3358
0.3054 0.3463 0.1013
0.1261 -0.0787 0.0748
0.2490 0.7058 -0.5016
-0.4235 -0.0646 -0.2450
-0.3893 0.2280 0.0666
-0.0218 0.0053 -0.0341
0.4503 -0.7339 -0.0390
-0.0543 -0.0108 0.4577
-0.2294 0.2012 -0.4577
-0.1104 0.4134 -0.0594
0.0016 -0.0008 0.0770
0.1717 0.1015 0.2544
-0.0073 0.0002 -0.0171
-0.7187 0.5441 0.1403
0.0413 -0.0222 -0.2283
-0.0086 0.0724 -0.0219
-0.4584 -0.0059 0.5107
-0.6038 0.1007 0.3102
-0.5114 0.5504 -0.4639
0.1052 -0.4600 0.1669
0.0529 -0.3716 -0.7734
0.0072 0.2375 0.3628
-0.0049 0.2270 0.8524
0.1258 0.3197 -0.1368
0.2194 0.1600 0.1628
-0.0127 0.0051 0.0120
0.1617 -0.1968 -0.6187
0.0682 -0.1314 -0.5173
-0.2429 0.0402 -0.3546
-0.3552 0.5524 -0.3964
-0.1102 -0.2062 0.4630
0.0602 0.1921 -0.1267
0.6033 0.6528 -0.1126
-0.0126 0.0017 0.3520
-0.1817 0.3755 -0.4423
-0.0059 0.0201 0.1519
-0.0703 -0.2846 -0.1258
0.5306 0.1195 0.4027
-0.2901 0.0817 0.4662
0.1855 0.0655 -0.1476
-0.2794 -0.2641 0.0734
-0.6564 0.0374 0.5151
0.1681 -0.5087 -0.6675
-0.2295 -0.3036 -0.0658
-0.5920 -0.5566 -0.5050
0.0306 0.0197 0.2885
0.0101 -0.0039 0.6315
-0.0285 0.1366 -0.4396
0.0110 0.0138 0.0212
-0.1005 0.0342 -0.7546
-0.1625 0.0411 0.5570
-0.2903 0.1372 0.0738
0.0812 0.1026 0.0552
-0.6338 0.3235 -0.1505
-0.0195 0.1943 -0.7694
0.3618 -0.0631 0.6900
-0.1904 -0.2856 0.6393
0.1194 -0.1231 0.3129
0.2955 -0.6797 -0.4883
0.5116 0.0083 0.0404
-0.0002 0.0011 -0.1725
0.5585 -0.4916 0.0608
-0.0144 -0.0157 0.0707
