0.0281 0.5441
-0.6529 0.5227
0.1288 -0.0878
-0.0046 0.0090
0.5330 0.5682
0.4186 -0.5719
-0.2758 -0.7237
-0.2963 0.0621
0.4058 -0.6338
2.8540 -0.4984
-0.2030 -0.1877
-0.9280 0.1629
-0.1760 0.3607
-0.7720 0.1008
-0.4868 0.0238
-0.0434 0.1092
0.4832 0.1495
0.1891 0.0556
-0.2106 0.4981
-0.0871 -0.2711
0.0127 0.0359
-0.4153 0.6944
0.0407 -0.5895
0.5988 -0.6860
0.2781 0.2818
0.0293 -0.9063
0.4744 0.0217
0.0193 -0.0739
0.3319 0.2720
0.2032 -0.2822
-0.1865 0.4332
-0.4070 -0.0663
0.3542 0.2176
-0.0095 0.4644
-0.0513 -0.5536
0.8262 0.4083
0.0037 -0.3721
-0.7578 0.5061
-0.1386 0.0716
-0.0556 0.8895
-0.2352 0.4183
3.4637 -0.7194
-0.4157 -0.2209
0.1266 -0.0191
-0.3000 -0.4410
0.1054 0.0215
0.0716 0.4957
-0.0057 -0.0125
0.0683 -0.0392
0.0817 0.6218
0.4848 -0.0248
-0.6975 0.0887
-0.4450 0.0234
-0.2376 0.5941
-0.4013 0.0303
-0.0505 0.1133
-0.5003 0.9746
0.0746 0.0004
-0.0081 -0.6405
0.8534 0.0868
-0.1599 -0.1122
-0.7083 0.5002
0.0637 -0.9124
0.0083 -0.1633
-1.1747 0.0764
-0.0200 0.3172
0.0259 -0.1357
0.1368 -0.0134
0.7195 -0.1363
-0.8806 1.4105
0.0994 0.6642
2.8426 -1.7664
0.0719 -0.0100
-0.5719 0.7080
-0.1107 0.1131
-0.0045 -0.2763
0.0885 0.7844
-0.3692 -0.4547
1.6660 0.3809
0.2565 -0.4214
-0.6496 0.5018
-0.0012 -0.0001
0.6019 -0.5643
0.1751 0.0490
0.5584 0.6209
0.0502 -0.1798
0.0030 -0.0018
0.7772 -0.3368
0.2024 -0.3745
0.4285 -0.5373
0.1083 -0.1417
-0.1258 0.3011
-0.1204 -0.1013
-0.0937 0.4934
0.0093 0.3272
-0.1088 -0.1021
-0.9881 -0.0088
-0.1751 -0.3207
0.3071 0.5899
0.5373 -0.0969
0.1088 0.2317
0.6436 0.5771
-0.1996 -0.0807
0.2661 0.0990
-0.2057 0.0679
-0.1672 -0.0562
-0.6718 0.5116
0.6247 -0.5431
0.4288 -0.0461
0.4621 -0.2907
0.3417 0.1414
-0.8703 -0.3389
1.2127 1.0841
-0.0894 0.0714
1.7016 -1.0703
0.1530 0.2426
-0.1502 -0.2713
0.2410 0.5629
-0.1588 -0.1145
0.2409 0.2393
-0.9032 -0.1257
-0.6655 -0.0007
-0.9880 -0.1317
0.6368 0.4177
0.6754 -0.5199
-2.1830 -2.2810
0.1527 -0.6351
-0.5020 -0.1833
0.2330 -0.6156
0.2402 -0.5032
-0.1656 2.4035
-0.6387 -0.7591
-0.4416 -0.8770
-0.0655 -3.6638
-0.8456 0.4208
0.0018 0.0017
0.0198 0.1084
-0.8944 -0.3849
-0.0971 0.1173
-0.6385 0.4702
0.0846 -0.3308
0.0280 -0.2292
0.0921 -0.0926
-0.0399 0.8021
-1.2734 0.5890
0.6999 0.1308
-0.5696 0.7254
0.7541 -0.4647
0.6473 0.4037
1.9793 -0.1475
-0.4219 0.2623
0.0328 0.0052
0.3332 -0.1291
-0.5264 0.7669
0.1257 -1.1594
-0.3095 0.7980
0.4785 0.3570
-0.3075 -0.3949
-0.0824 0.0519
-0.2636 -0.4478
-0.5247 0.7400
-0.2519 0.1825
-3.1997 0.8303
-0.7085 -0.1795
-0.2363 -0.0475
0.0504 -0.0959
0.1335 -0.1401
-0.5277 -0.0893
-0.5559 -0.7048
-0.5082 -0.0281
-0.1723 0.8186
-0.2718 0.2501
0.0308 0.0343
0.6316 -0.6537
0.0782 -0.5925
0.2820 0.2217
-3.1104 0.2162
0.1127 0.7122
0.0397 -0.0046
0.4790 0.5208
0.0676 -0.2685
-0.1319 -0.4485
-0.1050 0.6141
0.2219 -0.9717
1.4165 -0.8214
-0.3123 -0.0612
0.1676 -0.2093
-0.5399 0.1906
0.6456 -0.3567
-0.2555 -0.3582
0.1211 -0.1230
0.0088 0.1823
-0.3031 -0.2547
-0.0567 0.5178
0.0176 0.1579
-0.4100 -0.6381
-0.2952 0.5214
-3.1378 -0.0164
0.1865 -0.5403
0.8916 -0.2943
0.0233 0.1493
-0.5760 -0.7850
0.0212 -0.0572
0.4104 -0.2566
0.1914 -0.0653
-0.8375 -0.2197
0.1420 -0.7947
0.2816 -0.7909
-0.1889 0.1224
-0.0077 0.0813
0.4009 0.8725
0.3704 0.6353
-0.1230 -0.4737
0.1784 -0.9156
-0.4825 0.2855
-0.1043 -0.0892
0.3251 0.2190
-0.0967 0.7395
0.1568 0.0132
0.2219 0.7529
-0.9298 -0.0901
-0.1125 -0.4106
0.0117 -0.2577
0.1734 -0.1382
3.0794 1.7792
0.3698 0.0804
-0.0360 0.0640
-0.4344 -0.8868
0.2210 0.3422
-0.2650 -0.1546
-2.3016 -0.1877
-0.0255 0.3432
-0.0056 -0.0051
0.2582 -0.9104
-0.1534 -0.5664
-0.5410 -0.2166
-0.0821 -0.8092
0.0352 0.4437
-0.4229 -0.1300
-0.0959 0.3655
-0.1865 -0.6021
0.2615 -0.1374
-2.1748 -1.7210
0.1729 -0.3281
-0.1308 0.3621
-1.2690 -0.6708
-0.8092 -0.4998
0.5818 -0.5642
-0.1193 -0.0701
-0.0605 -0.4511
-0.0273 0.0022
0.4297 0.0089
0.8034 -0.3741
0.0530 -0.6370
0.0039 -0.0736
-0.2223 -0.2719
-0.4518 0.8574
-0.0714 -0.5765
0.6579 -0.5652
0.1998 0.2574
-0.1700 0.2933
-1.0821 0.1215
-0.6351 -0.1427
-0.2466 1.8766
-0.4254 0.5875
-0.6685 -0.0082
-0.3245 0.5178
-0.0415 -0.0041
0.1445 0.6989
0.3435 -0.3227
0.1660 -0.7482
0.8688 -0.1824
-0.1953 0.3193
0.2376 0.2875
-0.0482 0.3251
-1.9755 3.0222
0.3668 -0.3681
0.4777 -0.2802
0.4092 -0.8901
0.3524 -0.0926
-2.3589 1.4065
0.6725 0.4636
-0.1217 0.8517
0.5496 0.5403
0.5966 0.4189
0.0034 0.0168
-0.1974 0.0874
0.4829 -0.4394
-0.0390 -0.3255
-0.3118 0.5605
0.2771 0.7229
0.3915 0.6775
-0.7867 1.5828
-0.0391 0.4770
-0.1076 -0.4399
0.3725 0.5686
0.2617 -0.3463
0.2375 0.1508
-0.1065 -0.2992
-0.5567 0.2356
0.4382 0.2889
0.3488 -0.0337
0.5818 -0.0013
0.0329 -0.2820
0.8781 0.0422
0.2218 -0.2416
0.0095 0.0129
0.0008 0.0017
0.2178 0.2252
0.2920 -0.4885
0.4060 0.2551
0.0023 0.0873
0.0369 0.0577
0.0707 0.1415
-1.2875 -0.9110
2.0823 -2.6988
0.6801 0.4563
0.2203 -0.4951
-0.0296 0.9362
0.3014 0.1450
0.0009 -0.0078
-0.1777 -0.1659
0.1566 -0.8907
-0.0874 -0.2646
0.6285 -0.7311
-0.1508 -0.0191
-0.4188 -0.0346
0.0876 -0.0902
-0.4121 -0.9305
0.4818 0.4166
-0.4194 0.1367
-0.2604 -0.2432
0.0592 -0.1199
-0.6365 0.2447
0.3964 0.5894
-0.3353 -0.4634
0.0238 -0.0050
0.0050 0.0007
0.1601 0.7830
0.0992 0.6610
0.1813 0.0955
-0.2699 0.0903
0.6904 -0.0165
0.6396 2.3650
0.3698 -0.9032
-0.0348 -0.1064
-0.2144 -0.6332
-0.2539 0.3464
-0.4677 0.1981
-0.6778 0.1881
-0.7469 1.2697
-0.1457 -0.1443
0.0025 0.0041
-0.0692 -0.0464
-0.3977 0.2400
-0.5161 -0.2421
0.7917 0.4833
-0.0675 0.4706
0.4410 0.3403
-0.0953 -0.9083
-0.4011 -0.6347
-0.0674 -0.6505
-0.2640 -0.6144
0.2089 0.4135
-0.0750 0.2842
-0.4134 -3.4030
-0.1823 0.4977
0.0316 0.0096
0.0106 0.1546
0.2683 -0.1884
0.1278 -0.3169
0.0203 -0.5909
-0.9112 0.2015
0.0047 0.2683
-0.7205 0.1624
-0.6569 -0.3658
0.5808 -0.7746
-0.7816 -0.1894
-0.1741 -0.3304
3.0267 -2.0807
2.2041 -0.5072
-0.0021 -0.0016
0.0259 0.5179
0.6239 -0.1564
1.9853 1.1198
-0.5396 0.2652
-0.5338 -0.1707
-2.4997 -2.2174
-2.1997 -2.7035
0.0007 0.0031
-0.6694 -0.0838
0.0184 0.1408
0.3080 -0.2907
1.6953 -1.4795
0.4319 -0.1439
-0.7843 -0.2150
0.0819 -0.1756
0.4933 -0.5233
-0.4106 0.1563
0.7321 1.0439
0.2087 -0.2012
-3.2543 -1.3375
0.0084 -0.0766
-0.5517 -0.0530
-0.6760 0.5866
0.4813 -0.0054
-0.4118 0.0869
-0.2283 0.1664
0.1138 0.6594
-0.0943 -0.0904
0.3557 -0.7217
0.0630 0.0391
-0.6732 -0.6299
0.0490 0.0753
0.7055 -0.4026
0.5146 -0.5810
0.0299 0.7036
-0.3897 -0.1401
-0.2308 0.5367
0.3345 0.8766
-0.0589 -0.0146
-0.0726 -0.3390
-0.0501 -0.1988
-0.2033 -0.2733
0.2997 0.1417
0.0969 0.2186
-0.7219 0.2062
-0.4657 -0.2362
-0.2754 -0.5686
0.0115 0.1117
-0.1456 0.3958
-0.3914 0.0349
-0.2096 0.4795
-3.5666 -0.8956
-0.0080 0.0016
0.7198 0.6732
-2.2442 1.3004
2.5314 -2.4900
-0.6323 -0.5049
-0.3385 -0.2908
0.3218 -0.5246
0.1483 0.3537
-0.1421 -0.2264
-0.3588 0.2517
0.7457 0.7142
-0.0027 -0.7738
-0.1128 -0.1304
0.2298 -0.1516
-0.0747 -0.4175
0.1039 -0.0135
-0.9586 0.2286
-0.1486 -0.4208
-0.2346 -0.6213
0.1694 0.0328
-0.1891 0.5431
0.0483 -0.0495
-0.0176 -0.5883
0.2488 0.0320
-0.0214 -0.6411
0.0453 -0.4891
-0.3390 -0.3298
0.3862 -0.8570
0.3638 0.7107
-0.5444 0.6626
0.4224 0.7198
0.0436 0.2789
-0.1059 0.0890
0.3476 0.1872
0.4095 0.0208
-0.3680 -0.1216
-0.6289 0.2353
-0.4563 0.1991
0.0743 0.1106
-0.9198 -0.3466
-0.4301 -0.4656
0.5619 -1.1708
0.0482 -0.0097
-0.0943 -0.5202
0.0361 0.0470
0.2886 -0.0744
-0.5020 -0.2637
0.3909 0.4766
-0.0115 -0.0256
0.7276 0.3851
0.3086 -0.0386
-0.1670 -0.4566
1.7760 1.1449
-0.4536 0.3410
0.1853 0.1470
0.1205 0.0677
0.9929 0.1881
0.0526 -0.0866
-1.4207 0.0801
-0.1609 -0.0574
0.4065 0.1235
-0.8166 -0.4822
0.1057 -0.6934
-0.1044 0.5372
-0.8986 -0.3129
0.9293 -0.3124
