-0.0905 -0.4323 -0.2936
0.6251 0.2281 -0.1428
0.1661 -0.1095 0.1078
-0.3080 -0.4845 0.7520
-0.7697 -0.2855 -0.1213
-0.1239 -0.3805 -0.7474
0.0425 -0.0759 -0.0745
-0.6614 0.0201 -0.2581
-0.0919 -0.1304 -0.1437
0.0978 -0.0835 0.6063
0.4734 -0.4489 0.0217
0.2560 0.4756 -0.4402
0.0167 0.0128 -0.1760
0.1423 0.7116 0.2496
-0.0352 -0.5957 0.2573
-0.1819 -0.0098 0.3592
0.6210 0.1291 0.7143
-0.2046 0.1987 -0.2729
0.4195 -0.1351 -0.5247
-0.0855 0.0954 -0.6131
0.0323 -0.2552 -0.0540
0.0031 -0.0107 -0.0053
-0.2450 -0.1338 -0.6928
-0.3269 0.7686 -0.2891
-0.0194 -0.0498 0.4311
-0.1312 -0.2122 0.3931
0.1189 -0.5570 0.4625
-0.1945 -0.1206 -0.3162
-0.2653 0.5382 -0.9172
0.2416 -0.1649 -0.8993
0.3374 -0.4569 -0.0303
-0.1491 -0.1437 -0.4011
-0.1040 -0.0204 0.5021
0.1029 0.5370 -0.2954
-0.0611 -0.0676 -0.0316
0.0767 -0.1480 -0.0545
-0.1058 0.0427 -0.0949
-0.0121 0.0287 -0.0376
-0.0427 -0.0078 0.2733
-0.1067 -0.0318 -0.0119
0.3416 0.1188 0.2099
0.0086 -0.0045 0.0007
-0.0004 -0.0196 0.1057
0.2120 -0.1677 0.0314
-0.1134 0.2919 0.4697
-0.7291 -0.0777 -0.3145
0.0094 -0.0342 0.0929
-0.0034 -0.0041 0.2174
0.0264 0.4996 -1.3489
-0.5631 -0.3927 -0.0388
