-0.2120 -0.0071
0.2592 -0.3718
-0.4628 0.1477
-0.5341 -0.2025
0.3764 0.2000
0.1382 0.0047
-0.0365 0.4145
0.1534 0.2953
0.4772 -0.1168
0.2110 -0.1806
-0.4324 -0.6878
0.2046 -0.3611
-0.3967 -0.4792
1.7154 -1.3349
-0.0343 -0.0535
-0.0317 0.0872
0.1407 -0.1971
-0.0438 0.4121
0.0957 -0.2333
-0.0752 -0.2697
-0.1503 -0.3746
-0.2631 -0.0944
0.0161 -0.6306
0.1161 -0.1085
0.9246 0.2275
0.3791 0.1353
-0.2500 -0.7525
-0.1632 0.0145
0.3083 -0.2813
0.0312 -0.5237
0.4398 0.7597
-0.6454 -0.5450
0.3769 0.1204
-0.0876 -0.6798
0.1140 -0.0048
0.0949 -0.1251
0.0617 -0.8508
0.5925 0.5395
0.5459 -0.0132
0.8047 0.4754
-0.0701 0.2097
0.0713 -0.2575
-0.0830 0.5452
-0.3647 -0.3241
1.9287 0.0226
0.4613 -0.4867
0.2892 -0.6205
-0.1553 0.1720
-0.2750 0.0766
0.0425 0.4749
