0.1228 0.0393 0.0296
0.4554 0.0737 -0.5468
-0.0077 -0.0881 0.1286
0.2453 -0.0192 0.2210
-0.1221 0.0067 0.9877
0.2579 -0.3161 -0.2318
0.2302 0.0374 0.4922
-0.1055 0.0601 -0.8758
0.1092 -0.4379 0.3598
-0.0960 -0.1711 0.2623
0.0065 0.0063 -0.2083
-0.1487 -0.2858 0.7463
0.3850 -0.3190 0.4342
0.1466 -0.0496 -0.8356
0.0645 0.0035 -0.0063
-0.3288 -0.0338 0.3314
0.1191 0.0694 0.5797
0.1208 0.8437 -0.0391
-0.0100 -0.0161 -0.1579
0.3769 0.5079 0.3952
-0.5246 -0.0737 0.4642
-0.3150 0.1467 -0.1580
0.1208 -0.1785 -0.0764
-0.0908 -0.0031 0.0147
-0.3277 0.2624 0.1147
0.0410 0.2363 -0.0724
-0.1367 -0.1051 0.6126
-0.0061 0.3777 -0.4294
-0.0011 -0.0100 0.0056
-0.3551 -0.2263 -0.4811
-0.0090 0.0342 -0.1960
0.1356 0.0715 -0.5202
0.4191 0.7435 0.0435
-0.6873 0.1235 -0.6660
-0.2059 -0.2424 0.0306
-0.2828 0.1907 -0.2179
-0.0915 0.0665 -0.1392
-0.1252 0.0639 0.6160
0.0349 -0.0815 0.0806
-0.0432 0.1254 -0.0407
