-0.4586 0.1647
-0.3819 -0.2505
-0.0045 0.1524
0.4826 0.0777
0.3881 0.4170
0.1366 -0.4587
0.1528 -0.2344
0.1617 0.8373
-0.0387 -0.2016
0.2601 -0.7683
0.2072 -0.8820
0.0981 0.0320
0.8304 -0.1090
0.1367 0.1261
-0.5733 0.2571
-0.5433 -0.5197
0.7471 0.4884
-0.6429 0.7575
0.1018 -0.0202
0.0063 -0.9976
0.0303 -0.4107
0.1859 0.0324
0.0820 0.0923
0.2198 -0.1723
-0.3803 -0.9044
0.3596 0.3712
-0.0890 0.1682
0.3359 -0.2636
-0.6109 0.4554
-0.1887 0.1126
-0.6334 0.7637
0.0972 -0.9144
0.6663 0.4515
-0.2181 0.2948
-0.9393 0.3412
-0.7016 -0.5254
-0.0668 -0.0467
0.0076 -0.4430
0.4402 0.5088
-0.3387 -0.1891
0.6343 0.2742
-0.1247 0.3042
-0.8514 -0.4131
-0.0089 -0.0062
-0.2891 0.2006
0.2497 -0.9522
-0.0249 0.2570
-0.0133 0.2602
0.0673 -0.0380
0.1347 0.0956
0.6712 -0.5202
-0.3013 -0.0314
-0.0104 -0.4215
-0.5110 -0.5149
-0.7175 -0.4973
0.0081 -0.1058
0.1897 -0.3304
0.3831 0.3842
0.3221 -0.7365
-0.0615 0.0545
0.1684 0.3677
0.1277 0.6267
0.5285 0.0626
0.1397 -0.0037
0.3843 0.5982
0.0564 0.0723
-0.7750 0.1559
0.0658 -0.1157
-0.6988 -0.2061
-0.4352 0.2779
0.5314 -0.2307
-0.0175 -0.2082
0.4463 0.1906
-0.0788 0.5057
0.3751 0.0622
-0.8124 -0.1698
0.2084 -0.5311
-0.0893 -0.1292
-0.9381 0.0439
0.5118 0.0521
-0.2621 0.2145
-0.0052 -0.0168
-0.0527 0.2547
-0.1045 0.2651
0.3920 -0.3089
0.0677 0.3469
0.0160 0.0058
-0.7012 0.6834
0.7446 0.2996
-0.5096 0.0763
-0.0536 0.2505
0.0280 0.0179
-0.2956 -0.8088
-0.6396 0.0540
-0.1915 0.5889
-0.1652 0.0527
0.2481 0.2899
-0.0245 0.1805
0.0881 -0.6294
0.2282 -0.3215
3.2982 0.2583
4.3123 0.2294
4.1348 0.8344
3.3108 0.5011
3.6254 -0.4766
4.0095 0.1884
4.4016 -0.3492
4.9140 -0.0851
3.9300 0.0539
4.2915 0.2878
3.1902 0.0622
4.7314 -0.6281
3.9519 -0.4606
4.3642 -0.7313
3.4706 -0.4009
3.6673 -0.1360
4.0356 0.1447
4.2448 -0.4347
4.6951 0.0744
4.6098 -0.1370
4.2510 0.8216
3.8600 -0.4387
3.6076 -0.8596
3.7950 -0.1998
3.9690 -0.1446
4.7017 -0.2538
4.0780 0.1288
3.5136 0.7877
3.8568 -0.0764
4.8893 0.0922
3.7767 -0.8114
3.9187 0.5534
3.2515 0.1796
4.2312 -0.5956
4.3085 -0.8003
4.3163 0.2962
4.7262 0.3103
3.5522 -0.6205
3.6798 0.0864
3.9778 0.0374
3.4362 -0.0358
4.1572 0.1208
3.8895 -0.4856
3.9655 -0.1003
4.6059 -0.0165
3.7290 0.6361
4.4143 -0.7221
4.9523 -0.1082
3.9979 0.0024
4.6160 0.0839
4.4020 -0.7159
4.1475 -0.1573
3.9154 -0.4300
3.9421 -0.0021
3.9955 -0.4522
3.6622 -0.8673
4.0671 -0.2528
3.3089 0.2702
3.9493 0.7725
4.5026 0.7624
3.5540 0.5010
3.2054 0.2074
4.2309 -0.0712
3.9359 0.3574
4.1665 -0.4727
4.0120 -0.0121
3.0839 0.2274
3.9865 -0.4413
3.5861 -0.1265
4.1536 0.5721
4.3301 -0.6085
4.0468 0.7999
4.5228 0.3148
3.9427 0.0397
4.2384 0.5060
4.3694 0.2200
3.1830 0.1841
4.0203 0.0256
3.5085 -0.1307
3.8531 0.8105
3.7904 0.6321
4.1765 -0.0359
4.0521 0.0050
4.0226 0.0316
4.1266 -0.1916
3.4489 0.0031
4.0874 -0.4467
3.6943 -0.1380
4.2331 0.2408
3.1278 0.2955
4.0448 -0.0581
4.5933 0.4282
4.6512 -0.3983
4.3649 -0.2849
3.9037 0.0777
4.2869 0.1211
4.0937 0.7925
4.2163 -0.5163
4.1906 -0.4862
4.6759 0.1611
