-0.4471 0.3018 -0.1637
0.0364 -0.2203 0.6313
0.0786 0.2542 0.5412
0.0237 0.0029 0.0136
-0.4254 -0.0555 -0.0964
0.0693 -0.0055 0.0816
0.4939 0.3873 -0.1341
-0.1297 0.0716 -0.4425
-0.3348 0.8589 0.3405
0.0182 -0.0194 0.2332
-0.1807 0.6981 0.1287
0.0568 -0.1563 0.3380
0.0206 -0.0467 -0.1182
-0.0782 -0.1562 -0.0964
-0.2221 -0.1349 -0.0417
0.0001 -0.0000 0.2754
-0.4048 0.2707 -0.4549
-0.2286 0.0327 0.4668
-0.3703 -0.2338 0.7913
-0.0204 0.0355 0.1000
-0.0815 0.0323 -0.2191
0.0248 0.0134 -0.1551
0.1217 -0.0680 0.0499
-0.0084 0.0841 0.5760
0.0505 0.0482 -0.0543
-0.0354 -0.0617 -0.6927
0.9407 0.7929 1.0737
0.5576 -0.0735 -0.6597
-3.8774 -0.0242 -1.2240
-0.4460 -0.1029 -0.4859
-0.2410 0.3460 -0.0373
0.0101 0.0086 0.1579
0.1335 -0.0349 -0.7754
-0.1926 -0.8785 0.1954
0.8728 -0.2786 0.5976
-0.0320 -0.3117 -0.0361
0.0363 0.2163 0.5173
-0.0666 -0.1137 -0.1545
-0.2056 -0.1967 -0.2573
-0.3176 0.1381 -0.7560
-0.1969 0.1498 0.1352
-0.2977 0.0008 0.1944
-0.0167 0.0223 0.6351
-0.1165 0.5316 0.0920
-0.0208 0.0126 -0.0058
-0.1937 -0.1403 0.1238
-0.0625 -0.0729 -0.2466
0.0103 -0.1057 0.1159
0.4770 0.4175 -0.1400
0.5936 -0.0407 -0.5047
-0.0181 0.0393 -0.2018
-0.3365 0.5001 -0.0415
0.2469 -0.1512 -0.1958
0.0804 -0.0084 -0.9728
-0.6281 -0.7077 0.0856
0.0989 0.0952 -0.5489
-0.0374 0.0744 -0.3275
0.1517 0.1438 -0.3512
0.3342 -1.7019 0.3419
-0.2786 -0.2183 0.5236
-0.3962 0.3909 -0.1621
0.3685 -0.2702 -0.0217
-0.2648 0.2925 0.5630
0.0016 -0.0065 -0.1262
-0.0290 0.0058 0.1541
0.0385 -0.0066 0.0103
0.0742 0.1112 -0.1694
-0.3882 -0.6928 -0.6060
0.0217 -0.0392 0.4775
0.1634 0.2004 0.0243
-0.3944 0.1638 -0.7380
0.4560 0.0504 -0.6713
0.1359 -0.0204 -0.4208
0.4529 0.0176 -0.0108
-0.0529 0.9510 0.1157
-0.1556 0.3238 -0.3781
-0.0027 -0.0311 -0.1001
-1.9274 -0.0102 -0.4514
-0.0163 -0.3162 0.6305
0.0292 -0.5170 -0.3240
-0.1261 -0.0811 0.7290
-0.0804 0.0705 -0.0707
0.0723 0.0799 -0.0040
0.0034 -0.0095 -0.0598
-0.0268 0.0557 -0.5469
-0.2751 -0.0722 -0.1430
2.0898 2.9633 1.0432
-0.5353 1.8411 1.4924
-0.3603 -0.4233 -0.7695
-0.1410 0.1013 -0.3959
0.0728 -0.0135 0.1662
-0.2722 -0.1058 0.4561
-0.5369 0.1563 -0.3349
-0.0057 0.1271 0.5000
0.0127 0.0120 -0.1026
0.0744 -0.1940 0.0799
-1.0507 -2.5868 0.8388
0.1204 -0.1643 0.2228
-0.2986 -0.3149 0.0033
0.9885 0.2804 1.3574
-0.1383 0.0276 -0.0285
-0.0431 0.0354 0.1597
0.2117 -0.1845 -0.1592
0.5243 -0.0853 -0.1269
0.7221 -0.3454 0.3085
0.1514 -0.9496 0.0258
0.0038 0.0097 0.3472
0.0416 -0.0247 0.0380
-0.0259 -0.0010 -0.0608
-0.0163 -0.3918 -0.2664
0.0976 0.0813 0.0079
0.0011 -0.0043 -0.1189
-0.1645 0.2488 -0.0641
-0.0015 0.0025 0.1693
-0.0023 0.0034 0.1109
0.3627 0.0313 -0.3097
-0.3914 0.4652 0.5648
0.0130 0.0541 -0.0075
-0.1731 -0.0350 0.2143
-0.0016 -0.0460 -0.3184
-0.0450 0.1762 0.3074
0.5065 0.7085 0.0704
0.0933 -0.1241 -0.9268
0.2007 0.1383 -0.2426
-0.0315 -0.0344 -0.0338
-0.1403 0.1592 3.7069
0.3318 -0.3110 0.8704
-0.0601 0.1145 0.0746
0.2554 0.0872 0.3813
0.2028 -0.1867 -0.8258
-0.4310 -0.1321 -0.0105
0.1712 0.2574 0.0789
-0.0323 0.0092 -0.1131
-0.1028 -0.0047 0.6781
-0.0352 -0.0262 -0.1233
-0.0893 0.0601 0.1167
0.6636 0.1849 -0.2269
-0.1908 0.3211 0.7209
-0.1569 0.0099 -0.3332
-0.1038 0.0484 0.5573
-0.0130 -0.0014 0.1122
-0.3881 -0.1228 -0.1645
-0.2735 0.5655 0.5562
0.3304 0.1537 -0.5077
0.4145 0.8425 -0.3402
-0.0398 -0.3801 -0.7027
0.0097 -0.0025 -0.0086
-0.2290 -0.1022 -0.6417
-0.0136 -0.3595 0.7646
-0.0339 0.0086 -0.1886
-0.1705 -0.3297 0.7772
0.0375 0.0158 0.7900
0.0014 0.1186 -0.0337
0.0235 0.0122 0.0291
-0.4356 -0.0315 0.7586
0.1013 0.1245 -0.1457
0.0730 0.1089 -0.0878
0.0398 0.8049 -0.3786
-0.0321 0.0368 0.2714
-0.0061 -0.2565 0.2101
0.2136 -0.6905 -0.2200
0.0036 -0.0108 0.4851
-0.5709 0.0913 0.3084
0.2865 -0.1195 0.1534
0.0502 0.2011 -0.4311
0.2258 -0.0723 -0.9282
-0.6176 0.6007 -0.2470
0.0978 0.0844 -0.7704
-0.2698 0.0153 -0.5282
-0.1422 -0.0848 0.3132
0.2836 -0.6080 -0.4094
-0.4662 0.2549 -0.3805
-0.1928 0.4021 -0.7331
-0.0242 0.2770 0.6759
-0.0189 0.5483 -0.1876
-0.0457 -0.0493 -0.1963
0.0058 0.0019 -0.0112
-0.1266 -0.3145 -0.2244
-0.0987 -0.0652 -0.6459
0.0006 0.0007 -0.0008
-0.0936 -0.0606 0.8321
-0.0249 -0.0245 -0.0223
0.0012 -0.0006 -0.0024
0.3188 -0.0884 -0.6173
0.1316 0.1374 -0.2404
0.0930 0.0073 0.4762
0.0154 -0.0077 -0.7686
-0.1167 -0.0419 -0.0861
-0.1189 -0.1439 0.2221
0.5120 -0.0393 -0.0171
0.4149 -0.7251 0.4353
-0.1884 0.4820 0.7366
0.0015 0.2115 0.3288
-0.2218 0.2305 -0.7858
0.2574 0.2891 -0.1833
-0.1692 -0.2228 -0.3676
-0.3832 -0.1230 -0.0130
-0.5109 0.1429 -0.4911
-0.3358 -0.2541 0.7689
0.7001 -0.3263 0.6324
0.0729 0.1497 1.4888
-0.0122 0.0080 0.1274
0.2016 -0.1486 -0.2680
0.0362 -0.0130 -0.0333
-0.3860 -1.9703 2.9559
0.2818 0.5525 0.7487
-0.0256 0.0072 0.9908
0.2110 0.5143 0.3135
0.2145 0.0914 -0.3103
-0.1316 -0.1361 -0.2949
-0.1290 0.2542 0.3346
-0.0010 0.0048 -0.0510
-0.6630 0.5021 0.0412
-0.0024 0.0062 0.0085
-0.2597 0.2402 0.2899
0.2246 -0.3389 -0.0993
-0.1469 -0.0792 -0.0487
-0.1595 0.5897 0.7115
-0.0122 0.0221 0.6949
0.3854 -0.1903 -0.6495
0.1569 -0.4524 0.7030
-0.6463 -0.2637 0.1252
-0.0083 -0.6422 0.1096
0.2154 -0.1566 -0.0749
-0.0194 -0.1000 -0.0077
-0.1428 -0.8970 0.2646
0.2745 -0.3996 -0.4328
-0.2870 -0.0756 -0.7533
0.3419 0.1297 -0.0238
-0.6809 0.3820 -0.5324
-0.3038 0.7284 -0.2082
-0.0100 0.1115 0.1741
0.1073 -0.0915 0.0126
-0.0006 0.0021 0.0050
0.0175 -0.4603 0.5734
-0.7811 -0.6202 0.0006
0.0831 0.0615 0.1981
0.1467 0.1705 0.3812
-0.6028 -0.3875 0.5079
-0.1125 0.0893 0.0327
0.2290 -0.0896 -0.1425
-0.0386 -0.0049 -0.4243
-0.3613 0.2456 -0.0001
-0.0029 -0.0029 0.0042
0.0220 -0.0170 -0.0162
0.0460 0.0488 0.4020
0.4386 -0.4918 0.2984
-0.0988 0.0806 0.0452
0.0799 -0.8707 0.5791
-0.0851 -0.0234 -0.2577
-0.0339 0.0640 0.0838
-0.2795 -0.6625 0.3644
-0.1647 -0.0531 -0.1515
0.3950 0.4654 -0.3377
0.1034 -0.0005 -0.0714
-0.1156 -0.1635 0.1912
0.1141 -0.0707 0.4287
0.0200 0.7273 -0.2342
0.5806 0.2856 -0.3698
0.4294 0.2682 -0.6457
-0.6776 0.1172 -0.1710
0.0303 -0.1905 -0.7955
-0.6142 -0.1559 -0.5875
-0.0748 0.1201 -0.3201
0.2238 0.5420 -0.0045
-0.6178 0.4565 0.2232
0.0011 -0.0078 0.0119
0.1958 0.2970 0.6020
0.1392 0.0267 -0.0200
-0.2749 0.0975 -0.1373
-0.2693 -0.4414 0.5114
0.1964 -0.0538 -0.3823
-0.5461 -0.6371 0.0889
-0.0107 0.3258 -0.2583
-0.2173 0.2450 0.7136
0.1803 0.1905 0.0165
0.2164 -2.0558 1.8011
0.4778 -0.1324 -0.1282
-0.4595 -0.0549 0.0877
0.4273 0.7026 0.0526
0.0959 -0.1106 -0.6187
0.2173 0.0477 -0.0316
-0.2064 -0.8909 -1.4094
0.2432 -0.2333 -0.0330
-0.0166 0.1648 -0.0300
-0.0079 0.1645 -0.3426
-0.0787 0.0085 0.0344
0.0193 -0.2348 -0.1459
0.7967 -0.1839 0.2175
0.8473 -0.2090 0.0984
-0.0010 0.5099 -0.1033
-0.0972 -0.5113 -0.4438
-0.3502 -0.5278 0.0061
-0.0878 -0.6795 0.5833
0.1982 0.1916 0.2820
0.2882 -0.2835 0.7338
0.2120 0.0713 -0.2859
0.1219 0.0616 -0.2478
0.2244 -0.3131 -0.3580
2.8089 -1.2804 0.0002
-0.0007 0.0016 -0.0005
0.1970 0.3715 -0.3762
0.0749 -0.0767 0.5635
-0.8756 -0.1061 -0.3854
-0.0180 -0.3091 -0.2739
0.3683 0.3494 0.1625
-0.7517 -0.0737 0.1882
0.0044 0.0976 0.0158
-0.5234 -0.0876 0.0069
0.0670 0.3669 0.4685
-0.0685 0.2338 -0.3719
-0.3255 -0.0665 -0.6871
0.1815 0.0795 0.8230
0.0450 -0.8535 0.1918
0.0740 0.0304 -0.0728
0.7762 -0.1388 -0.0751
0.5430 0.4925 0.2366
-0.6630 -0.0199 -0.6508
-0.0824 0.0692 0.1321
0.0095 0.0077 0.0173
-0.1702 -0.9009 0.2161
0.1607 -0.0268 0.7117
-0.4222 0.1776 0.6076
0.4481 -0.1478 -0.0902
-0.8536 0.3145 0.1388
-0.0073 0.3106 0.4976
-0.0786 0.0526 0.0058
0.0063 -0.0017 0.0257
0.0095 -0.0227 0.0163
-0.1480 0.3337 0.8446
-0.0934 0.0156 -0.3588
-0.2668 0.3041 -0.6414
0.4343 0.1910 0.0235
-0.3177 0.1354 -0.1986
0.1840 -0.2170 -0.0642
0.0557 -0.2101 0.6940
0.3282 -0.3531 -0.3953
-0.2529 -0.0420 -0.9472
0.0635 0.0449 -0.6027
0.0117 0.0288 0.1618
-0.0089 0.1258 -0.5424
0.2077 -0.0127 0.0922
-0.2595 -0.2026 -0.3838
0.0630 0.0617 0.2840
-0.0882 -0.0131 0.7594
-0.0390 -0.5127 0.0600
2.0386 -2.6945 0.1697
0.3503 -0.0920 0.5962
-0.7070 -2.5408 -0.5485
0.1880 -0.5804 0.1540
-0.2597 -0.6057 -0.6377
-0.0802 -0.0354 -0.2920
-0.6759 0.6155 -0.0362
0.1674 -0.6985 0.1469
-0.3996 0.5604 0.5221
-0.0190 -0.1395 -0.1220
-0.1469 0.0401 0.3016
0.6880 -0.2205 -0.6159
0.0872 -0.0937 -0.3356
0.4648 -0.3233 -0.5835
0.4626 -0.6723 -0.0515
-0.1917 -0.0786 -0.5232
0.0775 -0.0110 0.4863
-0.0266 0.6797 -0.5712
-0.7503 -0.2851 -0.3320
-0.0332 -0.3815 -0.6988
-0.0355 -0.0454 -0.0595
0.3718 -0.2425 -0.5101
0.0100 -0.0033 0.9685
-0.2893 0.2127 0.2174
-0.6720 -0.3965 0.3076
-0.5475 -0.5189 -0.0363
0.1045 -0.0773 -0.9014
0.2524 0.0703 0.6825
-0.1882 -0.0003 -0.1410
0.1968 0.0143 0.4718
0.2307 0.0549 0.3283
0.0038 0.0084 0.0375
0.1170 0.3044 0.3175
0.1329 -0.0001 -0.9782
0.0788 0.2968 -0.4498
0.1462 0.0436 0.9376
0.0718 0.1373 0.1508
-0.0509 0.1807 0.2329
0.1322 -0.0137 0.3663
0.0668 -0.0989 0.1114
0.2097 -0.7026 0.2432
-0.2267 -0.0315 -0.0492
-0.0567 0.1204 0.5255
0.1135 -0.0493 0.0175
0.0917 0.3723 -0.4724
0.8467 0.2918 0.3028
-0.4068 -0.2391 -0.1852
0.7963 -0.3417 -0.4451
0.0140 -0.0635 0.5526
0.5781 0.4268 0.1700
-0.1329 0.9752 -0.1173
-0.1595 -0.2334 -0.8477
-0.1676 0.2588 -0.0803
0.5262 0.4599 0.9017
0.2322 0.3726 0.1568
-0.0006 -0.0266 0.0434
0.0784 -0.2543 0.2970
0.1918 0.3884 -1.1656
-0.1189 -0.5296 0.1451
-0.3921 -0.1456 0.4539
-0.0035 -0.0223 0.1967
0.4636 0.3433 -0.6448
0.3006 0.0707 0.9340
-0.0113 -0.2438 0.1380
-0.1418 -0.0764 0.4073
0.0307 -0.0550 0.0720
0.1570 -0.0819 -0.7558
0.2551 -0.2211 0.0098
-0.2064 0.7129 -0.3296
0.0033 -0.0522 -0.1407
0.0035 0.0153 -0.0030
-0.1911 0.1333 0.2264
1.5317 0.5735 2.9871
0.0741 -0.0737 0.3429
-0.1430 0.0327 0.1944
0.4704 -0.8611 0.4864
-0.7901 -0.0816 0.2568
0.0005 0.0029 -0.3872
-0.5292 0.3147 0.3656
0.2090 -0.1752 0.6806
-0.0019 -0.0084 0.0027
-0.0462 0.1351 -0.0171
0.0004 0.0002 0.0000
-0.7668 0.1968 -2.1526
0.0418 -0.5697 0.4511
0.1206 0.1797 0.8762
-0.0039 -0.0245 0.0295
0.6456 0.4282 0.0204
-0.3654 0.1079 0.3452
-0.0301 -0.0986 -0.1002
-0.0003 -0.0007 0.0080
-0.2058 -0.3341 -4.0281
-0.1051 -0.0158 -0.0409
0.4426 0.2083 0.3729
0.0008 -0.0027 0.0120
0.4087 0.8155 -0.3317
0.0574 0.0768 -0.0021
0.0682 0.1759 -0.4024
0.4712 -0.0122 -0.6557
0.3003 -0.0324 -0.1620
0.3283 0.6721 -0.1513
-0.0569 0.0519 0.1628
0.3861 0.2577 0.3923
0.0580 -0.0681 -0.0550
0.0087 0.1372 -0.4680
-0.3864 0.3103 -0.0594
0.1436 0.0526 0.3548
0.0635 0.0544 0.1574
0.0068 0.0170 0.0076
0.0410 -0.2102 -0.3319
0.8773 -0.9319 0.0352
-0.1544 0.1333 0.5320
-0.0290 0.0288 -0.2672
-0.0141 -0.0006 0.0001
0.0842 -0.0267 0.3186
0.0265 -0.0750 -0.8393
0.3619 0.2637 -0.4012
-0.4708 0.2066 -0.4947
-0.0271 0.0349 -0.0035
0.5434 0.7741 0.2818
-0.6320 0.3320 -0.6673
0.2265 -0.5042 -0.2860
-0.4295 0.1251 0.2420
0.0991 -0.6444 0.5251
0.3158 0.5977 -0.6442
0.3234 0.4900 -0.2956
0.4156 -0.3058 0.3898
0.0934 0.0353 0.0905
0.1136 0.0799 -0.4107
-0.3948 -0.3371 0.4986
-0.0593 0.1019 -0.3124
-0.0018 0.1241 0.0387
0.2067 0.0775 0.1511
-0.3515 0.1367 0.0597
0.5881 -0.0279 0.7967
0.6124 0.1537 0.3831
-0.2417 -0.0319 -0.5662
0.0145 0.8982 -0.1744
-0.1391 -0.2764 0.4832
-0.0005 0.0042 0.0741
0.0845 0.0005 -0.4747
-0.2640 -0.2281 0.2457
-0.1395 -0.8500 -0.3626
-0.0640 -0.4182 -0.5278
-0.2411 0.2108 0.2060
0.0049 -0.0262 0.1205
0.0683 0.6582 -0.4525
-0.0163 0.0042 0.0384
-0.2165 0.0884 -0.6727
0.6330 -0.2060 0.4690
0.7545 0.4190 -0.2807
0.0369 0.5439 0.6090
-0.1233 -0.1648 -0.6639
-0.1977 0.5599 0.2267
