0.9880 0.1034
0.1346 -0.2393
0.3865 -0.5942
0.5908 -0.8105
0.1224 -0.2619
-0.0271 0.0095
-0.1548 -0.2207
-0.0061 0.8610
-0.1150 -0.1030
0.4344 -0.3271
-0.1143 0.7604
-0.0350 0.0184
-0.0572 -0.0267
0.1094 -0.2589
0.5893 -0.3598
-0.0609 -0.0013
-0.4208 -0.6910
-0.2441 0.6560
-0.1125 0.1127
0.0217 0.3509
2.0030 -0.2479
2.2155 -0.1161
2.4045 0.4057
2.3027 -0.0191
1.7253 0.0222
2.8711 0.3262
2.6644 -0.0512
2.1471 0.1880
2.1504 0.2093
1.8218 -0.1488
2.6863 -0.6777
2.3311 0.0983
2.2286 -0.5177
2.2487 0.6410
1.9970 -0.0425
1.3857 -0.3116
1.3657 0.4594
2.1225 -0.0847
2.9456 -0.5588
2.2994 0.1175
