-0.4405 -0.5533
0.7492 0.4067
1.6308 0.1766
-0.6568 -0.5712
1.2858 1.7335
-0.1015 0.8111
-0.2557 -0.2283
0.2227 0.5892
-0.0838 0.0457
0.0991 0.2784
-1.2765 1.3837
-0.2222 -0.3463
-0.0897 -0.3249
-0.1292 0.0454
0.0525 0.0942
-0.3271 -0.2829
0.3729 -0.5699
-0.1047 0.1164
-0.0113 -0.0180
-0.0068 -0.4637
-1.9310 -1.2820
-0.0344 -0.5003
-0.0151 -0.1608
0.2815 -0.3061
-1.3221 -1.2632
-0.1418 -0.3114
0.2509 -0.4552
0.2313 0.2519
-0.3025 0.2335
0.0622 0.9192
0.1546 -0.0993
0.4504 -0.1709
0.1365 0.0763
0.5293 0.2303
0.3961 -0.6198
0.4435 0.1831
0.0650 0.3128
-0.3722 -0.7360
0.6218 -0.0966
0.1330 0.4121
0.1541 -0.0205
0.3208 0.4387
0.0134 0.0309
-0.2996 0.4095
-0.1568 -0.0691
0.0478 -0.6540
-1.3414 -1.1669
0.5146 -0.0746
-0.1430 -0.4179
0.0758 -0.1096
0.7774 -0.1477
0.6542 0.3105
-0.3724 -0.0619
1.9320 1.7667
-0.4633 0.5264
-0.6259 -0.1030
0.4883 0.6794
-0.6320 -0.0426
-0.0256 0.3795
0.1649 -0.2415
-0.9031 0.1843
0.0865 0.8297
-1.4297 0.5144
-0.2704 0.0012
0.7554 -0.6172
0.0113 0.3490
0.0257 -0.2404
-0.1353 0.6674
0.0696 -0.7669
0.1166 0.0235
-0.1343 0.8063
-0.8515 -0.4495
0.3010 0.0269
-0.2428 0.7721
-0.0252 0.0517
-1.0080 1.6493
0.3251 0.7821
-1.8352 0.4949
0.0886 -2.4133
-0.2894 0.9431
-0.4238 0.8248
0.5318 -1.7623
0.7153 1.0646
-0.5000 0.0447
-2.2194 -1.4017
-1.0220 -2.2816
0.4333 0.1690
0.3541 0.0973
0.2556 -0.6626
0.0240 -0.0200
0.4216 0.0590
-0.0785 -0.0706
0.1804 -0.5678
0.5393 0.5878
0.3269 -0.4307
0.0408 0.0472
0.2209 -0.0154
0.0523 -0.4415
-1.0396 1.6650
-0.1576 -0.1005
-0.2690 -0.6675
-0.0474 -0.2774
0.4430 -0.5161
0.1167 -0.0656
-0.2303 0.3538
0.1812 -0.1998
-0.5122 -0.4593
-2.0515 0.1089
0.0786 -0.1049
0.3592 0.0959
-0.5107 0.3220
0.7074 -0.0852
0.5556 -0.2851
-0.4434 -0.3537
-0.0556 0.0939
0.2062 0.0988
0.3679 0.1764
-0.2884 -0.2804
0.4718 -0.3464
0.1173 -0.4776
0.6952 -0.4984
-0.5878 -0.1447
-0.4749 0.8140
0.4849 -0.0797
0.2513 0.4201
0.0874 -0.0352
0.2155 0.3530
-0.4207 -0.3588
-0.2433 0.7500
-1.1510 -2.2328
-0.1043 -0.2526
0.0107 -0.0254
0.0109 -0.0422
0.1721 -0.2942
-0.8992 -0.2075
0.2496 -0.3279
-0.1176 2.1447
-2.2611 -0.7275
-1.0753 1.8638
-0.4352 0.2362
0.0287 -0.1127
1.6229 1.4298
2.4451 -0.4495
-0.0646 0.0990
-0.2025 -0.1054
-0.2086 0.1779
-1.5494 -0.7892
-0.1664 -0.7403
0.9751 0.0508
0.9205 -0.2168
-0.9482 -0.1663
0.1850 0.8305
0.1208 0.0361
-0.2645 0.7594
0.0127 0.0181
-0.0470 -0.0396
0.1683 -0.0171
0.0707 -0.0120
0.4748 0.4709
0.0064 -0.5516
0.0593 0.1084
-0.1059 0.1969
0.9546 0.6784
0.2874 0.2071
0.1194 -0.0310
0.2361 -0.0314
-0.3056 -0.7117
0.3222 0.1861
-0.4105 0.3024
-0.1234 -0.4846
0.0303 -0.3143
-0.2266 0.6766
0.7847 1.2241
0.2540 -0.7737
-0.4269 1.8096
-0.6018 0.1589
1.2621 -1.0850
-0.5233 -0.1597
0.2817 0.2913
0.6736 -0.0012
-0.2588 0.3903
0.0113 0.2675
-0.0002 -0.5241
0.6322 -0.0688
-0.2307 -0.6085
0.5825 -0.4934
-0.1384 0.5680
-0.0678 -0.6779
-0.5001 -1.8899
-0.8332 0.0483
0.0204 -0.0437
-0.3102 -0.5955
-2.5041 -1.0002
-0.1466 -0.0204
0.2425 -0.1864
0.0166 -0.1108
0.0310 -0.0236
0.1422 0.4370
0.0192 0.7515
0.2749 0.3805
