0.2557 -0.6012
0.7444 0.1920
-0.1369 0.0583
0.3246 0.3840
-0.2004 -0.1009
-0.0315 0.0372
0.0070 -0.6167
0.1657 -0.1070
0.6797 0.6539
0.2775 -0.1732
0.1920 0.9522
0.3248 0.2331
0.0500 0.6054
-2.4511 -1.3184
0.8173 0.1828
0.5172 0.7616
0.1602 -0.0401
-0.0929 -0.8930
-0.1411 0.1001
0.0693 0.2814
-0.1931 0.5593
-0.4134 0.3577
0.4595 0.8448
-0.0362 0.3768
-0.3887 0.6902
0.2011 -0.9133
-0.2542 0.7531
0.3587 0.5261
-0.8480 -0.0341
0.1652 -0.1102
-0.0032 0.6003
0.0419 -0.0018
-0.0069 -0.0096
0.3730 0.3121
0.0216 -0.0007
0.4873 0.0816
-0.4228 0.2627
0.0516 -0.6608
-0.5774 1.3833
0.4292 -0.3427
-0.0544 0.1278
-0.3016 0.0852
-0.4442 -0.1060
-0.0465 0.6932
-0.5811 -0.4592
-0.2521 -0.6594
-0.1257 -0.6563
-0.0791 0.6268
-0.6147 -0.2374
-0.2069 -0.0459
