0.4532 -0.3108 0.3050
0.0503 0.0039 -0.1334
0.0778 -0.1658 -0.2925
0.0399 -0.0820 -0.1451
-0.3207 -0.0472 -0.4123
0.0597 0.0644 0.2406
0.0831 0.0217 -0.7673
-0.1332 -0.0438 -0.7388
0.0114 -0.0724 -0.0359
-0.0461 -0.1408 -0.1351
-0.8985 2.0902 2.0353
0.2818 0.4513 -0.0283
-0.1197 -0.0425 -0.3051
-0.0001 -0.0176 0.1513
-0.3743 0.0146 -0.5715
-0.0107 0.3185 -0.0566
0.3290 0.2687 -0.0861
-0.5534 -0.3696 0.0071
-0.8417 -1.2366 0.3423
1.3906 -0.1246 0.3808
-0.5419 0.2389 -2.7886
-0.0158 -0.0112 0.0850
1.9325 -0.4845 2.9792
-0.4504 -0.3507 0.7602
-0.4733 2.4761 -1.2328
-0.2306 -0.2646 -0.1240
-0.0048 0.1204 -0.1359
0.0265 -0.3997 0.3896
-0.0140 -0.1912 0.2908
0.4057 0.7870 -0.1285
-0.2096 0.4024 -0.8718
-0.1535 -0.1507 -0.5283
-0.3161 -0.1403 0.0445
-0.1947 -0.4638 -0.2295
-0.0675 0.7744 0.4386
0.0181 0.1029 -0.3339
1.1238 1.2799 -1.2095
-0.0821 0.1025 0.6811
-0.3228 0.1508 0.6899
-0.2429 0.2165 -0.0640
-0.5586 0.0656 -0.2915
0.2243 -0.1414 -0.2670
-0.0686 0.0721 0.2723
0.0099 0.0085 0.0702
0.0226 -0.1078 0.6416
0.2385 0.2328 0.1190
-0.0946 0.0148 -0.3484
-0.0114 -0.0170 0.0054
-0.5051 -0.2210 0.0941
0.1108 0.1386 -0.3702
