-0.3061 -0.1329 -0.4856
0.0028 0.3444 -0.6679
0.0834 -0.9924 -0.0277
-0.0000 0.0135 0.1121
-0.0954 -0.0707 0.9148
-0.5966 0.5791 -0.4162
-0.2978 -0.4241 0.3955
0.2392 1.1133 -1.6975
-0.1104 -0.0202 -0.3986
-0.7247 0.4735 -0.4102
0.0747 -0.3795 0.0628
0.0541 0.2026 2.5783
-0.1787 -0.2071 0.7985
-0.6008 0.1318 -2.3189
0.0222 -0.3216 -0.3344
-1.5403 -0.9707 -0.2705
0.6104 -0.6498 0.0526
-0.4342 -0.2411 1.2310
-0.2132 -0.6227 0.4605
-0.6684 0.0042 0.4870
-0.1130 0.2959 -0.1337
-0.0691 0.0819 -0.2641
-0.0769 0.0031 0.3165
0.2331 0.6535 0.3866
-0.1646 -0.2474 -0.2611
0.3030 0.1503 0.6059
0.0034 -0.1176 0.0661
-0.8416 -0.0923 -0.2263
-0.1757 0.1093 0.2506
-0.0678 0.3526 0.1689
0.0044 -0.0113 -0.0006
-0.0638 -0.0502 -0.1138
0.1772 -0.0814 -0.9310
0.0625 -0.0592 0.0855
0.0899 0.1543 0.3999
-0.0052 0.0109 -0.2201
0.0648 0.0100 0.1211
0.0198 0.0038 0.5756
0.8372 1.5616 0.5192
-0.3775 -0.0732 0.1128
-0.0253 0.9445 -1.9979
-0.0394 -0.0997 -0.7807
0.0082 -0.0009 0.3342
-0.3305 -0.7586 -0.8779
0.1596 0.0583 0.0312
-0.2985 -0.4664 0.4390
-1.3913 -0.0747 0.8159
-0.0209 -0.0163 -0.0007
0.2639 -0.4680 0.1167
1.3118 0.3905 -1.3026
0.0857 0.0994 -0.0806
-0.1814 0.0083 -0.5321
-0.0363 0.0049 -0.0295
-0.2353 1.6734 -1.3464
0.3205 -0.1340 -0.2642
-0.2313 -0.5630 -0.1100
0.4790 -0.0601 0.7749
0.0952 -0.1593 0.0365
0.1470 -0.3914 0.3649
0.0190 0.5781 -0.0559
-0.1241 -0.4759 -0.3201
-0.2517 0.2112 0.3120
-0.0684 0.1182 -0.4349
0.0117 -0.4347 0.5910
0.9646 -0.9245 -0.2645
-0.3883 0.6103 0.4469
-0.2681 0.2216 -0.7709
0.3946 0.2785 -1.6125
0.3241 -0.7807 0.4074
-0.4635 0.2925 -0.7717
-0.2588 -0.1810 0.0571
-0.5284 0.0375 0.3804
-0.0789 0.5698 -0.8163
-0.1234 0.0705 0.3182
-0.0186 0.1934 0.5042
0.8337 0.5566 -0.7328
-0.0030 0.0365 -0.3190
-0.0094 0.0861 -0.0635
-0.1736 -0.3016 0.2031
-0.3835 0.8542 -1.2144
-0.0041 0.0770 -0.5660
0.4719 -0.0738 0.2633
-0.8847 -1.9478 -0.8867
-0.4116 0.7738 0.2249
-0.0637 0.1084 0.3187
-0.2545 -0.0908 0.0355
0.1689 -0.0146 -1.1733
0.1643 -0.0719 -0.1161
-0.1140 -0.2930 -0.1085
-0.7616 -0.2989 -0.4375
0.0369 -0.0090 0.2672
-0.1152 0.2217 0.0090
0.0346 0.0782 -0.1637
-0.1673 0.2039 0.6815
0.0459 -0.0204 0.3826
0.1372 -0.4064 -0.0555
-0.0034 -0.0001 0.5131
-0.5091 -0.0365 -1.4579
-0.0047 0.1387 0.8485
-0.0848 0.0180 0.5417
-0.0260 0.5016 0.1371
-0.2223 0.1955 1.8358
-0.4843 0.3672 0.7823
0.3713 -0.9087 0.1866
-0.4201 0.5034 -1.2409
-0.0638 -0.0246 -2.1664
0.1731 -0.1562 -0.2005
0.4514 -0.0242 -0.8228
0.0887 -0.2866 0.3079
0.0021 -0.0443 0.7815
0.0074 0.2633 -0.0836
-0.1269 -0.6882 -0.1084
-0.5131 0.4250 -0.1621
0.2599 -0.3524 -0.3834
-0.2870 -0.6246 0.3517
0.5158 0.5200 -0.0319
0.5877 -0.2372 1.0622
0.0663 0.1015 0.3499
-0.6141 0.0410 -0.5538
-0.0913 -0.2825 0.1626
0.0688 -0.1517 0.0301
0.0151 0.1768 -0.0110
0.2142 0.2658 0.0217
0.2594 0.3044 -0.3963
-0.0566 -0.0286 -0.1816
-0.5827 -0.1831 0.0683
-0.1208 0.0576 0.7827
0.4225 0.1490 0.3395
-0.0503 -0.2118 -0.0398
0.5828 0.1536 -0.0936
-0.0673 0.0892 0.0187
0.4271 0.4887 0.1869
-0.1031 0.1758 0.0046
0.2650 -0.2525 -0.1610
0.2277 -0.7898 -0.3394
0.0501 -0.0172 -0.0889
0.3467 0.5018 0.5371
0.1934 0.1234 -0.4088
0.1042 -0.1594 -0.5310
-0.4866 0.0420 -0.0005
0.0340 -0.0857 0.4948
-0.2093 0.2279 -0.2445
0.5059 -0.1539 0.1910
0.2677 -0.4222 0.1065
-0.3810 -0.3522 0.3857
-0.0386 0.0530 -0.8057
-0.1376 0.3423 -0.4474
1.5233 -1.3622 0.9587
1.1507 -0.6918 -1.3906
-0.0312 -0.0168 0.0325
0.1251 -0.2550 0.1940
-0.1169 -0.0518 0.0799
-0.0918 -0.1836 -0.0844
-0.0580 -0.2282 -0.6638
0.0113 0.9221 0.1049
0.0008 -0.4458 0.0582
0.3910 0.8175 -2.0356
-0.1691 0.5082 -0.7774
0.0043 0.2106 -0.2187
-0.7239 0.5186 -0.3932
0.3801 -0.5303 -0.1634
0.0077 0.0063 0.4640
-0.5594 0.2862 0.2144
0.2575 -0.1984 -0.2333
-0.2543 -0.0414 -0.0735
-0.0944 -0.1791 0.7602
0.5713 -0.3316 -0.5495
0.3320 0.1240 0.7904
0.0741 -0.1230 -0.3191
-0.2290 0.2619 -0.7196
-0.0113 0.1559 -0.0242
-0.0591 -0.1289 -0.8988
-0.5123 -0.2323 -0.4641
0.1550 -0.2461 -0.0723
0.1223 0.1193 0.3455
-0.4914 -0.0841 0.3209
0.3395 0.0719 -0.1176
0.0073 -0.0040 0.0990
0.1344 -0.0544 -0.7669
0.2025 0.3612 0.4876
-0.0058 -0.0043 0.0036
0.5480 -0.0471 -0.5601
-0.5123 0.3328 0.0483
-0.1798 -0.0994 -0.8195
0.3082 -0.0528 -0.3801
-0.0578 0.1281 0.1617
-0.1002 0.1600 0.1523
0.2063 0.5066 0.0188
0.3461 -0.6522 -0.0127
-0.2588 -0.1030 -0.5217
0.5379 0.2629 -0.0438
-0.0225 0.0035 0.0186
-0.0195 -0.0175 0.0196
-0.3072 0.4755 0.4334
0.1221 -0.0612 0.4684
-0.4658 0.5022 -0.6760
-0.0142 0.0151 0.0611
0.4286 -0.1720 -0.0523
0.0861 0.0172 0.0727
0.6072 0.0809 0.7449
-1.0584 0.0748 -1.2101
0.3556 0.3262 -0.4801
-0.0753 -0.5023 0.3864
0.5346 -0.2140 -0.2387
0.1031 -0.0252 -0.4979
-0.0129 0.0127 -0.0080
-0.1491 -0.0681 0.8378
-0.1358 0.1170 0.3954
0.1205 -0.0434 2.4126
0.0983 -0.0596 -0.1870
-0.0712 0.2013 -0.0225
0.8017 -0.1035 -0.3690
0.8199 0.7088 0.9476
0.0916 -0.1365 -0.2515
-0.3807 0.0790 -0.3851
0.4771 -0.4160 0.4349
-0.0082 -0.0016 0.1559
0.0144 -0.1167 0.3814
-0.0441 -0.0862 -0.3505
-0.1667 -0.1628 0.1084
0.0681 0.0239 -0.3203
-0.0602 -0.0370 0.2308
-0.1415 0.6852 -0.6120
-0.2567 0.1305 0.1322
0.1138 -0.4185 1.0692
0.0062 -0.0113 0.2632
-0.1978 0.1055 -0.1580
0.1125 0.0779 -1.5511
0.8469 -0.0589 0.8218
-0.0145 0.1359 0.1433
-0.2480 0.2889 0.8484
-0.2230 1.3555 2.1842
0.0518 -0.0247 0.2804
-0.6866 -0.2265 0.4985
0.2492 0.1219 0.2088
0.0001 0.0035 -0.0043
0.0294 0.0430 -0.0970
0.4225 0.4014 0.5866
0.0216 -0.1312 0.2821
-0.0460 -0.0504 0.0418
-0.0029 -0.0079 -0.0124
-0.2066 0.5575 0.4978
-0.0407 -0.6264 2.3930
0.7339 -0.2326 -0.1457
-0.0793 0.0946 -1.0943
0.1975 0.7083 -0.4010
-0.0021 -0.0004 0.0374
-0.0026 -0.0237 -0.6819
-1.1164 0.3667 2.3259
-0.6149 0.3980 -0.2900
-0.0033 0.0115 0.0232
0.3867 -0.0143 0.0446
0.0766 0.4207 -0.4713
0.0060 -0.0353 -0.0300
0.0157 0.0073 -0.0467
0.4293 0.7652 -0.1412
-0.0002 0.0019 -0.0742
-0.0005 -0.0079 0.0091
-0.1140 -0.4443 0.0541
0.0214 -0.2313 0.5343
-0.0167 0.1158 -0.1139
0.0407 -0.0784 0.4062
0.7819 0.3980 0.3241
0.1052 0.4166 0.7408
-0.0027 0.0237 0.1176
0.3801 0.1575 0.9082
-0.0191 -0.0840 0.0107
0.1125 -0.0198 0.2800
-0.0446 -0.5953 0.4567
-0.6318 -0.5474 1.4562
-0.1338 -0.0166 0.6045
0.0928 -0.3398 -0.2894
-0.0686 1.4649 -2.2397
0.3594 -0.2975 1.7656
-0.2667 0.1748 -0.3147
-0.2668 -0.3098 0.6906
-0.1089 -0.0753 -0.0737
-0.1240 -0.0113 0.2239
0.2416 0.0241 0.8235
-0.0763 0.3441 0.8778
0.0294 0.0406 0.2113
0.3725 0.2207 0.8134
0.4181 0.0747 0.1139
0.1409 0.0660 -2.4385
0.0611 0.0209 0.1701
0.0016 0.0257 0.0005
-0.0244 -0.0438 -0.1938
0.3476 -1.1721 -2.1716
0.5671 -0.0181 0.0266
-0.3883 -0.5703 -0.2849
0.0974 -0.5799 -0.1908
1.4585 -0.6267 0.1639
-0.6316 -0.2581 -0.0107
-0.6386 0.5297 -0.3918
0.9750 -0.1781 0.5093
-0.2159 0.2625 0.6604
0.6013 1.5393 -0.0927
0.0703 0.1250 0.3288
0.1311 0.0400 -0.5792
0.2631 -0.7602 -0.4956
-0.7718 0.3247 0.2730
0.2390 0.3510 -0.0439
0.6739 0.2599 0.1146
-0.3961 0.0750 0.1852
-0.0078 -0.0189 0.0390
-0.0628 0.0310 0.0209
-0.0471 -0.1487 0.3739
-0.2151 0.1648 -0.2255
0.1341 0.2377 -0.5035
0.0341 -0.0671 -0.1914
-0.6475 0.4248 0.2864
0.0039 -0.0066 0.0040
0.1035 0.2762 0.6820
0.0128 0.0500 0.0043
0.2593 0.0683 -0.7899
0.5829 0.4864 -0.1923
-0.1391 0.2025 -0.0673
-0.2393 -0.1747 -2.2782
-0.4089 0.4112 1.5946
-0.1622 -0.0234 2.4537
0.1553 -0.0569 -0.0438
0.6732 -0.3325 -0.5547
0.0880 -0.0338 0.0544
0.2915 -0.8209 -0.0565
-0.1313 -0.0717 -0.3290
0.0906 0.2698 0.4889
0.7799 0.7449 0.6011
0.0898 -0.1876 -0.5382
0.1012 -0.3502 0.5534
-0.1136 -0.1312 -0.4412
-0.3180 0.3025 0.6620
-0.0866 -0.0507 0.1593
1.1559 0.3995 2.2459
-0.1638 0.0716 0.3447
0.2005 -0.3108 0.7728
-0.0103 -0.0718 -0.8787
-0.3562 -0.0872 0.3176
-0.9629 1.5613 0.6131
-0.0431 0.1929 0.0982
-0.1059 0.1453 -0.9245
-0.0419 0.1317 0.7198
-1.2875 0.7122 -2.2390
-0.2114 0.0260 0.0226
-0.1843 0.0943 -0.3191
0.0820 -0.0069 0.0537
-0.4098 0.2232 0.4910
0.1477 -0.0326 0.0170
-0.0149 -0.9992 0.9885
0.2418 -1.7619 -1.4788
0.3726 0.0702 0.1498
0.1031 0.0775 0.2357
0.4589 0.4938 0.5248
-0.1219 0.9860 0.3414
-0.0010 -0.0000 -0.0696
-0.0823 -0.1008 -0.2304
0.0089 0.0013 0.1327
-0.0495 -0.0297 0.3244
0.0263 -0.0394 -0.6989
-0.7004 1.6193 0.5074
0.8630 1.8381 0.8941
0.5025 0.2664 0.7635
0.5291 -0.7013 -0.3677
0.4322 -0.4200 0.7139
0.5125 -0.1900 -0.6008
0.0022 0.0013 0.5897
0.0103 -0.0192 -0.0010
-0.0059 -0.0088 0.0340
-0.2548 0.4473 -0.0416
0.0298 0.0016 -0.5843
0.0091 0.1309 0.4906
-0.0804 0.0826 -0.1536
-0.1043 0.0193 0.4164
0.2636 0.1240 -2.2699
-0.2568 -0.1760 -0.1975
-0.0374 -0.0116 -0.1622
0.6207 -0.0106 0.2803
0.2896 -0.7861 -1.3356
-0.3310 0.6770 0.3189
0.3614 -0.4558 0.7880
-0.0157 0.0339 0.0989
-0.0275 -0.0208 0.0142
-0.2517 0.0179 0.2149
-0.6442 0.0430 -0.0213
0.0874 0.3560 -0.2926
-0.1372 -0.0982 -0.1846
0.4306 -0.2361 -0.3223
-0.5302 0.1136 -0.3166
0.1885 -0.3059 -0.0316
-0.1961 0.0266 0.3798
0.1104 0.1963 0.1016
-0.1579 0.1706 -0.3511
0.2223 0.2533 0.0199
1.2882 -0.3354 -0.2895
0.0697 0.0957 -0.1923
0.4230 0.2758 0.6388
-0.0713 0.0677 0.0827
0.2916 0.3915 -0.1955
0.5395 0.1123 0.5635
-1.7898 -0.8143 -1.0425
-0.0833 0.2136 0.1843
0.0140 -0.0045 0.3106
0.3429 -0.6088 0.3768
-0.0231 0.2174 0.4785
0.0114 -0.0159 -0.0199
0.0449 -0.0381 -0.0358
2.2653 -0.7731 -0.6306
-0.0618 0.0608 -0.3283
0.2561 0.1594 2.1492
-0.5320 0.1444 -0.1051
-0.1129 0.7812 0.2634
-0.1067 -0.1515 -0.5110
0.0059 0.0078 -0.0032
-0.1780 -0.2525 -0.1405
0.0064 -1.3465 -2.1200
0.2249 -0.6307 0.6520
-0.0149 -0.2181 -0.0192
0.1450 -0.1635 0.8796
-0.2478 0.0418 -0.5036
0.3244 -0.3984 -0.1424
0.7296 0.3378 0.0678
0.0026 -0.0018 0.1831
-0.9284 -0.0608 0.3462
-0.0043 0.2677 -0.1261
0.0226 0.0012 0.8572
0.3225 0.5759 0.2394
0.0009 0.0022 -0.0001
0.0500 -0.0926 0.0024
-0.2379 0.5690 0.4424
-0.0415 0.0554 -0.1561
0.0030 -0.0007 -0.0210
0.0510 -0.0235 0.4321
-0.4994 -0.4869 -0.4909
-0.3427 0.1673 -0.2232
0.0156 -0.0006 -0.0588
-0.2367 -0.0009 0.5439
0.0294 -0.0674 -0.7194
-0.0008 -0.0012 -0.0420
-1.3922 0.7621 1.8667
-0.1775 -0.3419 -0.5422
0.1243 0.0600 -0.1763
0.2872 0.1918 -0.3634
0.0794 0.8747 -0.4454
0.4595 -0.1782 -0.7418
-0.3096 -0.7444 0.0817
-0.0648 -0.2293 0.1495
0.4724 0.6568 -0.3284
-0.8012 0.1583 -0.1810
-0.1980 -0.2644 0.9068
0.3004 -0.1850 -0.6858
0.1610 -0.5866 0.1917
-1.8414 -0.4098 1.6487
-0.2710 -0.8349 0.9735
-1.9281 0.4086 -0.0781
0.7920 -0.1478 0.5139
0.1164 -0.2171 -0.4517
-0.1706 0.3939 0.2501
-0.0646 -0.0267 0.0108
-0.0588 0.0944 0.0765
-0.0247 -0.0135 0.0030
0.1978 0.3185 1.8820
0.9784 0.6480 -2.3582
0.3025 0.3118 0.5139
-0.4559 -1.6587 2.0714
-0.0699 -0.0641 0.4765
-0.0131 -0.0217 -0.0232
1.1987 -0.5225 2.3226
0.0533 0.1340 0.1103
-0.1064 0.0856 0.8405
0.0047 0.0173 -0.6616
-0.0393 0.1201 0.1217
0.9058 0.1419 0.0813
-0.0694 0.2732 0.2408
-0.4697 -0.8776 -1.4087
0.0501 0.1994 0.3985
0.0972 -0.0327 0.2515
-0.1704 0.2226 1.9992
0.2912 -0.0020 -0.2856
0.3001 -0.4574 2.2360
0.0313 -0.2654 -0.4505
0.6044 -0.4665 -0.1118
0.2079 0.2152 0.6401
0.9040 -0.3861 0.7390
-0.0823 0.0165 -0.1255
-0.0092 -0.0242 -0.2030
0.6235 0.2268 -0.4444
-0.3632 0.1346 0.4951
0.0425 -0.0312 -0.4846
-0.3955 -0.1634 0.4100
0.5256 0.0946 -0.2928
0.0698 -0.1969 -0.2809
0.1667 -0.0819 -0.2061
-1.4907 -0.2032 -1.3969
-0.5872 -0.2434 -0.1656
0.0259 -0.0667 -0.7494
-0.1162 0.0759 -0.0348
0.0008 0.0700 -0.0467
0.4254 -0.3391 -0.3270
0.0860 -0.1936 -0.4160
-0.0184 0.1206 0.1356
0.2893 0.1936 -0.2028
