0.4816 -0.1754 0.1557
0.5350 -0.0423 0.3971
-0.6028 -0.2735 0.6821
0.4223 0.8226 0.0974
-0.0520 0.3091 -0.4543
-0.0723 0.0538 0.2288
-0.1616 0.4145 -0.2152
-0.3606 -0.4986 0.7283
0.7166 0.1303 0.5078
-0.0280 -0.0709 -0.3610
0.1744 0.0927 -3.1162
0.4597 -0.5938 -0.0067
-0.0625 -0.2182 -0.1958
-0.0304 -0.0201 -0.0928
0.8375 -0.2259 0.0147
0.2995 -0.2131 -0.8834
-0.1587 -0.1787 -0.0647
0.2375 -0.9719 -0.4715
0.3412 0.0177 0.1083
0.2070 0.0694 -0.4202
-0.0110 0.0488 0.0754
0.5909 0.1522 0.1891
-0.0189 0.0128 0.0676
-0.1410 0.2388 0.4048
0.4949 0.0701 0.7359
0.1847 0.6122 0.5491
-0.9741 3.6462 -1.3133
-0.0563 0.0737 -0.0507
0.1343 0.1753 0.7207
-0.5195 -0.9794 -1.0537
0.2118 0.5760 0.1031
-0.0428 -0.0712 0.0420
0.0019 -0.0019 0.4671
-0.0694 -0.2189 -0.4957
1.1840 1.0182 -1.9021
-0.3285 -0.0798 -0.0871
0.0525 0.0504 -0.2270
0.1335 0.1218 0.1984
-0.0289 -0.1058 -0.2745
-0.0004 -0.0039 -0.1212
1.4296 -2.9621 0.1502
-0.0850 0.0419 -0.1444
0.1747 0.7993 0.0684
0.0435 0.0450 -0.1430
-0.3405 -0.1110 0.2636
-0.0252 0.2173 -0.3921
-0.0118 -0.0827 0.5396
0.5682 -0.5154 0.0493
-0.2686 0.1792 -0.2385
0.0987 0.0701 -0.4461
0.0121 0.0110 -0.0631
0.1410 -0.0066 0.6214
-0.0391 -0.0988 -0.0755
0.0067 -0.0107 0.0037
0.1084 -0.0604 -0.8146
0.9829 -0.6169 3.2669
0.9001 -0.1001 0.2827
-0.0167 0.1136 0.7625
-0.6662 -1.3907 -3.6154
-0.0605 0.1736 -0.1647
0.0383 -0.3438 0.0909
-0.0626 -0.1283 -0.0447
-0.2636 0.1944 0.4989
0.0111 -0.1362 -0.4366
0.2036 0.2276 0.0484
-0.0338 0.0442 0.3547
0.0929 -0.0949 -0.1099
-0.7617 0.2211 -0.0924
-0.0737 0.1903 -0.0891
-0.1358 0.1562 0.3490
0.3256 -0.2766 0.1048
0.3011 -0.0142 0.1558
-0.1062 0.1492 -0.0462
0.4998 -1.3105 2.1943
0.3086 0.3673 -0.3245
-0.0613 0.0574 -0.0069
0.3551 -1.8948 -1.9250
-0.1236 0.0253 -0.1922
-0.0229 0.6656 0.4806
0.2083 -0.1510 -0.3949
-0.1171 0.0501 0.0232
-0.0045 -0.4150 0.0655
0.0464 -0.5285 -0.2404
0.1241 -0.1400 0.5609
-0.0820 0.2275 0.2146
-0.9004 0.1832 0.3542
0.1252 0.1516 -0.1138
0.0025 -0.0184 0.0206
-0.0024 0.1570 0.1195
0.0378 0.0286 0.3753
0.0059 -0.0029 -0.2965
-0.3041 0.8413 1.7904
0.2893 0.4027 0.0877
0.4742 -0.6197 -0.0906
0.0121 -0.0057 0.4152
0.0033 0.0037 -0.0066
0.0508 -0.0160 -0.1689
-0.0531 -0.6200 0.4513
-0.7151 -0.1916 -0.6061
0.0084 0.0016 0.0709
0.1851 -0.3947 -0.3599
-0.0963 -0.0071 -0.8010
-0.0991 0.2530 -0.3679
-0.1056 0.8509 2.8070
-0.1703 -0.4353 -0.4977
-0.2515 0.0268 -0.3648
0.0880 -0.1961 -0.5662
0.1758 -0.2946 0.0268
0.1559 0.1202 -0.0494
0.0252 -0.0416 0.2184
-1.2250 0.3074 -0.6582
-0.0027 0.1681 -0.0577
-0.1243 -0.7873 0.2152
-0.0943 -0.0123 -0.0378
-0.3674 -0.0518 -0.8689
0.2467 0.0006 0.2375
0.0080 -0.2254 0.3556
-0.0757 -0.2019 0.5952
0.0615 0.3725 0.2481
-0.0296 0.0688 -0.5313
-2.7636 -2.0451 -1.9659
-0.0972 0.3518 -0.8434
-0.0455 0.1468 0.6694
0.0012 0.0111 0.0565
0.0112 -0.0011 -0.0023
3.2037 -0.6179 -0.8783
-0.1330 -0.1402 0.0339
-0.4852 0.1841 -0.6146
-0.0794 -0.0478 0.2449
-0.2459 0.9311 0.1321
0.0211 -0.0590 -0.0856
0.0042 0.2404 0.2393
-0.0610 -0.1121 0.1072
0.2128 0.2668 -0.2915
0.5569 -2.2598 -1.0944
0.2935 -0.7680 0.1629
0.0439 0.0380 0.0598
-0.2174 0.0314 0.1894
0.4595 0.8593 1.7819
0.1552 -0.1090 -0.1507
-0.3917 -0.1333 -0.5143
0.0719 0.1700 -0.2348
0.5860 -0.4341 1.7571
0.9070 0.3540 0.0316
0.1283 0.0187 0.0554
-0.0016 0.0035 0.1631
-0.0269 -0.0584 -0.2646
-0.2859 -0.2044 -0.0844
-0.0519 0.1947 0.2539
0.5433 -0.1076 -0.7697
0.1622 0.1558 -0.5326
3.1346 -0.2334 1.0213
0.1102 -0.0840 0.6103
0.0142 -0.1434 -0.7437
-0.3476 -0.6788 -0.1661
-0.0446 -0.0798 -0.7268
-0.0642 0.1784 -0.2179
-0.0128 0.1471 -0.3257
1.1933 -1.4590 1.5001
0.1815 0.1770 0.7901
-0.1095 -0.2075 0.5687
-0.0053 -0.0574 0.2976
-0.5356 -0.0366 0.0830
0.0235 0.0209 -0.0614
0.0983 -0.3709 0.1202
-0.7171 0.0246 0.1511
-1.7323 -2.4780 0.8335
-0.9182 0.0625 -0.2760
-0.1866 -0.3570 0.5481
0.4031 0.3697 -0.3403
-0.0187 0.0188 -0.1444
-0.5174 1.7490 0.4785
0.0662 -0.2136 -0.1873
0.0800 -0.5415 0.4970
-0.0297 0.1885 0.1153
0.0235 -0.0099 -0.1477
-0.2846 -0.0849 -0.3275
-0.3443 0.2659 -0.6806
-2.0887 -2.2604 1.5766
-0.0041 0.0018 0.3865
-0.3446 0.2111 -0.1686
0.5051 -1.9882 1.4701
2.4579 0.7722 -1.0495
-0.2205 0.2019 -0.1293
0.0129 -0.0954 -0.0777
0.0496 -0.3210 0.0023
-0.3415 -0.8100 -0.0036
0.4058 -2.4141 -1.9008
0.1252 -0.6115 0.4615
0.0000 -0.0000 0.0167
0.6250 -0.7282 0.1386
-0.1861 -0.4535 0.6216
-0.0131 -0.0160 0.5580
0.6595 -0.7035 0.1001
0.0928 -0.0657 0.3820
0.1069 -0.6280 0.2644
0.0315 0.3601 0.5381
0.2455 -0.1143 -0.1076
0.1908 -0.2050 -0.1707
0.3938 -0.1799 -0.1095
0.1304 -0.0671 0.5954
0.1637 0.1133 0.1471
0.0452 0.2385 0.0036
-0.1840 0.0180 0.6683
0.0318 0.1728 -1.1205
-0.2137 0.4793 0.4811
0.0493 0.0921 0.8950
0.2665 0.1889 -1.0290
-0.0154 -0.0117 0.4981
0.5562 -0.0356 -0.1038
-0.1278 0.0306 -0.1560
-0.0367 -0.0046 -0.6244
-0.1756 -1.8923 1.9091
-0.2476 0.0301 -0.0864
0.1256 0.3538 -0.8789
1.0118 0.7061 0.1689
-3.0951 -2.1058 1.6763
-0.0492 0.0400 0.0083
2.4458 -1.8955 -0.5280
0.4181 -0.4516 0.1617
-0.0970 0.0657 -0.4546
0.1643 0.0282 -0.7095
0.2537 0.0955 0.5678
-0.5903 -0.0837 -0.1072
0.1736 0.7954 0.5036
0.0753 -0.0509 -0.4641
0.0499 0.0670 -0.5623
-0.1609 -0.0735 -0.2458
-0.0422 0.2949 -0.3701
-0.0468 -0.0095 -0.0343
1.2797 0.7031 -3.2139
0.0780 -0.0147 -0.3985
-0.1393 -0.0232 -0.6022
-0.0004 0.0043 0.0127
-0.1478 0.0486 0.5500
-0.2496 -0.1513 0.0195
0.0668 -0.2872 -0.3667
-0.9911 2.1648 0.0896
0.7451 0.4874 -0.1382
-1.1738 1.1726 -2.0989
2.2509 1.4754 1.3492
-0.0241 0.1412 -0.1532
-0.3079 0.5443 0.4263
-0.2859 0.0051 -0.2566
0.1632 0.0011 0.0943
-0.6792 0.1648 0.0894
-0.0106 -0.0431 0.1671
-0.0146 0.0213 -0.5158
0.0625 0.0148 0.4444
0.2767 -0.1811 0.5720
-0.3255 -0.0206 0.1628
-0.2344 0.0082 0.1253
0.2695 -0.2677 -0.7504
0.4701 -3.3959 -1.3921
0.2536 0.4125 0.1262
-0.1356 -0.0747 0.3824
1.2596 0.7242 -2.5477
0.1044 -0.2567 -0.4876
0.1424 -0.0226 -0.0275
-0.1915 0.3439 -0.7446
-0.5410 0.5377 -0.6356
-0.0671 0.2636 0.2512
-0.0889 0.4278 0.0300
-0.2432 0.3659 1.1276
-0.0114 0.3590 -0.1387
0.0309 0.0787 -0.6023
0.0609 -0.0607 -0.0579
-0.9196 0.0996 -0.0060
-0.3547 0.1853 -0.6827
-0.1575 -0.6009 0.0371
0.1022 0.0229 0.2873
0.1085 -0.1331 -0.6964
-0.1692 0.2761 0.2052
0.0807 -0.4361 0.3064
-0.2195 -0.0133 0.3738
0.0581 -0.6184 -0.5615
3.2367 1.1265 1.0004
0.0098 0.0101 0.0822
0.1732 0.2004 -0.4599
-0.1044 0.1433 0.4429
0.2571 0.0037 -0.2693
-0.1843 -0.1503 0.0093
-0.4661 -0.3961 0.0452
0.6326 -0.6581 0.1649
0.0005 -0.0003 -0.3020
-0.4660 0.3012 -0.1160
0.5757 0.5922 0.6990
0.5890 -0.3521 -0.2382
-0.5471 -0.4384 0.3811
0.5360 -0.7875 -0.1857
0.1249 -0.6085 -0.4740
-0.3293 -0.3537 0.8713
-0.0502 0.0505 -0.0433
0.0233 0.0119 0.0660
0.1917 0.0315 -0.0594
0.0000 -0.0134 0.0155
-0.0084 0.0593 0.3858
0.1235 0.1229 -0.0143
-0.1289 -0.1408 -0.8476
-0.3510 0.1374 0.2837
1.1552 0.7626 -0.1016
0.6249 -2.4950 -1.5152
-0.0008 -0.0087 0.0520
0.5338 -0.6812 -0.5002
2.7788 -0.5401 -1.9508
0.8923 -0.2832 -0.0449
-0.0374 0.2076 -0.2547
-0.0546 -0.1362 0.0939
0.1614 0.0999 0.8447
-0.0113 -0.0069 -0.1658
-0.1459 0.4245 -0.2231
-0.1258 0.0752 0.1069
0.0613 -0.0681 -0.4634
-0.5097 -0.5743 0.6270
-0.0945 0.2009 -0.6928
-0.0005 -0.0007 -0.0046
0.3253 0.1844 0.4382
0.0975 0.0209 -0.6254
0.0621 0.0393 -1.3319
0.4789 -0.2409 -0.4124
0.5132 0.3541 -0.0947
-0.0614 0.1377 -0.4684
-0.0342 0.1126 0.6834
-0.0016 -0.0242 -0.1058
2.5379 -2.2011 -0.8182
-0.2082 0.0615 0.1208
-0.0018 0.8015 0.4984
0.2681 0.2527 0.6346
0.0816 0.1255 -0.2098
0.0847 0.0187 0.0756
0.0395 0.0278 0.0119
-0.2148 -0.2380 -0.5235
-1.2199 2.0806 -2.9708
-0.0378 0.1246 0.1242
-0.3098 0.1237 -0.1213
-0.0936 0.0624 -0.9935
0.0081 -0.1086 0.1835
-0.3570 -0.2122 -0.0732
0.4391 -0.2804 0.1274
0.6163 -0.1671 0.1228
-0.2863 -0.6794 0.2182
0.0124 -0.0063 0.0152
-0.0311 0.0301 -0.0465
0.2732 0.0191 0.2697
0.0009 0.0263 -0.0088
-0.4381 -0.3988 -0.4532
-0.3744 -0.0265 0.1327
-0.4253 -0.1613 -0.7279
-0.1520 -3.0930 0.6435
-0.5963 1.9145 0.4523
-1.8383 -1.0517 3.1076
-0.1411 0.2339 0.6922
0.3242 -0.1919 -0.0423
0.4082 -0.0921 0.4066
0.2436 0.0508 -0.1982
-0.3736 -0.3450 -0.6804
-0.0032 -0.0093 0.0585
-0.3802 -0.6232 -0.4420
0.0535 0.1578 2.2349
0.4434 -0.4456 -0.1943
-0.3290 0.1430 -0.4936
0.0047 -0.0009 0.0118
-0.0290 -0.0066 -0.9664
0.0040 0.0791 0.5187
-0.0557 -0.0514 -0.2718
-0.1857 0.2216 -0.9465
-0.0382 -0.1463 0.0541
0.4175 0.2982 -0.8191
0.6075 -2.7106 -2.7059
0.0256 -0.0412 -0.4024
-0.4190 -0.0921 0.8499
2.3245 -0.5690 -1.0714
0.0599 -0.2103 0.8489
-0.5741 -0.4514 0.0823
0.1992 0.0467 -0.0554
0.0077 0.0636 -0.1605
0.6486 0.6198 -0.4051
0.4599 0.2163 -0.0444
-0.1629 0.0826 0.2579
0.0039 -0.0168 0.0053
-0.4966 -0.1234 0.4128
-0.0243 -0.1668 -0.0300
2.4238 0.9927 0.7582
-0.2209 0.6613 -0.6841
0.6382 -0.0013 -0.0541
-0.0089 0.0065 -0.0123
0.3993 0.4242 -0.1265
0.1911 -0.8531 -0.4118
-1.8255 1.0286 -3.4148
0.6093 -0.9488 0.4101
-0.0873 0.0618 -0.1632
0.6831 -0.4104 0.3528
0.0065 -0.0487 -0.2870
-1.1505 -0.4000 2.3760
-0.1136 0.4248 -0.8747
0.0361 -0.2115 -0.0417
0.3106 0.0440 0.2911
0.0728 0.0481 -0.1340
0.0001 -0.0001 -0.0132
-0.0026 -0.0006 0.0073
0.6769 1.1227 -2.2360
0.4687 -0.8595 -0.0713
-1.8442 -1.9532 -2.0257
-0.0007 0.0013 -0.0113
-0.8378 -0.4673 0.2228
0.0912 0.0675 0.0722
-0.5621 -0.4469 -0.6118
-0.6911 0.3151 2.8727
0.0485 -0.0519 -0.4907
-0.1046 -0.1295 -0.0725
2.1171 0.4281 3.4759
-0.0503 -0.2802 -0.5522
-0.1661 -0.1963 0.0974
0.0719 -0.0662 -0.4081
1.8811 -0.0314 -2.6130
-0.1747 -0.3757 0.3466
0.7102 -0.0276 -0.2432
0.0073 -0.0362 0.1247
0.3761 -0.3165 -0.7765
0.0468 -0.3374 -0.2037
0.1237 -0.0575 0.6893
0.0139 -0.1041 -0.3122
-0.7742 0.5750 0.1469
0.0194 -0.0233 0.0160
0.4360 -0.1748 0.3323
-0.6538 0.3146 -1.2687
-0.1386 -0.2078 -0.0544
0.1951 -0.2077 -0.0488
-0.0290 0.0257 0.2388
-0.2554 -0.0567 -0.1872
0.3549 -0.5738 0.4352
0.1126 -0.0821 -0.0240
-0.0141 -0.0045 0.1508
-0.6610 -0.0083 -0.5337
0.4810 -0.1179 0.6592
-0.2608 0.1386 0.5222
0.8472 -1.4307 0.6455
0.2953 -0.1490 0.3542
-0.1168 0.2710 0.9135
0.2952 0.1548 0.5430
0.0273 -0.2962 0.6364
-0.0459 -0.0617 -0.1301
-2.2849 -1.1297 2.8612
-0.0170 0.0291 -0.6162
0.1512 -0.1574 -0.9500
-0.1468 0.7898 0.2311
-0.0070 -0.1764 -0.0364
0.0018 -0.0035 -0.0485
-0.4366 3.6238 1.1019
1.8962 0.9796 2.6943
-0.3386 -0.0579 0.7306
0.0299 -0.1449 0.0792
0.2835 -0.1261 -0.1377
0.1342 -0.2587 0.0589
0.1001 -0.0527 -0.3405
0.6998 -0.9120 0.3567
-0.2187 -0.1180 0.7623
-0.1431 -0.2022 0.4663
0.2654 -2.9225 0.9956
0.1788 0.0894 0.0268
0.2971 -0.2540 -0.2472
-0.4340 -0.0882 0.0513
0.1210 -0.2531 0.1528
-0.1285 0.7699 0.2302
-0.1276 0.1655 -0.1465
-0.1614 0.2588 0.3295
-0.1627 -0.3560 -0.7600
0.5210 -0.0750 0.5074
-0.0493 0.0231 0.2449
0.6582 -0.0722 -0.1025
0.5027 0.5117 -0.1928
-0.0037 0.0038 0.2087
0.3335 -0.5908 -1.3010
-0.0814 0.1995 0.1458
0.0531 0.0813 -0.4998
0.0091 0.0008 0.0534
0.6103 0.1734 -0.6512
0.1331 0.1303 0.6324
-0.6897 -0.0704 0.3301
0.1377 -0.0176 0.4642
0.0623 0.4356 -0.8086
0.2683 0.1586 -0.1976
-0.0300 -0.1762 0.1887
0.2219 0.1365 -0.3232
-0.1309 -0.0979 -0.0454
0.0952 -0.1771 -0.0031
0.8519 -3.5873 1.0085
-0.9901 -0.0676 -2.1458
0.1118 0.3094 0.4698
-0.0015 -0.0025 0.4295
-0.0230 0.0381 -0.0931
0.0440 -0.0174 0.7564
-0.0254 0.1178 -0.8991
0.1415 0.0740 -0.7907
3.0418 -0.5999 0.1049
-1.4281 0.2509 3.0969
-0.5701 0.5799 0.9170
-0.0149 -0.1480 0.2571
0.0173 -0.2553 0.4523
0.1154 0.0132 -0.6081
