0.2622 0.2205
-0.4374 -0.5117
0.1749 0.2576
-0.4155 -0.5884
-0.3499 0.6406
-0.4557 0.3450
-0.1327 -0.2247
-0.3178 0.0552
-0.1388 0.0479
0.1276 0.1667
-0.4567 0.2980
0.3517 -0.4440
-1.3523 3.0981
3.1480 -0.2831
0.3361 -0.3167
0.3718 -0.1282
-0.9767 3.4618
-0.0803 -0.1188
-0.1397 -0.0941
0.3661 -0.1512
2.3002 1.7223
1.3092 0.2906
0.6129 0.1460
-0.5150 0.5424
0.1846 0.6190
-0.0556 0.0235
0.0478 0.0677
1.6413 0.7913
-0.0477 -0.0583
0.2798 0.6199
0.9132 0.2482
0.4093 -0.2936
-0.1683 -0.2820
-3.0079 -1.3233
0.7049 -0.2970
0.8671 -0.4221
-0.2661 -0.2409
0.3675 0.1562
0.0493 0.0350
-0.5877 0.3933
0.0108 -0.0142
0.1035 -0.1982
-0.1708 0.3322
0.6677 0.5516
-0.5533 3.1446
0.5302 0.7117
-0.3089 -0.9141
0.0513 -0.2351
0.0926 -0.0541
0.6384 3.5407
0.0375 -0.0354
0.1052 -0.7246
-0.1596 0.1070
-0.9650 -0.1238
-0.3647 -0.8480
-1.5264 2.5035
0.7406 0.1986
-0.0796 -0.8468
0.0189 -0.0045
-0.1955 0.0584
-2.0155 0.7819
0.0760 -0.0232
-0.2909 -0.3102
-0.2534 -0.6922
0.0312 0.0564
0.0781 -0.2998
-0.7687 0.3031
0.3410 0.2455
-0.0161 -0.0965
-0.4384 -0.5959
-0.1414 -0.5336
2.6331 1.3426
-0.8881 0.4548
-0.0635 -0.1153
-0.0120 0.3707
2.7437 -0.5045
-0.5003 -0.6667
-0.8773 -0.2396
0.0379 0.0675
0.4878 1.2433
-0.8959 0.2992
0.9861 0.0002
0.7619 2.2141
-0.6180 -0.2686
0.5475 -0.4342
0.3250 0.0866
-0.4051 0.4490
-0.5050 -0.1960
-0.1924 0.1346
0.6609 -0.5258
0.7416 -0.6453
0.3279 0.5932
-0.0978 0.1306
-0.1826 -0.7985
-0.0570 0.1164
-0.3445 0.7138
0.1492 0.0240
0.0573 -0.7310
-0.0086 0.0082
-0.0602 -0.9222
