0.0065 0.2755 -0.3645
-0.5628 -0.3883 0.3915
-0.2634 -0.8076 -0.0245
0.0199 -0.0303 0.1520
-0.5059 -0.0753 -0.2374
0.0590 0.1095 -0.0304
-0.4454 0.1273 -0.3334
-0.0091 -0.0303 -0.6533
-0.0133 -0.0181 0.8462
-0.3452 -0.6466 -0.6619
-0.0083 -0.0177 -0.0890
0.4193 -0.1883 -0.0120
0.1605 -0.1500 -0.6717
-0.6674 -0.3568 -0.0653
-0.2126 0.7987 -0.2993
-0.1442 -0.1170 -0.0461
-0.0002 0.0008 0.6879
-0.0091 -0.0340 -0.7276
0.0190 -0.0400 0.1959
-0.1094 -0.0992 -0.2842
0.4396 -0.2851 0.2954
-0.0013 -0.0018 -0.2009
0.0054 -0.0005 0.8078
0.0974 -0.4631 0.6808
0.0558 0.0817 0.3750
-0.1206 0.6121 0.1471
0.2674 -0.0567 0.1248
0.5178 -0.1143 0.1031
0.0019 -0.0052 -0.0082
-0.1890 -0.0872 0.0254
0.1771 -0.1518 -0.9288
-0.0078 -0.0161 0.0270
-0.6403 -0.0181 0.3447
0.0453 -0.0639 -0.0735
0.0199 0.7265 -0.6261
-0.0011 -0.0397 -0.8986
-0.1701 -0.1649 0.7641
0.2266 -0.8815 0.0908
-0.0450 0.6419 0.1062
0.0595 -0.0008 0.0175
-0.1667 0.1977 0.4573
0.6602 -0.6182 0.0996
0.1225 0.2140 -2.8957
0.0503 -0.0374 -0.0786
-0.4255 0.2125 0.3816
-0.4749 0.0804 -0.4545
0.0034 0.0221 0.0166
0.2008 -0.4085 0.6023
-0.0130 -1.7580 1.2386
0.0080 0.0924 0.0135
