7.842816973532427960e-02 -5.716712118571438961e-02
-8.994219689858108657e-02 -3.852956434638320216e-02
8.237515356482051354e-01 -3.819126131814979397e-01
-1.116417390201784737e-01 -8.698602574047291647e-01
1.474967108213851019e-01 5.902303212238406704e-01
-2.978917867514026090e-03 1.440103648490696775e-02
-5.558488877513327875e-01 4.898455809559831287e-01
-5.643318549329056494e-02 -5.610570754395451942e-01
3.417199409858194814e-01 -1.531127771449585229e-01
-6.560059324662458335e-01 6.398846049958238913e-01
-1.154497733909878726e-01 3.274949856611973908e-01
4.352973793609301589e-01 -8.015005102723403718e-01
2.160070897519034694e-01 -8.078364046435432266e-01
-1.720118978906156337e-01 -4.241352917600758610e-01
-3.604670314016630850e-01 8.277750121728396637e-01
2.311184322868349017e-01 1.365537732148317251e-01
-7.099706652013835217e-01 -8.240989006204538225e-02
-1.077444862108326191e-02 -3.100007138627805092e-03
-2.151312779392684227e-01 -1.951152085582216200e-01
-2.404525357536474450e-01 1.222135601621535950e-01
1.437057165348743504e-01 -7.822414771491138785e-02
5.072905902665433286e-01 -3.408810429621221272e-01
2.756979474287103715e-02 -3.942281728597731016e-02
3.726315705783157101e-02 7.567402492010444522e-03
3.414784461259245396e-01 5.868515397557395596e-01
3.350876614296989242e-01 5.900751773508388087e-01
6.372414599089343268e-02 -8.161152989664263169e-01
-3.205799126688371747e-01 4.488118716837771749e-01
3.896824249446039640e-02 -2.543626536906539934e-02
2.763129605185936088e-01 9.517004482601433279e-01
-1.317209086956402583e-02 -5.437355189267869537e-01
-2.275882129913905649e-01 7.428990678997978714e-01
4.364291489958627146e-01 -7.945800363656793097e-01
-5.821725941289676021e-01 1.098084859645131611e-01
8.859204481154901722e-02 6.769613842094009126e-02
-4.449637774372353777e-02 3.350111829903617416e-02
8.182759195983873024e-01 -4.091437782790597888e-01
-1.270608035168299954e-01 1.754730592599073047e-01
4.587386149570735205e-01 -5.424718327578866017e-02
-7.790160513845315604e-01 -3.618600982522081067e-01
-5.939605218229260242e-02 -8.464470534659174206e-01
-8.754315579649448731e-01 1.794336442086833794e-01
4.276932065566642072e-01 2.437763342416513213e-01
1.629261295135714938e-01 8.228548815371500291e-02
-1.215744287416829217e-01 -9.274662723989703095e-02
7.786282518708275147e-01 -3.743324682144534288e-01
-3.929908586296164685e-01 5.825311984236322127e-01
7.536820319198698215e-01 -4.246880352282002002e-01
-6.942002159395336269e-01 2.541173958195792615e-01
-1.282563816416523450e-01 -1.904866446016664772e-02
4.627660516918425948e+00 -9.435941314394130294e-03
4.566555112747852085e+00 -1.324276936324420839e-01
3.954205761757652038e+00 7.186879835885520151e-01
4.443959304264959442e+00 -9.306756421458176609e-01
4.168794684437547637e+00 -4.072752437922756985e-01
5.099686653527848001e+00 5.614251441786183294e-01
4.582478546423232935e+00 3.019604660146741337e-01
4.329409884354005200e+00 -2.114750517563095122e-01
4.181426661466727701e+00 1.923139444957639443e-01
4.403145455298169253e+00 -1.715024292664507344e-01
3.965899313843501695e+00 -6.001812450489603101e-01
4.304931788023404593e+00 -1.458422833197222379e-01
4.799585134650915741e+00 5.825394904734682022e-02
3.949385866593833949e+00 1.534237138569002068e-01
4.650428985069424925e+00 -7.650849302760172055e-01
3.967047263793242351e+00 -5.631079281136807113e-01
4.786996685836206744e+00 2.861472502916907051e-02
4.458783752216451290e+00 6.957234047305778102e-01
4.239525563581191925e+00 -5.411374016186976110e-02
4.688184580119139966e+00 -5.616947740222086871e-01
4.648050593755558957e+00 1.778055572518431882e-01
4.545052213471271862e+00 5.590309818175395185e-01
5.214693713719589674e+00 -1.775452561422686537e-01
5.112063350226904390e+00 7.735147653721720362e-02
4.445022570278226226e+00 1.823825118170976367e-01
4.654320401840811527e+00 3.155525060476387367e-01
4.151582875065818357e+00 2.221376728454125399e-02
4.451395763892720403e+00 6.670448725443516025e-02
4.601439523423684008e+00 -1.040285056834085731e-01
3.917219151356970741e+00 -2.354397727560698095e-01
4.149679428334531295e+00 -3.903945933918110955e-01
5.328134198089470530e+00 -9.934831291637349904e-02
4.514715274928237321e+00 -6.398229613527668669e-02
5.133386615980221279e+00 -6.233494224995744792e-01
4.325946778095826062e+00 -7.453071853812995307e-02
4.728070419087558207e+00 -6.624389128163477025e-01
5.130212518974436087e+00 3.163981002247898688e-01
4.844326449728557193e+00 -1.094795703684073168e-01
3.981676507454052327e+00 7.813330201086867710e-01
4.437631717728049985e+00 1.180970858231636250e-01
4.470539292188267844e+00 -1.975565958829650012e-02
4.443110182942023201e+00 -6.330537160959748277e-01
5.208599362534913624e+00 8.122585507308426045e-02
5.124115520524560097e+00 9.653680519788747361e-02
4.463325622497971601e+00 -2.995508175974060522e-02
4.515560915511661833e+00 -1.505533882122597235e-02
4.336408182016809221e+00 8.963868212707407079e-02
4.940033218689403149e+00 -7.918828644044234588e-01
4.817100461160163327e+00 -4.772251428244992932e-01
5.360788662054735809e+00 2.867363173399843368e-01
