0.0756 -0.7068 0.2469
0.1868 -0.6719 -0.3693
-0.2618 0.0895 0.8466
0.1969 0.1732 -0.8749
0.1186 0.0854 0.9678
1.5803 -1.0809 0.5198
0.0254 0.0143 0.0219
-0.0784 -0.0770 0.0020
0.5166 0.0232 0.3622
0.6411 -0.1250 -0.3442
0.0811 -0.0249 -0.3310
0.0998 -0.0879 0.1046
-0.0049 0.0122 -0.7041
0.0830 -0.0766 0.4390
0.2028 0.0726 0.1819
0.0027 0.0072 0.0438
0.5729 -0.0714 0.5802
0.1912 -0.1626 0.8300
-0.3137 -0.4934 -0.6810
0.1462 0.3377 0.1536
-0.7660 0.2475 -0.2077
-0.0224 -0.0871 -0.2090
-0.1165 -0.1451 -0.1387
0.1826 -0.6780 0.6258
-0.2229 0.0602 -0.3969
-0.7695 -0.0519 -0.2679
-0.0471 0.1031 0.2767
0.0148 -0.2926 0.2059
0.0649 -0.0124 0.2016
-0.0038 -0.0558 -0.8175
-0.3499 0.0487 0.3963
0.3478 0.2211 0.0014
0.0199 0.0503 -0.0337
-0.0131 0.0153 -0.0609
-0.0127 -0.1856 -0.4102
-0.2002 -0.1623 0.8744
-0.0258 0.1274 0.8441
-0.6473 0.1013 0.7053
0.2250 -0.0661 0.3764
-0.1027 -0.4090 0.1695
0.0298 -0.5375 0.0684
0.1452 0.1502 0.0549
0.2373 -0.1289 -0.1978
-0.8373 0.5105 -0.5058
0.0302 0.5008 -0.4889
0.1181 0.1093 0.6441
-0.0090 0.0115 0.0443
0.0457 -0.0355 -0.9488
0.6332 0.1941 0.4532
-0.0056 0.0694 0.0711
-0.0304 -0.0430 -0.6886
0.1591 -0.1629 0.0846
0.0322 -0.1982 0.0103
-0.2827 -0.2662 0.3671
-0.1003 0.2344 -0.3021
-0.0316 0.1175 0.1159
0.1332 0.0308 0.9435
0.4097 0.1517 0.3718
0.1828 0.0144 -0.0868
-0.0063 0.0608 0.7066
-0.3774 0.5924 0.6691
0.3241 0.1451 -0.2245
-0.0188 -0.2036 0.6885
-0.4263 0.2683 0.1317
0.4818 0.0172 -0.2171
-1.2417 -0.6502 -1.3230
0.0798 -0.5538 -0.0946
0.1044 -0.1429 0.1439
0.2392 -0.0010 -0.4496
-0.4449 0.6468 -0.1827
-1.7087 -1.1920 0.0072
-0.4610 0.1775 0.2978
0.6453 -0.3954 0.4955
-0.2390 0.0552 -0.7535
-0.7900 0.3741 -0.4233
0.0476 -0.3858 0.4873
0.0911 -0.0427 -0.8946
-0.9358 -1.5168 0.0688
0.1707 0.4330 0.0998
0.0774 -0.0011 -0.1494
0.0011 0.1200 -0.3644
-0.3678 -0.3141 1.6575
-0.2393 0.0066 0.5063
-0.0060 -0.0002 -0.0214
-0.9578 -0.2484 0.0708
-0.5918 0.0547 -0.2075
-0.0021 -0.0019 -0.0181
0.1705 0.7322 0.3495
0.4321 -0.0391 -0.5094
0.3391 -0.2281 0.1142
0.0094 -0.0041 0.0247
-0.0062 0.0101 0.2936
-1.4230 -1.0894 -0.4207
0.1947 -0.1487 0.6467
0.0498 0.1825 -0.1006
0.1292 -0.0228 -0.2737
-0.0387 -0.0355 0.1894
0.0715 0.2388 0.6007
-0.0132 -0.0102 0.1835
0.1843 0.2690 -0.9180
-0.1562 -0.0234 0.2513
0.0246 -0.0886 0.9381
-0.1467 0.0160 0.5530
0.0595 -0.2651 -0.0515
0.5933 -0.0478 0.2934
0.0198 0.0385 -0.2504
0.4151 -0.1042 -0.5171
-0.0251 0.0269 0.9187
0.1920 -0.3790 0.0285
-0.0296 -0.2472 0.1232
0.3576 -0.1647 0.5467
-0.0253 -0.0675 -0.5078
-0.8527 -0.0484 -0.1174
0.0092 -0.0305 -0.0414
-0.1153 -0.6649 -0.0503
-0.7526 -0.1743 0.1217
0.1948 0.2756 -0.4679
0.0284 0.2300 0.4118
-0.0433 0.2170 0.0056
0.4654 0.4818 0.0677
-0.1507 -0.3945 -0.4795
0.4695 0.3559 0.6115
-0.0206 -0.2491 -0.1904
-0.0437 0.5193 0.3036
0.1361 -0.2298 0.2729
0.1880 0.2204 0.7690
0.5064 -0.4810 0.2305
-0.0803 -0.0228 0.1521
0.0565 -0.0935 0.5313
-0.2100 0.5730 -0.4372
0.8010 0.0506 -0.5831
0.0148 0.0424 -0.7115
0.1074 0.1536 0.0166
0.0699 -0.0163 -0.0380
0.0243 -0.0970 0.1548
-0.1708 0.1694 0.3000
-0.0780 -0.0602 -0.7129
-0.1978 0.0967 0.3249
-0.6764 -0.0552 -0.8745
0.1364 -0.3386 0.0644
0.2272 -0.2312 -0.0913
-0.2303 0.2238 -0.3472
0.0290 0.0340 0.0512
0.0128 -0.4704 0.5214
-0.0001 -0.0011 -0.0065
0.6574 0.7310 -0.0681
-0.4783 0.0245 0.1885
-0.2137 0.6994 0.1526
0.0439 0.7038 -0.1426
-0.0686 -0.1587 -0.3335
-0.2249 -0.1322 -0.1803
-0.0406 -0.5786 -0.0532
-0.0664 0.2979 0.3262
-0.1194 -0.5300 -0.7593
0.0372 -0.0979 0.0533
-0.2367 0.0655 -0.0206
-0.1388 0.0693 0.1768
0.1542 0.1892 -0.2839
0.0510 0.0195 -0.1538
0.2607 -0.1794 -0.1400
-0.0677 0.7728 0.1556
-0.1906 -0.0990 0.6175
-0.1563 -0.1154 0.1558
-0.0413 -0.6604 -0.0234
-0.3420 -0.4281 0.3875
-0.3832 -0.1356 -0.1998
-0.0029 -0.0052 0.0118
-0.0045 -0.0027 -0.1306
-0.8474 -0.2501 -0.1385
-0.0548 -0.1646 0.5989
-0.1981 0.5828 0.1703
-0.4979 0.2576 -0.5097
-0.0218 -0.1289 -0.0735
0.0502 -0.0317 -0.6399
-0.3059 -0.0270 -0.1567
0.1612 -0.6672 -0.2556
-0.0850 -0.0112 -0.8852
-0.3671 0.2968 0.6991
0.0019 -0.0617 -0.0615
0.5130 0.2811 -0.2906
-0.0672 0.0613 0.3731
-0.2008 1.8761 0.3360
-0.0015 0.0027 0.0112
0.0838 0.0171 -0.0231
0.3693 -0.1903 0.0564
-0.0334 -0.0896 -0.0259
-0.0103 0.5335 0.6756
0.1715 -0.1282 0.4111
0.0529 0.2273 -0.4303
-0.2159 0.0388 -0.0110
0.0382 0.0095 -0.1768
-0.1273 0.3300 0.3227
0.0837 0.0169 -0.4731
-0.7865 -0.4664 0.1045
-0.2492 -0.0108 0.2662
-0.2059 0.1253 -0.4116
-0.6567 -0.3211 0.6004
-0.0431 -0.0867 0.0075
0.2957 -0.1984 0.2587
0.6112 1.8116 -0.1226
