-0.2036 -0.1844 -0.4032
-0.2002 0.2817 -0.1423
-1.0722 1.9226 1.1106
0.0109 -0.0687 0.0368
0.0920 0.7021 -0.4923
-0.0617 -0.1961 0.6570
0.0017 0.0031 0.0132
-0.2144 0.2274 -0.7095
-0.1274 0.0512 0.3573
0.3194 -0.2826 0.6019
0.2307 -0.2551 -0.1760
-0.4912 -0.1048 0.7662
0.2270 -0.2159 -0.2348
0.5857 -0.4336 -0.1866
0.1376 0.6544 0.6894
-0.1624 0.3408 -0.8263
0.0049 -0.0029 0.5774
-0.0012 0.0047 -0.0051
-0.0301 0.1757 0.3178
-0.6883 -1.9591 2.1753
-0.2913 0.1203 0.0665
-0.2875 -0.3932 -0.0366
0.1772 0.5315 0.4463
0.3662 0.2968 0.7713
0.3128 0.4537 0.7933
-0.0057 -0.0006 -0.1439
-0.0019 0.0014 -0.0124
-2.2776 -0.4630 -1.8918
0.0113 -0.2304 0.6490
0.3106 -0.0491 0.1520
0.1089 0.0018 0.0429
-0.7325 -1.4277 -0.8920
0.0053 -0.0199 -0.0138
-0.0306 0.0378 -0.7081
0.2661 0.3342 0.7728
1.9944 -0.2248 1.0221
-0.2288 -1.1060 0.1483
0.0014 0.0006 -0.0009
0.0394 -0.2196 -0.0466
-0.0321 0.0045 -0.0431
2.4349 1.1129 2.1634
-0.1933 -0.0401 0.3029
0.5636 0.5905 -0.0348
0.1027 -0.0137 -0.0245
-0.6178 -0.0736 0.4316
0.0089 0.0459 -0.0850
-0.1384 -0.0078 -0.2581
-0.0322 -0.0297 -0.0156
-0.0990 0.4717 -0.1230
-0.3137 0.0535 -0.2814
5.1359 -0.1071 0.0925
4.3541 0.3978 -0.2985
5.4661 0.5844 -0.2163
4.7911 -0.4942 -0.2126
4.7500 0.0734 0.1981
4.6952 -0.6620 -0.8084
4.9931 -0.0839 -0.1114
5.9782 1.7995 -2.4240
5.3958 0.2913 -0.5791
5.1190 0.0934 0.0137
4.2546 0.2368 0.5914
4.6150 -0.0506 0.6467
5.0311 -0.0073 0.0604
4.5840 0.1114 -0.2880
5.0052 -0.0336 0.0673
4.6199 -0.4758 -0.7264
3.0638 -0.2756 -0.8521
4.7481 -0.2655 -0.5202
5.1120 0.0924 0.5043
4.4189 0.1370 0.0494
7.5447 0.3849 0.4101
5.1165 -0.2337 -0.0513
4.4690 0.4482 0.5056
4.9907 -0.0013 0.0304
4.7739 -0.0512 0.1386
5.2726 0.0468 0.8095
5.7267 -0.0741 -0.1399
4.9763 0.0164 -0.0208
5.1928 -0.0800 0.1941
4.7657 -0.0264 -0.2076
5.0102 -0.0316 -0.0171
5.9986 1.3356 -0.5117
5.1914 -0.2766 -0.2885
5.2000 -1.5306 -0.7938
5.0085 -0.0192 -0.0530
5.5575 -1.5664 2.8070
5.0730 0.5779 0.0029
5.1183 -0.0741 -0.0641
4.9121 0.2163 0.1671
5.0347 0.1871 0.2301
4.9995 0.0062 -0.0009
4.8008 -0.2476 0.0279
4.9705 -0.0464 0.2089
5.0072 -0.0109 0.1604
5.0957 0.1202 -0.0872
5.0039 -0.0124 -0.8637
1.8189 -2.0391 -0.0610
4.7879 0.6692 -0.4856
5.1461 0.2518 -0.1019
4.9848 -0.0214 0.0490
