-0.6379 -0.1901
0.1235 -0.5762
-0.1614 -0.1850
0.2173 0.1306
0.1139 -0.0921
-0.0654 -0.0102
-0.6113 0.6534
0.6420 0.5800
0.1194 -0.1027
0.8262 -0.0314
0.3111 0.2615
0.1979 0.5148
0.2895 -0.2864
-0.1334 -0.2167
0.3692 -0.1043
-0.2890 0.1231
-0.2519 -0.3365
-0.3658 -0.2246
-0.4841 -0.4211
0.6798 0.4282
-0.2811 -0.6402
-0.0919 0.2424
0.4875 -0.7230
-0.3111 -0.0919
-0.0932 -0.5912
-0.5869 0.3207
-0.4891 -0.3729
0.2936 -0.3145
-0.0336 -0.0590
-0.3806 -0.6714
-0.0450 -0.2580
-0.7066 0.5602
-0.1227 -0.3538
0.0318 -0.0655
-0.0975 -0.1839
-0.2319 0.3034
-0.0001 -0.0009
-0.5339 -0.0301
-0.1288 0.1887
-0.0190 -0.4607
0.2474 -0.7381
0.0291 -0.8585
0.1775 -0.6926
-0.6380 -0.0208
0.3781 -0.1002
0.0640 -0.1052
-0.4243 -0.3519
-0.0829 0.3185
-0.5408 -0.2265
0.1236 -0.0326
-0.1827 -0.2053
0.4020 -0.8057
0.2659 0.2404
-0.1120 -0.0306
-0.3345 0.2816
-0.2313 0.3007
-0.1293 0.4111
0.2425 -0.0166
0.0891 0.0309
0.2956 -0.2819
-0.4935 -0.2788
-0.0280 0.0310
-0.4035 -0.1077
-0.6958 -0.0100
-0.0511 -0.0874
0.4927 -0.0340
-0.1557 0.3977
0.1637 -0.1911
-0.7625 0.1452
-0.0488 0.1841
-0.1519 0.0131
0.0843 -0.7851
0.2633 -0.1229
0.9507 -0.0371
0.1290 0.2748
0.1502 0.3451
0.4884 -0.1317
-0.2349 -0.5063
0.0007 0.0112
0.3736 0.2179
0.1090 0.6476
0.1803 0.1118
0.7000 0.2828
0.8569 0.4082
-0.0552 -0.2124
-0.0601 -0.0930
0.3507 -0.4500
0.7816 0.0763
0.1698 0.7704
0.6204 0.1053
-0.2586 -0.7472
-0.4070 -0.4320
0.7970 0.3535
0.4198 -0.2978
0.0093 0.5234
-0.5010 -0.4715
-0.0029 -0.0059
-0.9549 -0.1935
0.4221 0.3033
-0.7654 -0.4893
