-0.5140 -0.1954
0.1563 -0.5247
0.1376 -0.0904
-0.5491 0.0706
-1.2054 -1.9226
-0.3171 0.3011
0.5395 -0.5522
0.3954 0.4302
0.2060 -2.4172
0.3734 3.4942
2.5867 -1.1772
-0.5008 -0.1297
-0.2023 0.2687
-0.0463 0.0324
0.1055 0.6136
0.0181 0.2553
-1.8930 1.7522
0.6791 -0.3708
0.0138 0.0082
0.4395 0.3406
0.0100 0.2923
-0.2676 0.3121
0.2796 0.4406
-0.7757 0.2766
-0.0092 -0.9526
-0.1740 -0.0903
-0.4466 -0.8522
-0.1775 0.4015
0.0463 0.0242
-0.7103 -0.0845
1.8092 0.7373
-0.3082 0.4579
-0.0373 -0.0000
-0.0672 -2.0516
-0.2981 0.7729
0.5125 0.5470
-0.3684 -0.5447
0.2069 0.0793
-0.0691 -0.1026
-0.6095 0.5291
-0.2485 0.6176
-0.5962 -0.3065
-0.0649 -0.4089
0.6721 0.1534
-0.1189 0.1179
0.1357 -0.0882
0.1995 -0.2316
0.1070 0.4110
-0.3691 0.1941
0.6058 -0.3949
0.4106 -0.0196
-0.2076 0.7223
0.5426 0.0939
-0.2165 1.6578
0.4909 -1.9647
-0.4513 -0.1789
-0.0237 -0.0066
0.8436 0.3347
-0.1509 0.4124
0.0088 0.0356
-0.3374 0.0129
-0.2982 -0.3343
-1.8250 -1.7790
0.6765 0.0734
-0.3248 -0.6503
-0.4518 -0.0066
0.0145 -0.4315
0.4036 -0.7255
-2.2411 -2.2530
-1.0486 0.8371
0.0985 0.4360
-0.0757 -0.1452
-0.7154 -0.1851
-0.7401 -0.8743
0.2974 -0.5165
0.5300 0.7830
-0.0594 0.0010
-1.2856 2.6867
-0.0465 0.0252
-0.2109 -0.2477
0.1503 -0.2160
0.9001 0.3615
-0.6497 -0.5467
-0.9052 0.2190
0.4756 0.6803
0.0522 -0.0954
0.5166 -0.1638
-1.8385 1.0739
-0.2445 0.2611
-0.1873 0.6620
-0.2624 -0.2232
-0.1832 0.0249
-0.4727 -0.1268
-0.6530 -0.2459
-1.6284 1.5264
0.0537 0.0571
0.0012 0.0721
-0.7169 -0.5536
-0.1561 -0.1205
0.2408 0.6682
0.4585 -0.0911
1.7204 -2.6475
-0.7071 0.4494
-0.7841 -0.5279
0.0140 0.0534
0.1272 0.7732
0.0076 -0.0159
-0.4942 -0.4259
0.2409 0.0893
-0.0951 -0.1566
-1.9465 -0.8494
-0.2358 0.4831
-0.1307 -0.1006
0.0447 -0.0442
-0.2160 -0.4832
-0.0024 -0.0000
0.6281 -0.5543
0.0279 0.0407
0.3178 -0.3106
-0.1625 0.1522
0.0728 3.5487
0.9043 0.0381
1.6757 -0.7429
-0.0168 0.1532
-0.6404 0.2388
0.5896 -0.3269
-0.6569 -0.5725
0.1050 0.8531
-0.0764 -0.1907
-0.5612 2.6735
1.9788 0.6713
0.6079 -0.6793
0.0426 -0.0835
0.2868 -0.0712
0.3641 0.5568
-0.8555 0.1010
0.5528 0.4265
0.2268 -0.6306
0.1728 -0.3649
1.3667 0.8831
0.2228 0.5456
0.3918 0.5825
-1.0126 -1.2645
-0.1780 0.5755
0.0851 -0.2412
0.0537 -0.8474
-0.1261 -0.0503
-0.1916 0.2563
-1.6595 -1.2965
-0.0184 -0.2502
2.8613 1.1158
-0.2007 0.3091
0.2865 -0.1505
-0.1040 -0.5245
-0.0043 -0.0385
0.0106 -0.0071
-0.2034 -0.1093
-0.0067 0.2180
0.0357 -0.0839
-0.1217 0.0370
0.0030 0.4519
0.5050 0.7289
0.0120 -0.0751
-0.0346 -3.6252
2.7073 -0.7882
0.2832 0.2354
-0.3623 -0.8488
-0.7497 -0.1570
0.4233 -0.0455
0.5812 -0.0739
0.0716 0.9579
0.6637 -0.0218
3.5490 0.6556
0.1665 -0.2542
-0.4736 -0.1063
0.5692 -0.6284
-0.1512 -0.8161
-0.0281 -0.1626
-0.4617 -0.1623
-0.4198 0.7147
0.5070 -0.5075
-0.4032 -0.4654
-0.1953 -0.0036
0.1649 -0.2245
0.1900 0.6789
0.0362 -0.0510
1.8133 2.3608
0.1892 0.5186
-0.1485 0.0895
-0.6148 -0.2389
-0.0305 0.0451
-0.6825 -0.3221
0.5938 0.1144
0.1017 0.5034
0.1409 0.9163
0.8235 0.2012
0.3437 0.3645
0.1558 -0.0290
0.1381 -0.3709
-0.0352 -0.1151
-0.0080 0.0359
2.6024 -0.3865
2.6840 -0.2793
0.3137 -0.0136
0.4836 0.3214
0.1823 -0.0789
-0.0077 0.0397
-0.5313 -0.1664
-0.2568 0.5037
-0.9121 -0.0677
1.1215 1.0692
-0.7133 0.5812
0.2810 0.4853
0.1786 0.1505
0.1011 0.1680
0.0456 1.0110
-0.0003 0.0081
-0.0819 0.0629
-0.2829 -0.2420
-1.5576 0.4724
-0.2711 -0.1742
0.6437 -0.2691
0.2826 -0.1618
-0.1510 -0.5246
-0.5086 -0.0939
-0.8969 0.2846
-0.4587 -0.5929
0.0645 0.0524
0.6676 0.8409
0.7906 0.0311
-0.3428 0.2828
-0.1229 -0.0217
-2.6112 -2.1427
0.2948 0.4304
0.0635 -0.9194
0.2138 -0.1108
-3.3558 -1.4108
0.0757 -0.8662
-0.7235 -0.4244
0.0689 0.5265
0.0236 -0.0103
-0.1999 0.4007
0.1398 0.0761
0.4080 0.3720
0.0172 0.0067
0.1991 -0.0406
-0.1610 0.0183
0.6277 0.1599
0.7698 0.1049
0.7081 -0.0502
4.6183 -0.2905
4.4286 0.0167
4.3550 -0.8238
5.0566 1.5205
4.4896 0.0124
4.4180 -0.6027
4.1111 -0.8245
4.9213 0.5898
5.7530 0.4981
4.2532 -0.3942
4.2797 -0.0406
4.4095 -0.7021
2.3006 0.8647
4.6996 0.9001
4.6247 0.0441
5.3634 0.1111
3.6757 -0.2048
4.4992 -0.1695
4.5695 0.1138
4.5576 -0.0293
4.0985 0.1587
4.5846 -0.3007
4.5010 0.0039
5.0537 0.2020
1.5315 -0.3024
5.1877 0.6056
4.4790 -0.0484
4.4203 0.0422
4.9804 0.4055
4.3546 -0.7744
4.6115 0.3685
4.5719 0.5129
6.1909 -2.4185
4.1650 -0.1778
3.7223 3.4210
3.9146 -0.6391
4.0255 -0.3727
4.5010 -0.0005
5.1966 0.2390
4.4562 -0.1328
4.9195 -0.6940
4.5092 0.7092
4.7816 0.0861
4.9853 -0.7310
4.6192 0.0194
4.8801 1.5685
4.6971 0.2766
3.8642 -0.5368
4.5610 0.1095
3.1314 3.0587
4.4989 -0.0029
4.7553 0.1361
4.3079 -0.0179
4.1494 0.5439
4.7636 -0.0865
4.3965 0.0958
5.2819 0.8004
3.5905 -0.1275
4.1752 -0.5213
4.1377 -0.0234
4.1810 -0.0977
4.1825 -0.6292
4.0207 -0.1783
5.2674 0.1661
4.2314 0.9000
4.5490 -0.3167
3.8712 -0.3346
5.8142 0.0057
4.3769 -0.3091
4.6452 0.4475
3.8911 -0.5494
3.6326 0.2247
4.9796 -0.2244
4.9784 -0.0590
4.3638 0.2540
3.7851 -0.6644
4.4702 -0.0578
4.7092 0.2516
4.8963 0.5225
4.5431 0.4631
5.1336 3.1786
4.9428 0.3061
4.4541 0.2688
3.6389 0.9591
3.8008 0.5369
4.3754 0.7817
4.6437 -0.3905
4.4348 0.3068
6.8647 0.3685
4.7832 0.0993
4.6870 -0.0869
2.7533 0.1868
6.4800 -0.4289
4.0017 0.4573
4.4844 0.0768
4.1912 -0.0809
4.1569 0.2866
5.4858 0.0682
7.1823 -1.5446
4.1128 0.1237
4.1592 0.0406
3.0830 0.0817
4.5209 -0.0627
3.8109 -0.2523
4.2985 0.3374
3.7969 -0.5385
5.0943 0.2406
4.8963 -0.3843
4.5027 0.2127
4.9318 0.3294
3.8076 -0.3879
3.8747 -1.8875
3.4365 2.0124
4.5622 0.6218
3.7161 -0.3492
4.2652 0.3775
4.4644 -0.2446
4.9083 0.5788
4.7777 0.1250
4.8394 -0.6699
1.8931 0.9377
4.9234 0.6931
4.0608 -0.6893
4.2985 0.1272
5.3267 -0.5614
4.1020 0.2920
4.3942 -0.1078
4.9191 0.3926
3.9995 -0.6461
4.5198 -0.6975
4.0977 0.7151
4.2398 0.2022
3.9625 -0.2461
4.8744 -0.4050
4.0174 0.7922
4.8882 -0.1062
4.1146 0.1535
4.4724 0.0095
3.8848 -0.1073
4.4793 0.3580
5.4536 -0.0687
3.6732 -0.4903
4.6660 -0.6986
4.8003 -0.7760
4.5911 0.9639
6.6797 -2.2358
4.9552 0.7349
3.9656 -0.2652
3.5439 -0.2245
4.1047 -0.4479
4.0193 0.3428
4.6960 -0.1003
5.4871 0.0147
4.5017 -0.5763
3.8734 0.6354
5.0806 -0.1753
4.0299 0.0478
4.2171 0.7584
5.7188 -0.5608
4.9094 0.1689
4.0652 0.4676
4.1207 -0.5154
4.9960 -2.4251
3.9776 0.7102
3.1778 -1.0874
4.4169 0.1901
4.4358 0.0961
6.2502 2.9447
4.2502 -0.0628
4.6726 0.0191
4.2862 -0.2860
3.6567 -0.1151
4.8131 0.5371
1.5289 0.4064
4.0071 0.7934
4.2736 0.5333
5.7154 1.8162
4.3190 -0.0656
5.2350 0.3854
1.6941 -0.1461
4.9648 -0.6674
3.4516 3.2417
4.0007 0.1392
4.7296 0.1827
4.2652 -0.4559
4.5606 -0.4758
5.4896 0.0203
4.6804 -0.0474
4.3499 0.4012
4.2190 0.7413
4.6973 -0.7428
4.4860 0.0394
4.3532 0.5288
2.1339 1.0390
5.0296 0.6194
4.7236 -0.1567
4.7261 0.6145
3.9069 -0.2899
3.6828 0.3791
4.4612 0.0212
4.5474 0.0151
4.3244 0.8680
5.2024 0.2506
4.6823 0.8880
4.4676 -0.6656
4.4230 1.5961
4.5477 0.0958
4.5207 -0.0777
4.3625 -0.1429
4.6606 0.4561
2.8739 -1.3967
1.4648 -1.9995
4.3128 -0.2754
4.6173 0.4788
5.3485 0.3519
3.9441 -0.3427
4.6191 0.6613
4.4849 0.0007
4.6384 0.5650
5.1494 0.5795
5.8973 -1.5523
5.1832 0.2635
5.2365 -0.5066
3.8049 -0.1481
4.6215 0.5995
4.4683 0.1846
5.1371 -0.3949
4.3686 -0.3028
4.2566 -0.2748
4.0684 0.7115
4.5263 -0.1016
3.5269 -0.1866
5.4382 -1.0227
1.0454 0.0115
4.3557 -0.0397
3.8282 0.0080
4.1896 -0.0650
3.8669 0.1048
4.2502 -0.2572
3.7146 0.5131
3.9488 -0.1199
5.0742 -0.7911
4.6357 -0.1909
4.4152 -0.1950
3.0506 2.6571
4.2197 -0.4095
5.2239 -0.2383
4.4501 -0.2303
4.1981 -0.0651
4.1085 -0.1585
