-0.4145 0.8280 -1.2532
0.0044 -0.4667 0.7485
-0.3805 -0.1639 0.1465
0.0739 0.4330 0.4644
-0.0446 -0.0101 -0.0394
-0.0304 -0.0393 -0.7151
0.4530 0.2181 0.2423
0.0069 0.0056 0.0057
-0.4573 -0.8041 0.3711
-0.0916 -0.0219 -0.7877
-0.3439 -0.5142 -0.2375
0.0445 0.1355 -0.0394
-0.4613 -0.4730 -0.7449
-0.0588 -0.0328 -0.5446
0.0411 -0.2440 -0.0204
-0.0171 0.0118 -0.1243
-0.2228 0.6862 0.3365
-0.2532 0.5046 0.7395
0.1483 -0.7088 -0.7002
-0.1702 -0.0321 0.9608
-0.0712 -0.4999 -0.1478
0.1123 -0.0272 0.3034
-0.0410 0.0717 0.0433
-0.0490 0.1564 0.0352
-0.0533 0.2713 0.0301
0.0034 -0.0004 -0.0046
-0.0240 -0.0685 0.1289
-0.0300 0.0025 0.0456
-0.0578 -0.1289 -0.1246
-0.7171 -1.1515 2.1301
0.6430 0.0165 0.4200
-0.0155 0.0589 0.1343
0.4556 0.0359 -0.3453
-0.2512 -0.0352 0.1461
0.1375 0.0961 -0.5599
-0.2701 0.1700 0.3540
0.1860 -0.0373 0.7332
0.0524 -0.0471 0.7023
-0.0736 0.1186 0.4257
0.1863 0.0265 -0.7354
0.3156 0.6039 0.4448
0.0076 -0.0965 0.0610
0.4648 -0.0100 -0.4742
-0.7853 0.4143 0.1442
-0.6605 -1.1750 -0.7765
-0.3060 -1.5185 1.3072
-0.0535 0.0308 2.1698
0.2964 -0.4016 0.1986
-0.1040 -0.0897 1.5058
0.2488 0.1163 0.7207
-0.0489 -0.2455 0.1643
0.0029 0.0988 -0.3599
-0.0180 0.0148 0.3792
-0.0162 -0.4651 -0.2640
-0.0519 -0.0510 0.0617
0.6478 -0.0123 0.4137
-0.1385 0.9775 0.0432
0.0815 -0.2188 0.5535
-0.4248 -0.3933 -0.7860
0.0404 -0.0833 -0.2929
-0.1331 -0.0502 0.6665
0.0877 -0.5588 -0.4065
0.0960 -0.4568 0.4658
0.0661 -0.0019 0.0375
-0.0064 -0.1503 0.1793
0.2843 -0.1246 0.1549
-0.0207 -0.0434 -0.3056
-0.4319 0.2712 0.5083
0.3571 -0.0397 -2.0853
-0.0870 -0.2267 -0.3784
-0.4535 0.2719 -0.6420
-0.0102 -0.0935 -0.1757
-0.1515 -0.1010 -0.0737
-0.9735 -1.0653 0.4732
-0.1908 0.3490 0.0587
0.0123 0.2233 -0.1880
0.1527 -0.1292 -0.5641
0.4153 0.7018 0.1594
0.0568 -0.0651 -0.5660
-0.0471 -0.9636 0.1660
0.0067 0.0125 -0.0175
0.0224 -0.0376 0.0280
-0.0298 0.0753 0.9388
-0.0033 -0.0107 -0.0157
-0.3232 0.1021 0.0128
0.3724 -1.8384 1.3331
0.2379 -0.2382 -0.2646
-0.0113 0.0099 -0.3159
0.0261 -0.6678 0.2687
0.2442 -0.1247 0.3160
-0.0096 0.0075 -0.3839
0.1522 0.3775 0.1359
0.6013 0.4032 0.4143
-0.0003 -0.0232 0.0188
-0.2937 -0.1349 0.0472
0.1244 0.1996 -0.3056
0.0522 -0.0122 -0.0569
0.0372 -0.0041 -0.0141
0.2402 0.0531 -0.4618
0.3468 0.4341 0.0210
