-0.0004 0.0457 0.3754
-0.7256 2.4989 -0.4143
-0.1798 0.0238 0.1433
-0.1011 0.2528 -0.8949
-0.0059 0.0225 -0.4928
0.1165 -0.0349 0.5693
-0.0330 -0.4139 0.3583
0.3167 -0.4187 0.2238
-0.0004 -0.0058 -0.2685
-0.3098 0.0468 0.1671
-0.2507 -0.2461 -0.1800
-0.2279 0.1842 0.1361
-0.0367 0.0278 0.0054
0.0628 -0.6444 0.2771
0.4345 -0.4485 0.4237
4.4628 0.3588 -0.4225
4.5108 -0.0094 0.0917
4.5075 -0.0059 -0.0061
4.5064 -0.1375 0.1986
4.4772 0.2319 0.3055
4.4787 -0.0966 2.7742
4.3902 0.1105 -0.2448
4.4874 0.0374 0.3566
4.6735 0.8868 0.1125
4.5022 0.0042 -0.2494
4.5084 0.0200 0.0086
4.9092 -0.3149 -0.5295
4.5082 -0.0005 -0.0124
4.2819 -0.2357 0.3580
5.6923 0.6915 0.5608
