0.6369 0.5945
0.2476 0.2962
-0.5987 -0.6218
-0.2775 -0.8565
-0.0523 0.6967
0.2467 0.5033
-0.4443 0.2356
0.7582 -1.9147
-0.7276 -0.4934
0.1894 0.4075
-0.3600 -0.1923
0.4052 -0.8216
-0.3159 -0.4159
-0.2220 0.0571
-0.2978 0.3311
-0.3403 0.1609
-0.3228 0.8794
0.8401 0.0170
-0.0090 -0.0049
1.1129 1.0607
0.1001 0.9098
-0.1074 0.2552
1.5147 -2.8126
0.0088 -0.2772
0.5985 0.3828
3.3375 -0.1569
3.2980 0.0436
4.3470 -0.6229
4.7741 0.3301
4.0507 0.0668
3.9712 -0.8919
3.9866 -0.1268
3.9104 -0.0976
4.7515 -0.3836
1.7936 0.1826
3.6458 -0.8447
4.9376 -0.2863
3.8879 0.0042
4.0091 0.1736
3.0413 -0.7044
3.9967 0.0023
4.6968 2.7357
3.6116 0.1474
4.2028 0.7331
4.1237 0.1545
4.3593 0.4703
4.0364 -0.1362
6.0254 0.9087
3.7743 0.2088
4.0736 0.2531
