0.2563 -0.0927
-2.4953 1.2773
-0.0098 -1.2233
0.0359 -0.0095
0.0168 0.0327
0.9011 -2.9957
-0.0938 0.7386
0.1695 0.2958
-0.4588 -0.0352
-0.0723 -0.0324
-0.0321 0.0222
0.4877 -0.2003
-0.1348 -0.0734
0.6575 0.3524
-0.2331 0.1953
0.0877 0.0136
0.0126 -0.4779
0.2102 -0.3197
0.5858 -0.2034
-0.0817 -0.1085
-1.3888 -2.3317
-0.0562 -0.2590
0.0210 0.8393
-0.2460 0.2735
0.2530 0.0729
0.0959 0.3720
-2.2721 -0.3098
0.3040 -0.1477
-0.8884 1.3140
0.1732 0.4655
0.8172 0.0238
0.0888 0.0143
0.0956 -0.3453
0.1880 0.1064
-0.4165 -0.4442
-0.2452 0.7162
0.5208 0.6166
-0.0523 0.0277
0.0006 -0.0888
-0.5600 -0.5365
-0.6037 0.6509
-1.0358 1.3724
-0.5987 -0.0189
-0.2564 -0.7155
2.1472 -1.0271
0.3824 0.7991
-0.9000 0.1260
-0.8159 0.3807
0.8762 0.1748
0.5265 2.2091
0.9834 0.9546
3.8772 0.3848
3.6915 0.4324
3.8012 -0.3594
6.6537 1.2191
3.9908 -0.0553
5.0725 2.4021
3.3482 -0.5633
3.3013 0.6010
4.1257 0.2230
3.6407 0.4333
4.0081 -0.0126
4.1529 -0.2777
4.5038 0.8311
4.0079 -0.0646
3.4312 0.6960
4.0749 0.0492
4.0855 0.6752
3.6795 0.3872
4.0400 0.2114
4.1576 -0.0875
3.3795 1.7535
4.1711 -0.2873
3.8920 -0.5582
4.1260 0.0388
4.0178 -0.0375
3.3836 0.7736
4.4486 2.3245
3.7381 0.0717
4.1485 -0.2864
3.5530 -0.2931
2.6265 1.8080
3.5197 -0.0306
4.5630 0.1499
3.6129 0.1996
3.6688 0.8380
3.5419 -0.7574
4.3356 0.2407
4.5529 -0.6497
4.0032 0.0339
4.6628 -0.6000
3.9991 0.2456
3.7677 -0.0667
3.8036 -0.0215
4.2142 0.0262
4.4675 0.1769
4.4398 -0.1924
3.6420 0.2728
4.0044 0.2710
4.2801 -0.0811
