0.0215 0.0246
0.1672 -0.0490
-0.7615 -0.0936
0.5074 -0.5784
-0.1386 0.1633
-0.1123 -0.0572
-0.3473 -0.0063
0.9699 -0.2113
-0.3112 0.1067
0.0529 -0.0615
-0.0557 0.1740
-0.1944 0.7702
-0.0444 0.0270
-0.3255 0.9359
-0.0090 -0.0007
0.1016 -0.1507
0.2757 -0.0783
0.0110 0.0209
0.1267 0.6194
-0.3222 -0.0550
0.2159 -0.1161
0.2282 -0.4850
0.0072 0.0069
-0.3025 0.2460
-0.0135 -0.1840
-0.3153 0.1460
-0.0135 0.9603
0.2336 -0.2478
-0.2309 0.4806
-0.2609 -0.0502
-0.1970 -0.5990
-0.1329 0.1218
0.0092 0.1299
-0.7032 -0.2019
0.6973 -0.4463
-0.3894 -0.5630
-0.0996 0.1878
-0.4068 0.3843
0.7466 0.4336
-0.0593 -0.0843
