-0.0845 0.0859 0.7798
0.0243 -0.0300 0.0405
-0.6509 -0.3681 0.5010
-0.0497 -0.0251 -0.0860
-0.3880 -0.0205 -0.4289
0.3815 0.5531 -0.6652
-0.2204 -0.2386 -0.4844
-0.3866 -0.2312 -0.2048
-0.1451 -0.0748 -0.1313
0.0309 -0.0410 0.0255
0.0128 0.0175 -0.7811
0.2215 -0.2473 -0.2458
0.0013 0.0062 -0.0548
0.1238 0.2010 -0.9517
-0.0223 0.6499 -0.1145
3.4811 -0.3677 -0.0368
3.2889 -0.5579 0.1849
3.4209 0.4618 -0.0831
3.1560 0.5656 0.2681
3.5003 -0.0006 0.0004
4.0989 -0.4432 -0.2823
4.0191 -0.0033 -0.1491
3.4935 0.0979 0.1603
2.9584 -0.1533 0.8172
3.4525 0.1168 -0.5461
3.4641 -0.2402 0.2183
3.6498 -0.2106 -0.0851
3.1851 -0.1627 -0.6732
3.9008 -0.1549 0.7129
3.9390 0.3635 0.1186
