-0.0922 -0.1382
-0.4205 0.5066
0.3762 -0.1734
-0.8783 0.1389
0.0227 0.0414
-0.2149 0.0971
-0.6235 0.1783
-0.0801 -0.1026
-0.6508 0.3330
-0.0808 0.3401
-0.0162 0.5383
0.9125 2.3368
-0.0231 0.0230
-0.0663 -0.1603
-0.1634 -0.0520
0.2141 0.0446
0.0936 -0.8164
0.3137 0.1557
-0.9428 0.1184
-0.6882 0.0172
0.0175 -0.0052
-0.1845 -0.0170
-0.1001 0.1519
-0.0007 -0.0329
0.5173 0.1568
-0.6497 -0.4944
0.2139 -0.6410
-0.7079 0.4476
0.4328 -0.2396
-0.1092 -0.1154
0.9419 0.2487
-1.7923 0.6746
0.3670 -0.6361
-0.6068 0.4387
0.3983 0.0097
-0.3123 0.7368
-0.0331 0.3310
-0.3774 -0.4193
-0.2334 0.0377
0.2900 -0.2109
0.1911 -0.2055
-0.0011 -0.0185
-0.3007 0.5185
0.1590 0.0353
0.1931 0.2538
0.0793 0.2560
0.3348 -0.5382
0.0208 -0.0291
0.0544 0.1789
-0.1003 -0.1232
