0.1174 -0.6152
-0.0888 -0.7083
-0.1932 0.6979
-0.0096 0.2776
-0.1323 0.2063
-0.0287 0.2586
-0.2026 0.0038
0.6116 -0.6369
0.6457 -0.2729
0.3926 0.4507
-0.0518 -0.0477
-0.4207 0.6583
-0.2416 -0.2231
-0.2025 0.3242
-0.0046 0.0124
-0.0049 -0.0383
-0.7801 0.4172
-0.1587 -0.4816
0.7290 1.4517
-0.6863 -0.2920
-0.0700 -0.0908
0.2375 0.8891
-0.5574 0.7721
-0.0346 0.8097
-0.1675 0.0798
0.1534 -0.1648
-0.4224 1.0723
-0.0174 -0.2203
0.5363 -0.5317
-1.5413 0.5938
0.3681 -0.1716
0.7560 0.5181
-0.0093 0.5318
-0.0522 -0.0135
0.0676 0.1883
-0.8513 0.1475
-0.1306 -0.0723
-0.1819 0.9682
-0.4509 0.1427
-0.2238 0.1557
-0.5433 -0.1027
0.5710 -1.1544
0.4558 -0.9851
-1.3917 0.1550
-0.1194 0.3256
0.1284 -0.0467
1.3886 -0.9716
-0.3179 0.3453
-0.2886 -0.1691
0.2095 -0.6534
1.0442 -0.3547
-0.0745 -0.2663
-0.1830 -0.8279
-0.3014 0.2781
0.0164 -0.5203
0.3852 -0.6819
-0.0054 -0.2451
-0.3648 -0.0194
-0.0288 -0.1267
-0.6009 -0.0762
1.0400 -0.2371
-0.4648 0.5564
0.3827 -0.7897
0.5247 0.3477
0.4100 -0.7899
0.0566 0.9471
1.5605 -0.5914
-0.1256 -0.0513
-0.7424 -0.8984
-0.0429 -0.2592
1.0969 1.2033
0.5435 0.1301
0.2712 0.4581
0.2761 0.9220
0.0604 -0.4605
0.2265 -0.2792
-0.0714 0.1230
-0.2378 -0.3123
0.0507 0.0429
-0.0669 0.5283
0.7482 0.2741
0.5828 -0.3067
-0.1224 -0.7746
-0.2437 0.1916
-0.8007 -0.2464
-0.9548 0.7551
-0.2281 -0.0505
0.0691 -0.1293
0.1890 0.1456
0.3529 -0.5255
-0.0832 0.2932
-0.6937 -0.5762
0.3565 0.4841
0.0666 -0.9121
0.0084 0.0073
0.1016 0.0321
-0.3838 0.2062
0.3604 -0.4019
-0.4971 0.3151
0.1024 0.0622
2.3942 0.0557
2.3679 0.0882
2.0061 0.6576
2.4786 0.6326
3.1058 -0.2112
2.8741 0.1986
2.7125 -0.1388
1.8856 0.5139
2.2842 0.1514
3.8638 -0.1058
2.9689 0.1707
2.6765 -0.9758
2.5927 0.1709
2.9812 0.7289
2.7440 -0.0024
2.3409 -0.1995
2.4499 0.3203
2.0948 0.1559
2.2790 0.1230
2.2006 -0.8364
2.7461 -0.4241
2.8034 0.5000
2.3087 -0.0560
2.5996 0.4250
1.9789 0.4242
1.4505 0.1594
1.7971 0.0483
2.3813 0.6737
2.5446 0.1356
2.7097 0.9064
1.9698 -0.4896
3.3299 0.4971
3.0889 -0.1036
2.5369 0.0282
2.5348 -0.3649
2.2971 0.4344
2.4325 -0.2780
1.9500 0.0674
2.6811 0.0414
2.1681 -0.3009
3.0349 0.1145
2.6131 0.1059
3.2633 -0.7673
1.8169 0.2719
2.4733 0.3136
2.8865 -1.1302
2.8182 -1.3207
3.3102 -0.5545
2.3614 0.0141
2.3966 0.0041
2.7373 0.9082
1.3089 0.7141
2.3957 0.0308
3.6291 -0.1476
2.0192 1.3021
2.1471 0.4630
2.6570 -0.8802
3.2920 -0.5984
2.0449 0.1489
1.9688 -0.6223
2.4842 -0.0093
1.9990 -0.5065
3.1823 0.9851
2.8458 -1.3983
1.7397 -1.4372
2.1081 0.6735
1.9247 -0.0535
2.5218 0.0021
1.8402 -1.3218
2.1198 -0.2839
2.5799 -0.4750
2.3988 0.2117
1.6026 0.3426
1.6891 0.0119
2.3036 0.2504
2.1759 0.3685
1.5240 -0.3050
2.6914 -0.2182
2.8309 -1.1516
1.8843 -0.7246
2.4500 -0.8141
1.5967 -0.1979
2.7240 0.1193
2.4350 -0.2198
2.5196 -0.0448
2.2947 -0.4362
2.4719 0.0722
2.6960 0.6328
2.6448 0.0574
1.6865 -0.3843
2.5079 -0.1841
2.7846 0.1110
3.2867 -0.6298
2.3482 1.5948
1.8472 0.0188
2.7129 -1.5599
3.2489 -0.4751
2.2935 0.0128
1.8892 0.5296
2.3196 -0.4146
