-0.9629 0.3380 -0.2213
-0.9295 -0.0092 -0.3083
-0.0173 -0.0164 0.4680
0.0593 0.1931 -0.0752
-0.4647 -0.6870 -0.3870
0.0165 -0.4737 -0.5521
0.1940 -0.0628 0.2754
0.3047 0.9345 -0.1535
0.0026 0.0026 0.0049
0.0026 -0.0020 -0.0036
0.0156 0.1502 0.4947
0.1302 -0.4704 -0.0655
0.0282 -0.0154 -0.0826
0.2950 -0.3423 -0.2049
0.0142 0.0235 -0.6202
-0.0468 0.0204 -0.5484
-0.0731 0.0447 -0.6031
0.0217 0.0242 0.0308
-0.2183 0.0928 -0.4544
0.6105 0.9954 0.8067
0.0524 -0.0357 0.1413
-0.2169 -0.4318 0.0653
-0.7292 0.3420 0.0745
0.1937 0.0006 -0.5314
-0.5601 -0.7248 -0.2138
-0.2115 0.2377 -0.1239
-0.5722 0.0379 -0.2629
0.1375 0.6178 0.2407
-0.0089 -0.0903 0.4934
0.2987 -0.3501 -0.4920
-0.5406 0.3799 0.6460
-0.5203 0.0122 0.2544
-0.0161 0.8345 0.1414
-0.0260 -0.0219 0.3488
-0.2318 0.0824 -0.5439
0.0320 0.0800 0.4246
-0.0319 0.1389 -0.2024
0.3447 -0.4825 0.7848
-0.0380 -0.0338 -0.0798
-0.0687 -0.2059 0.6089
-0.3531 0.2694 -0.8320
-0.4479 0.0078 0.1138
-0.8765 0.4022 -0.0040
-0.0387 -0.0556 -0.0172
-0.1465 -0.0174 -0.5329
-0.0210 0.4513 -0.4255
-0.5948 -0.2735 -1.1858
0.2694 -0.0184 0.7664
-0.5755 0.5645 -0.0486
0.2363 0.0011 0.5521
-0.0694 -0.0719 -0.1717
0.0174 0.0229 0.6739
0.0013 -0.0059 0.0032
-0.2751 0.3430 0.6486
0.0492 -0.0375 -0.6721
0.8700 0.0647 0.4761
0.1233 0.2332 -0.9405
0.1710 -0.6266 0.4900
-0.0354 -0.0032 -0.0350
-0.0189 -0.0329 0.8724
0.7160 0.1463 -0.2110
-0.2632 0.2651 0.8088
0.0429 0.0410 -0.3867
0.0404 0.3532 -0.7465
0.5688 0.6107 -0.5207
0.2006 0.1055 0.3852
-0.6279 0.2341 0.3717
-0.6685 -0.0170 0.7272
-0.1964 -0.0290 -0.4831
-0.0317 -0.0181 -0.5212
0.2731 0.1463 0.5230
-0.5063 -0.0501 -0.6143
0.0541 0.0345 -0.8359
0.6490 0.0708 0.1058
0.3141 -0.7901 0.3316
0.0080 0.0162 0.0174
-0.0001 0.0003 -0.1829
0.0552 -0.0086 -0.1187
-0.3029 0.1824 0.1816
0.2049 -0.6431 -0.7176
0.5952 0.0334 -0.2333
-0.0001 0.0018 -0.1161
0.0007 0.0002 0.0010
-0.0436 0.0916 -0.6200
0.4542 0.4722 -0.1970
-0.0158 0.0326 0.4425
-0.0685 -0.6209 -0.3386
-0.0083 0.2475 0.3647
-0.1344 0.3740 0.4194
0.0975 0.3069 -0.0334
-0.0434 0.3178 0.0978
0.0274 -0.0177 0.0059
-0.0676 0.0881 0.3536
-0.0382 0.0259 -0.5358
-0.7038 -0.1271 -0.1915
0.0025 0.0948 0.3409
-0.0189 0.1346 0.8311
-0.0156 0.0010 -0.4348
0.1172 0.0986 0.0848
0.0139 0.0062 0.0078
2.5189 0.3365 -0.2729
3.1176 0.1981 -0.4463
3.3041 0.4270 -0.7274
2.8669 0.7030 -0.0781
3.5410 0.1574 -0.8187
3.1269 0.4220 -0.7193
2.7064 0.8829 0.3385
2.8430 0.4442 -0.0236
2.9062 -0.4905 0.1673
2.5447 0.4719 -0.0396
2.9878 0.0448 -0.0223
2.7796 -0.1758 -0.0001
2.5608 -0.1872 -0.1071
3.1866 -0.3193 0.0034
2.4053 0.0316 0.0135
2.4338 -0.1461 -0.6815
2.8443 0.0572 0.0952
3.2939 -0.3096 -0.1971
3.1188 0.0728 -0.8451
2.9992 -0.1907 -0.2262
2.8686 0.0317 0.0719
3.1574 0.0659 -0.5155
3.1188 0.1606 -0.0630
3.1691 0.1555 -0.8230
3.5845 -0.2882 0.9736
3.0865 -0.0538 -0.8712
3.0038 -0.0076 0.0039
2.7846 -0.0757 -0.0089
2.8245 0.0358 -0.0188
3.3178 -0.2220 -0.6986
2.9831 0.1323 0.5166
3.2582 -0.2113 0.7799
3.0591 -0.0148 -0.2956
3.4804 0.0929 0.1837
2.3864 1.1412 -0.2783
2.9927 0.0661 0.0148
3.0249 0.2096 0.0456
2.9952 -0.0593 -0.5159
2.8097 -0.3324 -0.2478
2.6626 -0.6607 -1.3517
2.9142 -0.4143 0.6663
2.8986 -0.3333 -0.9336
3.0052 -0.0104 0.2044
2.3703 0.1062 -0.2425
3.0119 0.0261 0.0553
4.0030 -0.0970 -1.3296
2.8752 0.1411 -0.0785
3.3231 -0.0923 0.7341
3.0592 -0.2256 -0.2616
3.0859 -0.5809 -0.0946
2.9532 -0.1266 -0.0161
3.4363 -0.6628 -0.3596
3.1606 -0.0718 -0.4518
2.5776 -0.2303 -0.2436
2.7607 0.0096 0.8133
2.9937 -0.0248 -0.0056
2.9841 0.0184 -0.3118
3.4004 0.5004 -0.0935
2.9369 -0.1183 -0.0444
2.9631 0.5662 0.4415
3.2181 0.1191 0.3993
3.3935 0.0451 -0.2416
3.0433 -0.1113 -0.1431
3.0835 0.0318 -0.6170
3.1544 0.1291 -0.3186
2.6762 -0.1787 -0.3376
2.9671 -0.0079 -0.0320
3.0373 0.0478 0.1192
3.1022 -0.3814 0.0601
2.9275 0.0753 0.2790
3.5342 0.6938 0.0848
2.8069 0.1495 0.4368
2.4015 0.9081 -1.1023
2.7380 -0.1571 0.1303
3.7274 -0.2703 -0.6257
3.8648 0.1143 -0.2710
3.1524 0.2832 0.0318
3.1860 0.2259 0.1531
2.9979 0.7556 0.4866
2.7937 -0.1184 1.5215
2.9320 0.0506 -0.5884
3.0275 -0.2570 0.0731
3.3948 0.4716 0.2909
2.8531 0.0154 0.1477
3.0309 -0.1773 -0.3629
3.3846 0.4578 -0.1608
3.3258 0.1110 -0.8092
3.0068 -0.0209 0.7511
3.0087 1.7678 0.2003
3.4802 0.5437 0.0104
3.1371 0.3715 0.0171
3.0461 -0.1355 0.0174
2.4893 -0.3935 0.1553
2.9954 -0.0166 0.6968
2.9733 0.0278 -0.0033
3.1499 0.2028 0.4875
3.0465 0.0476 0.2147
3.0052 -0.0119 -0.9481
3.0017 -0.0001 -0.0310
3.0437 -0.0903 -0.0820
