-0.4427 -0.2403 0.4743
-0.0408 -0.3359 -0.6582
-0.9430 0.1886 -1.7774
0.0143 -0.0497 0.0724
-0.0013 0.1763 0.1651
-0.2638 0.2017 -0.5331
-0.0266 -0.3410 0.0863
-0.2794 0.2707 0.8346
-0.1104 0.0153 0.1723
0.1898 0.3078 0.9254
-0.1351 0.1038 0.6856
-0.0978 -0.1625 -0.1403
0.3794 -0.3679 -0.2072
0.4203 0.5499 -0.1141
0.0089 0.0377 0.4305
1.3553 0.3407 -0.0570
0.0004 0.0046 -0.0631
-0.9033 -0.0379 0.2003
0.0093 0.0645 -0.0412
0.0080 -0.0103 -0.2244
-0.2847 0.7371 -0.1327
0.1502 -0.3664 -0.0566
0.2161 -0.2830 -0.1140
-0.3965 0.0485 0.0776
-0.3438 0.1323 0.8080
0.4459 0.1596 -0.2655
0.0427 -0.0023 -0.0104
1.3195 1.4334 0.7803
0.0085 -0.0321 -0.5133
0.8988 -0.0478 1.6556
-0.0678 0.1322 -0.7915
-0.1471 0.0045 -0.5050
-0.1524 -0.0702 0.2132
-0.3971 -0.1728 0.0329
-0.0584 -0.0000 1.1338
0.0414 0.0970 0.4782
-0.6682 -0.0495 -0.3780
-0.8314 -0.3024 -0.0152
0.0040 -0.0012 -0.0032
0.3954 -0.0697 -0.9046
-0.0537 -0.0006 0.1154
0.3119 -0.3794 0.1200
-0.0251 -0.0871 0.0581
-0.2108 0.0789 0.1480
-0.2063 -0.5234 -1.5948
-0.3488 0.2815 -0.8313
0.1154 -0.0646 0.3893
-0.1865 0.2123 0.2941
1.4616 -1.4621 -1.6280
-0.2090 0.0955 0.0202
3.4425 -0.1449 0.1994
3.7291 -0.5519 0.0867
4.0312 -0.5083 -0.5225
3.2764 -0.0949 0.5386
3.5277 0.0684 -0.1720
3.7200 -0.1515 -0.7003
3.8255 0.2247 0.4342
3.9933 -0.4153 -1.3263
3.0519 -0.2330 -0.4903
3.6366 0.2046 -0.4071
4.0796 -0.0878 0.0101
3.8358 0.1935 -0.4231
3.4027 -0.1865 -0.7424
3.4990 0.0006 0.0024
3.4941 -0.0022 0.4581
3.7871 -0.0885 -0.2942
3.5704 0.0342 -0.1795
3.5524 0.2071 0.3553
3.4094 -0.1242 0.0303
2.7312 -0.7405 0.8739
3.5870 0.2063 -0.6722
4.1974 0.1752 -0.0997
2.2185 -0.0125 -1.0189
3.5165 -0.0152 0.1095
2.6523 1.9490 -0.9896
3.3014 0.0806 0.3898
3.6538 -0.1477 0.0818
3.5069 -0.0011 -0.0046
3.4521 -0.0078 -0.0707
3.4240 -0.1475 -0.4507
3.5445 0.0799 -0.7192
3.4994 -0.0102 0.0033
3.6645 -0.4110 0.1047
3.7457 -0.4627 1.4646
3.5074 -0.0047 -0.0039
3.7341 -0.0994 -0.2832
3.5391 0.0753 0.1990
3.2852 -0.1478 -0.5954
3.4970 0.2012 0.2815
3.5904 0.0810 0.7543
4.3499 0.8858 0.5299
3.2386 0.1850 -0.5012
4.2506 -0.2554 -0.1423
3.5363 0.1040 -0.8013
3.5313 -0.0046 0.0365
3.5436 -0.0338 -0.5630
3.5093 -0.0365 0.2982
2.8409 0.7676 -0.0937
3.2722 0.7771 -0.4672
3.9295 -0.8753 0.8885
