0.2056 -0.0803 -0.2737
0.3635 -0.0648 0.1478
0.0230 0.3319 -0.0884
0.0080 0.0254 -0.4860
0.0010 -0.0102 0.0572
0.0017 -0.2447 0.7441
0.0002 0.0026 0.0031
-0.2743 0.1666 -0.0785
-0.1445 -0.6847 0.2436
0.0607 0.0990 0.4407
-0.0385 -0.1421 -0.1415
-0.0248 -0.0005 0.2781
-0.6334 -0.0088 -1.7343
0.0053 0.0067 0.4032
0.0720 0.1518 0.7074
0.1573 -0.4148 -0.6245
0.4858 0.0683 -0.5763
-0.0010 0.0097 0.0492
0.1099 -0.0512 0.2064
-0.0919 -0.3191 -0.3212
0.4092 -0.5267 0.4188
0.1481 -0.1577 0.1123
0.7890 0.0953 0.3524
0.1130 0.1989 0.4584
0.3353 0.4424 -0.5517
-0.2499 -0.0793 0.1025
-0.0690 -0.1058 -0.2749
-0.6306 0.0264 0.0749
0.1529 -0.2716 -0.4001
-0.0629 -0.3904 0.1083
-0.0506 -0.0955 -0.7277
-0.1566 0.0186 0.0643
-0.0350 -0.4296 0.7502
0.1380 -0.1103 0.3305
0.0852 0.0093 0.1310
0.0673 -0.0345 -0.9637
0.1650 0.2174 -0.0418
-0.5682 -0.1447 -0.5911
0.1514 -0.1890 -0.3537
0.0807 0.0375 -0.4957
-0.1067 0.0057 0.4883
-0.2982 -0.2020 -0.4910
-0.2113 0.3452 -0.8312
-0.2018 -0.0894 -0.3085
-0.0621 -0.8146 0.1162
0.9297 -0.1975 -0.0181
-0.0253 0.0038 0.1280
-0.7163 0.4850 -0.4025
0.2696 -0.1080 -0.8355
0.2108 -0.5161 0.0153
-0.0623 0.0430 -0.0453
0.0719 -0.0707 -0.3429
-0.2415 -0.3473 -0.2091
-0.1547 -0.2461 0.4716
0.6733 0.2398 0.0140
0.1719 0.0401 -0.5958
0.0399 0.0223 -0.7980
-0.2141 -0.2731 -0.2307
0.4206 0.1108 -0.5258
0.1665 0.8323 0.2680
-0.0344 -0.0971 -0.3404
0.0302 0.2522 -0.5698
-0.0755 -0.4041 -0.1943
-0.1815 0.7382 -0.4490
-0.1411 -0.3021 0.2011
0.1817 0.1293 -0.1393
0.3297 -0.5819 -0.4636
0.2283 -0.6573 -0.6611
1.3799 -0.9093 -0.9385
0.3004 0.0831 -0.0016
0.5534 0.1376 -0.1711
0.2748 0.0566 -0.2885
0.1806 0.2678 0.3831
0.7193 -0.1676 0.3698
-0.1916 0.3590 -0.5612
-0.5965 -0.0978 -0.5137
0.2215 0.1590 0.0608
-0.0306 0.2103 -0.3828
0.0143 -0.1610 -0.9731
0.0062 -0.2161 -0.0517
-0.0526 0.0434 -0.0570
0.2071 0.1105 -0.5989
-0.1755 0.5635 0.6074
-0.6577 0.5685 1.2441
-0.1848 0.0680 0.6624
-0.4416 -0.1422 0.5131
0.1089 0.2450 0.3688
-0.2932 -0.1052 -0.4014
0.0524 -0.0337 0.2160
-0.2981 -0.0194 -0.2769
0.4544 -0.2023 -0.6728
0.5138 -0.4828 0.0592
0.0463 0.1972 0.9365
-0.5156 0.7354 -0.1002
0.3719 0.1265 -0.3255
-0.0230 1.1576 -0.9293
-0.1402 0.7517 0.0361
0.1685 -0.7672 -1.3240
0.0992 0.1038 -0.0216
-0.1244 -0.1981 -0.0252
