0.0444 -0.0632
-0.7080 -0.0936
0.1420 -0.5944
0.8832 0.4494
0.8510 -0.3558
0.0131 -0.0331
0.8834 0.2327
0.2723 -0.1805
-1.3926 -0.3660
0.8884 -2.5434
1.3337 0.0170
-0.0541 -0.0755
-0.0008 -0.7212
-0.5426 -0.8340
0.4679 -0.2362
-0.9104 0.3632
2.6587 1.2280
0.3608 -0.3145
-0.1708 0.0680
0.3273 -0.3532
-0.5664 -0.0016
0.7425 -0.0564
0.0918 -0.0294
-0.3449 0.4966
-0.2578 0.0098
-0.1320 -0.9292
-0.1579 0.2097
-0.5745 -0.4609
-0.4075 -0.4828
0.1515 -0.0640
0.2710 0.3367
0.5200 -0.2538
-0.1478 0.4666
0.4083 -0.0837
0.5431 -0.0987
0.2075 -0.6733
-0.9032 0.0048
-1.7402 -1.3430
-0.6260 -0.0851
-0.2165 0.0552
-0.6116 0.3763
0.5331 0.1709
0.1037 0.2263
-0.3487 0.2899
0.9510 0.1721
0.4698 0.3726
0.4751 -0.2396
0.1399 -0.9472
0.1408 -0.5102
-0.4307 -0.1781
-0.7820 -0.2038
-0.0908 -0.5272
0.1944 0.6247
-0.2767 0.5892
-0.4662 0.0812
-0.9779 0.2429
0.2076 0.7579
0.4866 2.0551
0.4724 -0.6279
0.4228 0.1810
-0.2773 0.0323
-0.0013 -0.5058
-0.0662 -0.0647
-2.7960 -0.5495
-0.0490 -0.8184
-0.2731 0.2465
0.3743 0.4747
0.1729 -0.6387
0.2935 0.2707
-0.9366 0.0150
-0.2606 0.3230
-0.0653 0.0924
0.8353 -0.0674
0.5410 -0.6335
-0.3216 -0.4560
-0.1912 -0.1268
-0.5278 -0.7069
0.7394 0.4679
0.0057 0.8741
0.7142 -0.0359
0.4689 0.4125
0.8697 0.1235
-0.1972 -0.9253
0.6594 0.4348
-0.6043 0.1528
-0.4558 -0.1537
-0.8573 -0.0787
0.6623 0.1132
0.6301 0.2920
1.3248 1.1882
-0.5577 0.0384
-0.0639 0.0252
-0.9482 0.0939
-0.0013 -0.0201
0.2049 -0.6071
0.6791 -0.0106
0.2506 -0.4763
0.1421 1.1571
-0.0424 -0.0410
0.4415 0.0933
-0.2235 -0.1630
-0.0133 0.0254
0.7482 0.1612
-0.0284 -0.0591
0.0217 0.0695
-0.0015 -0.0261
-0.3189 -0.2174
2.0967 -1.8296
0.1761 -0.4307
0.3744 -0.1688
-0.6695 0.5324
0.0893 -0.0048
-0.3168 0.8628
0.2915 -0.3912
-0.2515 0.0369
0.0063 -0.0171
-0.5994 -0.7625
-0.1338 -0.0910
0.1878 0.6879
0.1747 -0.0115
0.2420 0.3580
-0.0178 -0.4937
0.1536 -0.1138
0.2744 -0.3317
-0.0293 0.0456
-0.4878 0.3281
0.4367 0.6742
-2.9502 0.3967
-0.1893 0.0678
0.7660 0.4926
0.3054 -0.9129
0.0337 0.0568
-0.4078 0.7017
-0.4041 -0.1518
0.6962 -0.6030
0.3682 -0.1193
0.3688 -0.5727
-0.2836 -0.4077
-0.1162 0.8794
0.3587 -0.4528
0.2650 -0.0990
0.2772 0.6165
0.4285 0.3152
0.3080 -0.3217
-2.8781 -0.0477
-0.4780 0.1091
0.2127 0.2469
-0.5318 -0.2197
0.8906 -2.0856
0.3629 -0.4131
1.3734 0.8835
0.3679 -0.2700
-0.3943 -0.2290
0.3136 -0.6150
-0.6465 0.1819
-0.2860 -0.5062
0.1618 -0.2898
-0.3505 0.6238
-0.6567 0.4122
-0.0316 -0.0863
3.6575 -0.2623
0.3712 0.3746
-0.1868 0.9654
0.4182 0.3956
-0.3637 0.0003
2.4370 2.7818
0.0098 -0.4323
0.1950 -0.5681
0.3251 0.4138
0.0112 -0.0233
0.4020 0.2054
-0.1074 -0.8415
-3.5741 0.0522
3.6690 -0.1366
-0.2083 0.3894
-0.2053 0.0198
-0.0468 -0.2796
0.1702 -0.5748
-0.9163 0.1046
-0.2798 -0.2654
0.5815 -0.3691
-0.0888 0.4677
-0.0060 0.9636
0.1545 0.2556
-0.5832 0.5978
0.0676 0.1896
0.6291 0.1987
0.1262 0.0647
0.4046 -0.1787
-0.0965 0.1713
0.0284 0.0179
0.1906 0.3411
0.1579 -0.9459
0.4729 1.5952
0.3371 -0.6012
-0.3273 0.8435
-0.6454 -0.6134
-0.1373 0.0709
0.7743 0.0483
0.4630 -0.2018
0.7948 -0.1925
-0.1618 0.0976
0.2185 0.3590
1.2557 -0.2774
-0.1597 0.7491
0.8536 -0.0312
-0.1605 -0.0747
-0.3896 -0.7849
-0.6917 -0.2192
0.0798 0.0769
-0.2563 0.2987
-0.0849 0.0503
0.2852 0.1541
0.1312 0.7458
0.6295 -0.3326
-0.3041 0.2238
2.3667 0.8924
-0.1817 0.2772
-0.2715 0.1941
-0.5996 0.4980
-0.2076 -0.2474
2.1665 -1.5201
0.6440 0.1405
-0.4936 -0.3068
-0.7983 0.2754
0.8103 -0.4874
-0.0776 0.2637
0.9726 -0.0490
0.0661 0.3670
0.5395 0.6733
-1.1693 -1.7832
-0.0668 -0.4358
0.3312 0.7368
-0.2046 0.0490
0.5305 -0.5398
0.1865 0.2290
0.7414 0.2327
-1.2191 -0.7554
0.3046 -0.6436
-0.4185 -0.2269
0.2343 -0.6739
3.9390 1.2024
0.1813 0.1876
-0.5318 -0.0217
0.4311 -0.6028
-0.1013 -0.2829
0.0369 0.1858
-0.4024 0.3687
-0.8739 -0.2570
0.4701 -0.0943
4.9929 -0.0478
5.4322 0.0242
4.8857 0.1167
4.3563 -0.2889
5.5764 -0.0400
4.6820 0.5998
4.3281 -0.0983
5.1508 -0.2217
5.3727 -0.6168
5.5397 0.3729
5.4952 0.4215
5.3420 0.1483
5.0107 -0.0005
5.1449 -0.0656
4.9983 -0.7835
5.2163 0.3192
5.0974 -0.4392
4.6147 -0.5844
4.8493 -0.2576
5.1601 0.4740
4.9704 0.3194
4.2730 0.2327
4.9706 0.0433
5.3358 -0.1164
5.0410 -0.1866
4.8166 -0.1804
4.8211 -0.0902
5.3223 0.0901
2.4502 2.7818
4.2104 -1.8212
5.0705 0.0186
5.0061 -0.0102
5.0931 -0.2473
5.0065 -0.0230
5.0241 -0.0492
1.8988 -1.3791
5.7429 -0.0648
4.3914 0.3619
4.8320 -0.4314
5.0445 -0.7972
5.0129 0.0034
4.7024 0.1283
5.0589 0.0198
4.4474 0.7789
5.3949 -0.0538
4.8870 0.1724
4.1953 -2.1427
4.3736 0.4908
4.8210 -0.1098
4.9906 0.0164
4.7524 -0.0390
4.4391 -0.0159
5.3172 0.2247
5.8595 0.4357
5.0278 -0.0503
4.3587 -0.5247
5.3952 -3.1103
5.0610 0.4176
4.7534 0.8587
5.9361 -0.1405
5.1645 0.0961
5.3854 0.0801
4.9778 0.1766
3.7301 -2.3808
4.5257 0.2206
5.3505 -0.0168
4.0490 -0.0087
4.8839 0.8371
4.6758 -0.0246
5.0302 0.0622
5.4532 0.0336
5.3851 -0.3467
5.0281 -0.0325
4.7209 0.9525
2.2982 1.9383
4.3063 -0.2084
4.9554 0.4286
4.7520 -0.1833
4.8772 -0.7400
5.7986 0.0140
4.7089 0.1594
4.4370 -0.6935
5.3051 0.2414
4.9165 0.0665
4.6634 -0.2730
3.0231 0.0169
5.1351 0.2002
5.8597 -0.4806
5.3089 0.1016
5.1306 0.1257
4.9770 -0.6986
1.0316 -0.3326
4.9196 -0.8359
5.6819 -0.7261
5.8913 0.0870
5.7230 -0.3084
5.0172 0.0095
4.9314 0.8894
4.9706 0.8596
5.3476 -0.1201
4.8509 -0.1921
5.4555 0.3984
4.6890 0.3407
5.7730 -0.1605
5.4773 0.3049
5.4547 0.1036
5.5778 0.4806
5.1463 -0.2790
5.0934 -0.0782
4.9419 0.0755
5.4021 0.1147
3.0851 -2.5370
4.9851 -0.9286
5.1261 -0.1183
6.8951 0.6259
4.4110 0.4044
4.9217 -0.4179
5.0489 0.5526
4.8295 -0.1697
5.3066 0.1457
5.0126 -0.0585
4.7328 -0.2352
5.0490 -0.0348
4.1923 0.1957
5.4897 -0.1933
4.2737 -0.3778
4.9593 0.0103
4.9202 -0.7358
4.4916 0.0766
5.0990 -0.0110
4.6864 0.4915
4.9193 -0.0478
4.9902 0.0077
4.6925 -0.7235
5.2321 -0.2069
5.1604 -0.0252
4.9119 0.4824
4.6568 0.0778
4.6593 0.1986
4.5761 0.2247
5.5878 -0.5864
4.0672 1.4368
4.7654 0.2619
4.0431 0.1753
2.7406 -0.3319
4.5989 -0.1610
4.7549 -0.1657
4.9978 -0.0004
4.2547 -0.6072
5.5548 0.4118
4.8112 -0.3046
5.1051 0.5280
4.8441 -0.0587
5.4111 2.3451
3.8491 0.3514
4.8059 0.1019
5.0881 0.0714
4.8762 0.3679
4.8333 0.0504
4.9794 -0.0261
4.9867 -0.0470
5.4894 0.0382
4.2481 -0.3318
4.7345 -0.4362
4.7699 -0.0428
4.9910 -0.1417
4.0616 1.1384
4.9078 -0.6168
5.0023 0.6319
4.9604 -0.0134
4.9480 0.9611
5.0016 0.0647
5.2741 0.4020
4.6883 -0.2915
5.1145 0.1779
5.0739 0.0561
5.4147 0.3275
4.6629 -0.0387
6.4125 -0.2915
5.0458 -0.7663
5.3830 0.1608
5.7687 -0.5353
4.4470 -0.2095
5.2399 0.5336
4.6259 0.0120
4.9417 0.0740
4.7972 0.3984
5.0344 0.0581
4.6862 0.0543
5.3138 -0.5192
4.8081 0.2363
4.4931 0.2415
5.3765 0.4398
4.5421 0.2977
5.0621 0.0567
4.8837 0.1666
4.5147 -0.4920
5.1090 0.0458
5.6413 -0.1193
5.7689 -0.2147
5.7328 -0.0124
5.0527 -0.0338
5.2845 -0.0360
4.4603 0.1271
4.6939 0.6461
5.0349 -0.1050
5.1029 0.1053
5.0061 0.0018
6.6371 -0.1012
4.5816 -0.5780
5.9759 -0.2605
4.7174 0.0680
5.4122 0.2783
4.3783 -0.1347
5.0205 -0.0208
1.6732 1.6415
2.4728 -1.6720
4.6172 0.3917
5.1732 0.1776
5.9660 -0.1638
5.5176 0.5740
5.3244 0.2318
5.2211 0.0985
4.8970 0.9935
5.0051 -0.5635
5.2453 -0.7346
5.4164 0.0896
7.1441 -0.7326
5.1265 -0.0677
4.8075 -0.0228
4.9334 0.2769
5.1292 0.0524
6.7498 1.8351
4.6466 0.8667
4.0730 -0.1744
4.8873 0.6774
4.8945 -0.1869
5.3842 0.1826
5.5793 -0.3569
4.5548 -0.7812
5.0373 -0.3299
5.5800 0.4885
5.0388 0.0655
5.8348 0.1994
5.7260 0.5222
4.3411 -0.4606
5.6334 3.6964
4.5358 0.0960
5.1099 -0.1204
5.5338 -0.7490
