0.1772 0.0566 -0.6352
0.2252 -0.2348 -0.6915
0.0665 0.0633 0.0327
0.7199 -0.4334 -0.1688
-0.1197 0.1624 0.2274
-0.1545 0.0130 -0.4798
0.0081 0.2514 0.4796
-0.5155 -0.4662 -1.5583
0.4443 -0.0090 0.8081
-0.4123 0.5273 -0.7114
-0.3194 0.6444 0.6817
0.5056 -0.1227 2.7634
0.6334 -0.2207 -0.4399
-0.1906 -0.4764 0.2548
-0.0903 0.0103 -0.3070
0.0515 -0.3609 1.0065
-0.2458 -0.8263 0.3225
0.0061 0.2591 -0.5555
-0.0207 0.0182 -0.2477
-0.2128 -0.4332 0.8530
0.0867 -0.0187 0.7539
0.3697 -0.0918 -0.1752
0.0811 0.0434 0.8147
-0.6000 -0.1080 -1.3754
-0.4376 0.5800 -0.1203
-1.2203 -0.1924 -0.6403
0.0106 0.0408 0.1509
-0.0241 -0.1882 -0.0671
-0.0862 -0.3197 0.8416
-0.6979 -0.1327 -0.0227
-0.0970 -0.0475 -0.1700
0.6440 0.0837 0.0656
-0.2737 -0.2682 -0.5141
0.2872 -0.8262 -0.4442
0.0191 -0.1278 0.9228
0.1095 -0.0094 0.8136
-0.6298 -0.2106 -0.1985
0.4404 -0.4792 -0.1240
0.8613 0.3078 -0.0660
-0.1543 -0.5081 -0.1319
-0.0033 0.0140 0.6493
0.3652 0.0923 -1.4303
0.0262 -0.5729 0.2208
0.7035 0.8873 2.7737
-0.2285 -0.5402 -0.6444
0.0683 0.1900 0.3266
0.6448 -0.0986 -0.6230
-0.0721 0.2455 -0.3331
0.1635 0.4626 -0.6476
-0.3997 -0.3427 0.2625
4.2683 -0.1982 -0.6385
3.9917 -0.0603 -0.0172
4.6829 0.1932 -0.5728
4.3398 0.0120 -0.2072
4.0683 -0.3468 0.6428
3.8578 0.3218 -0.5660
4.1181 0.0251 -0.0115
3.8218 0.1348 0.5847
4.0033 0.0032 -0.0919
4.0632 -0.1726 0.7606
4.0487 0.0461 -0.1777
3.7276 0.2100 0.2891
3.8758 0.1683 -0.3213
4.0122 0.0077 0.0129
4.0548 0.0033 0.0425
3.9756 0.0178 -0.0050
4.1845 -0.2399 0.1477
3.9966 0.0008 0.5533
4.0355 -0.0659 -0.3210
4.0561 0.8161 0.5392
4.1084 -0.3472 -0.7169
3.8138 0.1311 -0.5563
4.0216 0.4758 -0.1605
4.2532 -0.1424 -0.1352
3.7546 0.1832 0.5445
3.6214 0.6890 -0.0777
4.3859 -0.2390 -0.3010
4.1984 -0.3653 -0.6427
4.4461 -0.1157 -0.2226
4.2360 -0.2005 0.3373
3.8912 -0.1693 -0.8540
3.8103 0.1596 0.3212
3.8363 -0.7715 -0.1133
2.7045 0.2876 -2.4334
4.0780 -0.8852 0.3810
4.0029 0.0596 -0.4269
3.0078 -1.3714 1.9600
4.5023 0.2103 0.6059
4.0697 0.0282 -0.0705
3.6913 -0.4601 0.7580
4.0063 -0.0034 0.1197
3.6977 -0.3574 -0.3261
3.0869 0.1476 0.2067
4.0982 -0.2716 -0.0114
3.0381 -0.0369 1.0146
3.6698 -0.3005 -0.8390
4.0382 -0.0073 -0.7447
3.7481 0.1536 0.1174
3.8992 0.0797 0.5061
3.7586 0.6079 -0.5553
