-0.0696 0.1391 -0.2105
0.0044 -0.4667 0.7485
-1.4571 -0.6275 0.5612
0.0739 0.4330 0.4644
-0.0446 -0.0101 -0.0394
-0.0698 -0.0903 -1.6425
0.8807 0.4240 0.4711
0.7678 0.6243 0.6318
-0.4573 -0.8041 0.3711
-0.1880 -0.0448 -1.6163
-0.3439 -0.5142 -0.2375
0.0445 0.1355 -0.0394
-0.4613 -0.4730 -0.7449
-0.0588 -0.0328 -0.5446
0.0411 -0.2440 -0.0204
-0.0171 0.0118 -0.1243
-0.2228 0.6862 0.3365
-0.2532 0.5046 0.7395
0.1428 -0.6826 -0.6742
-0.1702 -0.0321 0.9608
-0.0712 -0.4999 -0.1478
0.1123 -0.0272 0.3034
-0.0410 0.0717 0.0433
-0.0490 0.1564 0.0352
-0.0533 0.2713 0.0301
0.0034 -0.0004 -0.0046
-0.0240 -0.0685 0.1289
-0.0300 0.0025 0.0456
-0.0578 -0.1289 -0.1246
-0.2149 -0.3450 0.6382
0.6430 0.0165 0.4200
-0.0155 0.0589 0.1343
0.4556 0.0359 -0.3453
-0.2512 -0.0352 0.1461
0.1375 0.0961 -0.5599
-0.2701 0.1700 0.3540
0.1860 -0.0373 0.7332
0.0524 -0.0471 0.7023
-0.0736 0.1186 0.4257
0.1863 0.0265 -0.7354
0.3156 0.6039 0.4448
0.0076 -0.0965 0.0610
0.4648 -0.0100 -0.4742
-0.7853 0.4143 0.1442
-0.1771 -0.3151 -0.2082
-0.1163 -0.5773 0.4970
-0.0101 0.0058 0.4077
0.2964 -0.4016 0.1986
-0.0570 -0.0492 0.8251
0.2488 0.1163 0.7207
-0.2061 -1.0348 0.6928
0.0029 0.0988 -0.3599
-0.0180 0.0148 0.3792
-0.0162 -0.4651 -0.2640
-0.0519 -0.0510 0.0617
0.6478 -0.0123 0.4137
-0.1385 0.9775 0.0432
0.3511 -0.9428 2.3853
-0.4653 -0.4308 -0.8609
0.0404 -0.0833 -0.2929
-0.1331 -0.0502 0.6665
0.0877 -0.5588 -0.4065
0.0960 -0.4568 0.4658
0.0661 -0.0019 0.0375
-0.0064 -0.1503 0.1793
1.4483 -0.6347 0.7889
-0.0207 -0.0434 -0.3056
-0.4319 0.2712 0.5083
0.0791 -0.0088 -0.4617
-0.0870 -0.2267 -0.3784
-0.4535 0.2719 -0.6420
-0.0102 -0.0935 -0.1757
-0.1515 -0.1010 -0.0737
-0.3247 -0.3553 0.1578
-1.0735 1.9637 0.3304
0.0123 0.2233 -0.1880
0.1527 -0.1292 -0.5641
0.4153 0.7018 0.1594
0.1660 -0.1903 -1.6540
-0.0471 -0.9636 0.1660
0.0067 0.0125 -0.0175
0.0224 -0.0376 0.0280
-0.0298 0.0753 0.9388
-0.0033 -0.0107 -0.0157
-1.3465 0.4253 0.0531
0.1470 -0.7259 0.5264
0.2379 -0.2382 -0.2646
-0.0113 0.0099 -0.3159
0.0261 -0.6678 0.2687
0.2442 -0.1247 0.3160
-0.0096 0.0075 -0.3839
0.1522 0.3775 0.1359
0.7564 0.5072 0.5212
-0.0003 -0.0232 0.0188
-0.2937 -0.1349 0.0472
0.8678 1.3919 -2.1314
1.5691 -0.3653 -1.7088
0.0372 -0.0041 -0.0141
0.2402 0.0531 -0.4618
0.3468 0.4341 0.0210
