0.2420 0.2495 -0.1997
0.1545 -0.0081 0.3816
0.1651 -0.5904 0.3071
-0.1563 -0.0044 0.9293
0.2386 -0.3301 -0.7134
0.3419 0.3284 -0.7282
-0.4385 -0.3216 -0.1960
0.1403 0.3161 0.0669
0.1034 0.1181 0.0299
0.4965 -0.2663 -0.7240
-0.1855 -0.0674 0.4143
0.4862 -0.6191 -0.5217
-0.0115 -0.1675 0.2544
0.0049 0.0344 -0.3409
0.0646 -0.0458 -0.0145
0.4712 0.3004 0.1303
-0.1499 -0.2342 0.0837
0.5480 -0.0776 -0.2655
-0.3173 0.2265 0.3059
0.0870 -0.0316 0.5928
0.0100 -0.0154 0.6731
0.0995 0.2535 0.8552
-0.6510 -0.5752 -0.3537
0.0887 0.0008 -0.4548
0.2467 -0.2158 0.6834
0.0528 -0.0247 -0.5381
-0.1512 -0.3142 -0.0981
-0.1553 -0.0987 0.1832
0.0998 0.8332 0.2848
0.4205 -0.1042 0.2238
-0.6070 -0.3437 -0.0039
-0.0414 0.1078 0.0776
0.2198 0.2688 0.9033
0.0090 0.4734 0.6917
0.0123 -0.0040 -0.0359
-0.0622 0.0083 0.6976
0.2630 -0.4819 -0.1223
0.1741 0.2046 -0.7612
0.1347 0.6049 -0.0644
-0.0585 -0.0303 0.0379
-0.2745 -0.3285 0.3193
-0.7689 0.0573 0.5886
-0.2711 0.4205 -0.8457
0.0286 0.0987 0.1616
0.2154 -0.2116 -0.1291
-0.0326 0.1192 0.0070
-0.0167 0.0316 0.0007
-0.6681 -0.5591 0.0787
0.4101 -0.0270 -0.4565
0.2796 0.0110 -0.0247
