0.5966 -0.5752 -0.2940
0.5150 0.5605 0.6265
-0.0199 -0.0489 -0.1273
0.4233 -0.2970 -0.7306
0.0039 0.0479 -0.6221
0.0778 -0.0349 0.4957
0.0055 -0.0004 0.0026
-0.5231 0.4616 -0.3773
0.9566 -1.1419 1.7258
-0.0508 0.9954 0.0809
0.0269 0.0215 -0.0032
-0.0784 0.4733 -0.6995
0.0358 -0.0617 0.0417
-0.0713 -0.0457 0.0116
-0.2118 0.1467 -0.1716
0.1167 -0.8710 0.3597
0.0529 0.0342 0.0023
-0.2007 -0.0282 -0.4006
0.5251 0.1613 0.0641
0.2133 -0.0858 0.2748
3.4251 -0.0174 -0.0914
3.5612 0.1227 -0.3752
3.8007 -0.4122 -0.4021
3.5046 -0.0185 0.0985
3.8266 0.1516 0.5194
3.4422 0.0487 0.4742
2.9545 -0.0592 0.0412
3.7457 -0.1284 0.8804
3.5394 -0.0228 -0.1802
3.4527 0.0678 -0.2623
3.5099 -0.0123 -0.1208
3.6934 -0.7041 -0.5829
3.4218 -0.0371 -0.0881
3.3785 -0.0255 -0.4546
3.4134 0.6623 0.1487
3.7925 0.6637 -0.4863
3.8869 -1.6354 -0.6602
3.5268 -0.0265 0.0634
3.1782 0.5285 0.5373
3.7673 0.0717 -0.5426
