-3.1225 -0.2548
-0.6902 0.6948
0.2283 0.1443
0.1679 -0.9607
0.0509 0.0083
-0.6255 0.2179
-0.8980 -0.1386
0.1410 -0.4612
0.8313 -2.9227
0.0252 0.0898
-0.1286 -0.2041
0.1117 0.1131
-2.3101 -1.0085
-0.3916 0.1467
0.1664 0.4213
-1.7169 2.6816
-0.5302 0.5916
-0.1289 -0.1481
0.0572 0.4310
-0.4965 -0.3513
0.1196 0.2710
0.4707 -0.1593
0.1971 -0.1159
-0.3310 -0.5242
-0.0147 -0.2000
-0.4694 -0.4543
-0.1354 -0.1009
-0.0268 0.1460
-0.0289 -0.1351
2.7031 0.7162
-1.9140 0.5326
-0.1647 -0.5652
-0.2466 0.2193
0.0808 -0.0232
0.0366 -0.1977
-0.6880 0.3383
-0.1693 0.3100
-0.1299 -0.4199
0.0502 -0.4873
0.0589 -0.6449
0.8956 -1.6126
0.3813 0.2611
0.6480 0.2320
-0.2365 0.1528
0.0630 0.1011
0.4139 -0.3658
-0.1095 -0.1791
0.3018 -0.1440
-0.1280 -0.2472
0.0328 -0.3221
-0.1130 -0.0281
-0.4074 -0.5828
0.3922 -0.0515
0.4046 0.4959
-0.4616 0.7306
0.7682 -0.0012
-0.2629 0.0161
-0.0225 0.1334
0.1315 0.8439
-0.1619 0.2363
0.9424 -0.2140
-1.4183 2.3641
-0.3321 0.0891
-0.2816 -0.4046
-1.8205 0.8926
0.1075 0.0501
-0.2714 0.4625
-0.0595 -0.0221
0.6257 -0.3183
-0.2365 0.7769
-0.5035 -0.8218
-0.8281 0.1577
0.3041 0.0246
0.6664 -0.4309
-0.0115 0.0366
0.5582 2.0496
0.8262 -0.0672
-0.0895 0.0909
0.6326 -0.1549
-0.1913 0.3874
-0.3578 -1.1209
-0.2205 0.0522
-0.3684 0.1069
0.0985 -0.1123
-0.1113 0.1572
-0.4307 -0.0461
-0.0241 0.3157
-1.8009 -1.3066
0.0267 -0.0792
-0.0048 -0.1484
-0.3224 -0.8184
-0.4100 0.2004
-0.0814 0.7928
-0.5027 0.4153
-0.6069 0.4225
-0.1960 -0.4405
0.3972 0.3999
0.3537 0.4133
-0.4858 -0.1137
0.2932 0.6376
3.8508 0.0965
4.2329 -0.0860
1.4689 -0.0182
3.4657 -0.2361
5.4101 -0.7265
4.1695 0.2841
4.7712 0.3660
4.2426 0.0442
4.1114 0.0784
3.8817 -0.8994
4.2533 -0.6620
3.4223 -0.2214
4.6229 -0.6945
3.9369 0.5759
4.0501 0.0037
3.0458 0.6389
5.7816 -1.2484
3.8310 0.2080
4.6808 0.3754
4.1947 0.3051
3.9890 0.2052
3.7702 0.3066
2.2800 -2.4069
4.0550 -0.0239
3.9626 0.5130
4.0441 -0.8828
4.0989 0.5165
3.7022 0.1191
4.5774 -0.7783
4.8769 -0.3209
3.9853 -0.0144
3.7231 0.0156
4.2315 -0.0234
4.3321 0.2847
4.4958 -0.0899
4.7494 0.1016
3.9718 -0.0006
4.9741 0.6302
4.6863 0.6397
4.4550 0.3578
2.1606 -0.2093
4.1598 -0.3168
3.1755 0.3731
3.9428 -2.4029
3.8816 0.1106
3.8385 -0.5549
4.0904 -0.1642
4.7408 -0.4018
4.6107 -1.3081
4.3858 0.1391
7.0390 0.4686
4.0632 -0.5028
3.8820 -0.0656
4.5419 -0.7450
3.9228 0.0537
4.7168 0.1943
3.4413 -0.7923
4.0533 0.0230
4.5566 0.1499
4.5882 0.5572
3.5807 0.7635
4.2912 0.4070
5.0347 -0.2074
4.0014 0.3427
4.5906 0.2812
4.0841 1.4009
4.1240 0.6485
6.3416 -0.8072
4.0569 -0.0752
4.4945 0.7248
3.9939 0.2068
4.0117 -0.0113
3.5369 0.4294
4.7058 -0.7002
3.5983 -0.6495
3.8447 -0.2578
4.4194 0.6213
4.4870 -0.1824
4.5066 0.2298
4.1644 -0.6718
4.1558 0.1400
3.6811 0.7247
2.7016 -0.9616
6.0659 -0.4324
3.6334 0.1578
4.6343 0.0149
2.8786 0.5649
4.2199 -0.1697
2.3671 0.3084
3.4849 2.1035
4.4757 0.2584
3.8129 -0.0004
4.0146 -0.0335
4.0713 -0.0994
3.6163 0.0812
3.9461 0.1084
4.0675 0.0467
4.0774 0.1950
3.9998 0.3074
4.5121 0.1265
