-0.6770 -1.3861
-0.3754 -0.2257
-0.9816 -0.1217
-0.2412 0.3926
0.0698 1.1700
-0.6442 -0.9945
0.4956 0.7000
-0.1408 -0.6778
0.0068 -0.0026
0.0320 0.9733
-0.1555 0.1953
0.6485 0.4963
0.0591 0.0319
-0.8756 1.1019
0.1345 0.7859
0.9459 -0.2339
0.3628 -0.3428
0.9578 -0.2348
-0.0292 0.0344
-0.1125 0.6054
-0.3143 -1.2907
-0.0126 -0.7033
-0.0062 -0.1583
0.0409 0.2353
-0.6215 0.6623
-0.1339 0.2894
0.1438 0.9187
0.2073 0.1139
0.1257 -0.9719
-0.1798 -0.7744
-0.6314 0.6889
0.0163 0.0120
-0.5304 0.0453
0.5754 -0.6265
0.2204 0.7777
0.6514 -0.0967
-0.0699 -0.1761
-0.0285 -0.0515
0.0771 0.7816
-0.1140 -0.1889
0.7021 -0.6206
-0.0200 0.1801
-0.0130 -0.0161
0.1687 0.4788
-0.7884 0.5996
0.0604 -0.9865
0.3749 0.3772
0.0851 0.5190
0.0539 0.4819
-0.7676 0.2388
2.5059 -0.2597
2.1492 0.0096
2.1366 -0.9246
2.2817 0.1101
2.1915 0.1610
2.6753 0.0803
2.5523 -0.0030
2.1750 0.1466
2.4055 0.4207
1.7199 0.3531
2.6768 0.3867
1.4423 0.6956
2.3457 -0.0778
1.9421 0.0496
2.2011 -0.7751
1.9890 0.2519
2.4426 0.8538
2.0434 -0.1070
2.6779 0.1189
2.1427 0.0302
2.2272 0.1484
3.2575 -0.4662
2.4353 0.2181
3.5340 1.2201
2.5481 -0.0595
2.2903 0.2668
2.5200 0.8008
2.1802 1.1635
2.2877 0.1167
3.0939 0.3271
1.7593 0.7241
2.2068 0.2357
3.0225 0.1340
2.0360 0.7457
2.5865 0.0927
4.1194 -0.4710
2.4308 -0.0108
2.6551 0.1190
2.4000 -0.0771
2.5204 -0.0557
2.5332 0.3139
2.3952 -0.2470
2.5927 -0.4905
2.9158 -0.7669
1.9565 0.2096
2.4816 -0.7819
2.5127 0.0062
2.9378 0.1105
2.6706 -0.1386
2.6153 0.8497
