-0.4271 0.0557
0.4722 0.0561
0.0852 0.3793
0.0265 0.2865
0.6715 0.2377
-0.3539 -0.6746
-0.5452 0.0576
-0.3950 -0.1210
0.5361 0.9034
0.3357 -0.7551
-0.4462 0.3207
-0.6933 0.1110
-0.3294 -0.3944
-0.2151 0.6014
-0.2736 -0.9977
0.6445 -0.4616
0.3061 -1.0243
0.7627 0.2898
-0.1815 0.3965
0.3127 0.1673
-0.3475 0.4835
0.2699 0.3690
-0.3321 0.7696
0.0255 -0.3411
0.1719 0.5823
2.0227 -0.0330
0.9345 -0.2005
1.7642 0.9120
2.0236 0.1236
1.9982 0.3629
2.6346 0.9161
2.3300 0.2480
1.8784 0.0840
2.1764 -0.0376
1.6848 -1.1332
1.3327 -0.1044
1.9757 -0.1676
1.2077 0.6954
1.8732 -0.3523
1.7427 0.0192
2.0806 -0.1243
1.3018 0.5281
1.5687 0.2441
2.2952 -0.0314
2.4324 -0.3363
2.0018 -0.0065
2.1679 -0.0099
2.8886 -0.3573
1.2140 0.2359
2.1605 -0.0297
