0.4945 0.2708
-0.0397 0.8050
0.9639 -0.2359
0.2242 -0.5560
-1.0393 -0.3947
-0.0140 0.0570
-0.6121 -0.7848
-0.4031 0.5714
-0.0751 -0.2425
-0.7250 -0.4778
-0.0619 -0.4914
-0.4528 0.2858
-0.5664 -0.0055
-0.2794 0.0580
0.3769 0.3977
-0.0161 0.9621
0.0668 0.0305
0.8877 0.3741
-0.1272 -0.3734
-0.0490 -0.1249
-0.0290 0.0128
0.4551 -0.2296
0.1492 0.2017
0.0348 -0.0011
0.2177 -0.5991
0.3291 0.1606
0.5952 -0.9661
-0.0680 0.1287
0.2671 0.2352
-0.9020 -0.0462
0.2353 0.3800
0.3696 0.1621
-0.3120 -0.4714
-0.8457 -0.7928
0.5934 -0.3600
0.0173 0.0744
-0.3928 -0.6774
-0.5636 0.3821
-0.0286 0.1019
-0.0056 -0.0506
0.0227 -0.3988
-0.6101 0.1335
0.2797 0.8713
-0.8595 -0.4969
0.1039 0.8402
-0.0817 0.1101
0.0179 -0.0317
-0.4556 -0.0323
0.5245 -0.6965
-0.8130 0.4547
-0.3363 -0.6807
0.9482 -0.2149
0.0020 0.0148
0.7203 -0.4727
-0.0229 -0.3269
-0.5931 -0.0435
0.4268 -0.4446
0.0837 0.5136
-0.3170 0.6836
0.9839 0.6053
0.4654 -1.0140
0.3825 -0.2414
0.1648 0.7127
0.3225 -0.4085
0.0394 -0.0868
1.0833 0.2721
-0.1906 -0.1617
0.2410 0.1716
-0.1821 0.1817
-1.0504 0.1799
0.7441 0.0863
-0.1646 -0.5160
-0.0358 1.1231
-0.3941 -0.0710
-0.0055 -0.2172
-0.0260 0.2785
0.6797 0.0553
0.0500 -0.0191
-0.1268 0.0744
-0.0643 0.1422
0.0817 -0.3703
0.2013 -0.6322
-0.6804 -0.6057
-0.0987 0.0594
-0.1185 -0.0876
0.0750 0.0694
-0.4518 -0.1170
0.0703 0.5262
-0.1264 -0.3548
0.0146 0.3799
-0.0255 0.0544
0.7695 0.8604
0.6791 0.2468
-0.0070 -0.0154
0.4393 -0.1905
-0.2304 -0.0611
0.2144 0.0029
0.9679 -0.1326
0.4242 -0.3791
-0.2111 -0.6329
2.9831 0.4926
2.1235 0.8527
1.9630 1.0137
2.1830 -1.1529
2.5504 0.2700
1.7892 -0.5128
1.4687 -0.1148
1.8809 -0.3010
2.2585 0.1041
2.0085 0.0213
1.2694 -0.1080
2.7783 0.9055
2.3041 -0.3690
2.0443 0.1687
1.2210 0.2535
2.9078 -0.0497
1.7446 0.2520
1.0080 -0.5717
1.9989 0.3086
1.5126 -0.4747
0.8952 0.3063
2.9257 0.2243
1.9338 0.0099
1.8487 0.0252
2.1404 0.2112
2.0003 0.1408
2.1215 0.6991
2.1939 -0.1322
1.3279 0.0493
2.8644 0.5414
2.0128 0.0890
2.0993 0.3975
0.9839 0.4505
1.8781 -0.3317
1.9025 0.6834
2.2208 -0.3351
1.8844 0.5919
1.5362 -1.0964
1.2719 -0.2750
1.9490 0.4747
2.3224 0.1918
2.3735 0.1865
1.1944 -0.1398
2.8997 -0.0233
1.8529 0.0650
2.2196 -0.9832
2.1924 -0.0674
2.6994 0.0402
2.0241 -0.0175
1.6942 -0.7877
1.9915 0.3040
2.1737 0.4916
2.5280 0.7028
1.8842 0.1942
2.5060 -0.6273
1.8389 0.0918
2.1856 0.1049
2.3513 0.2388
1.0308 0.4990
2.3432 -0.4053
2.0314 0.0129
2.8276 -0.6095
1.4227 0.8060
2.8356 0.8540
1.0503 0.2927
3.0684 0.3500
1.5227 0.6892
1.8562 0.8246
2.8170 -0.5273
2.1589 -0.5872
2.3066 0.3304
2.7432 0.2372
2.0990 0.0192
2.0965 -0.4976
1.1359 0.5073
2.0715 -0.0929
2.2154 -0.0377
2.9473 0.1516
1.7548 0.0448
2.1285 0.3775
1.9506 0.5428
1.6011 0.5940
2.0355 0.2599
1.5114 -1.0019
1.7043 -0.9426
2.0480 0.0891
2.3583 -0.2067
1.6608 -0.0229
1.8997 -0.2261
1.0086 0.4729
2.6837 -0.8614
1.5218 1.0983
2.7216 -0.5574
2.6014 -0.1022
2.9510 0.6008
1.2522 -0.2757
3.1742 0.2124
2.1344 0.5996
2.6416 -0.3142
2.6482 0.0183
