0.2416 0.8879
-0.3640 -0.2091
0.3445 -0.8095
0.0231 -0.3854
-0.6523 0.6792
-0.0442 0.2017
0.5341 0.4567
-0.0180 0.0120
1.0522 1.3656
-0.8813 1.7373
0.8422 -0.3736
0.1646 0.0206
-0.4009 -0.6582
-0.0658 -0.0529
-0.2319 -0.2142
0.0008 -0.0016
-0.0748 -0.2810
0.5970 0.9849
-0.0110 -2.0782
0.5167 0.5882
-0.6392 -0.4293
0.4703 -0.2564
0.1298 0.0032
-0.4633 0.1295
0.0525 -0.3792
-0.1158 0.3983
0.3538 0.5618
-0.7815 0.8144
-0.0051 -0.5393
-0.0849 0.1302
-0.0298 -0.1435
0.2568 0.3157
0.4356 -0.5944
-0.0413 0.4675
0.4350 -0.0735
-0.2602 0.5580
0.0789 0.0830
0.9117 -0.2982
-0.0177 0.7815
1.3328 -1.4978
