3.5165 1.0686 1.8241
-0.0064 -0.1444 0.7557
0.0937 -0.0292 -0.3798
-0.1940 0.2901 0.8708
0.6515 -0.4148 0.5517
-0.0921 -0.4523 -0.3088
0.0518 0.3324 -0.4559
-0.0104 -0.0876 -0.0652
0.0953 0.0718 -0.0607
-0.1140 -0.1670 -0.0170
-0.0793 -0.0296 -0.9864
-0.0704 -0.5467 0.5937
-0.0224 0.0183 -0.1208
0.1971 0.4675 -2.0474
0.3762 0.2266 0.2017
0.0191 -0.0196 -0.0559
0.0384 0.1893 0.3289
-0.7285 0.6436 -0.2010
-0.1469 0.1803 0.7604
-0.5766 -0.0670 -0.0984
0.0529 0.0491 0.0621
0.0051 -0.0095 -0.2433
0.5684 -2.7533 -1.0369
-0.0821 -0.0424 -0.0552
0.0419 0.0276 -0.0404
-0.0596 -0.2043 0.5144
0.5916 -0.7273 0.0741
-0.5914 0.1688 -0.3066
0.6970 0.1868 -0.1279
-0.1158 -0.0858 0.1891
