0.4296 0.3673 -0.3518
0.1472 0.2233 0.6171
-0.0935 -0.3536 0.2784
-0.4446 0.5290 -0.7125
0.4388 -0.1966 0.4760
0.3339 -1.4952 -0.5718
-0.0466 0.0201 -0.5740
-0.0169 -0.2893 -0.9132
-0.1788 0.0253 -0.0010
0.3820 0.6321 -0.1552
-0.3159 0.2237 -0.1063
-0.4179 -0.2264 0.0093
-0.6664 0.1876 -0.1012
0.4292 0.6683 0.2194
-0.0630 0.0238 0.0523
0.2840 0.5535 0.8660
0.0119 0.0128 0.3006
0.2694 0.1655 -0.5029
0.1884 0.0693 -0.4018
-0.0247 -0.0099 -0.1250
-0.0979 -0.0044 -0.4148
-0.1979 0.2049 0.0265
0.0824 -0.4115 -0.8409
-0.0322 -0.0725 0.0859
-0.0116 -0.0244 0.2154
-0.0355 -0.3915 -0.0447
-0.1489 0.3267 0.3172
0.0298 0.0801 -0.2855
-0.2734 -0.2490 0.6554
0.3209 0.2636 -0.5785
0.2474 -1.3901 2.1046
0.0324 0.0751 -0.8180
0.0091 0.0299 0.1006
0.0146 -0.0029 -0.0489
-0.0825 -0.4718 -0.3921
-0.0704 -0.1672 -0.3437
0.0167 -0.0429 0.0219
0.3652 -0.1515 0.1798
-0.4990 0.0299 0.6250
0.2302 -0.2053 0.0518
0.6155 0.0245 0.3141
-0.3826 -0.0272 -0.8412
0.0236 -0.0345 -0.0120
-0.7691 0.1183 0.4410
0.2220 -0.2923 0.8526
-0.1502 -0.3101 0.8935
0.0336 -0.2983 0.1129
0.0044 -0.0347 -0.3281
-0.4390 -0.2692 -0.6604
0.0046 0.0056 0.1444
-0.1269 0.0268 0.3381
0.1493 -0.5451 0.5964
0.3498 -0.3433 -0.6028
-0.5312 0.2815 -0.0774
0.2300 0.1573 0.3155
0.0006 -0.1282 0.0243
-0.0056 -0.0231 0.0017
-1.3105 1.5933 -1.2733
-0.1532 -0.2167 -0.2352
-0.0807 0.0166 0.2427
-0.0008 -0.0008 0.0033
-0.5815 2.2567 -0.9607
0.0861 -0.1705 -0.0978
-0.1213 0.0012 0.3080
-0.1336 0.0772 -0.1502
-0.3674 0.1482 0.5634
-0.3646 0.5273 0.4763
-0.3255 -0.0128 0.3469
-0.0630 -0.0290 -0.2016
-2.0180 -0.3951 1.4069
-0.0462 -0.0572 0.5670
-0.2815 -0.2062 0.8725
0.0379 -0.0931 -0.1283
0.0379 -0.0093 0.0431
-0.0641 -0.0502 0.1730
0.3094 -0.1269 -0.8483
-0.0090 -0.0109 0.0438
-0.2048 0.3394 0.0360
-0.5537 -0.0112 0.5045
-0.1072 0.0545 -0.5434
-0.4097 -0.4860 -0.4398
0.0246 -0.9144 -0.6786
0.8030 0.4329 1.1689
0.2786 -0.0819 0.7214
-0.0402 0.0377 0.2512
0.0720 0.1744 0.0757
0.1521 0.1391 -0.8574
-0.2124 -0.0769 -0.3743
-0.2137 0.6527 0.6878
-0.0197 -0.0175 -0.2519
0.4081 -0.6732 -0.0860
0.3827 0.2164 -0.2222
0.0968 0.2541 -0.7918
-0.0027 0.2316 -0.2558
-0.1455 0.0645 0.4961
-0.5720 0.3952 -0.2070
0.0942 0.1790 0.1280
-0.0496 0.0378 -0.9789
-0.8582 0.0504 0.0635
-0.0038 -0.0014 0.4710
0.2000 0.1561 -0.1243
0.1328 0.1919 0.5769
0.5039 -0.5226 -0.2521
0.1917 -0.2867 -0.0407
-0.0744 0.3083 -0.7954
0.1940 0.2767 -0.3066
1.8446 1.2913 -0.0735
-0.0062 -0.0084 0.0060
0.7697 -0.0444 -0.3402
-0.3364 1.3603 -0.1310
-0.0048 -0.0556 0.5578
0.1595 -0.4274 0.7765
-0.0100 -0.0219 -0.0984
-0.3304 -0.3908 -0.8473
0.1234 -0.0107 -0.6740
-0.0549 0.1211 0.0798
-0.0616 -0.0308 -0.0785
0.0664 -0.1529 0.0495
0.0131 -0.0040 -0.0363
0.0289 0.0306 -0.8055
0.1494 0.0542 0.1170
-0.1334 0.0699 0.6010
-0.0467 0.0077 -0.0060
-0.2355 -0.3136 -0.5917
-0.1378 -0.0102 0.0895
-0.0019 0.0133 0.6353
0.7755 0.3761 -0.0175
-0.0474 -0.0209 0.0521
0.0658 0.0893 0.0122
-0.1114 0.6391 0.4984
0.3188 0.0717 0.8053
0.1522 -0.0542 -0.0643
0.3239 0.0435 0.7349
0.0269 0.0007 -0.4056
-0.2021 0.2286 -0.5334
0.6146 -0.3737 -0.6442
-0.6419 -0.6285 -0.3560
-0.2824 0.0433 -0.1760
-0.0646 2.0158 0.4631
0.5718 0.0537 0.4575
0.2772 -0.0303 -0.4045
0.0283 -0.0113 -0.5644
0.1161 -0.2190 -0.1337
-0.0066 0.0097 -0.0142
0.2144 -0.1141 -0.2489
0.5752 0.2686 -0.0896
0.0019 0.6459 0.6332
-0.9621 0.5157 1.3088
0.9708 0.5161 -2.4162
-0.8435 0.4840 -0.5397
0.0659 0.0029 0.0923
-0.1436 0.3488 -0.1083
0.0781 -0.0085 0.1746
-0.4087 0.2973 -0.3598
0.2092 0.2940 0.6994
0.2656 0.8119 0.2490
-0.0104 -0.0404 -0.0207
-0.9880 0.0552 0.0404
0.4461 -0.3128 -0.0477
0.3169 -1.0139 0.4048
-0.0092 0.0173 0.0142
-0.1695 0.4068 -0.0925
0.1162 0.2100 0.9034
-0.1020 -0.7860 0.2195
0.1201 -0.0547 -0.3322
-0.6020 0.1505 -0.6321
-0.1391 -0.2565 0.1022
-0.2127 0.3057 -0.0570
0.5281 0.6030 0.2895
-0.0032 0.0056 0.4184
-0.4785 0.6938 0.5161
0.0335 -0.0053 0.2249
-0.8118 0.3330 -0.0671
0.1602 -0.0124 -0.3090
0.0042 0.2138 -0.6537
0.6358 0.6766 -0.2264
0.0972 -0.0899 -0.0853
-0.0096 -0.7774 -0.3689
-0.0648 -0.0157 0.0530
0.0094 -0.0233 -0.3998
0.2666 0.2426 0.2984
-0.0517 -0.1872 -0.8383
1.1949 -0.3175 -1.9831
0.0130 0.0365 -0.1687
0.0083 -0.1758 -0.0876
0.1483 -0.8935 0.2441
-0.4186 0.2604 0.4492
0.0973 -0.0269 0.0625
-0.4024 -0.0762 -0.4678
-0.0284 0.0265 0.0189
0.0495 0.0519 0.0322
-0.3163 -0.4597 0.8948
0.0616 -0.0319 0.5095
0.6435 -0.4478 -0.3172
-0.3941 -0.5780 -0.4231
0.1191 0.0183 0.1157
-0.0575 0.0233 0.0198
0.0267 -0.0545 -0.0194
0.0214 -0.0479 0.7673
-0.1354 -0.0876 0.2447
-0.0973 -0.0400 0.3759
-0.0039 0.0692 -0.7012
-0.2562 0.2342 -0.0639
0.0138 -0.0234 1.6146
-0.0410 -0.2465 0.4660
-0.0457 0.1847 0.2049
-0.1383 -0.2081 0.6794
0.3798 0.0557 0.2549
-0.0392 0.0409 -0.0336
0.1284 0.1100 0.9992
-0.2507 -0.1932 0.4854
-0.0022 0.0003 -0.1070
-0.3275 -0.2328 -0.0279
-0.2886 0.4430 -0.7668
0.4142 0.1527 -0.6368
0.0831 -0.0183 0.2431
0.3670 -0.5526 -0.6361
0.9306 -0.5926 -1.0205
-0.2322 0.2598 -0.0341
-0.0066 -0.0131 -0.0051
0.5022 0.0490 -0.1827
0.0166 -0.0626 -0.1353
-0.0392 -0.0519 -0.0595
0.1199 0.4317 0.1257
0.0272 -0.0650 -0.3455
0.2014 0.1523 -0.1708
-1.1682 -0.1194 -0.0216
0.3352 -0.0412 -0.9239
0.1692 0.3290 0.0190
0.0644 -0.0131 -0.1287
0.1857 0.0630 -0.8737
0.0664 -0.1667 0.0260
-0.0024 -0.0126 -0.1005
0.2558 -0.1183 -0.0409
-0.6659 -0.2594 0.1432
0.0173 -0.0334 -0.0107
-0.1404 -0.0651 -0.0071
0.3600 -0.2145 -0.3298
-0.2509 -0.3236 -0.1419
-0.0177 0.0211 -0.0519
-0.0672 0.2914 -0.1665
0.2046 0.1310 0.0907
-0.0255 0.9190 0.2486
0.0860 -0.0169 0.1397
-0.1793 0.3706 0.5495
0.2707 1.2246 -1.7748
0.0720 -0.1022 -0.2903
0.0132 -0.0108 0.8449
-0.4990 0.4690 -0.3807
-0.2641 -0.0103 2.2347
0.1820 -0.2396 0.8208
-0.1227 0.3445 -0.2252
-0.0153 -0.0300 0.2377
0.4270 0.2515 0.2395
-0.2709 -0.0582 -0.3518
1.3891 -1.1486 -0.7353
-0.0831 0.3218 0.5534
-0.5091 0.5164 0.5085
0.1613 0.2086 -0.2161
-0.0295 0.0014 0.0267
-0.1583 0.1393 -0.1038
-0.0507 -0.2143 0.2913
-0.2350 0.6296 0.6992
0.0141 0.0004 0.2013
-0.0104 0.0180 0.0087
0.0269 -0.1337 0.0602
-0.3233 0.1591 0.6710
0.0094 0.0098 -0.0285
0.3300 -0.8603 0.0728
0.0027 0.0001 0.0059
-0.0991 1.5298 -1.9936
-0.0966 -0.4782 -0.5721
0.0200 -0.0863 -0.5526
-0.1709 0.1549 -0.0789
0.3375 1.6992 -0.4301
-0.0881 0.2757 0.2477
-0.0112 -0.2573 0.2923
-1.1990 0.5358 -1.4381
0.6595 -0.2434 0.0897
-0.0704 0.2871 0.5414
-0.6356 -0.9188 1.0523
0.3978 0.6551 -0.2702
-0.0702 0.0672 -0.0762
-0.0856 -0.4195 0.8805
0.0791 -0.2192 -0.4257
-0.2478 -0.0493 0.1430
0.3862 0.4606 0.2290
-0.0390 -0.0631 0.1499
-0.3819 -1.2616 0.3248
0.0377 0.0264 0.0928
-0.3882 -0.5463 -0.3942
0.4164 0.3695 -0.0195
-0.0460 0.2912 0.0326
0.2006 0.3926 -0.7376
-0.1114 -0.6873 -0.4438
-0.5210 0.4048 -0.2289
-0.0295 -0.2521 -0.9332
0.1548 -0.3550 0.0966
0.1425 0.1752 -0.2199
-0.0825 0.2634 0.7473
-0.0179 0.0732 -0.9474
0.0191 -0.0279 0.8447
-0.0018 0.0015 0.0186
-0.1270 -0.2207 -0.2811
0.3288 0.2062 1.2243
0.3844 -0.1260 -0.1852
0.1730 -0.2973 0.1013
0.4821 -0.7102 -0.3998
0.0219 0.0094 0.5582
0.4903 -0.0392 0.8657
-0.2075 -0.0512 0.2030
0.1644 0.0579 -0.4701
0.0916 -0.0459 -0.0599
0.1811 -0.2213 -0.0420
0.0314 0.0733 -0.7104
0.0201 -0.0098 -0.0305
0.0676 -0.0496 -0.5073
-0.0869 -0.2189 0.2270
0.0148 -0.3561 -0.3694
0.0663 0.0104 0.1124
0.5344 -0.4697 0.3806
0.4888 -0.0033 -0.7092
0.2057 -0.0617 -0.1383
0.1060 0.0833 -0.7697
0.1566 -0.0146 0.6206
-0.6719 -0.6286 -0.4145
-0.0521 -0.7708 1.3817
0.3653 -0.5388 0.5079
-0.0858 0.1953 -0.6531
-0.0706 0.5586 0.6426
-0.3824 -0.4559 -0.7598
0.2996 -0.0313 -0.6540
0.0632 -0.0742 -0.1619
0.0308 -0.0162 0.0810
0.4811 -0.7597 -0.3378
0.3178 -0.1306 0.3221
0.0030 0.0082 0.0135
-0.1641 0.2576 -0.1511
-0.9144 -0.1457 -0.1277
-0.0023 0.0135 0.0051
0.1065 -0.0168 0.5725
0.1152 0.2872 0.0896
-0.0543 -0.0201 0.4017
-0.0908 -0.0002 0.2811
0.2027 -0.0636 0.0175
-0.0950 0.0716 0.0678
-0.3871 0.0262 0.5685
0.0839 0.0457 -0.1139
0.0576 0.2469 0.3856
-0.1842 -0.2031 -0.3261
0.0309 0.1515 0.9520
-0.0596 -0.0537 0.1584
0.1056 0.0889 0.0916
-0.1160 -0.0172 0.5748
0.1597 -0.2186 0.7270
-0.0197 -0.6819 -0.4659
0.9711 0.7651 1.0838
0.2257 -0.2466 0.0671
0.0440 0.2810 -0.8490
-0.0472 -0.0320 -0.0247
-0.0079 -0.0450 -2.5031
0.0517 -0.0645 -2.0735
0.0243 0.0148 -0.9922
0.0094 -0.1266 0.1963
-0.2617 -0.6563 -0.4848
-0.5117 -0.5808 -0.0795
0.0992 -0.1060 -0.1730
-0.7570 -0.0364 -0.1947
-0.8402 0.1158 -0.0637
0.0234 0.0305 -0.0375
-0.2413 0.1163 -0.1678
-0.0052 -0.5671 0.3397
-2.1310 -0.0835 -0.5625
0.1077 -0.0683 0.6084
0.4850 -0.4185 2.3135
0.0383 -0.0112 -0.2134
0.0617 0.0492 0.0586
0.1242 -0.0009 -0.3463
-0.2510 -0.1294 0.7269
-0.2709 -0.2206 -0.5214
-0.0530 -0.0415 0.0503
0.0064 0.0169 0.0632
0.0448 0.0155 -0.8311
0.0001 -0.2111 -0.0436
0.5980 0.1854 -0.7664
-0.0343 -0.0004 0.0451
-0.5939 0.8044 -1.5619
0.2102 0.0842 0.9660
-0.0365 -0.0126 -0.7215
0.5585 0.2012 0.5649
-0.0963 0.0355 -0.0801
0.1359 0.2795 0.5372
0.0262 -0.2727 1.3394
-0.2610 -0.1074 -0.5212
0.0057 0.0378 1.5323
0.2684 0.6158 0.1164
-0.0411 -0.0274 -0.1341
-0.1701 -0.5384 -0.0744
-0.1917 -0.0158 -0.8636
-0.3274 -0.6538 0.0639
-0.2772 0.5906 0.8160
0.4606 0.3608 -0.7180
0.0702 0.1376 0.0182
0.0727 0.3927 -0.6398
0.0077 0.0019 -0.4197
-0.0002 -0.0000 0.2653
-0.0885 0.0246 -0.0122
0.2322 0.1318 -0.0087
-0.0546 -0.0637 -0.0157
-0.5374 -0.2995 0.2105
-0.2154 0.0897 0.2479
0.3249 0.0205 -0.0948
-0.4466 -0.0656 -0.1276
0.2450 -0.1967 0.1546
0.0251 -0.0190 0.6841
-0.4602 -0.1869 0.1736
0.1133 -0.0108 0.3038
0.2684 0.4490 -0.0842
0.7813 -0.3727 0.2821
-0.0706 -0.0351 -0.0523
-0.4196 0.6683 -0.3720
-0.5598 0.0493 0.1770
0.2105 -0.0116 -0.2619
0.3611 0.0946 -0.1253
-0.0193 -0.0698 0.8497
-0.0936 -0.0312 -0.1041
-0.5889 -0.3089 -1.8131
0.2764 -1.4663 -0.7399
0.0280 0.0131 0.0246
0.0766 -0.1260 0.0429
0.1773 0.0281 -0.8894
-0.1709 -0.5080 0.5170
0.4106 0.6606 -0.1631
-0.0259 0.1338 0.2503
0.0123 -0.1489 0.4806
-0.3621 0.6161 -0.2909
0.6886 -1.2387 -0.8504
-0.4030 0.1814 0.7699
-0.2132 -0.3729 0.1147
-0.3950 -0.0016 -0.7526
0.0063 -0.0281 -0.8176
-0.2764 -0.2922 0.0949
0.5054 -0.0705 0.4136
0.0651 0.0569 0.1753
0.0459 0.0274 2.2279
-0.5351 -0.7344 -0.2592
0.2846 -0.7189 -0.6005
0.1272 0.0910 -0.2838
0.0081 -0.0345 0.0094
0.0833 -0.2994 0.2246
0.0175 -0.0388 0.6606
-0.0901 0.6123 -0.2234
0.3223 -0.4124 0.1809
-0.0031 -0.0715 0.2300
-0.2520 0.1692 0.6791
-0.2132 -0.4658 -0.2072
0.0980 -0.0250 0.2454
0.0266 -0.0500 -0.2890
0.0156 0.6103 0.7479
-0.5152 0.2378 1.1220
0.2242 0.0588 -0.1107
-0.0195 -0.0675 -0.2442
0.0154 0.4773 -2.1166
0.3834 0.6631 0.0478
0.1026 -0.0357 -0.5945
-0.3188 -0.1310 0.5105
-0.0124 0.0360 -0.0440
-0.5411 -0.2641 0.1048
0.2427 1.3858 0.2257
-0.4529 0.0179 -0.4874
0.0041 -0.6665 0.3964
0.2907 0.3432 0.7701
-0.2663 0.1263 -1.3358
0.5406 0.0304 -0.3087
0.0349 0.0111 0.0731
-0.1146 -0.1512 -0.1291
-0.0442 0.0415 -0.0452
-0.5456 -0.4716 -0.5602
0.0053 -0.0039 0.5887
-0.0497 0.0004 0.8933
-0.0150 0.0171 0.2754
-0.3209 0.2481 0.6117
-0.0325 -0.0418 -0.4155
-0.6733 -0.1761 -0.0210
0.1502 -0.2281 0.1288
-0.0803 0.0209 -0.0756
0.2000 0.1522 -0.1201
0.4522 0.0811 -0.5039
-0.3180 -0.0279 -0.0026
-0.1595 -0.2089 0.5652
-0.0096 -0.0174 -0.0455
-0.0149 -0.0412 -0.1780
-0.7931 0.7716 0.1605
-0.0842 -0.0325 0.0301
-0.0009 -0.0003 -0.3625
-0.0420 0.0005 0.3033
-0.6755 0.5932 0.2920
-0.8117 -0.4247 -0.0316
0.3783 -0.6459 -0.3694
-0.4027 0.5374 -0.1764
