0.2416 0.8879
-0.3640 -0.2091
0.3445 -0.8095
0.0231 -0.3854
-0.6523 0.6792
-0.0442 0.2017
0.5341 0.4567
-0.0180 0.0120
0.0282 0.0366
-0.0960 0.1892
0.8422 -0.3736
0.1646 0.0206
-0.4009 -0.6582
-0.0658 -0.0529
-1.2659 -1.1691
0.0008 -0.0016
-0.0748 -0.2810
0.3172 0.5234
-0.0007 -0.1235
0.5167 0.5882
-0.6392 -0.4293
0.4703 -0.2564
0.1298 0.0032
-0.4633 0.1295
0.0525 -0.3792
-0.1158 0.3983
0.3538 0.5618
-0.0743 0.0774
-0.0051 -0.5393
-0.0849 0.1302
-0.0298 -0.1435
0.7480 0.9194
0.4356 -0.5944
-0.0413 0.4675
0.4350 -0.0735
-0.2602 0.5580
0.0789 0.0830
0.9117 -0.2982
-0.0177 0.7815
0.5873 -0.6600
