0.2859 0.5738 0.4011
-0.0017 0.1041 0.2289
0.2120 -0.5505 0.1030
0.2891 0.1858 -0.1135
0.7237 -0.1924 0.3659
0.0222 0.0085 0.2479
0.1677 -0.2414 0.0010
0.6128 1.0366 -0.4403
-0.6819 -0.4556 0.5497
0.0867 0.6002 -0.2961
0.0008 0.0005 -0.0519
-0.2058 0.5304 0.0541
-0.1498 0.0290 0.0163
-0.2580 0.0113 -0.5762
-0.7221 0.4708 0.0206
0.1840 0.0645 -0.8929
0.2016 0.0351 0.0713
0.2499 -0.1574 0.7950
-0.2804 -0.4970 -0.0996
-0.0344 0.4407 0.6638
-0.0927 0.0456 -0.0731
-0.0254 -0.0102 -0.0355
-0.1175 0.0767 -0.0815
0.0388 -0.9168 0.1526
0.0083 0.0333 -0.6413
-0.0025 0.1195 -0.0552
-0.1346 0.1012 -1.0065
0.4024 0.4526 0.2442
-0.0944 -0.0541 0.8006
0.3704 -0.1045 0.2796
-0.3902 0.6441 0.1629
-0.0010 0.0082 -0.3466
-0.2155 0.0714 -0.5084
0.1289 0.2385 -0.0920
0.2533 -0.1751 -0.9113
-0.3352 -0.2707 -0.6344
0.1674 -0.5442 0.1912
0.1020 -0.0254 -0.1526
0.0186 0.2016 0.0031
0.0022 0.0319 -0.0000
-0.2398 0.5785 -0.4600
0.1388 -0.1306 -0.8822
0.5678 0.0351 -0.0518
-0.1193 0.6687 0.2038
0.1790 0.3031 -0.7452
-0.0927 -0.1050 0.0786
-0.7575 -0.1333 0.0417
-0.3787 -0.5117 -0.2998
0.1372 -0.0718 -0.3154
-0.0824 -0.1119 0.5632
0.1800 -0.1775 0.0603
-0.3881 -0.1085 0.2385
-0.3068 0.5415 0.2366
0.0395 0.1965 -0.3187
0.0570 -0.0272 0.0518
-0.1803 0.3067 0.5249
0.1700 -0.1536 -0.2875
-0.8883 0.2475 0.2920
-0.4404 0.2138 0.4616
-0.5357 0.2595 0.1939
0.3063 -0.1169 0.1056
0.0459 0.0196 0.6011
1.0535 0.9950 -0.2967
0.2128 0.6380 0.5706
0.2833 0.3030 0.2448
0.0315 0.8280 0.1680
0.0810 0.0255 0.8944
-0.0015 -0.0149 0.0345
0.3701 -0.2329 -0.2095
0.0198 0.0529 -0.1257
-0.2606 -0.0291 0.0333
0.1448 -0.1159 0.1124
0.1898 0.0306 -0.5399
-0.8819 -0.1225 -0.3573
0.0602 -0.2370 -0.1658
0.1612 -0.6366 -1.4879
0.0193 -0.0027 -0.1504
0.2379 -0.2541 0.7844
0.0434 0.2219 0.8847
0.0901 -0.3467 -1.2089
-0.1927 -0.1252 -0.2422
-0.8904 0.3513 -0.1889
-0.5115 0.4132 0.2836
0.3637 -0.1693 0.6585
0.0370 0.0402 0.0924
0.0212 -0.2867 0.5067
-0.0721 0.2089 -0.5382
0.7085 -0.3138 0.2479
-0.2109 0.4267 -0.3975
0.0947 -0.1643 -0.5425
-0.1017 -0.1480 -0.2966
0.0837 -0.8253 -0.0911
-0.4401 0.0479 -0.1604
-0.3678 0.2367 -0.0968
0.0007 0.0016 -0.0188
-0.3786 0.2459 0.4650
0.2285 0.0012 -0.7313
-0.0601 0.0182 0.1103
0.4817 -0.2437 -0.4700
0.5150 0.2692 0.1964
