0.8673 0.2566
0.0969 -0.3148
0.0403 -0.0291
0.3534 0.0301
0.3371 0.5430
-0.2629 -0.6420
-0.0074 -0.0056
1.8763 -1.6353
0.4261 -0.6441
1.2167 1.1161
0.2550 0.6596
-0.7084 -0.1958
0.6226 -0.2568
0.3778 0.5846
-0.6012 0.4389
0.1069 -0.0252
-0.7381 0.2666
0.0697 0.1052
0.1918 0.0832
-0.4519 0.0058
0.2964 -0.8644
-0.3541 1.9982
-0.0600 0.2258
-0.3147 -0.4324
-0.2082 -1.9584
0.1234 0.0416
0.7231 0.1791
0.2292 0.0954
0.8145 2.4366
-0.1641 0.5694
0.3127 0.0491
-0.0367 0.1171
0.2598 -0.4720
0.0571 -2.0768
0.1407 -0.4744
0.0064 0.0203
-1.2052 -0.0305
0.4540 -0.0218
0.0590 0.3949
0.3676 -1.3874
1.4205 -1.0491
0.4576 -0.1703
0.0576 -0.3133
-0.2354 -0.4350
-0.0657 0.6831
0.0840 -0.0037
-0.0494 -0.1664
0.7958 0.4530
-0.0264 0.1844
-0.8983 -0.0101
0.0322 -0.0807
0.8060 -0.0376
-0.1776 -0.0533
-0.1620 0.6467
0.0021 0.0070
0.1680 -0.7713
0.6067 0.1743
-0.6564 0.1576
-0.4521 -0.4623
0.7876 -0.2397
0.0168 -0.3332
-0.7965 -0.2130
0.9000 -2.1787
0.3716 -0.1175
0.5595 0.2510
0.5262 -0.5122
0.6897 -0.2278
-0.2541 -0.5146
-0.3036 -0.1100
0.7284 1.1755
0.0851 -0.2352
-0.7445 -0.5484
-0.1066 0.0358
-0.1581 -0.3201
-0.9116 0.2773
0.1645 -0.8183
0.5048 -0.2311
-0.4886 -0.6408
-0.3232 -0.7247
-2.0097 1.0084
-0.1854 0.1389
-0.3722 0.1264
-0.8415 0.0665
-0.1495 -0.0707
1.7522 0.2942
-0.7327 0.4655
-0.2912 -0.5139
-0.3963 -0.0027
0.1421 -0.0734
0.3261 -0.1712
-1.2339 0.4344
-0.4703 -0.1917
-0.1228 -0.0994
0.5414 0.4392
-1.9532 1.2564
-0.0680 -0.2498
-0.0443 -0.3478
-0.0076 0.1607
0.1526 -0.0556
0.3060 -0.8466
