0.2601 -0.2410
-0.6372 0.0962
0.7405 0.5672
0.1603 0.5113
-0.3047 -0.7643
0.0590 0.4497
0.1400 0.7207
0.0066 0.1334
0.0102 -0.0271
-0.3975 -0.2259
-0.3207 0.5065
0.0419 -0.3955
0.3907 0.4482
0.8513 0.1349
-0.0089 -0.0171
0.6233 0.4139
-0.6722 0.1007
0.0528 0.2760
-0.0874 -0.6930
0.0009 0.0024
0.0648 -0.0399
0.1102 -0.0255
0.3978 -0.6080
0.3364 0.1194
-1.0757 2.3148
-0.3186 -0.0656
0.5530 0.8018
0.8765 0.1802
0.0534 -0.0274
-0.2322 -0.1772
-0.5403 0.2054
-0.0089 -0.3438
-0.4666 0.3806
-0.1930 -0.0281
0.9532 -0.0303
0.0080 0.0150
0.0677 0.1626
-0.1453 -0.2231
-0.5383 -0.0558
0.6214 1.9357
