0.1757 -0.1371
0.3952 0.3828
0.1346 0.5416
-0.3071 0.4139
0.3776 -0.0872
-0.5921 -0.3358
-0.2406 -0.8358
0.5778 -0.4609
0.5298 0.6020
0.5823 0.0607
0.9421 0.2919
-0.1903 -0.9616
0.1562 -0.1259
0.0558 -0.0208
-0.0926 0.3055
-0.1567 0.0092
-0.2138 0.0857
0.0239 0.6001
0.6172 -0.2773
-0.1847 -0.1593
-0.2050 0.5849
0.0411 0.1329
-0.4772 0.2444
-0.0216 0.2422
-0.5913 -0.0067
0.2871 0.6061
-0.1758 0.0108
-1.3894 -0.4850
0.0628 0.3963
0.4386 2.4543
0.1940 -0.2719
0.2752 -0.0390
0.1984 0.1958
0.7451 -0.3756
-0.6682 -0.7436
-0.6848 -0.2457
-0.6055 0.7336
-0.3114 0.0867
-0.0037 -0.7017
3.2356 0.0854
0.0015 -0.0591
-1.0790 -1.0129
0.1979 -0.5014
2.4742 0.6025
-0.0647 0.0543
0.1672 -0.3269
-0.0171 0.0262
0.0432 0.1594
-0.3506 -0.0054
0.2188 -0.9056
