-0.8719 -0.4632
-0.3759 0.2878
-0.1241 -0.5155
-0.6199 -0.0696
0.3943 -0.8822
0.8652 -0.4227
0.0430 0.3684
0.2203 0.0291
0.0157 0.6694
0.0512 0.3414
0.6470 -0.6068
-0.5225 0.0158
-0.4015 -0.1292
-0.4958 0.1824
0.2038 -0.9420
0.4482 -0.1088
0.0533 0.7401
-0.1644 -0.0826
0.3371 -0.3141
0.8295 -0.2728
-0.4911 -0.6624
-0.3243 0.8096
-0.2002 0.5868
0.2060 -0.2193
-0.1825 0.2025
-0.7851 -0.3577
0.5467 0.6016
-0.3456 -0.2757
-0.0501 -0.8541
-0.1515 0.0089
-0.5450 -0.7801
0.0465 0.6324
-1.8823 -0.9080
0.2482 -0.5079
0.4362 -0.2180
0.1109 0.6474
-0.2633 0.8453
-0.0118 1.8680
0.1694 -0.3803
0.0002 -0.1671
0.3679 -0.1684
-0.0673 0.6117
0.0103 0.0684
-0.0162 -0.4741
0.1653 0.8444
0.4144 -0.6903
-0.0539 0.0699
-0.4936 -0.3743
0.4964 0.2898
0.6757 0.0683
-0.9134 0.2231
-0.6870 1.3745
-0.5036 -0.6693
-0.1070 -0.7369
-0.8022 -0.4648
0.3261 -0.0997
0.1563 -2.0877
-0.0551 -0.0321
0.2546 0.0581
0.0177 -0.0329
2.4236 0.7431
0.0388 0.0828
-0.1080 -0.0481
0.9758 -0.2069
-0.0247 0.3402
0.4062 -0.3741
0.1985 0.5632
-0.1199 -0.0229
-0.1894 0.1957
-0.1190 0.6012
2.4221 0.1230
-0.0642 0.3826
0.1100 -0.7704
0.1966 -0.0029
-0.3139 0.6651
-0.6588 -0.0604
-0.2812 -0.1053
-0.2094 0.1917
0.0338 -0.5235
0.0480 0.1694
-0.0360 0.7211
-0.5147 -0.4640
0.0404 0.0890
0.0018 0.0476
-0.5840 0.1538
0.6193 -1.9440
0.0061 0.0105
-0.1372 -0.1265
0.8410 -0.5518
0.7667 0.0161
0.3888 -0.5249
-0.5431 0.2630
-0.0891 0.0041
-0.4159 0.7369
0.5192 0.3285
-0.5258 -0.2372
0.0452 0.0487
1.8044 -0.0798
0.2508 -0.4492
-0.4913 -0.6063
0.5062 -0.0970
0.9769 0.0120
-0.3290 0.1487
-0.3274 0.3645
0.0786 0.0525
-0.0039 -0.0022
-0.0296 -0.2602
0.8134 -0.1603
-0.4594 -0.1982
0.5670 -0.5076
-0.8411 0.2432
0.7246 -1.2926
-0.0051 0.3829
0.0015 -0.0224
-0.7472 0.5639
-1.8997 -0.2610
0.5357 -0.3747
-0.4674 -0.2258
-0.9898 0.1821
0.1072 -0.0051
-0.1153 0.2791
-0.1751 0.3212
0.1107 -0.2476
0.2386 0.1196
1.1761 -0.0524
0.9377 0.1536
-0.4456 -0.5034
0.0630 -0.1217
0.5811 -0.0333
-0.2143 -0.1862
-0.0054 0.0573
0.4984 0.1173
-0.0343 -0.0680
-0.4130 -0.4366
-0.0855 -0.0672
0.2328 -0.3523
-0.4185 -0.8269
-0.4839 -0.4224
-0.2640 2.2585
0.4030 -0.1888
-0.4559 -0.4033
-0.0339 -0.1663
-0.0871 -0.0262
-0.3691 0.2632
0.2972 0.2287
-0.6698 -0.7327
0.0008 -0.0459
0.3027 -0.0411
1.5306 -0.8784
0.0390 -0.4451
0.2363 -0.1090
0.0323 -0.2289
0.1039 -0.2563
-0.4248 0.2716
-0.8043 -0.4668
-0.2321 -0.8010
-0.1476 -0.0982
0.4577 -0.6118
0.5929 -0.5701
-0.1611 0.5086
0.2898 -0.3466
0.2584 0.1956
0.0643 -0.1868
-0.0577 -0.0968
-0.5399 0.7170
-2.2500 -1.3464
0.0002 0.0016
-0.1062 -1.3471
-0.1709 0.4177
-0.1892 0.1696
0.1162 0.6264
0.2543 -0.6112
0.1221 -0.5705
-0.1609 -0.9580
0.0082 0.0197
-0.5401 0.3151
-0.4857 -0.6681
-0.5191 -0.7073
-0.7597 0.4051
-0.2192 0.1135
0.3357 -1.1761
0.4395 -0.3472
0.0518 -0.0261
-0.6685 -0.6241
-0.5975 0.5293
-0.6504 0.6321
0.6957 0.0678
0.3343 -0.4145
0.1122 -0.0447
0.2621 -0.8285
0.4374 -0.4247
0.8137 -0.4741
0.3843 0.5170
0.7403 0.6633
-1.9418 2.0838
-0.0150 -0.1712
0.6993 -0.1920
0.3198 0.4401
0.0571 -0.0427
0.5092 1.0484
