-0.2812 0.3589
0.0942 0.0144
-0.5827 0.4296
-0.5802 -0.5526
0.4018 -0.8663
-2.4662 0.7998
-0.5116 -0.1580
0.6331 0.3361
0.4756 0.1862
-0.0364 -0.0247
-0.9169 -1.7015
0.2923 -0.4529
-0.9039 0.3565
-0.2934 -0.4204
2.7413 0.9823
0.0000 0.0040
0.5307 0.3044
-0.5547 0.2418
-0.0295 0.9655
0.1852 0.2656
4.5035 -0.0220
4.6565 0.0121
4.7431 0.2337
4.1740 -0.4546
4.7816 -0.3833
4.6660 0.2177
4.2030 0.0597
4.4391 0.0175
4.5038 -0.0688
5.9872 0.4817
4.5115 -0.1463
4.3777 0.6780
2.7179 1.7379
4.2728 -0.1017
3.6332 -0.3923
5.2622 -0.0398
5.0590 -0.1262
4.1100 0.7769
8.0903 -0.7105
4.4564 -0.2188
