-0.5292 -0.1536
0.6690 -0.1079
-0.0221 -0.3580
-0.0458 0.0261
-0.8726 0.3904
0.7564 2.3229
-0.5406 0.2040
0.1185 0.6287
-0.7969 -0.1005
0.5464 -0.3982
0.5315 -0.4653
-0.1368 -0.1376
0.2531 -0.5197
-0.2690 -0.0530
0.3458 0.5237
0.0018 0.0269
-0.2598 -0.4249
0.0033 0.1381
-0.1290 -0.1516
-0.0935 0.0468
-0.3642 0.3136
-0.0945 -0.2145
0.2490 -0.1785
-0.7506 -0.2177
-0.2010 -0.3288
-0.4307 -0.6272
0.0659 -0.2495
-0.0838 -0.0414
-0.4861 -0.6724
-0.5261 -0.2600
0.1152 -0.1946
0.3355 0.0440
-0.0814 0.8215
-0.6082 0.4511
-0.5008 0.5914
-0.3227 0.0754
0.1051 -0.0187
0.2282 0.1439
0.2236 -0.0363
0.5383 0.7400
-0.1037 -0.3581
0.0788 0.8194
2.2021 1.7419
-0.7593 0.3732
0.3175 -0.0367
-0.8021 0.1077
0.3373 -0.2659
-0.7792 0.0838
0.5225 0.7810
0.5823 -0.6246
