-0.2172 0.1892
-1.2886 1.3992
3.5254 1.6599
3.3880 -1.6729
0.4181 0.0587
-0.9798 -0.1255
-0.8640 -0.0165
-3.0133 2.2815
0.1127 0.0075
0.4691 0.5954
0.5730 -0.1955
0.4576 -0.2221
0.0232 0.9972
-1.7923 1.1648
-0.3655 -0.6045
-0.0312 0.4871
-0.0950 -0.0727
-0.1584 -0.1067
0.7797 0.1850
-0.3204 0.5886
0.4869 -0.7432
-0.2139 -0.6158
0.2486 0.3952
-0.8733 0.0359
-0.3791 -0.0370
0.2005 -0.4535
0.0769 0.1342
0.3780 -0.5438
-0.2611 3.4236
0.1573 0.2875
0.1028 -0.3823
0.2324 0.8126
0.1112 -0.0921
-0.3344 -0.4856
0.1508 -1.3691
0.0295 -0.0406
0.3556 -0.2788
0.0240 0.0141
-0.0919 -0.9238
-0.1944 0.1907
-0.0007 0.3734
-0.2314 -0.0782
0.0014 -0.0005
0.3792 0.0827
-0.3366 -0.3913
-0.3434 -0.1340
0.6462 -0.0946
-0.0414 0.0773
0.5841 0.6022
-0.2503 -0.6710
0.4706 0.2313
0.6093 -3.0497
-0.2670 0.3621
0.6880 0.2030
0.0368 -0.2281
0.6783 0.4005
0.2068 -0.0727
-0.3327 -0.1354
0.3711 0.5348
-0.3949 -0.3584
-0.9531 -0.2334
-0.6095 -0.4139
0.2567 -0.2810
-0.1396 -0.0208
0.4525 0.5097
0.0185 0.0077
0.1040 0.1002
0.0826 -0.1339
-0.4500 -0.4572
-0.0965 0.8985
0.9209 -0.0684
0.6308 -0.5019
0.7276 0.5598
-0.0203 -0.9554
0.0924 0.3775
0.7358 0.2526
0.5010 -0.3604
-0.4777 -0.5960
-0.3095 -0.2613
-0.2945 1.1196
-0.4089 -0.5919
0.2637 -0.2881
-0.2651 0.0327
-0.3071 -0.1860
-0.1413 -0.3564
1.3742 0.3592
0.3706 0.6148
0.1088 0.9520
0.4500 0.4279
-0.6101 0.2042
0.4894 0.1931
0.2938 -0.5979
-0.3825 0.7103
3.4447 -0.5153
-0.1647 0.1445
-0.3871 0.9071
0.0018 -0.4186
-0.6504 0.5961
-0.2818 -0.0959
-0.2680 -0.7662
1.5383 -2.6054
-0.5435 -0.3106
0.7381 -0.0077
-0.6164 -0.7307
0.3797 -0.0472
0.5115 0.3890
-0.1254 0.4724
0.5555 0.6283
-0.2011 0.4380
-3.2926 -0.1587
0.4652 -0.0178
-0.9073 0.3281
-0.5819 -0.6481
-0.1939 0.1637
0.0437 -0.6567
-0.6121 -0.4275
1.7041 2.2766
1.3699 1.5648
-0.7636 -0.5467
-0.3584 -0.4451
-0.0043 0.2887
-0.0086 0.0695
-0.3623 -0.7792
0.2205 -0.0358
-0.0771 -0.2440
1.0130 0.4519
0.5322 -0.2380
0.6832 0.6259
0.5914 -0.6798
0.8421 0.3376
-2.9037 2.9195
-0.4489 0.3110
0.1067 -0.6075
-0.2888 -0.0588
-0.1626 0.1727
0.0246 -0.0954
-0.1683 0.0576
0.3341 0.1496
0.7408 -0.0808
0.8053 0.2875
0.2142 -0.4147
0.0550 -1.0595
0.6375 -0.5402
0.0444 0.9773
-0.4896 0.6585
0.0342 -0.1238
0.0941 0.1050
0.4018 0.2284
0.0684 -0.0830
0.6569 -0.2999
0.1892 -0.0000
-0.6036 -0.2654
0.0952 0.0175
-0.2978 -0.7357
0.6528 0.4368
0.8292 -0.3716
0.1994 -0.6034
0.3049 -0.0436
-0.3059 0.9472
0.0426 0.4844
0.6104 0.7087
-0.4995 -0.0732
-0.0529 -0.6995
-0.3590 1.8809
-0.3698 -0.6951
-0.5668 -0.6349
0.4731 -0.2338
0.6802 -0.6325
-0.0586 -0.0165
-0.1498 -0.1157
-0.0123 0.3939
-0.0415 -0.1993
-0.1240 0.0826
0.4036 -0.0412
1.5344 2.3690
0.6086 -0.5504
0.3295 3.9906
0.0206 -0.5087
-0.4264 -0.4371
0.2422 -0.3628
0.4101 0.3357
-0.3875 -0.1583
0.1543 -0.1196
-0.5102 -0.4196
0.0904 -0.6757
-0.2699 -0.5151
0.6606 -0.5854
0.5739 -1.8584
-0.0040 -0.2380
-0.0281 0.0734
-0.7971 -0.3557
-0.0128 0.1167
0.2524 -0.5525
-0.3626 -0.6159
0.4270 -0.1068
0.2253 0.9477
-0.6472 0.2798
-0.1038 0.0888
-0.4120 -0.1240
-0.1764 -0.1274
-0.5942 0.7030
0.7732 -0.1000
0.8861 -0.2669
0.5194 0.6045
0.5433 -0.3378
0.5110 0.0376
-0.6654 -0.3111
-0.6131 0.4225
-0.3048 -0.2253
0.1800 0.1366
3.2768 0.0603
-1.6988 -0.8340
-0.2956 0.4063
-0.0648 0.3603
-0.1493 0.8456
0.6827 0.4970
0.4656 -0.2826
2.5573 -0.5801
0.2378 0.0621
0.2454 -0.2542
-0.3605 0.2646
0.8237 -0.3188
0.0688 -0.0408
0.1389 0.1759
0.5947 0.3084
-0.4664 -0.2468
0.4323 -0.3784
-0.2796 0.1000
-0.7717 -0.5112
-0.1522 -0.3298
0.2210 -0.1266
0.4167 -0.0240
-0.2497 -0.3745
0.2099 -0.1143
0.4834 3.0899
-0.0794 -0.2193
0.9461 -0.0421
0.0437 -0.7652
0.3172 0.1447
-0.8686 0.2690
-0.0114 0.0812
0.2383 0.3933
0.2073 -0.0564
0.1266 -0.3261
-0.2187 -0.2140
-0.0964 2.4726
0.1838 -0.0909
0.9569 0.5698
-0.4303 -0.5324
0.1005 -0.0384
3.0328 -2.9326
5.1283 2.1889
4.3740 0.7754
5.3040 -0.6644
4.9405 -0.0444
5.3420 0.3708
4.1412 2.9126
4.9882 0.0395
4.8570 0.9778
5.0041 -0.9149
4.6227 -0.0413
1.4858 0.5445
4.7353 0.4189
4.9745 -0.3380
5.1423 0.0038
5.1720 0.2129
5.4407 0.2091
5.5214 0.4674
5.1572 -0.2455
4.9949 0.0966
5.1114 -0.5236
5.3348 -0.2063
5.5420 -0.3966
4.9922 0.2961
5.2506 0.6511
5.3289 -0.1962
4.9094 -0.3512
4.3564 -0.6963
5.4542 -0.2854
6.7220 -0.2999
8.2536 1.9709
4.3942 -0.4290
5.0640 -0.7640
4.4972 -0.7443
5.1118 0.2692
5.6884 -0.6703
4.1400 0.0712
4.3566 0.2966
5.1015 0.2431
4.1642 -0.0187
5.0960 0.0724
5.1182 -0.1111
6.4063 -2.2311
5.0866 0.5147
5.9337 -0.0590
4.7769 -0.1415
5.2107 -0.0615
5.0361 -0.6184
4.4231 0.4483
5.0058 0.3208
5.1816 -0.3155
4.6241 0.4646
4.9506 0.0460
5.0044 -0.2382
4.9832 -0.0952
5.3658 -0.1620
5.4742 0.1208
4.6784 -0.1825
5.4355 0.3765
4.5726 -0.3183
5.1586 -0.1537
4.9698 0.0773
5.6894 0.4644
5.3528 -2.1343
4.8932 -0.6508
4.2554 0.5559
5.1888 -0.1829
4.4349 -0.1500
5.0486 0.0307
5.0566 -0.0071
5.6439 -0.1330
4.4174 0.0962
2.3372 -0.9980
4.5623 -0.7011
5.3763 0.1905
5.0132 -0.0080
5.0681 -0.0822
5.5660 -0.1760
4.8873 -0.8312
5.0657 0.0650
4.3399 -0.3937
4.6974 0.1633
4.8895 0.1486
4.7877 0.1374
4.6462 0.0866
4.7051 -1.6441
4.9962 0.0647
4.9912 0.0567
5.3830 0.5867
4.8750 -0.1542
5.3655 0.6156
4.7329 0.7789
4.6406 0.0709
5.0178 0.2935
5.4827 0.0091
4.8809 0.3042
4.7969 0.0948
5.4094 -0.2593
5.1846 0.7227
4.8161 -0.3604
4.0566 -2.9909
5.5786 -0.1893
5.2865 0.8701
4.8957 -0.8871
5.6952 -0.8964
5.0517 0.0801
4.6927 -0.6349
4.2176 -0.1316
5.3464 0.1057
5.0121 0.1708
5.0683 0.0239
5.2260 -0.1728
4.6150 -0.0352
5.0187 0.4521
4.8560 -3.4080
5.0795 0.1396
5.4903 0.4689
4.9422 0.0737
4.7216 -0.0375
5.2152 -0.2319
4.9839 -0.1435
4.9941 0.0275
4.8742 -0.2626
4.8571 0.0698
4.1444 -0.0699
4.0409 -0.0249
5.0934 -0.4002
5.3433 -0.0614
4.2583 -0.4559
5.0641 0.1431
4.8919 0.6373
4.1538 1.4618
4.8870 0.0533
4.9749 0.0240
4.0605 0.2312
5.2501 0.8098
4.4132 3.6857
4.9227 0.0655
4.8539 0.7200
5.2064 -0.3940
4.8125 0.8997
4.6158 -0.6032
4.9757 -0.1772
5.2447 0.5766
4.3941 0.0467
5.1296 0.0752
4.6526 0.5019
5.3187 0.4119
4.8055 -0.0764
4.3183 -0.1083
5.0001 0.0176
4.7186 -0.1643
5.4648 -0.2300
1.6930 -2.5576
4.7901 0.8334
1.7882 -1.1158
5.5248 -0.3256
4.9888 -0.2318
5.0185 0.0209
5.3933 0.2330
5.4090 0.2259
5.5113 0.4477
4.5312 3.6355
5.4932 0.4592
4.5813 -0.4353
4.9009 -0.2265
5.1315 0.4361
5.5854 0.6360
5.4147 -0.8137
5.4785 0.3342
5.7876 -3.0024
4.8134 0.2482
5.0680 0.8591
4.8277 -0.4495
5.0706 -0.0120
5.2784 0.1122
4.9783 0.0982
4.8395 0.1001
5.9114 -0.0073
5.1725 0.4481
5.2765 -0.4385
4.8294 0.1362
4.9758 0.5080
5.2074 0.3926
4.9863 0.0011
3.3413 -3.2689
5.1442 -0.2459
5.2344 0.0242
4.8904 -0.2423
6.1473 0.4113
2.6649 1.7992
4.9182 0.0590
5.3401 0.2681
4.4504 -0.6544
4.9586 -0.0096
5.1965 -0.3818
4.9635 0.5236
4.6864 -0.3270
5.1644 0.4404
4.2747 -0.4785
4.4166 -0.5491
4.8236 0.7765
4.3436 -0.4160
5.3951 0.0676
4.9879 -0.8912
5.0660 0.0350
5.1801 0.1678
5.0817 -0.2868
5.0610 -0.0436
5.0017 0.0086
4.5707 0.0088
5.1280 -0.4072
5.9180 -0.1347
4.9397 -0.1955
4.9899 0.0689
5.4078 -0.6051
5.0835 0.1847
4.1663 0.1356
5.2100 0.0567
5.0100 -0.7195
5.2266 -0.6108
5.7404 0.0022
5.0533 -0.0257
4.6702 0.1315
4.7294 0.3110
4.9930 0.2078
4.8573 0.1473
5.7379 0.4784
4.6824 0.5788
4.6474 -0.3223
4.5653 0.3462
4.9447 0.5557
4.6296 -0.1367
5.2600 -0.2168
4.9872 -0.4433
4.0942 0.0030
4.8631 0.5086
5.6798 0.4752
4.9914 0.0307
4.9672 0.0158
5.0654 0.3223
4.8854 -0.0546
5.7151 0.0335
5.2014 -0.3870
5.5859 -0.5218
4.9473 -0.2142
4.6544 0.0239
5.5788 0.4616
5.0147 -0.0330
4.9466 -0.0621
