-0.8275 0.2898
0.8559 -0.0221
0.4174 -0.0261
-0.1692 0.5981
-0.2593 -0.2244
-0.3819 -0.2361
-0.0112 0.0241
0.4246 -0.5396
0.2949 0.6637
-2.1516 -1.0718
0.3374 0.4274
-0.8535 0.1770
-0.2725 -0.6294
-0.4206 -0.0410
1.1947 -1.5434
-0.3563 -0.4004
0.4806 -0.9530
-1.7952 0.8689
-0.0227 0.0742
-0.3582 -0.4094
-0.7577 -1.4159
-0.4241 -0.7849
0.5133 -0.0678
0.8096 0.4500
-0.0363 0.0530
-0.6790 -0.3562
0.1208 -0.6165
-0.7680 0.1069
-0.0279 0.0391
-0.3385 -0.1035
-0.8204 -0.1840
-2.1448 -0.3500
-0.5878 0.4629
-0.1110 -0.0646
0.0611 -0.1330
0.1878 -0.3033
0.0792 -0.6529
0.2038 -0.8721
-0.1194 0.1242
-0.1722 -0.2640
-0.1381 0.0641
-0.1190 -0.5946
-0.2347 0.8251
-0.5298 0.3564
0.5118 1.8104
0.0573 -0.1816
-0.0368 0.1521
0.0018 -0.0019
-0.1324 0.0443
0.0887 0.1088
0.7691 0.3160
-0.5421 0.3283
0.7191 -0.5643
-0.0708 0.2418
-0.4350 -0.8522
-0.6376 -0.3861
0.2329 0.2696
-1.2442 2.5600
1.8575 -0.3280
0.1384 0.2434
0.0078 -0.4423
-0.8023 0.2263
-0.4462 0.5878
-0.2563 -0.2180
-0.2966 0.9073
-0.5201 -0.2511
-1.2711 -1.3882
-0.0725 -0.2244
0.4161 -0.2669
-0.3931 0.2720
0.3823 0.4263
-0.2190 0.6298
-0.1057 -0.2824
-1.3526 -1.0832
-0.1852 0.1278
-0.2812 0.5128
0.2105 -1.2674
-0.0823 0.1933
-0.4697 -0.8126
-0.3348 -0.4177
0.4068 3.3416
-0.0053 0.0133
0.0428 0.1107
-0.1052 -0.7254
-0.2878 -0.2700
-0.0800 0.8276
-0.3761 0.5550
-0.0687 -0.0976
-0.9106 -0.3449
-0.4918 -0.1149
-0.0153 -0.0599
0.5088 0.6761
-0.7753 0.5327
-0.1843 -0.1787
0.0056 0.3670
-0.2018 0.2461
0.3776 -0.1731
0.5759 -0.0520
0.1946 -0.0614
-0.4534 -0.3694
3.6476 0.3551
4.6809 0.0187
4.6493 -0.0128
4.4649 -0.0639
4.7725 0.8478
4.6220 -0.0251
3.5599 -0.1531
4.6856 1.8746
4.0908 0.2637
4.6956 0.3869
5.0009 0.5521
3.8953 -0.6488
4.5883 0.9946
5.2053 0.5422
4.2844 -0.1536
4.0975 -0.1601
5.8364 -2.7577
4.8187 -0.3257
4.4856 -0.0951
5.0224 0.7552
2.4615 -2.4229
4.9458 0.6260
4.4422 0.0967
4.2712 -0.3862
3.9476 0.1277
4.5546 0.1032
4.2820 0.4223
5.0796 -0.0610
5.6022 -0.7830
5.0364 -0.4164
4.4181 0.5009
4.0766 1.7797
4.4384 0.0392
4.7332 0.1343
4.2491 -0.3334
4.1397 -0.4971
4.5536 0.1451
4.7175 0.4852
4.1419 0.1974
5.2716 -0.3360
4.6015 -0.0009
4.9483 -0.3575
5.1562 0.6410
1.7394 0.5645
3.8898 -0.3377
4.5224 0.2841
4.4995 -0.0116
4.5026 -0.0033
4.5106 -0.5538
3.8758 0.0024
4.3142 -0.1609
3.7356 0.0369
4.7841 -0.1161
4.1570 0.7707
4.3552 -0.1019
2.1787 1.8902
4.5293 0.1508
6.8573 1.5223
5.0798 -2.0355
3.8354 0.5109
3.4972 -2.9935
4.7323 0.5558
7.1597 0.3440
6.4559 -1.2970
4.6846 0.5848
4.5789 -0.3458
4.6639 1.0365
5.6531 2.9741
4.1763 -0.1589
5.1629 -0.2230
4.9051 -0.5249
4.5381 0.0322
3.6481 -0.2039
3.8115 -0.7131
4.5506 0.2563
4.3969 -0.8147
4.9002 0.1921
4.9452 0.4067
4.8975 -1.0704
4.7738 0.0782
4.0261 -0.3322
4.3545 -0.2556
4.0935 0.3321
4.5055 -0.0056
3.9232 -0.0022
7.0652 0.7416
4.1475 -0.3701
4.4368 0.0638
4.1765 0.3073
3.7585 -0.3559
4.5427 0.0871
4.3505 0.4626
6.7061 1.3717
3.9945 -0.0274
4.2292 -0.3169
3.6016 -0.2076
4.2009 -0.6531
4.6174 0.0997
4.2524 0.1459
4.5792 0.4648
