0.0003 -0.0019 -0.0553
-0.4845 0.1831 -0.0584
-0.0478 0.1384 0.0380
-0.2208 0.4360 0.4004
-0.0178 0.0864 0.0089
-0.0038 -0.0011 0.2162
0.1194 -0.4565 0.3174
-0.0887 -0.0172 0.2042
-1.2666 0.3637 -0.2461
0.1261 -0.0847 0.4326
0.2674 0.0706 -0.7560
0.3444 0.0829 0.5894
-0.7369 0.1028 -0.0686
-0.1401 -0.0681 0.0353
0.4706 0.0035 0.0916
0.0065 0.0882 0.0263
-0.0612 0.0038 0.0214
-0.4566 -0.0053 -0.2466
0.3415 -0.0762 -0.6153
0.0087 0.0168 -0.0108
-0.0508 0.5634 0.5049
-1.7057 2.9055 -0.4416
-0.0917 -0.0784 -0.5937
-0.3677 0.1233 -0.1252
2.2892 -1.6915 -1.1628
0.2562 0.0489 0.3187
0.3901 0.3833 -0.0945
-0.0434 0.1527 0.2368
-0.4784 -0.8532 -0.1053
0.0678 0.3278 -0.4189
0.1901 0.0889 2.7034
-0.2655 -0.2172 0.1478
-0.3177 -0.0971 -0.7753
0.0001 0.0025 -0.0888
0.2719 -0.2121 0.6336
0.9738 1.3507 0.0974
0.0331 -0.0815 -0.0550
0.6144 0.5593 -0.9150
-0.5516 -0.1501 -0.6255
-0.6030 -0.3209 -0.1375
