-0.1814 0.8595 -0.1283
-0.3993 1.4819 1.6598
0.2240 -1.4618 -0.2575
-0.2569 -0.0875 -0.5136
-0.1240 -0.0829 0.2938
-0.0051 -0.4791 0.3739
-0.2292 0.0016 0.4198
0.0878 -0.2190 -0.3718
0.0467 0.5061 -0.8379
0.0167 0.0244 0.0062
-0.1376 -0.1886 -0.4346
-0.0078 -0.0309 -0.2339
-0.8370 -0.1870 -0.1839
-0.2767 -0.2275 0.7736
0.4440 -0.4043 -0.1004
0.5318 -0.0709 0.2691
-0.5510 -0.0494 -0.0622
-0.2165 0.1826 0.1134
0.2085 0.0834 -0.1142
-0.1092 0.0524 -0.0548
-0.4724 0.6399 0.0785
-0.1558 0.0892 -0.3000
0.6811 -0.5943 -0.3465
-0.4889 0.0788 -0.2656
-0.2378 0.2426 0.5606
-0.2320 0.1761 -0.7792
-0.7156 -0.9034 -3.7583
-0.0001 -0.0007 0.0342
-0.8972 -0.2024 0.4832
0.0009 -0.0023 0.0577
-0.1132 0.0764 -3.6104
-0.1004 -0.1657 0.0293
-0.0389 -0.1079 0.9760
-0.2631 -0.0446 0.1793
0.4867 -0.2274 0.0113
-0.0404 -0.2460 -0.7766
-0.5602 0.5060 -0.4520
-0.6235 0.1128 0.7544
-1.0336 -0.1541 0.4136
0.0253 -0.2019 0.0204
