-2.3374 0.4668
-0.7814 0.0194
0.3511 0.1960
0.3311 0.2850
0.9138 0.0645
-0.7098 -0.1563
1.2409 2.2752
0.4758 0.0463
-0.1064 -0.1307
-0.8546 -0.0083
0.1400 0.5461
-0.4098 0.1566
-0.6177 0.5540
-0.0209 -0.2041
0.3375 -0.3518
-0.2925 0.4961
-0.4518 0.1506
0.0801 0.2536
-0.0576 0.9398
-0.1903 0.5373
4.0146 0.0673
4.2435 0.5740
4.1555 0.2349
3.9017 -0.6057
4.0789 -0.3266
4.2692 -0.5368
3.6191 0.7552
4.0077 0.3878
3.4389 0.0155
6.3701 1.2857
4.3392 0.9360
4.4975 0.0543
3.7862 0.3901
3.0644 -1.6220
4.2946 -0.4228
3.9974 -0.0006
3.0611 0.1354
4.0016 0.0034
3.9785 -0.9922
3.1217 0.0240
