0.2205 -0.0048 -0.5155
0.4175 0.7516 0.4509
0.2831 0.5845 -0.7298
0.1019 -0.0417 0.4385
0.1661 0.1740 -1.1386
-0.0351 0.0352 0.1678
0.1076 -0.0160 0.2481
0.0882 -0.1663 0.0406
-0.4023 -0.1494 -0.8294
-0.1055 0.3288 -0.6855
1.0070 0.4224 -0.3643
-0.1376 0.2768 -0.2811
0.1440 0.1101 -0.8174
-0.0087 -0.0395 0.1074
-0.5494 -0.4690 0.3815
0.1364 -0.1630 0.0701
0.0006 -0.0009 -0.0008
-0.2004 1.0913 -0.4367
-0.1722 0.2248 0.1173
-0.1712 -0.0622 -0.4966
1.9814 -0.1045 0.6813
2.0542 0.0833 0.1373
1.7478 -0.2363 0.1676
1.9803 0.0178 0.4967
1.9560 -0.0574 -0.7051
2.1556 -0.2246 0.3354
1.5521 -0.1551 -0.7613
1.8419 -0.2636 -0.5301
2.0216 -0.0214 -0.0821
1.9876 0.2308 0.4702
2.0931 0.0633 -0.3417
1.7902 -0.0343 -0.0168
2.0076 0.1047 -0.0014
1.7926 0.8548 0.2262
1.9971 0.0095 0.0296
2.0121 0.2144 -0.8634
2.2038 -0.0608 0.5830
1.8632 0.1118 0.2008
1.9287 -0.0067 0.0058
1.3393 0.0141 0.9397
