-1.0761 1.0042 -2.0180
0.4421 -0.7068 -0.3071
-0.3942 0.0580 0.1044
0.0025 -0.0447 -0.4250
-0.3765 -1.1235 0.1136
-0.0294 -0.5252 -0.1776
0.0219 -0.4561 0.1287
-0.2166 0.0845 0.9144
-0.0019 0.0041 -0.6554
-0.0140 0.0171 0.1095
-0.0137 -0.0704 -0.2378
0.2551 -0.0061 -0.8901
0.4434 1.8358 2.0060
-0.3693 0.0652 -0.4238
0.0403 -0.0635 0.7855
3.9916 -0.0055 0.0034
4.6079 0.1599 -0.0029
4.0715 -0.0345 -0.3554
3.6500 -0.3224 1.4743
3.7990 -0.0062 0.6592
3.9526 0.6455 0.1296
3.9979 0.0078 -0.0066
3.8894 -0.0777 0.1092
3.3351 0.3714 0.5703
4.1089 0.2413 0.0867
4.0516 -0.0339 0.4834
3.7388 -0.0396 0.7426
3.9351 -0.0095 0.8346
3.6768 -0.2669 -0.7117
3.1325 0.0939 -0.0904
