-0.5943 0.4065
0.1126 1.1555
0.1113 -0.0166
-0.6209 -0.0571
-0.3139 -0.3917
0.6964 0.4024
-0.4583 0.3299
0.6497 0.5257
-0.0717 -0.4619
0.3466 0.6030
0.0659 -0.0995
-0.1386 -0.4255
0.7475 -0.1880
-0.2756 -1.0178
0.3021 -1.1036
-0.0053 -0.2783
0.5894 0.1715
0.3941 -0.2352
1.0221 -0.6198
-0.8894 0.1021
-0.0609 -0.2826
-0.4898 -0.3739
0.0540 0.3972
-0.1148 -0.9271
0.1616 0.1090
0.3493 -0.6404
0.0788 -0.6851
-0.3233 0.6618
-0.6567 -0.7824
-0.3368 0.1526
-0.6535 0.5290
0.5059 0.0780
-0.0935 0.0122
-0.2181 -0.0030
0.2545 0.0260
-0.0685 -0.4720
0.6104 -0.6519
0.2604 -0.1407
0.3047 0.0485
-0.4767 -0.4997
-0.1058 -0.9137
0.9745 -0.0570
-0.4105 0.9020
-0.2155 0.6410
-0.5082 0.3653
0.0967 -0.2606
0.6525 -0.8036
-0.0633 -0.2461
-0.1231 1.0731
0.1309 -0.2821
