1.774217618637688731e-01 -8.224884253008322155e-01
-2.626689810601035568e-01 9.933163037437226124e-04
-1.711405829165515979e-01 3.854365061372045376e-01
-4.693753850335725258e-02 8.684420843421561398e-02
2.984479132473513152e-01 1.392532218720511084e-01
4.631870329143045195e-02 9.937486742710087695e-01
-5.529405474806592391e-01 -2.387573906155437964e-01
-1.076641680999082529e-01 -7.377836498786100039e-01
5.863003723873514428e-01 -6.543785225764855995e-02
-7.985700639072601525e-02 -8.223160042267081415e-01
1.399485243434604731e-01 -2.435896984213518912e-01
-7.271508890603697317e-01 -5.731701413795079469e-01
-5.068847547582711055e-01 3.793413897176062810e-01
8.739293555767095878e-01 -3.344261509623377981e-01
4.727654491622405517e-03 -2.671644155954350786e-01
-9.087643244785757746e-02 -5.316203789775473254e-01
1.464980538982839364e-01 -2.143053657971585313e-01
-8.297331074441350457e-03 8.396261575287689016e-02
-6.196634202361189780e-01 3.734914464153431257e-02
-2.657569642486421468e-01 1.562238309427809585e-02
-2.251911389289979956e-02 -4.243593693129452636e-03
-5.731726985053738899e-01 2.680471063620248895e-01
-6.266976880307773001e-01 -4.970446634845254730e-01
-3.863729129175905164e-01 -4.623974705151364523e-02
2.967247523477461457e-01 -6.563749635459434906e-01
5.392858588571494138e-01 2.249566274277088607e-01
2.275926004466834879e-02 -1.798723995027140810e-01
-4.759692263307432891e-01 -1.778198758090157594e-01
4.532319505974712892e-01 -5.595573403607743135e-01
-1.407133151733826648e-04 5.845109857676650256e-02
-4.506603561711357980e-02 1.600311529627072848e-01
-2.637082957135313266e-01 3.286829310208071453e-01
4.292323178260678551e-01 -6.010440224066081472e-01
-2.618217352621234895e-01 -5.552734669488280650e-01
-1.457331236105343653e-01 -2.339267137438664490e-01
8.780933621135426914e-02 3.437640787192054459e-01
-4.726107356103606549e-01 1.440858010990139493e-01
4.644919839310442944e-01 -7.713582407491512694e-01
-4.307542757485358434e-03 -6.593118633141398233e-01
2.807377849725745111e-01 1.621546253954631867e-01
-7.030876536635960461e-01 5.216058604039806035e-01
-1.361586052724869135e-02 3.380000918981451719e-01
1.337066600631398317e-01 -1.035520025084499668e-01
-1.874254257740153307e-01 -1.740852063897766477e-01
1.092961005268175412e-01 -7.884220103779600308e-02
-3.593348963218603864e-01 -6.863446565425648238e-01
-3.586065451494743067e-02 -1.730195390591527382e-01
-5.446361734411871991e-01 3.401642234192744363e-01
4.736171609225420243e-02 6.080472637605106589e-01
-1.622691084427323738e-01 5.158312213145926917e-01
3.666522606227081482e+00 -1.148696565577645747e-02
3.720236799064014832e+00 6.205005582674133491e-01
3.280864672867918053e+00 -2.295725443192555282e-01
3.283380284312749531e+00 2.056247376503426427e-01
3.600797087633428095e+00 2.790301711697341647e-01
3.467881907794138296e+00 4.045835454663582881e-02
4.154358858502806839e+00 7.447078937654055819e-01
3.204854665334085251e+00 -1.818052289559511925e-01
3.550496842319459834e+00 -8.776276116249805970e-01
2.798567332037238398e+00 3.132469066408580249e-01
3.548526129687357145e+00 1.534224320510229334e-01
3.911403364053863907e+00 -8.073796929947705051e-03
3.570122594953573980e+00 2.212401613882631346e-01
3.597314353763494399e+00 -5.503328262901684420e-01
2.712426126420845574e+00 3.072589277811476616e-01
3.369007878161819569e+00 1.260268557279402291e-01
3.310355510058038409e+00 -3.397209088176037506e-01
4.102272764199731192e+00 7.676480952816007453e-02
3.885278708891808819e+00 1.351644800433063898e-01
3.634744955629011898e+00 -5.260488488245327332e-01
3.492452582710039444e+00 -1.673002816500473167e-01
3.847206262818368749e+00 -7.464010775511036033e-02
4.321320930029622254e+00 1.440721045237433606e-01
2.938188912981043899e+00 3.298993599469000615e-01
3.676204292651001015e+00 3.212634613461139987e-01
3.442769370696776132e+00 -2.908646878852691464e-01
3.499783147812916884e+00 1.566403102794387218e-03
2.741457135769940212e+00 9.860585428556752075e-02
3.489193467344609889e+00 -6.387500881271687136e-01
3.089340001214667453e+00 -4.646830124798012052e-01
3.458741045728912056e+00 2.146540451947575312e-01
3.110962839202572994e+00 -8.557931927942483696e-01
3.018524702141934579e+00 1.182813758334118198e-01
3.697135138217748640e+00 9.642394131006636337e-01
4.088557661240335150e+00 7.740694632569699030e-01
2.763894963765669122e+00 -1.113483503627628324e-01
3.354088362213217156e+00 -1.839038432376073895e-01
4.040594059726088538e+00 -7.965110166784552526e-01
3.693037572466260077e+00 -7.094767928733740348e-02
3.593698460621058022e+00 -6.549100905224213010e-02
3.191006673338893762e+00 -1.032958178678486244e-01
3.160848579264267766e+00 -1.432554069653342588e-01
3.973226021016077691e+00 6.463234004918145814e-01
3.533279935267886085e+00 2.204977551054103715e-03
3.946084154467758953e+00 -7.919951989922360269e-01
3.640148050974396643e+00 9.068248944695092018e-01
2.803012639468956735e+00 6.990268531809330499e-01
4.207798521795176327e+00 -1.163122162076166977e-01
3.299677640011632995e+00 -8.968037575892585933e-02
3.695803805204263881e+00 -2.345175485502092316e-01
