0.1464 0.1052
-0.6547 -0.7548
-0.0981 0.5419
0.1746 0.5371
-0.4480 0.7875
-0.0144 0.0351
-0.0403 -0.0542
0.7265 0.1400
0.0327 0.1481
-0.1702 0.4674
0.1377 -0.2092
0.8476 -0.2424
-0.0001 -0.3504
-0.1424 0.4709
0.0745 0.8391
-0.0074 -0.0009
0.8649 0.3259
-0.3664 0.3484
0.0112 0.0232
0.4369 -0.5501
0.7492 -0.4480
0.6962 -0.3490
1.0717 -2.8116
-0.3876 -0.2827
-0.4006 0.8045
0.3972 -0.1377
-0.7302 -0.0298
0.8587 0.1297
0.0364 0.4396
0.0344 -0.1398
0.3432 -0.2616
-0.0661 0.9859
-0.0675 0.4509
0.0220 0.0167
-0.2059 -0.0568
-0.6027 -0.5472
0.0564 -0.0262
2.7083 1.0557
-0.4962 -0.5606
-1.4107 -0.3252
-0.3250 0.4541
0.3170 0.2313
-0.2331 0.4088
0.0586 0.3244
-0.1094 -0.1522
-0.1953 0.4006
0.0983 -0.7048
-0.1290 0.3420
-0.2303 -0.0092
0.2685 -0.6346
4.7404 -0.2036
5.3635 0.2987
4.7214 -0.6757
4.6240 0.4730
4.3114 0.7437
4.5289 -0.7663
4.6456 0.5274
4.2259 0.0077
4.7426 0.7338
4.5068 -0.3129
4.3577 0.1151
3.7178 -0.5138
4.8732 -0.1442
5.0560 -0.1753
5.1705 -0.1263
4.8569 0.2452
4.7955 -0.5024
4.7936 0.7547
4.2307 0.6491
4.4548 -0.1265
4.5607 -0.1693
4.3252 -0.1418
4.3479 0.7102
3.9412 0.5381
4.5021 0.0038
4.4584 -0.1380
4.1960 0.4540
4.8765 -0.3230
5.2339 1.7114
3.5362 -0.1106
4.8825 0.2264
4.4637 -0.5561
4.7096 0.2245
4.6215 0.1089
4.5387 -0.0035
4.7030 -0.9196
5.4001 -0.3443
4.5141 0.0344
4.3896 0.5364
4.4997 -0.5540
4.2616 0.4679
4.5516 0.2859
5.4294 0.2836
4.9774 0.6584
4.5304 0.2451
6.2042 -1.0132
5.0397 -0.6404
4.6027 0.2543
4.8515 -0.8340
4.2973 0.7470
