0.0088 -0.1895 0.1466
-0.1445 -0.4933 0.4196
-0.0814 -0.1932 0.6090
-0.4070 -0.4258 -0.4613
0.6137 0.4398 0.4944
-0.0299 0.0520 -0.0440
0.1440 -0.3449 0.7776
-0.0106 -0.0627 0.8060
-0.0765 0.0459 -0.0779
-0.2673 -0.3993 -0.3443
-0.4244 0.6361 -0.2595
0.0516 -0.0765 2.3993
0.2107 -0.2248 0.5170
-0.3926 -0.0017 -0.0894
-0.3378 0.1602 0.2121
-0.0510 0.7822 0.1517
0.2320 0.8233 0.1784
-0.4303 3.2087 1.3638
-0.1031 0.0751 -0.0782
-0.4032 0.3801 -1.6303
5.1372 0.2011 -0.2239
4.8785 -0.6539 2.9723
4.6348 0.5016 0.6107
5.0080 0.0069 -0.2433
5.3388 0.1740 -0.4156
5.1269 -0.2361 -0.0683
5.0594 0.0187 0.8537
4.5667 -0.0959 0.0732
5.1644 -0.3798 0.2439
4.9732 -0.0069 0.0666
5.0419 -0.1310 0.4170
4.9805 0.0079 -0.0149
4.7910 0.0323 0.4382
4.9895 -0.9442 -0.2346
5.5112 -0.1145 -0.4332
5.4926 0.3017 -0.2952
5.3890 -0.0860 0.0460
4.9416 0.5080 -0.2331
4.8436 -0.1680 -0.0418
5.2527 -0.3068 -0.2912
