-0.4107 -0.2585
0.4975 0.0649
0.0228 0.3539
-0.0344 -0.2489
-0.7595 -0.6156
-0.1204 -0.6453
-0.8266 -0.0853
-0.6375 0.1709
0.1432 0.2255
0.1019 0.0718
-0.8282 -0.1193
-0.0407 0.0897
0.2736 -0.0459
0.1865 -0.5766
0.0192 -0.0551
0.4515 0.3557
0.1917 -0.2090
0.3639 -0.0713
-0.0119 -0.6313
-0.0073 -0.0315
-0.2924 0.1912
-0.5670 0.6704
0.5839 0.2395
0.2860 0.8883
0.9073 0.0707
0.6499 0.5216
0.1259 -0.0516
0.3669 -0.7548
-0.5072 0.8139
0.4369 0.5417
-0.3811 0.0978
0.5742 -0.4096
0.7875 0.0632
0.4254 -0.6606
0.1001 -0.2049
-0.4884 -0.5951
-0.0202 0.5649
0.8776 -0.3473
0.0788 -0.7451
0.3749 -0.0987
0.7542 -0.6447
-0.8379 -0.3592
0.5807 0.7057
0.3475 -0.8213
-0.0006 -0.0617
0.0681 -0.0178
-0.0034 0.0456
-0.3850 0.3512
0.0550 0.2281
0.4665 -0.2018
0.2774 0.5216
-0.3162 -0.8548
0.0513 0.8563
-0.0762 0.4406
-0.4055 -0.0827
-0.0926 0.2686
0.4710 0.6817
0.0868 -0.0792
-0.2898 -0.5323
0.1019 0.0406
-0.5030 -0.8205
0.5606 0.6004
-0.4133 -0.3089
0.7365 0.3649
-0.0558 -0.2171
-0.2742 0.5129
0.5112 -0.3201
-0.3676 0.2733
-0.3503 -0.4233
0.0030 -0.0009
-0.5993 0.7801
0.4366 0.1310
-0.0174 -0.2513
0.2913 -0.2265
0.3406 0.7042
-0.6353 -0.7130
-0.3207 0.7031
0.2883 0.1317
-0.2091 -0.2055
0.1832 -0.2489
-0.4766 0.5426
-0.9348 -0.0061
0.3772 -0.0094
0.0466 -0.0016
0.1161 -0.3049
0.2180 0.8975
-0.5803 -0.5119
-0.0081 0.0123
-0.8192 0.4287
0.4141 -0.1271
-0.2370 -0.2589
-0.2086 0.3678
0.7866 0.1554
-0.1370 0.5616
-0.4608 -0.0257
0.8818 -0.0504
-0.2258 -0.0514
-0.0141 -0.3583
-0.1112 -0.3220
-0.0927 -0.0206
