0.1464 0.5830
-0.0079 -0.6802
-0.5992 -0.5200
0.2123 -0.2498
-0.4477 0.8282
0.0574 -0.0229
0.4277 0.5086
-0.0196 -0.0192
0.1337 -0.1099
0.2831 -0.4184
-0.1686 -0.3557
-0.3177 0.8682
-0.3175 -0.3519
-0.3525 -0.3669
0.2316 -0.8596
0.5803 -0.6289
-0.6035 0.7128
-0.6738 0.2450
-0.1461 0.5903
-0.8089 -0.2690
-0.3351 0.1645
0.5412 -0.1964
-0.3375 0.9179
0.5650 0.7596
-0.3575 0.4408
0.0410 0.3325
-0.4839 0.4474
-0.4743 0.2802
0.0529 0.3601
0.5798 -0.8662
-0.1130 -0.0022
-0.5650 -0.4504
0.2174 0.5394
0.0209 -0.8356
0.5156 0.0155
0.3054 -0.3385
-0.3952 -0.6085
0.0154 0.0337
-0.0071 -0.0919
0.0792 -0.4455
-0.0254 -0.9699
-0.1141 0.8936
0.8067 0.2800
0.0239 -0.0179
0.1517 0.1777
0.8843 0.0595
-0.4604 0.4654
-0.1790 -0.0657
-1.0062 -0.2525
0.7810 0.1376
0.4367 -0.0786
0.3354 0.8945
0.4050 0.7183
0.6064 -0.3626
0.4224 0.4977
0.2720 0.6710
-0.6262 -0.7398
0.5996 0.0592
0.4058 -0.4042
0.0954 0.6460
-0.0815 -0.4319
0.7231 -0.0472
0.8651 0.3831
-0.3787 0.2740
-0.0568 -0.0751
-0.3522 -0.3451
0.3924 -0.5040
-0.0891 0.5919
0.4436 1.0849
0.3076 0.4091
-0.0477 -0.7955
0.2007 0.1218
0.0165 -0.3339
0.5044 0.0623
0.0114 0.7748
-1.1459 0.0888
-0.5639 0.6849
0.2022 0.1232
0.6320 -0.6224
0.3936 -0.0313
0.0572 -0.1605
0.5493 0.1141
-0.7889 -0.6004
-0.6186 -0.1865
0.3804 0.3681
0.0187 0.0968
0.5055 -0.1741
0.6739 -0.1089
-0.6658 0.7347
-0.7219 0.6063
-0.0155 -1.0191
-0.1693 -0.3952
0.3761 0.8816
0.4425 0.8054
-0.6461 -0.1173
-0.3387 0.5920
0.0983 0.8825
-0.2377 0.0228
-0.1091 -0.0263
0.0066 0.1040
