-0.0003 -0.0116 2.2727
0.5348 -0.1086 1.9973
-0.0033 0.0100 0.2079
-0.2502 -0.0458 -0.3320
-0.0252 -0.1405 -0.6102
-0.0043 -0.0068 -0.0715
0.0652 0.0151 0.1037
-0.4438 -0.3941 -0.1460
0.0197 0.0007 0.0750
0.2812 0.1126 -0.1795
-0.7404 -0.0009 -0.1863
0.2708 0.2486 -0.2559
-1.0946 -0.8511 1.1470
0.1069 -0.8298 0.1263
-0.2545 0.3776 0.6259
0.1233 -0.0648 0.5107
-0.2049 -0.3676 -0.3906
0.4593 -0.1509 -0.3248
0.3279 -0.8604 -0.4669
-0.1174 0.1142 0.7838
-0.0599 -0.0693 -0.0002
-0.4262 -0.0308 -0.4907
0.2756 -0.2661 -0.5780
-0.1648 -0.1041 0.5177
-0.0118 -0.0119 -0.2615
-1.5991 1.3456 0.8448
0.1907 -0.5007 -0.5992
-0.5078 -0.2007 0.4657
0.0422 -0.9244 0.3353
0.0064 -0.0223 -0.2958
-1.8029 -0.4749 1.3961
0.0224 0.0092 -0.4934
-0.3571 -0.3239 0.4092
0.2806 0.2083 -0.1131
0.0492 -0.4912 0.3726
2.1609 1.3380 -0.6936
-0.0317 -0.1049 0.0009
-0.0340 0.0738 -0.2999
-0.7860 -0.7321 0.2909
0.1609 -0.2298 0.5851
-0.2370 0.0080 -0.3315
-0.1309 0.0240 0.6473
-0.0670 0.1694 -0.1816
-0.1132 0.0677 -0.2027
1.3886 -1.1482 1.6323
0.0174 0.0503 -0.0740
-0.0680 -0.4542 -0.2398
-0.7210 0.5022 0.1922
-0.9096 0.3456 0.0148
-0.2007 0.3660 0.5270
5.8804 2.1611 1.3519
4.2338 0.1740 -0.3512
3.6004 0.2236 0.8097
4.2222 0.3066 -0.0475
4.0191 -0.4415 -0.5548
3.1656 -0.4297 0.2974
4.7485 -0.0464 -0.3691
3.9951 0.0025 0.3194
3.7801 0.1651 0.2206
4.0075 -0.0449 -0.9668
5.1762 -0.3794 -2.7335
3.6086 0.1675 0.3417
3.7187 -0.0836 0.4766
4.7241 -0.3754 -0.4943
4.1301 -0.0793 1.5116
3.7854 0.4816 0.2757
3.8656 0.0407 -0.0330
3.9198 0.1489 0.6543
3.7734 -0.1203 -0.5766
4.1201 0.0638 -0.0625
4.3682 -0.0974 -0.1599
4.5763 -0.1416 1.6086
3.9551 -0.0707 0.1271
4.0361 0.0091 0.0801
3.5643 0.2654 -0.6089
4.0099 -0.0770 0.0512
4.0260 -0.4898 -0.6180
4.0001 0.0020 -0.0023
3.4697 0.0056 -0.2570
3.7397 0.5714 -0.4035
4.3159 0.2530 0.5030
4.1218 -0.0964 -0.2054
3.9064 -0.0595 -0.0330
4.0860 -0.0301 -0.1162
3.9412 0.0489 -0.0791
3.9964 0.0067 0.0181
4.0059 0.0365 0.1219
4.0325 0.0990 -1.4735
4.2773 0.2232 -0.1750
4.5383 0.5662 2.2859
3.4671 0.0562 -0.4524
4.3294 0.1932 0.5061
4.1119 0.0112 -0.3391
3.7637 -0.3709 -0.0348
4.1379 0.0027 -0.8470
3.9148 -0.0939 0.0858
4.5716 0.4576 0.3404
3.3985 0.0238 -0.1452
4.3724 0.5237 0.7158
4.1246 -0.1116 -0.4077
