-0.1690 -0.1436 -0.1964
0.1823 -0.4950 0.0986
0.4345 -0.0615 -0.6309
0.3985 0.7568 0.0269
0.6565 0.2049 0.6752
0.0572 0.0015 0.1548
0.2167 0.0387 -0.0016
0.0703 0.0197 -0.0609
0.2529 0.2148 0.1996
-0.3779 -0.0505 0.9023
-1.0257 -0.4511 2.3205
0.0277 -0.1235 -0.5560
-0.4861 -0.1803 -0.3297
0.0147 -0.1532 0.2436
0.1751 -0.0925 0.5472
-0.1300 0.8618 0.0634
-1.0546 0.1182 -0.2070
-0.0196 -0.0990 -0.0295
-0.1356 0.6006 0.2523
-0.3150 0.8253 -0.2272
-0.0054 -0.0163 -0.0061
-0.4346 -0.0926 -0.6046
0.1240 -0.0125 -0.0628
-0.0213 0.0277 0.2080
-0.0846 -0.0628 0.7655
0.2412 0.4340 0.2007
0.3209 0.3589 -0.7253
-0.0562 -0.1042 0.5562
0.2600 -0.4725 0.4652
0.5877 -0.7070 -2.3001
0.4408 -0.2187 0.2189
0.0549 0.0463 0.2214
0.3055 0.3860 0.1570
0.1489 0.0502 0.0181
-0.0860 0.4905 -0.6340
-0.2968 0.0817 0.4759
0.1088 -0.1151 -0.2200
0.2894 -0.5405 0.5041
0.2865 -0.2157 -0.5451
-0.1783 -0.0126 -0.0176
-0.6991 0.2004 1.2348
0.4608 0.3722 -0.5680
0.4645 -0.0244 0.4796
0.3428 0.0939 0.8982
-0.0530 -0.3904 -0.6815
-0.4431 -0.5823 0.2501
-0.4208 0.0306 -0.3745
0.2445 0.5833 0.6231
0.2398 -0.1168 0.0454
0.0027 -0.0236 0.0573
-0.0492 0.0118 -0.0171
0.2476 -0.0753 -0.6354
0.3931 0.2550 0.5270
-0.0230 -0.0011 -0.0730
-0.4555 -0.2385 -0.0588
-0.5662 0.2799 -0.1181
-0.4488 -0.5450 0.0041
0.1402 -0.1186 0.1425
-0.4760 -0.6275 0.0197
0.3273 1.3873 -0.3202
0.0784 -0.1387 0.1380
-0.0051 -0.0037 -0.8903
-0.2678 -0.5892 0.4178
0.2677 -0.2174 -0.6665
-0.0263 -0.1278 0.1245
0.0173 -0.3262 -0.5348
0.0105 -0.3248 0.6064
0.0886 0.0350 0.3549
0.1214 -0.3197 -0.1553
0.6539 -0.2496 -0.3516
-0.1529 0.1145 -0.3100
-2.0636 -0.8018 0.9594
-0.0833 -0.3352 1.5909
0.4524 0.3486 0.5113
0.9290 -0.1072 0.1214
-0.0256 -0.0858 -0.1422
-0.0813 1.4213 -2.0600
0.8074 -0.3311 0.0351
-0.2055 -0.0416 -0.1626
-0.6318 0.2083 -0.1060
0.1046 -0.0991 -0.2593
0.1254 -0.5791 0.6847
0.4641 0.5152 0.0022
-0.0015 0.0235 -0.0536
-0.0036 -0.0019 0.0048
0.1262 0.1722 0.3148
2.7660 -1.3674 0.0227
0.0380 0.1145 0.5378
0.3982 -0.8172 0.1119
0.8520 -0.3612 -0.2359
0.0978 0.1587 -0.7833
-0.3182 -0.1829 -0.3868
1.9064 1.1523 -1.4169
0.6969 0.0452 -0.3975
-0.0026 0.0254 -0.5617
0.0034 -0.2031 0.1443
0.0362 -0.5106 -0.5625
-0.4262 -0.7643 -0.2325
0.4431 -0.1108 -0.4806
0.0175 -0.0121 -0.0530
0.3523 0.1305 0.4117
0.0728 0.1354 -0.5023
-0.1175 -0.0056 -0.9742
-0.7924 0.3733 0.3439
0.1732 -0.5977 -0.1725
0.2043 -0.2570 -0.3305
0.4736 -0.1830 -0.2681
-0.0715 -0.0460 0.1335
-0.0048 -0.1640 -0.0243
-0.1783 0.3287 -0.1856
-0.0596 -0.5142 -0.3314
0.4813 -0.1784 0.4368
-0.0035 0.0006 -0.1636
-0.0605 0.3077 -0.6011
-0.3601 0.3447 -0.4090
0.0319 0.0116 0.0767
-0.2454 0.0434 0.0726
0.0590 0.0233 -0.3041
0.1562 0.0419 -0.0739
0.0133 0.0020 -0.6496
-0.2091 0.5936 0.1465
0.2550 -0.0673 -0.0264
-0.0215 0.1550 0.4816
-0.0322 0.0253 0.8196
-0.0666 -0.0549 0.0402
-0.3417 -0.2525 0.2095
0.3147 -0.7751 -0.4262
-0.0137 0.0415 0.0543
-0.3648 -0.7362 0.5644
0.0297 0.1128 0.0292
-0.7888 -0.5650 0.1857
-0.0642 0.0384 0.1340
-0.5996 -0.2630 -0.0681
-0.7011 0.1308 -0.6941
0.1502 0.0901 0.0988
0.0445 -0.0321 0.1851
-0.0417 0.6982 -0.3888
-0.2825 0.3079 0.2741
-0.0045 -0.0029 -0.4084
0.0001 -0.0015 -0.7001
-0.1676 0.2992 0.4677
0.7316 -0.2976 0.2073
0.1846 -0.1281 -0.3560
0.0340 0.3365 0.4036
0.0968 0.0001 -0.0303
-0.1823 -0.5166 -0.4409
-0.2650 -0.6179 -0.2214
-0.1114 -0.5042 0.3410
-0.5273 0.4537 -0.2144
0.5112 -0.1543 -0.0116
-0.4302 -0.3813 -0.0596
-0.4091 0.1162 -0.0502
-0.3005 0.3877 -0.3969
0.1097 0.0774 0.4154
0.0047 -0.0058 0.0236
-0.1250 -0.6464 -0.1621
-0.7014 -0.6325 0.0810
0.0179 -0.0049 0.2080
0.3170 0.0697 0.2468
-0.3103 0.1646 0.3834
0.0997 -0.2621 -0.8405
0.0909 0.0667 -0.7555
-0.1984 0.3286 -0.6061
-0.0013 0.4640 -0.5152
-0.0687 0.0370 -0.4470
-0.5206 0.1606 -0.5098
-0.0043 0.1238 -0.7749
0.6234 0.6113 -0.3164
-0.2604 0.3452 -0.2776
0.1851 -0.1200 -0.2001
0.0421 0.2041 0.0066
0.2901 -0.8294 0.3697
0.1485 -0.2719 -0.7012
-0.2880 0.2384 0.1718
-0.3610 0.0228 0.2781
-0.2405 -0.2763 -0.2068
-0.0134 -0.0200 -0.2116
-0.3423 0.0672 -0.6547
0.0008 0.0035 -0.0018
-0.0923 0.6357 -0.0399
0.2551 -0.2723 -0.7650
-0.0237 0.2768 -0.5407
-0.0437 -0.0342 0.6735
0.0131 0.3774 0.0286
-0.0027 -0.0026 0.0026
-0.0983 -0.0180 -0.0753
0.7280 0.1091 -0.2318
0.6743 0.0343 -0.2414
0.2039 0.2541 -0.1387
0.3871 -0.1039 -0.4942
0.0186 -0.1071 0.1297
-0.0966 0.0914 -0.9296
0.0102 -0.0493 -0.3082
0.3018 -0.0618 -0.2659
-0.0014 0.0017 0.0004
-0.0515 0.3142 0.6894
0.1638 -0.1528 0.6353
-0.0051 -0.1706 0.6155
-0.3025 0.0743 -0.4275
-0.1110 0.7724 0.0529
