0.4725 -0.1429 1.5688
0.1788 0.0275 0.6520
0.0944 -0.0370 -0.3143
0.0050 -0.0251 0.6672
1.1494 1.0196 -0.4240
0.5489 0.3794 0.3009
-0.3136 0.7395 -0.3659
0.1364 0.1194 0.0635
-0.8365 0.2583 0.9492
0.2295 -0.0793 -0.3303
0.2482 0.3263 -0.7752
-0.4520 0.3244 -0.7561
0.0615 -0.3072 -0.1586
-0.1241 0.9467 0.2722
-0.0124 -0.3125 0.2134
-0.2503 -0.0118 -1.2735
0.0255 0.0549 0.0670
0.5332 0.7648 0.2732
-0.2738 -0.3179 0.7950
0.0669 0.4244 0.3421
0.5195 -0.7021 -0.2720
0.0141 -0.0012 0.0405
0.0888 0.0669 0.1056
0.4056 -0.3981 0.7983
-0.2183 -0.1333 -0.6865
-0.0374 0.0967 -0.0580
0.1295 -0.1867 0.3994
0.1601 0.0797 -0.2351
0.2537 0.1432 -0.5403
-0.0494 -0.1415 -0.0438
