0.6279 -0.3523
0.1211 0.0356
0.5656 -0.6142
-0.0287 0.6091
0.4073 -0.3663
0.0446 0.1704
-0.1888 0.0499
-0.3314 0.0850
0.0213 0.8738
-0.3492 0.1541
0.0975 0.1132
0.1193 0.6076
-0.0490 -0.0173
0.2363 0.1866
0.4569 0.5949
0.4961 -0.6555
0.1970 0.3774
0.2656 0.3926
-0.5697 0.1357
0.5007 0.4904
0.8755 0.7805
-0.4360 0.6174
0.5043 0.4646
-1.5703 0.5647
-0.0056 0.0006
-0.1672 0.5141
1.4075 -1.0006
0.1202 -0.3790
-0.3318 0.4349
1.1073 -1.7738
0.3086 0.3096
-1.5715 0.7993
0.2550 -0.0709
0.2961 -0.0277
0.8790 0.2937
-0.1194 -0.8424
0.7108 -0.2553
-0.2206 0.4746
-0.4266 -0.5285
0.8621 -0.1929
-1.0491 0.4962
0.4652 -0.3270
0.0031 -0.0715
-0.4620 -0.1485
0.0438 -0.6608
0.1504 0.0212
0.1368 -0.1025
0.3462 -1.1008
0.2809 -0.4915
0.2979 0.0006
-0.0344 -0.0267
0.3106 -0.0055
0.5080 -0.2591
-0.1381 -0.2124
-0.5552 -0.2037
-0.5267 0.5003
0.1531 0.2037
-0.2663 -0.1846
0.1816 0.2310
0.5279 0.1444
-0.0675 1.8682
0.6282 -1.3180
0.6779 0.0197
0.3052 0.0422
0.1959 0.0635
0.1083 0.2679
-0.0812 -0.0882
0.8230 -0.9928
0.0413 0.4717
0.4060 0.3830
-0.2176 0.8873
-0.1642 -0.2518
-0.4351 -1.4373
0.0591 -0.0434
0.9034 -0.0741
-0.1821 0.6989
0.5461 0.5887
0.0901 0.0538
-0.5795 -0.5500
0.3295 0.5948
-0.0682 -1.0519
-0.3575 0.1161
0.8460 0.8027
0.1382 0.1583
0.4433 -0.0182
0.1318 -0.5436
-0.1927 -0.0879
0.8070 0.2081
-0.1215 0.3117
0.4419 -0.7559
-0.5157 0.7731
0.0012 -0.0200
0.3269 -0.2265
0.8433 -0.1767
0.2643 -0.1084
0.4303 1.6703
1.1603 0.4689
-0.2010 0.3909
0.1077 0.3979
0.5179 0.0702
0.0166 -0.9499
0.0775 -1.3536
0.1638 -0.4800
-1.9046 0.9453
-0.8231 -1.8791
-0.3632 0.8851
-0.0766 0.1258
-0.8121 2.0098
-0.5885 0.0584
-0.1000 0.0641
0.5364 -0.1885
-0.2706 0.1796
0.6814 1.8958
0.7361 -0.4998
0.1353 -0.0086
-0.2981 0.4042
-0.5019 -0.0166
0.3651 1.1248
-0.0287 -0.0815
1.3572 0.8366
-0.3500 0.4388
0.0646 -0.0256
0.8406 -0.1894
0.1023 0.1239
0.0508 0.0812
-0.7848 -0.1093
-0.1466 0.0353
0.1573 -0.0162
0.2785 0.3543
0.3033 -0.0229
-0.2863 -0.8652
0.0945 -0.3609
-1.2855 0.1724
-0.0958 -0.3263
-0.7067 -0.9456
0.3650 0.6607
-0.5209 -1.2982
0.0807 -0.1548
0.0117 0.0386
1.2188 1.4598
0.0796 0.1219
0.5881 -0.6568
-0.8634 -0.6784
0.2294 -0.8656
-0.0821 0.0474
0.3419 0.4729
-0.1018 0.9288
0.1891 0.7731
0.4068 0.0460
-0.0886 0.2282
-0.0351 0.2929
0.3084 0.0971
0.3943 1.9197
-0.2591 0.5496
0.6261 0.1319
0.0331 -0.1810
0.5478 -1.6034
0.2752 0.8245
-0.0656 -0.1855
0.0914 0.0508
-0.1685 -0.0084
0.0133 -0.2789
0.5206 0.7401
-0.7889 -0.0695
-0.6586 0.3625
-0.2892 -0.0996
0.2807 -0.1496
0.2894 2.0020
0.0666 0.1021
0.8462 0.4415
0.7068 -0.4013
0.4521 0.6568
-0.5931 -0.7696
0.5937 0.7525
0.3172 0.0039
-0.7321 -0.4385
-0.0502 0.3863
1.1271 0.1077
-0.7009 0.5830
0.0368 -0.6787
-0.1878 -0.2397
0.1327 0.0366
0.4731 -0.3510
0.3987 -0.2493
-0.6093 -0.3029
-0.7516 -0.2378
0.6666 -0.6811
-1.3244 0.5554
0.0605 0.0737
-0.0843 0.0124
0.2290 -0.4367
0.1941 0.7167
-1.1179 -0.8785
0.1183 -0.1199
-0.0903 0.6222
-0.3211 0.0524
0.0900 0.0041
-0.1773 0.0092
0.3330 -0.1246
0.3410 0.4355
0.5498 -1.4200
0.0789 -0.5307
-0.3264 0.4270
0.4896 -0.3837
-0.0814 0.1963
0.1576 0.2497
0.2954 -0.0397
0.0118 0.0039
0.2816 -0.0882
-0.2608 0.2565
-0.0032 0.0151
-0.1006 0.8594
-0.3258 0.6781
0.0704 -0.1788
-1.0209 0.6910
-0.3185 0.5291
-0.2277 0.5308
-0.0976 0.1884
-0.6725 -0.5494
0.0954 -0.6848
0.4251 -0.2819
0.9523 0.1297
-0.3791 0.5749
0.3685 -0.2705
-0.4706 0.4634
0.5723 -0.0870
0.4969 -0.6511
0.6365 -0.0498
-0.0406 -1.0241
-0.5747 -0.3286
0.0215 -0.0126
0.1162 -0.5082
0.4827 -0.3665
1.7189 -0.3130
1.0199 -0.1202
0.5636 0.5995
-0.0239 0.0705
0.4368 0.1345
-0.5172 -0.3728
-0.7648 -1.0965
0.0968 -0.0024
-0.1800 0.6535
-0.1549 0.7139
1.2311 -0.2999
0.6871 -0.4663
-0.0952 -0.0374
-0.0593 -0.1850
-0.1765 -0.3479
0.0798 -0.0207
-0.0798 -0.2826
0.1598 0.2222
0.2860 -0.0159
0.1032 0.1716
0.2980 -0.7018
0.0162 -0.0043
-0.5972 0.7773
0.4682 0.4856
-0.1967 0.3192
-0.4182 -0.6562
0.0741 0.1281
-0.0720 -0.6706
-0.0954 -0.0920
-0.4109 -0.6153
-0.1091 -0.6669
0.5496 2.1218
-0.3554 0.1405
-0.1097 -0.1465
-0.2705 0.3519
-0.8615 -0.5066
-0.6979 0.4922
0.0110 0.0178
-1.2176 -0.2701
0.2141 -0.2357
-0.1643 0.3471
0.0002 -0.2345
0.6407 0.4100
-0.5077 -1.8521
0.0104 0.6521
-0.7135 -1.8301
0.1889 0.6977
-0.2364 0.6536
-0.7159 -0.4606
0.0003 0.0454
0.3055 -0.5752
0.0762 -0.1793
0.2430 -0.5235
-0.0226 -0.7738
-0.3850 0.1751
0.3272 -0.3442
0.6988 0.9660
0.2398 0.2107
0.9044 -0.2952
-0.0765 -0.0949
-0.0643 -0.8078
-0.2483 0.9485
0.4069 0.1804
-0.2979 -0.6890
0.2441 0.6287
-0.6512 -0.6767
0.5115 -0.0223
-0.4880 0.1649
-0.5704 0.2315
-0.2095 0.0828
-1.5071 0.2310
0.2845 -0.4811
0.0870 0.3059
0.0661 0.0233
-0.6678 -0.0488
-0.6792 -0.5888
0.3007 -0.4104
-0.4139 0.8434
0.1669 -0.7398
0.7161 0.1825
-0.1297 0.1021
-0.3786 -0.6404
0.5874 -1.4621
-0.0340 -0.5594
-0.7468 0.1494
0.6450 -0.8874
0.0293 0.2432
-0.5403 0.6866
0.4307 -0.2107
-0.0117 0.0772
0.7875 0.3982
0.2111 -0.1741
0.1750 0.1208
-0.0918 -0.0321
0.7130 0.5722
0.7885 -0.0030
-0.0422 -0.0230
0.6083 -0.2892
-0.4006 0.3021
0.1458 0.0454
0.2298 0.9388
0.4046 -0.3606
0.7272 -0.0189
-0.5747 0.5995
-0.4814 0.1433
0.0942 2.0296
-0.9672 -0.9155
0.0120 0.0350
-0.4656 -0.8266
-0.3286 -0.3998
0.3913 -0.5805
0.0181 -0.0763
-0.2037 -0.8820
0.1216 -0.9211
-0.2276 0.8323
0.1747 -0.0203
-0.3885 0.0138
0.5622 -0.0209
0.1592 -0.1083
0.1841 -0.3562
-0.7394 0.1835
1.5693 -0.8096
0.2683 0.2162
-0.6700 -0.3802
1.0957 0.2610
0.5166 0.0533
0.0506 0.1034
0.1474 -0.0706
-0.0788 0.4010
0.1595 -0.0599
0.9663 0.1249
-0.9455 0.3062
-0.1829 -1.0460
0.6092 -0.9001
0.7005 -0.1762
-0.0004 0.0043
0.1266 0.8202
0.2735 -0.0006
-1.0989 -0.5802
0.0779 -0.0436
0.8505 0.4034
0.6668 0.3627
-0.6614 0.2410
-0.1382 -0.3072
-1.4023 -0.1931
0.4712 0.6599
-0.3961 1.0422
-0.0011 0.0008
-0.6408 0.0731
0.7685 -0.0007
-0.4479 -0.7916
0.5385 -0.0659
0.3283 -0.3103
-0.2520 0.1383
0.7300 -0.4756
0.8288 -1.0956
-0.7707 -0.1188
0.0433 0.4507
-0.5093 0.2088
0.0958 -0.1114
-0.0939 0.1098
0.0386 -0.2949
0.4055 0.4834
0.1820 -0.1004
1.1804 -0.0465
-1.6286 -0.5376
0.4357 0.2425
0.0900 -1.8441
-1.8066 -0.7559
0.5039 0.2605
0.1700 0.0685
0.7219 0.1605
-0.5096 -0.2796
0.3295 -0.4757
0.0343 -0.0699
-0.8963 -0.1824
0.0664 0.1145
0.2950 0.1035
-0.6518 0.4104
-0.0260 -0.0464
0.0433 -0.4168
0.7427 0.3272
0.1198 -0.5354
-0.4735 0.8681
-0.2474 0.4854
-0.6995 -0.0240
-0.2162 -0.1547
-0.7643 0.6944
-1.3087 -1.0539
0.3597 -0.6532
-0.5055 -0.4002
0.7394 -0.3479
-0.1532 -0.2560
0.1138 0.5908
-0.2865 0.2930
-0.1069 1.2439
0.7610 -0.4544
0.0697 -0.3769
0.8392 -0.5216
0.2790 -0.8193
0.8677 1.0580
0.5552 -0.2573
-0.6492 1.6779
0.0125 -0.1410
0.1798 -0.2624
0.4104 0.6889
-1.8575 0.6045
0.2891 -0.7674
0.3413 -0.1910
0.1770 -0.6894
-0.0518 0.1233
0.2164 -0.1884
0.3379 -1.4897
-0.4043 0.2264
0.6579 1.0024
0.8094 0.0763
0.2927 -0.0520
1.1574 -0.3459
-0.3396 0.0704
-0.4859 -0.9750
-0.2469 -0.5600
0.6083 0.5175
0.2107 0.9115
0.6215 0.5143
-0.5195 0.1570
-0.6575 0.6263
0.3126 -0.0797
-0.3557 0.2165
0.1540 -0.1231
0.2899 0.5556
-0.2894 -0.0984
0.1673 -0.2035
0.4863 -0.0638
-0.2563 0.1657
-0.0074 -0.1597
-0.0328 0.0111
0.4759 0.6109
0.0269 -0.3533
-0.1579 0.7409
-0.5485 -1.3942
0.9090 0.3959
0.4183 -0.1046
1.7407 0.7633
0.7106 -0.2899
-0.3149 0.0853
0.0638 -0.0218
0.0695 -0.1743
-0.7496 0.0485
0.2077 0.2193
0.0971 0.0204
-0.1470 0.5836
0.0080 1.3802
-0.0246 -0.2365
-0.8108 0.2418
-0.5686 -0.4222
-0.0043 -0.1564
0.2751 -0.0971
0.3430 0.3498
0.1906 -0.1979
-0.3372 -0.5396
0.0324 -0.0223
0.4562 0.0292
0.1705 -0.1145
-0.2620 0.2199
-0.4624 -0.4897
-0.1278 -0.0623
0.1719 -0.2155
