-0.4512 0.1394
-0.3106 0.1025
0.1194 -0.1953
0.0571 -0.0953
0.4076 0.2478
-1.9929 -1.4640
0.3451 0.3402
-2.6009 1.4035
-0.4404 -0.1142
-0.6144 -0.1773
0.2296 0.0593
-1.3383 -0.2376
0.4190 0.5378
-0.7607 -0.5380
0.1061 0.8228
0.8963 0.2425
0.4741 0.5978
0.3402 0.4298
-0.0738 -0.4943
-0.0171 -0.2735
-0.8449 -0.4987
-0.0045 0.0408
0.2418 0.3938
0.3911 -0.1947
-0.0360 -2.4709
4.3416 0.3473
3.7586 -0.4561
4.5417 0.5766
3.8887 0.6328
3.9656 0.0238
4.5359 -0.3147
3.9002 -0.0289
4.0409 0.3873
4.1071 0.8447
4.1391 0.3183
3.7378 -0.4256
4.0068 -0.3345
4.0245 0.0057
4.0671 -0.0850
3.4530 -0.9302
4.1359 0.2690
3.9926 -0.0207
4.0051 0.0636
4.2063 0.4559
4.5975 0.1466
4.3556 0.5333
3.8866 0.1730
4.3729 0.7092
3.9480 0.8024
3.3963 0.4869
