-0.7344 -0.3991
0.4970 -0.5850
0.6092 -0.3104
0.8580 0.0509
0.0131 -1.1344
0.2714 0.1945
-0.3558 0.0365
-0.2206 -0.0023
0.6538 -0.5972
-0.2488 -0.3838
0.5194 -0.0581
0.7379 0.3397
0.3279 0.3745
0.1207 0.4316
0.1175 0.4307
0.1847 -0.3528
-0.3104 0.9263
0.1501 -0.0605
-0.6611 0.0349
0.0677 -0.2759
-0.3716 0.2763
-0.1976 0.4830
0.1243 0.3231
0.0699 -0.0806
0.2581 -0.3618
-0.3868 -0.2800
-0.2156 -0.2958
-0.1297 0.1438
-0.1650 -0.7814
-0.1917 -0.0758
-0.0407 -0.0345
-0.0008 -0.0425
-0.1654 -0.1935
0.2185 -0.1225
0.0374 0.7365
-0.5445 0.2383
-0.8069 -0.2777
0.1727 -0.5788
0.0036 0.0307
0.2480 0.1225
-0.9787 0.1864
-0.0912 0.0351
-0.2446 -0.2368
-0.5295 0.2004
0.1213 -0.9126
-0.2946 0.0290
0.0614 -1.0599
0.5081 -0.4002
0.2958 0.2621
0.2506 -0.7596
0.0484 0.9518
-0.3160 0.1120
0.0062 0.2687
0.9140 -0.1100
-0.5365 -0.4436
-0.0893 -0.0567
0.7448 -0.4295
0.3174 0.1507
0.0955 0.0724
-0.3162 0.5008
0.8557 -0.0369
-0.4309 -0.4671
-0.0401 0.1001
0.1424 -0.0042
-0.3739 -0.4544
-0.2720 0.5807
-0.3746 0.5570
0.1825 0.3245
0.0411 -0.0761
-0.1112 -0.6563
0.0232 0.1441
-0.5104 0.0341
0.1451 0.1886
0.5326 -0.0899
0.1688 -0.1197
0.7927 -0.1695
0.3825 -0.0689
0.2144 0.1508
-0.3614 -0.3717
-0.1563 0.1834
0.2157 -0.0143
-0.2004 0.3035
-0.2854 0.1233
-0.0289 -0.9104
0.3803 -0.8307
-0.0176 0.6297
-0.1422 -0.3761
-0.0003 0.0230
-0.1040 0.3603
-0.0340 -0.3425
0.7546 0.2692
0.7627 0.0128
0.2782 -0.3145
-0.1185 -0.0064
0.6735 -0.0200
-0.4344 0.4724
-0.6502 -0.6454
-0.0280 -0.0157
-0.5019 0.4130
-0.0115 -0.0070
-0.4180 0.3491
-0.7296 -0.3821
-0.0168 0.0781
-0.0236 -0.0968
-0.0131 0.0205
0.4498 0.3096
0.3922 -0.2979
-0.1892 0.2066
-0.2666 0.5880
-0.4805 0.0350
0.1450 -0.6461
-0.3568 0.1324
0.1637 -0.7136
-0.7584 0.2321
-0.1105 -0.1309
-0.7485 -0.4415
0.0176 0.4271
0.1478 -0.3559
0.2319 -0.8905
-0.5541 -0.3387
-0.1890 -0.2567
-0.8204 0.4663
-0.5137 0.2238
-0.0391 0.4088
-0.9133 -0.0420
-0.2371 -0.2992
0.2527 -0.0282
-0.1732 0.1813
-0.9672 -0.5450
-0.4571 -1.0732
0.1089 0.3583
-0.4461 0.7090
-0.3666 -0.0726
-0.2652 -0.6886
0.2052 0.0721
-0.2866 -0.5880
0.2810 -0.0293
0.5809 0.1441
0.3225 0.7070
0.5236 0.3265
1.0064 -0.0259
-0.1173 -0.0136
0.2194 -0.7626
-0.0872 -0.1666
0.3243 0.5292
0.0027 -0.0040
-0.0897 0.0518
-0.1384 0.5611
-0.3410 0.3199
-0.4454 0.2903
-0.0279 -0.5194
-0.0379 0.0113
-0.0019 -0.0019
-0.0529 -0.1380
-0.7584 0.1853
0.3315 -0.0128
-0.0763 0.0839
-0.0999 0.6096
-0.2206 -0.3607
-0.1871 -0.2335
0.0502 0.3597
-0.2430 0.0888
0.6284 0.9112
-0.0616 0.0813
0.1454 -0.9161
-0.3027 0.0968
-0.1541 0.1167
-0.3068 -0.7120
-0.4129 0.3211
0.2964 -0.1295
-0.0293 -0.0167
0.2089 -0.2666
-0.0206 -0.3677
0.0869 0.3086
-0.0139 -0.0122
-0.6606 -0.3491
-0.5984 -0.6995
0.5546 -0.6929
0.1893 0.5454
-0.4072 -1.0373
0.6640 0.4642
0.0823 0.1209
0.2162 -0.5011
-0.2047 -0.3666
0.4770 -0.5788
-0.1309 0.1735
-0.5607 0.3449
-0.3419 -0.2030
1.0443 -0.4193
-0.0718 -0.1593
0.2959 0.0639
-0.0971 0.0915
0.3186 -0.4700
0.6156 -0.5510
-0.0389 -0.0870
-0.5063 -0.7537
0.2273 -0.1304
0.1432 0.2636
0.6390 -0.3998
0.2096 0.0776
0.0372 0.4355
-0.0965 0.0847
0.0077 -0.0354
0.1203 0.2887
-0.1339 0.7768
0.1752 -0.0256
0.5850 0.7788
0.5843 -0.4673
-0.2077 -0.5231
0.2559 0.2668
-0.9541 -0.2432
0.3125 0.1651
-0.3969 -0.0228
-0.0150 -0.1281
-0.2440 0.8086
-0.1308 0.0231
-0.9844 0.5652
-0.9425 0.0218
-0.8933 0.0701
-0.8174 0.0873
0.4460 -0.8966
0.1851 -0.7420
0.3558 -0.5210
0.0112 0.1025
-0.6074 0.4626
-0.4619 -0.3056
-0.2127 0.0399
0.0879 0.8438
0.5069 -0.3362
-0.3264 0.8825
0.7862 -0.5292
-0.0214 0.0079
-0.4104 0.1409
0.1198 -0.0041
0.0424 0.0542
-0.5719 -0.1348
0.5579 -0.0421
0.5062 0.2638
-0.1319 -0.0460
0.0315 0.0339
-0.6444 0.3875
-0.4860 -0.0909
-0.3299 0.5132
0.4484 -0.6008
0.6347 0.7087
0.3010 0.2046
-0.0199 -0.4882
0.3736 -0.0476
0.4116 -0.9438
0.1648 -0.5549
2.2460 0.1280
2.5233 -0.1992
2.0519 1.0708
1.9671 0.0014
1.8704 -0.0380
2.7252 0.0559
2.4447 0.2608
2.0955 0.2873
1.3260 0.5664
1.6162 -0.4898
1.6610 -0.0072
1.9515 -1.1290
1.9148 -0.7797
2.5617 0.0217
2.3891 0.2746
1.7928 0.3790
2.8779 0.2100
2.4262 -0.0044
2.3399 -0.2936
2.3897 0.3088
2.2877 0.1422
1.6476 -0.0010
1.7550 -0.5383
2.0409 0.0142
1.8753 -0.0550
2.0498 -0.0623
2.3315 0.6541
1.6349 -0.6543
2.1907 0.3355
2.5278 -0.4034
1.8083 -0.3733
2.8431 -0.2603
2.8187 0.0051
2.2683 0.7427
2.8891 -0.0080
1.9528 0.0195
2.3463 -0.2758
1.8830 0.6672
2.9585 0.0243
2.4711 -0.5401
2.2522 -0.2634
2.8212 -0.5473
1.8399 -0.0903
2.0494 -0.1491
1.8442 0.2909
2.3717 0.2224
2.6343 0.2340
1.7938 0.7197
2.2341 -0.4786
2.1223 -0.0591
2.6950 0.2904
2.1721 -0.5561
2.0092 0.0017
1.6340 -0.0518
2.1071 -0.3546
2.4247 -0.3942
2.0725 0.1174
1.4203 -0.7485
2.5967 -0.6345
2.4239 0.6249
2.4636 0.5672
1.7984 -0.1359
1.2120 0.3448
2.4893 -0.5675
1.1537 0.1445
2.2101 -0.1242
2.7467 -0.4681
2.1827 0.2316
2.4156 0.1511
2.2441 0.8680
1.9303 -0.6082
1.3722 0.2100
3.0991 -0.0927
1.8121 0.1356
2.5152 -0.3172
2.2872 0.0722
1.3406 0.8453
1.8400 0.5311
2.0350 0.0272
2.2648 0.1298
1.8284 0.1984
1.8943 -0.3443
1.8572 0.5098
1.6095 -0.1416
1.0603 -0.1828
2.7464 0.2827
2.5600 -1.0527
2.1335 -0.0792
1.1664 -0.2705
1.9822 -0.3781
0.9869 0.0360
2.8118 0.1602
1.8245 0.1584
1.8588 -0.9732
2.5236 -0.0584
1.6066 0.1588
1.4835 -0.2986
2.2414 -0.6836
2.0709 -0.1115
2.9511 0.0908
2.1484 -0.8608
1.0710 0.0757
2.2392 -0.0319
1.8682 0.0654
2.3129 0.5776
1.9697 -0.1035
2.3332 0.7305
2.0655 0.9707
1.3500 0.3865
1.9725 -0.0315
2.2280 0.9527
2.3880 -0.5406
2.8335 -0.4192
2.2426 -0.1737
2.6570 -0.5259
2.6197 0.4638
1.8166 -0.0308
2.0023 -0.9039
2.5399 -0.5055
1.6072 1.0508
1.7013 -0.1209
2.0865 -0.1492
1.5438 -0.6678
2.6431 -0.3386
1.7711 0.7287
1.9132 0.1460
1.3341 -0.2316
2.1883 -0.1735
1.4786 0.8343
2.8528 -0.3221
2.0470 0.2571
2.0035 -0.0154
1.4781 0.0931
1.9871 -0.0250
1.9755 0.8452
1.3929 0.2657
2.0120 -0.0953
1.5323 0.0266
1.9045 0.5121
1.8401 -0.6563
2.4938 -0.1356
1.4743 -0.7735
2.9222 -0.2854
1.5989 0.3277
2.1453 0.0013
2.3435 0.2817
1.9681 -0.0311
1.1507 0.0911
1.3589 0.1621
2.0245 0.0017
2.1306 -0.2496
1.7488 0.0129
1.8861 -0.0702
1.7060 -0.2798
2.2899 0.2435
2.2544 0.9343
1.8307 0.2708
1.1858 -0.1572
1.9259 -0.5580
2.9880 0.2413
1.8954 0.0440
1.6488 0.5276
2.5489 0.3141
1.7783 -0.5605
2.5899 0.7931
2.1735 -0.5966
1.1111 -0.1808
2.1902 0.0364
1.7305 -0.1621
2.8148 -0.1836
1.0397 0.1657
2.7839 -0.1380
2.3979 -0.1222
1.9798 0.9214
1.4299 -0.7103
2.4809 0.4839
1.7201 0.5126
1.6296 0.1743
1.8884 -0.8256
2.1919 -0.4208
2.1727 -0.6571
3.0097 -0.2306
2.5200 -0.6118
1.3627 -0.3699
2.1826 -0.5708
1.1936 0.5461
1.8634 0.1561
1.4588 0.0097
2.0584 0.5935
2.3856 0.6841
2.4109 -0.1635
1.5849 -0.3344
1.6048 0.1122
1.6601 0.5584
1.8022 0.6104
2.0019 0.0938
1.2317 0.1095
1.3387 0.4362
2.9720 -0.4757
1.8819 0.3552
2.2321 -0.8984
2.6311 -0.7335
1.4484 -0.3905
1.4024 0.5846
2.7793 0.2615
1.9860 -0.6217
1.4240 0.4680
1.8817 -0.0181
1.8038 0.4424
2.7478 -0.9298
2.9201 0.0449
1.7024 -0.0608
2.1027 0.4169
2.9062 0.0549
2.1161 1.1358
1.7422 0.1184
1.8395 0.3430
2.1307 0.0215
1.8712 -0.8277
1.6832 0.3440
2.6133 0.5793
1.7589 -0.1035
1.9933 -0.0326
1.8213 0.8693
2.1228 -0.0252
2.0180 0.5960
2.0962 0.1826
2.6096 0.0110
1.1935 0.0440
2.7288 -0.4519
2.1161 1.0768
2.0538 0.6502
2.5528 -0.8242
1.6953 -0.0223
1.7417 -0.3109
2.4316 -0.1575
2.0755 -0.3244
2.3819 -0.7412
2.4214 0.2243
1.7939 0.9517
2.6419 0.3439
1.7421 0.5665
1.4404 0.0186
2.0124 -0.2318
1.5926 0.3677
1.6447 0.3501
1.9393 -0.0832
2.1680 -0.5065
2.5579 -1.0012
1.8370 -0.5619
