-0.2767 -0.3101
-0.1299 0.1950
0.1164 -0.0474
-0.1365 0.0785
-0.1594 -0.6619
-0.0963 0.6745
0.4566 0.3269
-0.3743 0.4249
0.0726 0.1953
-0.0961 -1.7020
-0.9001 0.2834
-1.8491 1.6457
0.1004 -0.2596
-0.3129 0.6894
-1.5748 2.0800
0.0519 0.0158
0.0912 -0.0966
0.3260 -0.0284
-0.8277 -0.3449
-0.0590 0.0391
-0.2958 -0.1555
0.0513 -0.1599
0.4196 -0.1696
0.1709 0.0824
0.7629 -0.1730
0.0142 -0.2390
0.0984 -0.4570
0.0980 -0.0043
0.0562 -0.0050
0.0506 0.2457
-0.3497 0.6363
2.5947 -0.5416
0.9161 -0.0426
-1.0303 0.1768
-0.2660 0.4776
-0.6070 0.1670
-0.1656 0.2437
0.2097 0.0751
0.0606 0.0977
1.2173 1.1453
-0.0190 0.0002
-0.6314 -0.4009
-0.2524 0.3317
-0.4651 -0.0199
-1.3769 2.7776
-0.4075 -0.2821
0.5084 -0.6255
-0.1591 -0.1656
-0.4912 0.3070
0.3162 -0.1187
0.1939 0.5001
-0.4556 0.8661
-0.7443 -0.0086
-0.9430 0.2316
-0.6591 0.9229
-0.4259 0.1218
0.2523 -0.0544
0.4449 -0.6112
0.3098 -0.3844
-0.3392 0.4447
-0.6816 0.4782
-0.6573 0.6645
0.1169 -0.0145
-0.8539 -0.3731
-0.3285 -0.0352
0.0446 -0.5708
-0.1467 -0.1589
-0.2777 0.6065
0.0643 0.1714
0.6823 -0.5506
0.2152 0.2266
1.0660 0.2011
0.0895 0.0917
0.8422 -0.1192
0.9046 -0.6382
0.0557 -0.0211
-0.7114 2.3738
-0.1606 -0.5389
0.0960 0.1188
0.0637 -0.2406
0.6249 -2.5765
1.1089 -0.4035
-0.6190 0.2317
-0.4054 0.6253
-0.7011 0.2229
-2.4122 -1.3890
-0.5471 -0.2534
0.0246 -0.0080
-0.1060 -0.4204
-0.5753 0.0934
0.1165 0.3380
0.0210 -0.1175
-0.2752 -0.3737
0.4402 -0.2140
-0.3906 0.1776
0.0612 -0.1720
0.0223 -0.1072
-0.4427 -1.0635
0.3417 -0.1179
0.2052 0.1497
