0.0005 0.0012 0.2730
-0.0621 -0.0386 0.5208
-1.3356 0.0831 0.7021
-0.0194 -0.0527 0.0461
0.0104 -0.0054 -0.6503
-0.5973 -0.0417 -0.4029
-0.1664 0.4044 0.0222
-0.2644 0.0282 -0.0647
0.7048 -0.2910 -0.4515
0.4191 -0.3705 -0.5902
0.1246 -0.1535 -0.4103
-0.0070 0.0176 0.0104
-0.1904 -0.1646 0.1168
-0.1791 -0.1256 0.2584
0.1290 0.1527 -0.2505
-0.2143 -0.0011 -0.4171
1.4915 1.3735 1.2941
0.2968 0.6229 3.1256
0.0005 -0.5572 -0.0590
-2.0168 1.8590 1.0415
-0.2220 0.0373 0.1301
0.2398 0.2325 -0.3747
0.2929 -0.2058 -0.0373
-0.0006 -0.6556 0.4490
0.0286 0.1024 -0.4444
0.1814 0.5940 0.5235
-0.0222 0.0183 -0.6414
-0.5797 0.7076 1.4378
-0.3002 0.2661 -0.0694
-0.5002 -0.1876 0.5918
-0.0092 -0.0043 -0.0224
-0.0975 -0.0372 -0.0622
0.0670 -0.0110 -0.2298
-0.2071 0.2704 0.0177
-0.0020 -0.0004 -0.1110
-0.2342 -0.0235 -0.1827
0.0852 -0.0082 -0.4400
0.0605 -0.0079 0.0155
0.1030 0.2251 0.9103
0.0385 -0.6126 0.4086
3.7575 0.9949 0.6253
0.4085 -0.0435 -0.0193
0.0368 0.0650 0.0713
-0.0944 0.1451 -0.1059
-0.0875 0.0757 -0.7197
-0.2056 0.1187 0.3459
-3.0952 0.8391 1.5870
0.8027 -0.1462 0.2527
0.5439 0.1779 0.8119
-0.2742 0.0281 0.3327
