1.1853 -0.0675
0.3973 0.4651
-0.8094 0.5190
0.1759 -0.0234
-0.1118 -0.0629
0.0163 -1.0317
0.1546 0.4390
-0.3987 0.1426
-1.1182 -0.0878
-0.2389 -0.2641
0.4935 -0.3947
-0.1991 -0.2268
0.0032 -0.2184
-0.1611 0.3296
-0.6929 0.5657
-0.2086 0.1580
-0.8083 0.0440
-0.7259 -0.0892
0.0658 0.5832
0.2689 -0.2587
0.8831 0.2599
-0.1657 0.2031
-0.3441 1.1313
0.0944 -0.3804
-0.4755 0.3753
-0.5017 -0.6187
0.0024 -0.0008
0.3164 -0.1180
-0.1601 -0.0034
-0.1426 -0.2467
0.4434 -0.4101
0.4521 -0.6407
0.0502 -0.2482
-0.5991 0.1721
0.4015 0.0365
-0.0833 0.0016
-0.0210 -0.0012
-0.0556 -0.4549
0.6296 -0.5036
0.1624 -0.4721
