-0.5081 -0.1303 -0.7763
0.3118 0.0281 -0.0963
1.5361 1.0415 0.5329
-0.0016 0.1422 0.2385
0.9883 -0.0279 -1.0707
-0.0399 -0.2444 -0.3903
-0.1085 0.0270 -0.5286
-0.1510 0.1184 -0.3209
-0.4236 -0.7547 0.0828
0.0786 -0.0675 -0.4924
-0.1538 -0.1821 0.5563
0.1252 0.1821 -0.0592
0.0863 -0.0998 0.9383
-0.0616 0.0458 -0.4582
0.0621 0.0456 -0.9522
0.0450 -0.5753 0.5020
-0.5387 -0.3721 -0.5711
0.1165 0.1636 -1.9618
0.0922 -0.4096 -1.4945
-0.0098 -0.0229 0.0372
-0.2121 0.0955 0.3487
0.0698 -0.0452 -0.2272
-0.1732 -0.0485 -0.5025
0.7661 0.0353 0.3029
-0.0453 0.0707 -0.1097
0.0285 0.0478 -0.4027
-0.3675 0.0442 -0.5203
-0.6620 0.6895 0.0094
-0.1602 0.3181 -0.3379
0.1369 -0.0392 -0.1440
-0.3272 -0.2715 0.3789
-0.0237 0.0377 -0.4264
-0.5738 0.5208 0.3465
0.1528 0.0959 -0.0121
0.6746 0.0245 -0.5521
-0.9044 0.0801 -0.4592
-0.5597 -0.3002 0.0610
0.7411 -1.0214 0.7423
-0.2615 -0.3388 0.4685
0.4120 -0.9874 -1.9109
-0.0210 -0.1066 0.1493
0.4032 -0.5248 0.0891
0.0573 0.3102 -0.1648
0.0317 -0.0401 -0.1474
1.2467 -0.1454 -1.0886
-0.7349 -0.3232 -0.0451
0.0346 -0.1175 0.7482
0.0065 0.3733 -0.2140
0.0016 -0.0004 -0.2832
-0.0003 -0.0563 0.1361
0.0243 0.1327 -0.0062
-0.2726 -0.2965 0.2020
0.3068 0.0992 0.2840
0.0002 0.1763 -0.6437
0.2325 -0.6718 -0.5913
-0.5407 0.3627 0.3403
0.6657 -0.0740 0.5572
-0.0055 0.0024 -0.9648
-0.0348 -0.4258 1.2797
-0.1820 -0.4938 -0.3393
0.0382 0.0607 -0.0379
-0.0260 0.3624 -0.8739
0.3847 -0.2637 0.9933
0.2525 0.1212 -1.6825
-0.9042 -0.0411 0.2714
0.2242 -1.2717 -1.3428
-0.2865 -0.9084 0.5877
-0.1520 0.2805 0.0056
0.3342 -0.3689 0.7165
0.1896 -0.0361 -0.2458
-0.5208 0.0168 0.7461
0.0497 0.0216 0.0263
0.0655 0.0467 0.9061
0.2733 -0.3142 -0.0233
-0.1058 -0.3244 0.0842
0.6702 0.4216 0.0965
0.0024 0.0076 0.0016
0.3886 -0.6766 -0.2845
1.7698 -0.1219 -0.9967
-0.0948 -0.1303 0.0942
0.6697 0.3326 -0.0923
0.2603 -0.0769 -0.5333
-0.5027 0.0903 -0.1408
-0.1424 0.8192 0.1766
-0.0410 -0.1022 0.0122
-0.2195 0.3995 0.1516
-0.1765 0.0056 -0.1596
0.0049 0.1948 0.6553
-1.2975 1.0153 1.2137
0.0283 -0.0123 0.1175
-0.3845 0.1228 0.8873
0.3478 -0.1214 0.2429
-1.5243 0.0430 -1.4445
-0.0017 -0.0390 -0.2201
-0.0282 -0.0831 0.0230
-0.9822 -0.4777 -1.2273
-0.1360 -0.0978 0.1459
-0.2510 -0.3126 0.2984
0.1478 -0.0054 0.5385
0.0602 -0.0884 0.1595
-0.8866 0.7365 -0.4718
-0.0210 0.0051 -0.9275
-0.2542 0.4043 -0.1576
-0.4833 -0.1926 0.0563
0.5102 0.3253 0.2189
0.0773 -0.0553 -0.4168
-0.0162 -0.0320 -0.5496
-0.3536 0.3644 0.4558
-0.0054 -0.1162 0.1009
-0.0798 -0.6221 -0.2000
0.1960 0.1264 0.3708
0.3866 -0.1778 1.1600
0.0470 0.0068 0.0012
-0.1693 0.2366 -0.1598
0.1151 -0.5256 0.2416
0.9972 1.8790 -0.5163
0.0247 -0.0557 -0.0541
-0.0336 -0.0113 0.3377
-0.0727 0.1704 0.6776
-0.0149 0.6290 0.3304
-0.4488 -0.6967 0.3787
0.8695 0.3363 0.4533
0.1126 -0.1579 -0.0706
-0.1934 -0.8366 0.0605
-0.6125 0.1806 0.0535
0.0920 0.0246 0.0386
-0.0323 0.0272 -0.6072
0.6137 0.3548 0.0110
-0.2319 0.3826 -0.5676
0.0480 0.0029 0.1329
0.0002 -0.0005 0.0095
-0.0225 -0.0221 0.0354
-0.0938 0.0750 0.0636
-0.0358 -0.1708 0.0532
0.1752 -0.2943 0.3534
0.8975 -0.4353 0.8876
-0.6942 -0.1636 -0.3632
0.1580 0.4999 -0.7713
-0.7155 -1.6796 -0.6565
-0.4848 -0.4249 -0.4088
-0.2285 0.2297 0.7917
-0.4560 -0.2644 0.6793
-0.2127 0.1969 0.2450
-0.8908 -0.3838 0.1017
-0.5117 -0.1254 0.2334
-0.0456 0.6783 0.4220
0.0340 -0.2111 0.3987
-0.3798 0.3088 -0.0077
0.0679 0.0069 -0.0958
0.2858 0.0753 -0.0648
0.2067 -0.3679 -0.1404
0.0221 0.0519 0.0083
-0.1207 -0.0869 -0.0098
-0.3233 -0.2732 -0.1225
0.2710 0.2330 -0.7024
0.3914 0.2519 1.6530
-0.0118 0.0145 0.0143
0.5330 -0.8274 -0.6138
1.1742 0.1879 1.6829
-0.0270 0.0001 0.2049
0.1077 0.2830 -0.7685
0.1653 -0.0012 0.1679
0.2905 0.2483 0.1937
0.5182 0.3062 -0.2904
-1.4501 -0.8181 1.3290
0.2681 -0.0977 -0.3066
-1.6844 0.3912 0.5832
-0.3989 0.2092 -0.4181
0.4707 -0.7233 1.8009
-0.0936 0.0175 -0.1348
0.0907 0.1199 -0.1406
0.1116 0.1553 -0.0289
0.0156 -0.0051 0.0873
0.0469 0.1875 -0.1096
0.2321 0.1672 -0.7867
0.7028 0.0945 0.0856
0.4713 -0.3274 -0.0228
0.2584 -0.3970 1.5606
-0.1842 -0.6192 0.4671
0.0439 0.1743 0.4745
-0.2300 -0.5918 -0.2595
-0.0743 -0.4024 0.2601
-0.1520 -0.0461 -1.1001
0.0999 -0.2810 -0.2823
-0.3822 0.0949 -0.1309
0.5103 -0.2650 -0.0861
-0.2040 0.1340 0.1484
0.0129 0.0006 0.0003
-0.0275 0.1385 0.4513
-0.0222 -0.0168 0.5048
0.0570 0.9311 -0.0838
-0.1449 0.0996 0.0992
0.0026 -0.4771 -0.1463
0.4755 -0.2268 0.0273
0.0351 -0.0727 0.0747
-0.6852 -0.9005 -0.1944
0.5028 0.1816 -0.2642
-0.7813 -0.0344 -0.4770
0.1162 -0.0765 -0.0589
-0.1130 -0.1354 0.4674
-0.3155 0.9393 0.0140
0.5079 0.0991 0.4292
-0.0649 0.1477 -0.3986
-0.2978 -0.3283 -1.4093
-0.1824 -0.0359 0.3446
-0.3946 -0.1677 0.5565
0.1483 -0.4729 -0.3266
0.1083 -0.7373 -0.1216
0.2190 0.0813 0.8984
0.1725 -0.3310 -0.1375
-0.5093 0.3969 -0.0262
0.3204 0.1014 0.0392
-0.3197 -0.0744 0.0093
0.7832 0.2833 0.0502
0.3731 0.0711 0.3010
0.0114 -0.1511 0.8868
-0.0763 -0.0229 0.0957
0.2392 0.0264 0.9296
0.5684 -0.3864 -0.5547
0.7720 -0.4402 -0.3793
-0.6403 0.3506 -0.3577
0.0618 0.0165 0.3440
-0.6500 -0.2510 0.4758
-0.5408 0.7129 0.3278
-0.5682 0.0896 -0.6293
0.0215 -0.2318 -0.5827
0.0828 0.2958 0.7814
-0.1573 -0.3300 0.3829
1.1894 -0.8884 0.9961
0.0480 -0.0323 0.0094
0.5502 0.3811 0.7765
-1.2364 -1.6026 -0.7281
-0.0700 -0.2989 0.8857
-1.7125 -0.3643 -0.7520
0.1222 -0.0361 -0.0893
-0.0194 0.1009 -0.0664
0.8423 -0.0212 0.3523
-0.1824 -0.3238 -0.2399
-0.3060 0.8879 0.1078
-0.2362 -0.6512 0.5865
-0.0856 -0.0240 0.4299
0.4537 0.5779 0.3809
0.0089 0.0560 -0.3733
-1.0290 0.1701 1.3892
-0.0127 -0.6509 0.1047
0.0000 0.0001 -0.0353
-0.5558 -0.6518 -0.1713
-0.1318 0.4430 0.1495
0.2413 0.0792 0.5621
0.1295 -0.3225 -0.6731
-0.1414 -0.3433 -0.2534
0.0218 -0.1177 -0.0798
-0.1882 0.0022 0.3115
-0.6293 0.2383 0.5957
-0.1563 0.0644 0.8066
0.3058 -0.0046 -0.7363
0.0981 -0.2689 -0.2673
-0.0121 0.0062 -0.0370
-0.6782 -0.3723 0.2020
-0.3510 0.0033 -0.2027
0.0397 0.0178 0.1292
-1.3624 1.0081 -1.3624
0.0233 -0.2948 -0.0101
0.0038 -0.0001 -0.0050
0.2510 -0.1044 -0.8966
1.1648 1.2083 1.0861
0.0296 -0.0193 0.3516
-0.9835 -0.4553 0.5374
-0.0360 0.1019 -0.0086
0.2351 0.8159 -0.4988
0.0469 0.0610 -0.4647
0.2485 -0.0577 0.0188
-0.4568 -0.1563 -0.2898
-0.7390 0.3998 0.5139
0.6575 0.6450 0.0173
-0.0883 0.1662 0.0031
0.1338 -0.0780 0.4958
-0.0038 -0.0001 -0.6242
0.0646 0.1297 0.5981
0.0705 0.3827 0.1482
0.1625 -0.1670 -0.4400
-0.0225 0.0042 -0.3857
0.6972 0.1580 -0.1195
0.2806 0.3055 0.4837
-1.2054 -0.1362 1.2978
-0.1915 -0.1682 -0.3150
0.0625 0.2621 -0.5893
0.0995 0.2794 0.0571
-0.1523 -0.0728 0.7283
-0.1455 -0.0468 -0.2984
-0.0364 0.1461 0.0524
0.2102 0.0356 0.6809
0.2679 -0.8811 0.2259
-0.0023 0.0315 0.4774
-0.4732 -0.1919 1.1352
0.8987 1.3230 -1.1597
0.0873 -0.0253 0.2558
0.0270 -0.2003 0.1395
0.0758 -0.1449 0.3552
-0.2033 1.5678 1.3706
-0.1972 0.2021 -0.5183
0.1752 0.6887 0.5228
-0.0184 -0.0105 -0.0653
0.5940 -0.0535 -0.2272
0.1693 -0.3454 0.0592
-0.4985 -0.1671 0.8268
0.1740 -0.9017 0.2736
0.0933 -0.0084 0.0173
0.4595 -0.6700 0.0380
0.3666 0.2294 0.0252
-0.0209 0.0201 -1.2916
0.1928 0.0512 -0.1516
0.1444 0.0653 -0.0735
-0.6693 0.2731 -0.2006
-0.0413 -0.0320 0.2238
0.6335 -0.0173 -0.2606
-0.1055 -0.0357 -0.2224
0.1106 -0.1921 -0.0652
-0.0965 -0.1294 0.1902
0.2197 0.0479 -0.2982
-0.0205 -0.1058 0.2147
-0.1183 0.0442 0.0398
0.0227 0.2186 0.2449
-0.4740 -0.4746 0.0843
-1.5584 0.1695 -0.3573
-0.1514 -0.0927 0.0915
0.4383 -0.5485 0.5932
0.1399 0.1026 0.1982
0.3818 -1.5921 0.7721
-0.2865 0.1356 -0.2008
0.2720 -0.4214 -0.7590
-0.3935 -0.3242 0.5531
-0.0852 0.0357 0.4311
-0.1937 -0.7499 0.6178
-0.0043 0.0005 0.6759
0.0266 0.1112 -0.0532
-0.8189 0.5511 1.6962
-0.3228 0.3108 -0.8413
0.1211 0.0156 -0.8908
-0.2920 0.2805 -0.6228
0.3701 1.5633 0.5470
0.0669 0.0052 -0.0300
0.5699 -0.1777 0.1515
0.1815 -0.0371 -0.6432
-0.3831 0.2267 0.1808
-0.4159 -1.3257 -0.8114
0.3897 -0.1483 -0.4736
0.3854 -0.0787 -0.5046
0.3527 0.0461 0.4650
0.7520 -0.3208 0.7489
0.0324 0.3475 -0.8754
-0.0541 -0.4290 -0.7344
-0.4783 0.8177 -0.1091
-0.0352 0.3888 -0.0067
-0.7616 -0.1919 0.5215
0.1211 0.0457 0.8499
-0.0014 0.0249 0.4342
0.8071 -0.2395 -0.2822
-0.0289 0.0140 -0.0786
0.4013 0.2322 -0.0056
-0.4056 -0.0578 0.4042
1.1475 -1.5706 0.3340
0.0730 0.0361 0.2377
-0.1322 -0.6980 -0.2377
-0.8030 -0.1021 0.2269
0.0056 0.0317 0.2265
0.0655 -0.5137 0.1861
0.0748 0.3569 -0.5767
0.0014 -0.1433 0.1208
0.0513 0.0119 0.0395
0.0049 0.8070 -0.5622
0.0249 -0.0300 -0.0152
0.0611 -0.2195 -0.0019
-0.0664 0.1677 0.7877
-0.2293 -0.1816 -0.2903
-0.7760 -0.1613 0.4259
0.4037 0.1931 -0.5189
-0.4209 -0.3784 -0.6014
0.2442 1.5136 -1.0889
0.0221 0.0256 -0.0391
0.0037 0.0079 0.0366
-0.0507 -0.0727 -0.8861
0.0837 -0.2553 -0.2232
-0.1900 0.0175 -0.1228
-0.0541 0.0352 0.1945
-0.6754 -0.9414 1.2313
-0.3143 0.4536 -0.0401
0.0376 0.0057 0.0443
-0.0007 -0.0006 0.0002
-0.0053 -0.0053 0.8344
-0.5018 -0.0151 -0.4932
0.5134 0.0871 0.0164
-0.0230 0.0003 0.0064
0.2696 0.3196 -0.2164
-0.1423 0.4472 0.8367
-0.0356 0.0926 0.1592
-0.0154 -0.0049 -0.3946
0.2183 -0.2016 -0.0703
0.2212 0.0928 -0.3847
0.5288 -0.4620 -0.1026
0.0918 0.1422 0.6720
-0.6748 0.4375 -0.0309
-0.2527 0.7554 -0.0353
0.3248 -0.2820 0.0003
0.0329 0.0219 -0.6024
-0.0031 -0.0007 0.0079
0.1321 0.3142 0.0719
0.3676 -0.3300 0.1464
0.1164 -0.0224 1.0086
-0.3725 -0.9240 -0.0133
0.5132 -0.5146 -1.8275
-0.3017 0.2874 -0.4157
-0.2462 0.0671 0.2964
0.1114 -0.1470 0.0530
0.6888 0.5412 0.4174
-0.1324 -0.1817 0.1155
-0.3577 -0.8331 0.9939
0.5663 -0.2030 0.3694
0.7932 0.9037 -1.2970
-0.0784 0.2183 -1.7934
0.1794 -0.1797 0.3275
0.2769 -0.2621 0.8569
-0.3794 -0.0022 -0.0692
-0.0013 0.0110 -0.4083
0.0368 -0.1162 -0.0401
0.0091 -0.0036 -0.0064
0.2229 0.1650 -0.8857
-0.0888 -0.2706 0.1290
-0.7618 -0.1718 -0.4831
0.0547 -0.0085 -0.0093
0.0923 -0.0952 0.7176
0.2482 0.2248 0.1533
1.3945 -0.0701 0.1508
-0.0143 -0.1060 -0.0383
0.5789 -0.6750 -0.4023
-0.2496 -0.7482 0.0371
0.1687 -0.8665 -1.1505
-0.5958 0.1009 0.2855
-0.2210 -0.5215 -0.6534
0.0066 0.0415 0.1652
0.0078 -0.2913 -0.6860
-0.1432 0.7683 1.0463
0.2949 0.0112 0.1301
0.1023 0.4776 -1.5762
0.0166 0.0346 0.2121
0.0572 -0.0242 -0.2177
1.1076 1.0834 -1.1228
0.4177 0.2907 -0.0053
-0.1420 0.5007 0.4973
0.1341 0.0106 -0.2905
0.8550 -0.7060 0.1076
0.0037 -0.0008 -0.0003
0.9949 -0.3643 -0.9451
-0.0108 0.1173 -0.0800
0.0216 -0.0139 0.0926
-0.0606 0.0192 -1.7395
0.0486 -0.0656 -0.7233
-0.0041 0.0940 1.2015
0.1616 -0.0663 -0.4313
-0.1992 -0.2416 -0.4508
0.1421 0.0081 -0.2774
-0.1795 0.6867 1.6863
-0.1775 -0.1583 0.1134
-0.0018 0.0200 -0.0389
0.0005 0.0002 -0.2383
-0.0723 0.0484 -0.2411
0.1546 0.0533 -0.4749
0.1552 -0.0147 0.6857
0.5885 -0.4426 -1.4344
-0.0061 0.0289 0.0250
0.0457 -0.0345 -0.0314
-0.4452 -0.1524 0.3227
0.1612 0.0035 -0.4525
0.4998 -0.4695 0.4522
-0.2442 -0.6383 -0.1478
-0.0003 0.0301 0.4451
-0.1970 0.0979 0.5251
0.0012 -0.0419 0.0863
0.0553 0.1309 0.1778
-0.1573 -0.0636 -0.3099
0.2301 -0.2194 -2.0387
1.6164 1.2623 0.6400
0.1949 0.5908 0.7159
1.5019 1.2428 0.0833
-0.8650 -0.2158 -0.3835
0.0027 0.1395 -0.0576
0.2549 -0.7879 0.0617
0.0455 -0.1496 0.5158
-0.1879 0.9123 0.0506
0.1483 -0.1812 0.7981
0.0143 -0.2411 -0.9057
0.0367 -0.0070 -0.4663
0.4011 -0.4103 -0.7544
0.1693 0.0178 0.8300
-0.2416 0.4609 0.1045
-0.0830 -0.0914 -0.0861
-1.4678 -0.6915 -0.7578
-0.2175 0.2491 -0.3213
-0.1295 -0.3330 0.2597
-0.0214 -0.0504 0.0268
