0.5362 0.2984
-0.0415 0.4147
-0.4619 -0.4445
0.1226 0.0215
-0.6714 0.0680
0.0051 -0.6702
0.2950 -0.4168
-0.3324 0.5915
-0.2728 -0.5015
0.3989 0.8006
0.4746 -0.2265
0.0622 0.2886
-0.0490 0.0208
-0.2963 -0.0467
0.4443 -1.2157
0.0124 1.0722
-0.1031 0.1910
0.1487 -0.2130
0.4552 0.4931
0.1616 1.3715
2.3515 0.0563
2.3531 -0.2105
3.2695 0.5452
3.2695 0.4942
2.8426 0.4093
2.2470 0.4729
2.5215 -0.0450
2.4889 0.0095
1.2002 -0.0914
2.5737 0.1222
2.1625 0.1253
1.3889 0.6293
2.5182 0.1136
3.6738 -0.4315
2.7952 0.2552
2.4357 0.0895
2.8062 0.2649
3.1588 0.2174
2.4391 -0.1282
2.0288 0.1118
