-0.1407 -0.3139 0.6156
0.4799 0.1664 -0.3444
-0.1319 0.0319 0.4399
-0.1143 -0.8432 0.0120
-0.2629 0.0519 -0.5754
0.0048 0.0039 -0.2989
0.6715 -0.3289 0.5509
0.2416 -0.3476 -0.5049
-0.0349 0.0259 0.1083
-0.0426 0.0595 0.0157
-0.0047 0.2539 0.1106
0.0648 -0.4044 -0.1440
0.0339 0.0587 -0.4326
-0.2144 -0.1306 0.9286
0.3291 0.5840 -0.5939
3.7660 -0.4493 -0.8275
3.6361 0.1040 -0.5752
3.6916 0.5112 -0.2261
3.6904 -0.0877 -0.5451
3.8922 -0.1762 -0.2044
3.4574 -0.1033 -0.1162
3.7687 -0.1991 -0.2771
3.4695 -0.1892 -0.5558
3.4890 0.0146 -0.1357
3.1460 -0.6071 -0.6943
3.4011 -0.3639 -0.1115
3.4709 0.0053 -0.0279
3.7673 -0.1167 -0.0481
3.4366 0.0494 -0.2226
3.4578 0.3164 1.4324
