-0.0296 0.0935 -0.9721
-0.2662 -0.6454 -0.7560
0.0097 -0.0120 -0.8733
-0.1845 -0.0743 0.6154
0.2186 0.0546 -0.5135
-0.3491 -0.3535 -0.2950
-0.5315 0.1081 0.3298
-0.1054 0.2936 -0.3692
0.2670 -0.2395 -0.2010
0.4728 0.2169 0.6556
-0.0635 -0.0750 0.1912
-0.0890 -0.0038 0.0614
-0.0001 0.0299 0.0323
0.0037 -0.0002 -0.7845
-0.0536 0.1133 -0.8462
0.3722 0.0380 0.4212
-0.2149 0.0587 0.2101
-0.1622 -0.0520 -0.8708
0.0231 0.0566 0.3574
0.9052 -0.4167 -0.0099
-0.7603 0.1720 0.1026
-0.8873 0.1739 0.1584
-0.0820 0.7374 -0.1660
-0.7272 0.1615 -0.4206
0.2405 -0.0371 0.0930
-0.0386 0.0395 -0.0630
-0.0156 0.4050 -0.2753
-0.2598 0.2048 -0.2417
0.1909 -0.2055 -0.3519
-0.6599 -0.3206 -0.0010
0.2886 0.9299 0.2016
-0.3015 0.1851 -0.0506
-0.6957 -0.4234 0.7582
0.0236 -0.0202 0.3618
0.4943 0.7138 -0.2930
-0.7495 -0.0211 0.6897
-0.3225 -0.5193 -0.0502
-0.5466 -0.2696 0.2912
-0.1875 -0.2339 0.4136
-0.0074 0.0176 0.0113
0.0168 0.1042 0.9723
0.9717 -0.1811 -0.0414
-0.7969 -0.4577 -0.6193
-0.6037 -0.0889 -0.8838
-0.2053 -0.4991 0.4575
-0.0347 0.1191 -0.0159
-0.2231 0.0030 0.7578
-0.0884 0.0242 0.1692
-0.7223 -0.3649 -0.0948
-0.0949 0.0294 0.0526
0.3464 -0.0007 0.9565
0.5298 0.4779 -0.4937
0.1458 -0.7259 -0.2142
-0.0992 0.3599 0.1749
0.3297 -0.5891 0.1850
-0.2777 -0.6263 -0.6369
-0.0029 -0.0032 -0.2785
0.1243 0.0291 -0.0232
0.0935 -0.1520 -0.0992
0.0979 -0.1562 -0.0726
0.1100 -0.0234 -0.0992
-0.1237 0.3208 0.1774
-0.0602 0.1556 0.0859
-0.0968 0.1266 -0.3059
0.0242 0.0247 -0.0271
0.2841 -0.0374 -0.8819
-0.0956 -0.0117 -0.0122
-0.0346 0.2509 -0.1727
-0.0792 0.2104 -0.9560
-0.2982 -0.7736 0.3616
0.0031 0.3506 0.2772
-0.2447 0.7759 -0.5687
0.0086 0.0060 -0.0292
0.0011 0.0001 -0.5445
-0.5677 0.6891 -0.3656
-0.0112 -0.0090 -0.0205
0.1272 0.6633 -0.4758
0.8330 0.1655 0.2727
0.2340 -0.2020 0.1106
0.3881 0.4261 -0.0926
-0.0208 -0.0259 -0.9175
-0.0464 0.6056 0.3983
0.0885 -0.3748 -0.0735
0.7918 -0.1965 0.0219
0.0225 -0.2227 -0.1491
0.0439 -0.0085 0.0489
0.5640 -0.3183 -0.1488
0.1038 0.0684 0.2207
-0.0046 0.0006 0.0880
-0.7678 0.0956 -0.4344
-0.0328 -0.0548 0.0111
0.0023 1.0275 -0.4133
-0.0594 -0.4334 -0.5111
-0.0035 0.0044 0.0255
0.3860 0.1263 0.8460
0.0226 -0.1879 0.0225
-0.4200 -0.6075 -0.5794
-0.0870 0.6051 -0.8020
0.1253 -0.1080 0.4507
-0.4083 -0.1263 -0.7875
-0.0052 0.0248 -0.0170
0.0076 -0.1841 -0.5302
0.0424 0.1073 0.2395
-0.7676 0.0467 -0.4330
0.0499 0.0023 -0.7879
-0.1390 -0.0274 -0.0421
-0.0020 -0.1496 0.1599
-0.5712 -0.4130 -0.4637
-0.2825 -0.4111 -0.3680
0.1547 0.7820 0.6408
-0.6207 0.4541 0.5364
0.1105 0.0906 0.1409
-0.2392 0.0763 -0.5944
-0.0000 0.0266 0.0183
-0.5675 -0.3764 0.0221
0.8009 0.0366 -0.6582
0.0274 -0.1153 -0.1769
-0.0607 -0.2731 -0.7788
-0.7447 -0.0888 -0.8706
-0.2747 0.2260 0.2245
-0.1259 0.1661 0.0649
-0.0692 0.2929 -0.9251
-0.2079 -0.0670 -0.5531
-0.6168 0.3381 0.5179
-0.0767 -0.0476 0.0813
0.3861 -0.0623 -0.8229
0.5133 0.4925 -0.1092
0.2866 -0.0942 -0.6163
-0.1926 0.0898 0.5988
-0.2335 -0.5080 0.7655
-0.2849 0.4590 -0.1233
0.1098 0.0217 -0.1794
-0.0885 -0.7730 0.4965
-0.0177 -0.0775 -0.1206
-0.1495 -0.0536 -0.5485
0.4795 0.0730 0.6780
0.4954 -0.8368 -0.3444
0.1184 0.0712 0.0068
-0.5530 -0.3386 0.5635
0.2881 0.3955 0.2347
-0.6544 0.2179 -0.7435
0.0017 -0.0006 0.1546
0.1819 -0.1568 -0.1634
0.4851 -0.0487 -0.1123
0.5262 0.3387 0.2280
-0.0099 0.0398 0.0708
0.3649 -0.2937 0.3172
-0.0375 -0.2325 0.4949
-0.1890 0.4013 0.9832
0.2628 0.0418 -0.8389
0.2504 -0.4816 -0.3146
0.6191 0.3257 0.4438
0.0120 0.0561 0.3047
0.0845 0.2830 -0.1780
0.0025 -0.0252 -0.3647
0.3532 0.1529 -0.0753
0.2076 0.0159 -0.5847
-0.2206 0.1040 0.1646
0.0294 0.0728 -0.1640
0.5257 0.1205 -0.5619
0.3380 -0.1437 0.8820
0.0395 0.0517 -0.0595
-0.6117 0.4968 -0.2340
0.4097 -0.2705 -0.2209
0.1552 0.1658 0.2843
0.0762 0.0532 -0.0908
-0.6545 0.6534 -0.4773
-0.0327 0.2768 -0.3006
-0.3468 0.5955 0.2266
-0.1425 -0.2402 0.2384
-0.0016 -0.0015 0.0035
-0.2466 0.1519 -0.9038
0.0552 0.0663 0.2042
0.1855 -0.0502 0.1425
-0.2127 0.4654 -0.0496
0.0772 0.4176 0.4260
-0.2101 0.0881 -0.3050
0.2714 0.1321 0.5971
0.1331 0.0201 -0.0766
-0.3477 0.5656 0.5568
-0.4993 -0.4682 -0.6825
0.0035 0.0467 0.6203
-0.6298 0.3524 -0.1176
0.2327 -0.0338 0.6082
0.4237 0.7157 -0.1067
0.3473 -0.8000 0.3863
0.1915 -0.1658 0.1051
0.3316 -0.1067 -0.2171
-0.1709 -0.0010 0.8843
-0.5048 0.1425 -0.0800
-0.5945 -0.6546 -0.0901
0.1698 -0.5039 -0.3252
0.5329 0.1479 -0.5712
0.4821 0.1942 0.3331
0.0022 -0.0015 -0.0265
-0.0831 -0.1305 -0.2601
-0.0335 -0.1671 0.0620
0.4927 -0.5409 -0.7196
-0.7386 0.2766 0.5717
0.1057 0.3485 0.5944
0.0152 0.0029 -0.0476
-0.1256 0.2672 0.0334
-0.0634 0.1650 0.7554
0.3403 -0.1503 0.3117
0.1055 0.0983 -0.1310
0.1400 -0.5009 -0.8088
0.5554 -0.2990 0.0837
-0.0558 0.0204 -1.1944
0.2879 0.2040 -0.6067
0.2377 0.2491 -0.4109
0.0385 0.0245 -0.1426
-0.3991 0.4468 -0.4686
-0.5856 -0.4340 0.5384
-0.5127 0.5572 -0.0005
0.8686 -0.0922 -0.3951
-0.2884 0.1873 0.9754
0.0002 0.0028 -0.6661
-0.4413 -0.0360 0.4979
-0.5299 -0.1221 0.3977
-0.3651 -0.0158 0.0696
0.3042 0.3076 -0.4164
0.0263 -0.0898 0.2731
0.5704 0.2837 -0.0438
-0.2302 0.2829 0.7539
0.3074 0.5163 0.2603
0.2199 0.4944 0.5559
0.2174 -0.0663 -0.4990
-0.0035 -0.0002 -0.9140
0.0440 0.0645 0.7072
-0.2493 -0.5863 -0.5188
-0.6785 -0.4611 0.3242
-0.9310 -0.1361 -0.3954
0.0299 -0.1657 0.2246
0.5116 0.0972 -0.0044
-0.8515 0.0926 0.2061
-0.0901 -0.3147 0.3501
-0.1675 0.1202 -0.6602
-1.0577 0.3043 -0.3655
-0.2514 -0.6041 0.2179
0.6355 -0.6609 0.2510
-0.1528 0.1601 -0.2583
0.1457 -0.0742 0.1892
0.3267 -1.0273 0.1519
-0.0524 0.0590 -0.2084
-0.1129 -0.0829 0.3523
-0.0682 0.0401 0.0519
-0.0927 -0.2725 0.6781
-0.0752 0.0452 -0.5817
0.0103 0.0386 0.0992
-0.2105 0.0782 -0.7609
1.7327 0.2772 -0.2616
1.9655 0.0478 -0.0564
2.0368 -0.3139 0.1066
2.1770 -0.0038 0.4473
1.6910 -0.1508 0.5114
2.3905 -0.1461 -0.5253
1.9378 -0.0477 0.0420
1.5038 -0.3524 -0.1595
1.8894 -0.0339 -0.1543
1.9227 0.1362 0.0190
2.5001 -0.0616 0.9649
2.7290 -0.1649 -0.3008
1.8417 0.3032 0.5418
2.0626 0.0785 0.9484
1.8041 0.3571 -0.7653
2.1176 -1.0819 -0.3354
2.4125 0.3536 0.3276
1.8633 -0.2012 0.7696
2.6338 -0.7767 -0.0812
2.0008 -0.0355 0.0193
2.2762 0.1869 -0.1061
1.9748 0.0073 0.0168
1.8966 0.0057 0.0125
2.0473 0.1253 0.3774
1.8948 -0.1562 -0.0557
2.4394 0.1090 -0.1118
1.9076 0.4885 -0.6847
1.8369 0.5257 -0.2773
1.9847 -0.1123 0.1641
1.6815 0.1640 0.6179
2.1249 -0.0014 -0.0173
1.9675 0.1409 0.0303
2.0659 0.1034 0.3638
2.1119 0.1235 0.0529
2.0130 0.1554 0.3208
2.0007 0.5242 -0.6694
2.0164 -0.0006 0.0412
1.7405 -0.0752 -0.1212
2.2390 0.1214 -0.2194
1.9252 -0.1507 0.1342
1.7920 -0.5499 -0.1957
2.0070 -0.0014 -0.5109
2.1577 0.2459 0.6837
1.9260 -0.5708 0.1381
1.9908 -0.0006 -0.0837
2.1155 -0.0224 -0.1541
1.9483 -0.5935 0.1286
2.6176 0.0530 0.3998
1.9128 0.1613 0.3074
1.8909 -0.1551 -1.0985
2.1392 0.0119 -0.2108
2.2601 -0.1234 -0.5423
2.0230 -0.0251 -0.1954
2.1032 0.0642 -0.0353
2.6291 0.0219 0.0341
2.1685 -0.1092 -0.5001
2.3621 -0.7945 0.2126
2.1097 -0.1643 0.3959
2.6358 -0.0174 0.6599
2.1826 0.1104 0.9177
1.9112 -0.5483 -0.2681
1.9679 -0.2037 -0.1881
2.0259 -0.0082 0.0111
1.3935 0.5060 -0.3931
2.0059 -0.0102 0.0059
1.8613 -0.1416 -0.7411
2.0290 0.0364 -0.0394
2.4264 0.3013 -0.0326
1.2706 -0.3576 0.4695
2.1125 -0.0317 0.0019
2.1064 -0.0177 -0.5470
2.3679 -0.7647 -0.0091
2.1118 0.0305 -0.0749
1.4823 0.2096 0.7274
1.3910 0.2025 -0.7420
2.0046 -0.0823 -0.6796
2.1675 -0.0707 -0.0585
2.0242 -0.0090 -0.1237
2.6698 0.1018 -0.0548
2.6849 0.3230 0.1709
1.5902 0.4295 0.5266
2.0062 -0.0002 0.0070
2.8941 -0.5914 0.5306
2.0192 0.1122 -0.8763
2.6847 0.3308 -0.2797
1.9046 0.0493 0.9546
1.9977 -0.0219 -0.1491
1.5673 -0.1599 0.2563
2.2225 0.0709 0.3188
1.8882 -0.0590 -0.1806
2.1160 -0.2639 0.4162
1.7802 0.0519 -0.3584
1.4189 -0.5407 -0.2859
1.9736 0.0264 -0.0006
2.3663 0.5314 0.7828
1.0747 0.5311 -0.4449
2.0136 0.4308 0.6806
2.6636 0.3254 0.3103
2.7180 -0.8422 -0.3274
2.0623 -0.0237 -0.0855
0.9909 -0.4105 0.0391
1.9687 0.1788 0.3816
2.0687 -0.1566 0.1375
1.9533 0.8356 0.7148
1.3573 0.2989 -0.4641
2.0001 -0.0005 -0.0003
2.1972 0.1599 -0.0847
1.6712 -0.2574 -0.4044
2.7149 -0.0226 -0.8107
1.6913 -0.2373 0.3127
2.0110 0.0279 -0.0240
1.9362 -0.0776 -0.6939
1.9827 0.7013 -0.8939
2.0229 -0.0151 0.0123
1.7718 0.2629 -0.0748
2.0508 -0.0358 0.2282
1.7359 0.0463 -0.3628
1.8622 -0.2069 -0.4258
2.9642 0.2077 0.4284
1.8682 -0.1203 0.5909
1.4628 0.7388 0.6484
2.1111 -0.0156 0.1301
2.0126 -0.0141 -0.2329
1.6906 -0.2322 -0.1242
1.7254 0.0593 -1.1191
2.4850 -0.6181 -0.5243
2.5175 -0.3519 -0.9681
2.1553 -0.2288 -0.4038
2.6315 0.3310 -0.6533
2.0217 0.2055 -0.3227
2.0840 0.3688 0.0933
2.0397 -0.0509 0.1528
1.3315 0.1411 -0.1932
2.2403 0.0459 0.1646
1.7801 0.0907 0.1111
1.9815 -0.0917 1.1947
2.0530 -0.1455 -0.0925
2.1958 -0.1878 -1.1644
2.0647 0.1118 0.0610
2.1066 0.5805 0.1508
2.0376 0.0189 -0.9105
2.6941 0.2757 0.4623
2.1322 0.0922 0.6059
1.6316 -0.0352 0.6745
2.1566 0.2107 0.4073
1.8376 -0.2637 0.5773
1.2712 -0.8520 0.1282
2.7376 -0.2779 0.4101
2.0052 0.0342 0.1710
2.0386 0.0113 -0.0921
2.3818 -0.5148 -0.9686
1.6032 -0.1102 0.5549
1.7867 0.0542 -1.1079
1.9868 -0.0281 0.0465
1.8478 0.1673 -0.3833
2.3065 -0.5163 0.1069
2.5184 0.1567 -0.2347
1.9493 -0.1106 0.1178
1.8147 0.5293 -0.4670
2.5739 0.1685 -0.3866
2.0918 -0.0205 0.0620
2.0193 0.0372 -0.8553
1.3986 0.2331 -0.3324
1.9975 0.0543 0.0114
1.9971 -0.0005 0.0004
2.1420 0.1251 -0.0219
2.0000 0.0006 0.0245
2.0288 -0.0791 0.3845
1.7981 -0.2154 -0.2766
2.1267 -0.2014 -0.8889
2.0325 -0.2547 0.2187
1.9956 -0.0356 -0.0157
1.8136 0.2556 -1.0625
2.1915 0.3302 -0.2813
1.9458 -0.3820 -0.6172
2.0037 0.0122 -0.4151
2.5049 -0.6553 0.5610
1.9892 0.0955 -1.0943
2.0204 0.5962 0.3914
2.0020 0.0105 -0.2692
1.9369 0.1648 0.4043
1.1494 -0.1896 0.7225
1.8606 -0.3384 -0.8014
2.7733 -0.8522 -0.2414
1.7141 -0.1206 -0.4370
2.7000 -0.0413 -0.3829
1.2728 -0.3336 -0.2502
1.4006 0.2690 -0.8115
1.9885 0.0061 0.3038
1.5751 -0.2219 -0.4825
1.9900 0.0138 0.1170
2.0990 0.1473 -0.2704
2.2251 0.1721 0.0759
2.0567 0.0085 -0.9539
1.6266 -0.0145 0.3137
1.5946 0.1553 0.4001
1.9635 -0.0225 0.6662
2.0265 0.0196 -0.0389
2.0099 0.0198 -0.2146
1.9529 0.1487 0.3658
1.7815 -0.0442 0.2577
2.3819 -0.1731 0.1083
1.5908 0.2280 -0.0476
1.8850 -0.0944 0.1365
1.9880 0.0372 0.0859
2.3494 0.0797 -0.3526
1.5122 -0.1934 0.0309
2.0144 0.0779 -0.2749
1.9864 0.1967 0.1468
1.9949 0.0508 -0.0304
1.9712 -0.0871 0.8897
1.9896 -0.0096 0.0609
1.9557 0.1227 -0.1909
1.9059 0.4879 -0.0610
2.0028 -0.1795 -0.4244
1.9783 0.0138 0.1148
1.7663 0.0082 1.1587
2.0461 -0.0075 -0.1928
1.6556 -0.2472 0.0812
2.0730 -0.1299 -0.0293
2.3811 -0.0381 0.1165
2.0206 0.0164 0.1617
1.9992 0.0036 -0.0647
2.0196 -0.3430 -0.5927
2.0127 0.1104 -0.5355
3.0368 0.5103 -0.0139
1.9915 0.0049 0.3379
2.4530 0.3742 0.7931
1.9998 0.0001 -0.5734
2.0165 0.1197 0.3969
2.4782 -0.1049 0.9646
2.3509 0.2779 0.1432
1.9956 -0.0188 0.0293
2.0133 -0.6225 -0.3530
2.1971 0.0228 -0.2447
2.0382 0.0294 0.0159
2.0825 -0.1663 -0.0513
1.7140 -0.1285 0.0315
1.9260 0.0507 -0.0627
2.1001 -0.2768 0.4673
1.9046 0.0789 -0.2060
1.9035 0.4591 0.5388
1.9368 0.4588 -0.0617
1.9715 0.0498 0.2286
2.3613 0.3624 0.1527
2.2432 0.0095 -0.3584
2.2789 0.2037 -0.1685
1.7598 0.5060 -0.3964
2.2556 -0.7525 0.5813
1.2521 -0.0142 0.4484
