-0.1832 -0.1030 -0.4064
-0.0608 -0.3754 -0.1637
0.3500 -0.1043 0.2315
0.0319 -0.0091 0.0104
-0.3622 0.1909 0.3713
-0.2862 -0.0576 -0.5593
0.2019 -0.1218 -0.9206
0.0743 -0.0502 -0.7902
-0.9091 0.3240 0.0650
1.5286 -0.4755 1.3583
0.0341 0.0247 -0.9827
-0.0618 -0.4573 0.5172
-0.0018 -0.0933 -0.2408
0.5403 0.3235 0.0988
-0.0471 -0.0258 0.2788
0.6439 0.5712 -0.3585
0.2529 -0.1708 -0.0780
-0.3583 -0.0507 -0.5179
-0.0139 -0.0306 -0.0071
-0.0374 -0.1315 -0.4556
-0.5627 -0.1292 -0.5739
-0.0017 0.0045 -0.0821
-0.1951 -0.1289 -0.2624
0.0024 0.0613 0.2012
0.5022 -0.2061 -0.0576
-0.0045 -0.0054 -0.0381
-0.5615 -0.5559 0.1786
-0.2813 -0.2122 0.0936
-0.7743 0.5374 0.3207
0.0499 0.0004 -0.6793
0.0132 -0.0167 0.0614
-0.0379 -0.0036 0.1689
-0.0052 -0.0143 0.0221
0.0079 0.0705 0.1159
-0.0342 -0.2189 0.1181
0.2693 0.4630 -0.1604
-0.4080 0.0465 0.1455
0.0205 0.2515 -0.1488
0.1919 0.0149 -0.0007
-0.0856 0.1369 -2.0896
0.0584 -0.3370 -0.4669
0.0284 0.0540 0.2345
0.1484 0.0773 0.4897
0.4485 -1.2660 0.1623
0.0947 -0.0544 -0.4366
-0.0857 -0.3815 -0.0321
-0.4158 -0.1291 0.0346
-0.4695 -1.4562 1.2003
0.2168 0.5686 0.5132
-0.7110 -0.1971 -0.0383
-0.2541 -0.2742 -0.1987
-0.0116 -0.0088 0.0801
-0.0828 0.0865 0.7236
1.0458 0.3566 0.1825
-0.0020 0.0851 0.0827
-0.1746 -0.0333 0.6931
0.3824 -0.0243 0.5115
-0.0730 0.0939 -0.4762
-0.0606 -0.2850 0.8487
-0.0782 0.2030 -0.7232
0.1256 0.0135 -0.0524
-0.2668 -0.0217 0.4510
-0.0190 -0.1066 0.0843
0.0210 0.0294 0.2292
-0.0046 0.1181 -0.8779
-0.0696 -0.0076 -0.1019
0.1038 0.1830 0.0265
0.0631 -0.0540 0.3069
0.4251 0.1671 -0.0215
-0.0231 0.4760 -0.1159
-0.1430 0.6265 -0.6814
-0.0252 0.0616 0.0430
0.1023 -0.0350 -0.7130
0.8298 0.2502 -0.3077
0.1094 0.1867 0.8827
-0.0123 -0.6088 0.6207
0.5233 -0.5488 0.0144
0.4562 -0.2125 -0.1727
0.1428 0.0851 -0.5646
-0.2143 0.0067 0.7643
-0.0867 0.7690 0.4119
-0.0089 0.0261 0.0373
0.0001 -0.0002 0.0005
-0.0082 -0.0333 0.8116
0.0456 0.0696 0.1133
0.5941 -0.3097 -0.2140
0.1462 0.4332 0.4419
-0.2388 -0.4493 -0.5640
0.1606 -0.1528 0.4410
-0.4954 -0.3146 0.2218
0.1472 0.1305 -0.3271
-0.0790 0.0468 -0.0228
-0.0171 0.0510 -0.0728
-0.4916 -0.3609 0.4335
-0.0304 -0.0058 -0.3683
0.0449 0.1474 0.8967
0.0425 -0.4784 -0.4307
-0.0425 -0.5733 -0.4506
-0.3022 -1.0403 -0.4985
-0.4735 -0.6874 -0.1226
0.3813 0.1405 0.5658
0.0869 -0.0677 0.1838
0.2556 0.7777 -0.3051
0.7516 0.1007 -0.1633
0.0339 -0.0078 -0.1508
-0.1262 0.8674 0.0344
-0.0066 0.2494 -0.2278
-0.3052 -0.4227 0.5241
0.0053 0.0228 -0.2640
-0.1598 -0.0865 -0.5188
-0.1885 0.1097 -0.1439
-0.7133 -0.2457 0.2452
0.1232 0.0089 -0.2524
0.3543 -0.1203 0.4517
-0.2995 0.1846 0.3925
0.6892 0.4753 0.1402
-0.4164 0.1513 -0.6459
-0.0518 0.1762 0.5675
0.1602 0.3563 0.1192
0.2769 0.0925 -0.7914
-0.3465 0.1532 -0.7205
0.0239 0.1641 0.1959
0.0444 -0.0142 -0.1092
0.1572 -0.1565 0.9130
0.1326 -0.0877 1.8645
0.3103 -0.1189 -0.3921
0.9550 0.1092 -1.8869
0.1832 0.1072 -0.8537
-0.0116 0.3040 0.2233
0.4689 -0.8256 -0.0423
0.0516 -0.1624 0.0484
-0.0536 -0.0011 -0.1655
-0.0036 0.0245 0.1447
0.1859 -0.5703 0.6372
0.1579 -0.1307 0.0033
0.1299 -0.0750 0.1273
0.0362 -0.0000 -0.0736
-0.0255 -0.0722 0.4518
0.0124 -0.3458 -0.3551
0.0317 0.0886 0.0390
-0.1400 -0.8863 -1.0060
-0.0069 0.0215 0.5893
-0.1802 0.3120 -0.0972
0.0316 -0.0967 -0.0855
0.1562 0.0015 -1.3327
-0.0557 -0.2452 -0.8100
-0.4921 -0.1051 -0.7978
0.0444 0.6036 0.3022
0.1227 0.1003 0.1855
-0.1185 -0.0118 0.1708
-0.0608 0.2993 -0.4230
-0.0346 0.0224 0.0244
-0.3452 0.2653 0.2985
-0.0014 -0.0305 -0.0064
-0.3303 -0.3527 0.0141
0.0213 0.0037 -0.6343
0.0066 0.0248 -0.2159
-0.0070 -0.0087 -0.0459
-0.0899 0.1326 0.0692
0.0020 -0.5602 0.1283
0.2703 -0.0391 -0.8063
0.1765 -0.0459 -0.4332
-0.2611 -0.0884 -0.1460
-0.0174 0.2686 -0.2540
0.0602 0.1659 0.3503
0.0268 -0.0560 -0.0666
0.0663 -0.2342 0.4297
0.0366 0.0623 0.0134
0.3529 0.1387 0.4787
0.0852 0.0549 0.0687
0.2604 -0.1776 -0.8810
0.2966 0.2912 0.6364
0.4772 -0.4852 -0.3596
-0.0911 -0.5879 0.1806
-0.1765 -0.0629 0.8389
-0.2476 0.6190 0.5287
0.2369 -0.4713 -0.3226
-1.2348 0.8058 0.1261
0.1155 0.4871 -0.2522
-0.3518 -0.0535 -0.0474
0.1365 0.0222 0.2839
0.0032 0.0087 0.0706
0.0462 0.2249 -0.1213
0.6327 -0.6982 0.2321
-0.1340 -0.0596 0.3760
-0.3247 -0.5438 0.2273
-0.0594 0.3242 0.1635
-0.1029 0.3373 -0.6491
-0.1440 -0.2389 0.1067
0.3397 -0.8245 0.1647
0.0089 0.0013 0.3587
0.3371 0.8107 0.1032
0.3562 -0.1434 -0.1359
0.2327 0.0951 -0.0316
0.1209 0.2710 -0.6122
0.0416 0.0308 -0.1676
0.5613 0.1307 0.3770
0.2913 -0.2017 0.1832
-0.1753 0.2719 0.5844
0.4877 -0.3436 -0.1405
0.0901 0.5203 0.1131
-0.7947 0.0540 -0.2374
0.0442 0.0437 -0.0759
0.0086 -0.0319 0.2044
0.4150 -0.3957 0.1270
-0.5154 0.4491 -0.2727
-0.0202 -0.1456 -0.0343
-0.0273 -0.0378 0.1871
-0.0407 -0.0210 -0.5446
-0.2575 -0.6426 -0.5731
0.4195 -0.0210 -0.2531
-0.4782 0.2266 -0.6066
0.0065 0.0023 0.1721
0.1825 -0.0952 0.0785
-0.5740 0.5451 0.1891
0.3265 -0.1044 -0.3167
0.0019 -0.0564 -0.8359
0.2970 0.5243 -0.5497
-0.1711 -0.6408 -0.6859
0.1932 -0.2802 -0.0779
0.3159 -0.8570 -0.0741
-0.0027 0.0143 -0.0464
-0.0570 0.1229 0.0802
0.1770 0.1960 0.8035
-0.2777 0.0057 -0.6452
0.0083 0.0540 0.0858
-0.2399 -0.4126 0.2490
0.5981 -0.0874 0.7678
0.6667 -0.0634 0.1324
0.4334 -0.0643 0.5564
0.0593 0.1897 0.1250
0.0089 0.0024 0.1188
0.0697 -0.0894 0.6875
-0.4264 0.4407 -0.3873
0.0198 -0.1437 -0.8299
-0.0012 0.0077 0.0160
-0.0444 0.1004 0.0006
-0.2204 -0.6086 -0.5812
-0.0207 -0.0160 0.0002
-0.0637 0.0186 0.2523
0.0518 0.4548 0.8287
-0.4225 -0.5274 -0.1363
-0.1116 0.4415 -0.0840
0.1525 0.1729 -0.1732
0.0015 0.2263 -0.7203
-0.7435 0.0718 0.3579
0.0350 0.0113 0.0783
0.0329 -0.0565 -0.0746
-0.1505 0.4026 0.3088
-0.1639 -0.0140 0.3962
0.0164 -0.0022 0.0059
-0.2397 0.1938 -0.1200
-0.0184 -0.4349 0.0467
0.4138 -0.1450 -0.5249
0.1355 -0.1609 -0.3971
-0.0191 -0.0999 -0.7392
-0.0773 0.0051 -0.3633
0.0488 -0.4887 -0.2611
0.0018 -0.0002 0.0913
0.1616 0.1425 -0.0021
-0.3534 0.2136 0.7906
0.2777 0.3226 0.3979
-0.5751 -0.1368 0.0592
-0.0288 0.2326 -0.8655
-0.0671 -0.1070 0.1786
-0.1873 0.4004 0.8413
-0.0098 0.0316 -0.1788
0.0990 0.1825 0.0649
0.5779 -0.6084 -0.0232
0.0143 0.0029 0.3709
-0.6205 -1.1845 -1.2131
0.0291 -0.0058 -0.5009
0.0858 0.5837 0.0222
0.8123 0.2017 0.9013
0.0459 -0.3457 -0.7351
-0.0265 0.0756 -0.2102
0.7246 0.5189 -0.2871
-0.9930 0.0491 -1.0380
-0.0119 0.0637 0.4822
0.7585 -0.5066 -0.3475
0.0351 0.0856 0.3806
0.9196 -0.3326 -0.0953
-0.1786 -0.0768 0.1149
0.2003 0.0719 -0.2604
-0.7740 -0.4214 0.4627
0.4583 -0.1405 -0.2704
0.3552 -0.5232 -1.2407
-0.0585 -0.2739 0.0228
-0.3471 -0.1445 0.0910
-0.0019 0.0128 0.0181
-0.3588 0.6917 -0.3769
-0.0223 0.0039 0.4644
0.2944 0.0560 -0.1518
-0.4338 0.4355 -0.7129
0.0405 0.0556 0.0239
-0.5186 1.7200 -0.8575
0.8677 -0.2865 0.2684
-0.0403 0.0952 0.3066
0.0160 -0.0274 0.0451
0.0317 -0.1770 0.0554
0.1040 0.0135 0.1642
-0.9715 -0.1472 1.6112
-0.3356 -0.3855 0.8064
0.0146 0.0103 0.5523
-0.2027 -0.6840 0.4786
-0.5488 -0.6389 0.0347
0.4503 -0.0132 0.8378
-0.4776 0.9652 -0.7622
0.0420 -0.2257 0.3033
0.0452 -0.0490 0.0979
0.0273 0.0451 -0.9076
-0.2945 -0.0819 0.6098
-0.5630 -0.0175 -0.1602
-0.2726 0.2727 -0.7177
-0.2601 -0.5309 0.4178
0.0987 -0.1417 -0.4868
0.0385 -0.1221 0.0996
0.1130 0.6715 -0.2132
0.0278 -0.0425 -0.0436
-0.3601 0.4293 -0.4864
0.0955 -0.0338 0.2526
0.0996 -0.2855 -0.3017
-0.8588 0.4635 -0.0611
-0.8003 -0.5661 0.0743
-0.0542 0.3337 0.0696
-0.2268 -0.0960 -0.5661
0.0075 0.9578 -0.1018
-0.0262 -0.9643 0.2205
-0.2557 -0.1526 -0.5853
0.3148 0.5380 -0.1893
0.2946 -0.7180 -0.1911
-0.0017 -0.0019 -0.0194
-1.3851 1.5974 0.5932
0.0727 0.0549 0.0805
0.0058 -0.0234 0.0142
0.7130 0.2357 0.5300
0.0145 0.0317 0.0768
0.0553 -0.0203 0.0296
-0.0233 0.0233 0.5657
0.3002 -0.0298 0.5929
-0.3396 0.5886 -0.6933
-0.0935 0.2456 0.5421
0.0067 -0.0067 -0.0848
0.3034 -1.6001 1.2234
-0.2436 -0.1373 -0.1901
0.2191 0.0389 0.7214
-0.4101 -0.0508 -0.6389
0.0637 -0.0311 -0.1582
0.1009 -0.2901 0.4265
0.4464 -0.2915 0.8020
-0.0747 0.7464 0.0164
0.0187 0.0033 -0.0286
0.0978 0.4776 0.5021
0.0015 0.0550 -0.0858
0.1210 0.0612 -0.1696
0.1225 0.0131 -0.6429
0.2058 -0.1623 -0.5918
-0.0174 0.1739 0.2791
0.0031 0.0594 0.1268
-0.0224 0.5545 -0.3454
-0.0454 0.9048 -0.1194
-0.0785 0.0435 0.3988
-1.3307 -0.8387 1.5190
0.0015 0.0024 0.0113
0.4568 0.1504 0.5277
0.6506 0.5564 -0.3120
0.1765 0.9025 0.9398
0.5367 0.1538 -0.2015
-0.0219 -0.0241 0.2409
0.1423 0.0182 0.2889
-0.0861 0.3120 -0.3040
0.0688 0.1743 -0.8487
-0.0112 0.0009 -0.0060
-1.7244 1.2845 -0.3211
-0.0080 0.1721 0.4438
0.4887 -0.0597 0.0223
0.0477 0.0473 -0.9686
0.3124 0.4209 -0.1112
-0.0467 0.3977 -0.6663
-0.7542 -0.0334 -0.1317
-0.0046 -0.0037 0.0021
0.0624 0.1412 -0.0766
-0.1573 -0.1383 0.1914
-0.1903 -0.3197 0.2473
-0.0412 -0.1206 0.6893
-0.0312 -0.0506 -0.0281
0.0030 -0.0773 -0.4285
0.0159 0.0219 -0.0556
-0.0291 -0.1684 -0.0098
0.3055 0.4761 -0.0238
0.2406 0.7467 0.2359
0.0814 0.4373 0.5080
-0.0430 0.0240 0.0553
0.0403 -0.3151 -0.1424
-0.0288 -0.0652 -0.0490
-0.0151 0.1177 0.0474
0.6795 0.2124 0.1853
0.0810 -0.0526 0.3119
0.0218 -0.0695 0.0263
-0.1839 0.4433 -0.2912
-0.0400 0.0226 0.0338
0.0654 0.0278 -0.2620
0.1692 -0.0607 -0.1350
0.0701 -0.0311 -0.4157
0.1661 0.5326 0.3958
0.6265 0.4030 -0.5723
-0.4263 -0.0731 -0.4624
0.6406 0.1182 -0.6867
0.3096 -0.2799 -0.7627
0.0070 -0.0097 0.5332
0.0378 -0.0664 0.0614
-0.0126 -0.3243 -0.0266
-0.0201 0.0005 -0.3525
-0.0275 -0.0246 0.0196
0.0927 -0.0267 0.1035
-0.1827 -0.2449 -0.6543
0.7046 0.0327 -0.5338
0.0056 0.0744 0.9895
0.0145 -0.0115 -0.5426
-0.0162 -0.0305 -0.3665
-0.0944 0.0233 -0.1147
-0.0117 0.0052 0.2710
-0.1378 0.0724 -0.3833
0.0840 0.0022 -0.4598
0.0503 -0.1706 0.4818
0.0434 0.1599 0.0235
-0.2352 0.9033 -0.1636
-0.0481 0.0032 -0.0006
-0.5903 -0.3158 0.0389
-0.0572 -0.0394 -0.1839
0.4667 0.1173 -0.6644
0.2959 0.2664 -0.0970
-0.0005 -0.0023 -0.0004
-0.1537 0.0105 0.5064
-0.4238 -0.1545 -0.6967
-0.1951 0.0977 -0.1313
-0.1182 0.0699 0.3151
0.0048 0.0001 0.0088
-0.0091 0.0453 -0.2396
-0.0077 -0.0051 0.0109
0.0016 -0.0015 0.0284
-0.0283 0.4220 0.5665
-0.1390 0.2951 -0.0589
-0.0498 0.0743 -0.1546
-0.1999 -0.1670 0.1864
0.3137 -0.1187 -0.2158
0.0492 0.2225 -0.1036
-0.0194 -0.1621 0.1408
-0.6450 -0.0919 0.3136
0.2638 -0.0177 -0.8169
-0.1370 -0.0142 0.7753
-0.0192 -0.0109 -0.0249
0.3707 -0.0426 -0.7247
0.0214 0.0520 -0.0411
-0.0089 0.0003 -0.0630
-0.2178 0.0818 0.1238
0.5346 0.0893 -0.5967
0.4039 0.3784 0.2081
-0.2082 -0.6112 -0.1459
0.0757 0.0366 -0.7475
0.0910 -0.0849 0.0961
0.0911 0.4885 1.7811
-0.2917 -0.3994 1.5495
-0.6295 -0.2346 -0.1023
-0.4635 0.6965 -0.4509
-0.0045 0.2130 -0.3976
0.1208 0.0006 -0.5691
-0.6357 0.4155 -0.4180
-0.1908 -0.1292 0.0435
-0.2092 0.2913 -0.0659
-0.0915 -0.0886 -0.2138
0.3795 -0.1135 0.7582
0.6098 0.6894 -0.0364
-0.0931 -0.0730 -0.7370
-0.1193 0.7244 0.1917
-0.0547 -0.2293 -0.0206
-0.5839 -0.1474 -0.1312
-0.1340 -0.6613 -0.0792
0.1275 -0.0828 0.2727
-0.2684 -0.3678 -0.0727
-0.3390 0.1468 0.0439
0.1247 -0.1343 -0.7786
-0.3626 -0.3008 0.2502
-0.0274 0.0015 -0.1850
-0.0631 0.0638 0.0416
0.3860 -0.1197 -0.4001
-0.1283 -0.0784 0.0727
-0.1052 0.2809 0.4732
-0.5174 0.0343 -0.0518
-0.0216 0.0524 0.8493
0.2317 -0.6777 -0.4218
-0.5017 -0.1957 -0.7247
-0.5712 -0.3232 0.3586
-0.6317 0.3681 0.5769
-0.0382 0.0034 -0.1915
-0.5562 -0.2743 0.2726
-0.0233 0.0075 -0.4304
0.3508 -0.0046 0.2261
-0.0028 0.0498 0.0939
0.0060 -0.0427 0.6349
