-0.0521 -0.0124
0.2780 0.1760
-0.0162 -0.6748
0.0379 0.6296
-0.0517 -0.1437
-0.1982 0.9296
-0.1010 0.5885
0.2238 -0.5590
-0.8213 0.3522
-1.5549 -1.3617
0.1926 -0.0299
-0.1052 -0.2415
0.6378 -0.4642
-0.2578 0.2948
0.2606 -0.4140
-0.1948 -0.0488
-0.6754 -0.4091
-0.0460 -0.0070
-0.3353 -0.0719
-0.0318 -0.1034
0.0720 0.4724
-0.0678 0.1793
0.0045 0.0092
3.8029 -1.1241
-0.6422 -0.1132
0.6764 -0.6349
0.0416 0.0347
-0.2363 0.4592
0.5241 0.1528
0.8945 0.1460
0.1632 -0.0262
-0.0157 -0.0680
0.3901 -0.7761
0.2619 0.7238
0.2245 0.0632
-0.1037 -0.1344
0.4256 0.2861
-0.2202 0.2269
-0.6390 -0.5228
0.1474 0.2002
-1.6591 0.6878
1.1200 1.0000
0.3680 0.3123
-0.9949 0.0590
-1.1288 1.7969
0.2000 0.1392
-0.4655 -0.0806
-0.0422 -0.0289
0.1109 -0.5421
0.1762 -0.4703
-0.1685 -0.5613
0.1469 -0.4205
0.1536 -0.9444
-0.2533 0.5287
0.1382 -0.7963
0.5475 -0.3368
0.9433 0.1711
-0.5501 0.2547
0.0151 -0.0865
-0.0873 -0.6494
0.0026 0.0149
-0.8837 -0.5029
-0.8387 1.0198
0.5412 0.0414
0.0195 0.0701
0.3213 -0.1799
0.0315 0.2629
-0.5925 -0.7945
0.3794 0.1886
-0.7860 0.4264
0.0045 -0.4127
0.5003 -0.2102
-0.1209 -0.6341
0.0290 -0.0066
0.8040 0.1874
-0.2021 -0.9517
0.1724 0.8481
0.6207 -0.6316
-0.1287 -0.6012
-0.0684 0.0581
-0.6068 -0.0719
0.0758 0.0078
-0.2804 0.1468
2.7189 0.8997
0.0226 0.6462
-0.1652 0.5185
-1.4709 1.4584
0.2568 0.0881
0.1913 -0.5002
-0.0055 0.0672
-0.0512 -0.0197
0.0287 -0.0232
0.3318 -0.3109
0.0602 -0.3677
-0.1190 -0.2068
0.1830 0.2873
-0.3990 -0.0923
0.0930 0.0973
1.4034 2.2804
-0.0735 -0.0221
