-1.0430 -1.1898 -0.2987
0.0062 -0.0094 -0.2680
-0.0902 0.1607 0.3758
0.0149 -0.0127 -0.0222
-0.0075 -0.0238 -0.1786
-0.1149 -0.1586 -0.0266
0.0095 0.0064 -0.0276
-0.2340 0.2638 0.0925
0.5273 0.3113 0.6269
-0.2941 0.5503 -1.5655
-0.1116 0.1271 0.5180
-0.2929 0.0955 -0.3755
-0.7859 0.4818 -0.9807
-0.1697 0.0448 0.3453
-0.8006 0.1121 -0.3625
0.2401 -0.3094 0.8693
-0.5447 0.9518 -0.4749
-0.3473 0.2612 -0.7572
0.0570 0.0945 1.4590
0.5784 0.5414 0.3656
0.1249 -0.0139 0.2803
0.3396 0.5659 0.3779
0.0868 0.5671 -0.2820
0.1474 0.7544 -1.2288
-0.2268 0.1041 0.7104
-0.9390 -0.5980 -1.2037
-0.7621 0.3668 0.1888
0.3759 0.0455 0.1489
-0.7916 0.0418 0.3783
0.0156 0.2592 -0.2001
-0.0270 -0.3794 0.1901
0.1374 0.5575 0.2076
0.3440 0.0707 0.2612
0.4129 0.0832 1.2611
0.0501 -0.0512 -0.5492
0.2393 -0.1353 0.5399
0.1344 -0.6716 -0.1401
0.4888 -0.7421 0.1207
0.4945 -0.3036 0.8092
-0.0002 0.0002 -0.0014
-0.0004 -0.0014 0.2478
0.1519 -0.0380 1.0189
-0.0254 -0.4855 0.4217
-0.3772 0.2226 -0.6540
0.0908 0.1438 -0.6052
0.0152 0.0021 -0.6654
1.4018 0.7803 -0.1206
-0.4067 0.2293 0.7796
-0.4663 0.4550 -0.0383
0.3122 -0.1627 0.6487
-0.3444 -0.2788 0.2098
-0.0406 0.3740 -0.2680
0.5105 -0.4897 0.4665
-0.1965 -0.2048 0.5709
-0.0279 0.7444 -0.0342
0.5788 0.2521 -0.3324
-0.4034 -0.3407 -0.1963
0.2018 1.2241 -0.2696
0.0166 -0.0019 0.1415
0.6110 -0.3997 -0.5190
0.2139 -1.2032 1.0390
0.0845 0.1137 -0.2270
-0.0270 -0.0157 -0.0001
-0.3807 0.1446 -0.3071
0.0912 -0.1138 0.0694
-0.4156 0.0548 0.2923
0.2980 0.6223 0.3010
-0.2657 0.7317 0.3147
-0.0491 -0.0871 0.5697
-0.1024 0.1383 -0.2440
0.1928 0.0251 0.3676
-0.2235 0.3136 -0.6030
-0.1818 0.4963 -0.5072
-0.1051 -0.1338 -1.1125
-0.5697 -0.3826 -0.0204
0.2744 0.5609 0.4237
0.1664 0.0266 -0.0018
0.0007 -0.0081 -0.4778
0.3556 -0.5284 -0.3890
0.0074 -0.0027 -1.0492
-1.1511 -0.4635 -0.8754
-0.4530 0.0281 0.7467
0.4115 -0.0236 0.0306
0.2540 -0.3123 0.0525
0.0036 -0.0032 -0.0077
0.4272 -0.2195 -0.8384
0.0777 -0.0301 0.5707
-0.0119 0.2032 -0.9498
-0.0535 -0.0387 0.2810
0.2282 -0.2996 -0.4301
-0.0091 0.0569 0.6419
0.0395 0.2970 1.5179
-0.1287 -0.0721 -0.2333
-0.0732 -0.1459 0.3409
-0.3902 -0.1060 -0.7016
-0.0046 -0.0059 -0.2043
0.4573 0.7370 -0.5202
0.1838 -0.4191 0.1843
-0.0060 0.0381 -0.0104
-0.7270 -0.4751 -0.1057
0.0644 0.2284 0.1454
-0.1940 -0.0122 0.3356
0.0146 0.2757 -0.2944
-0.0468 0.0967 -0.1570
-0.5026 0.2077 -1.0685
0.1769 -0.0103 -0.3839
0.0301 0.0436 0.1286
0.0286 -0.1217 -0.1579
0.7492 0.1285 0.3078
-0.1351 -0.1832 -0.1630
0.1149 -0.0303 0.9787
0.2513 0.1394 -0.2986
-0.8017 -0.6181 0.9549
-0.1614 -0.1465 0.3768
0.5166 0.9980 0.4834
0.0150 -0.1818 -0.7236
0.0401 0.9526 0.1972
0.0157 -0.0034 0.0399
-0.0029 -0.4678 0.1340
0.0815 -0.0141 0.4378
-0.0695 -0.0292 0.1656
-1.0215 -0.0317 -0.4863
0.2198 0.0157 0.1957
-0.2072 -0.0655 1.4610
-0.0035 -0.0011 -0.1122
0.2904 -0.0970 0.6484
0.6824 -0.2840 -0.3998
-0.0460 0.1562 -0.0593
-0.1675 0.2914 0.6596
-0.1508 0.2796 1.1957
-0.0487 0.0066 -0.1678
0.0960 -0.0586 -0.1444
0.0062 0.1182 -0.0212
0.2718 -0.4345 0.1590
-0.0374 0.3389 -0.3198
-0.5743 -0.1440 0.5312
0.0042 0.0003 -0.0556
0.6783 -0.3973 0.2394
0.6754 0.2825 -0.5576
-0.2297 -0.1529 0.1964
-0.1440 -0.0198 -0.2913
-0.8180 0.2050 0.0803
0.0938 1.0325 -0.9379
0.4512 0.1061 -0.9421
-0.2067 0.0785 -0.1791
-0.0977 0.4499 0.3781
-0.1601 0.4077 0.4878
-0.0826 0.1414 -0.0325
0.0015 0.0284 0.0059
0.0321 -0.6357 0.1385
-0.4343 0.0341 0.6101
0.0285 -0.2183 0.9657
-0.0052 -0.0010 -0.5602
0.3890 -0.0176 0.7760
0.4285 -0.6778 0.0078
0.5826 -0.1538 1.0841
0.0442 0.0579 -0.4161
0.0092 0.0129 -0.2648
-0.4539 -0.6388 0.0684
-0.0202 -0.2088 0.8669
0.0022 -0.2291 -0.5013
-0.1035 -0.1684 0.0681
-0.5404 -0.8610 -1.0347
-0.0189 -0.0238 -0.0300
-0.4185 -0.0450 -0.9976
0.4839 0.6471 -0.1400
0.1437 -0.8233 -0.0876
0.0613 -0.0601 -0.0421
0.1280 0.7687 -0.4735
0.0274 0.0394 0.0194
0.0349 0.0261 0.0038
-0.0417 -0.0495 -0.0407
-0.8941 -0.0159 -1.0579
0.3597 -0.0703 -0.3928
0.0495 0.0365 -0.8133
0.5190 -0.7679 0.2982
0.1994 0.2142 0.1035
-0.9207 0.4581 0.3325
-0.1791 0.0258 0.5853
0.2044 0.5131 0.1144
0.7059 0.1059 0.1039
0.0348 -0.0289 1.0664
-0.0076 0.2251 0.9140
-0.1132 -0.3665 -0.8160
0.0128 0.0436 -0.0116
-0.0133 0.0126 -0.0537
0.3721 0.5654 0.1907
0.2844 -0.2989 -0.0794
0.1165 -0.1137 -0.2352
-0.0850 0.5428 0.1125
0.0218 -0.0596 0.3082
-0.2412 -0.2337 0.4911
0.1185 -0.4887 0.7499
0.0379 0.0133 0.0083
-0.1039 0.1777 -0.2793
-0.2422 0.2216 -0.2520
-0.5868 -0.0814 1.2743
-0.0456 0.0039 -0.0771
0.0173 -0.0119 0.0120
0.6484 0.3738 1.3491
-0.3312 0.8623 0.3560
-0.5557 -0.2628 -0.3881
-0.4023 -0.6377 0.2382
-0.0239 0.0207 -0.0149
-0.2169 -0.0537 0.4916
-0.9743 0.5899 0.5762
-0.1700 0.0838 -0.4931
0.2171 -0.0357 -0.0133
-0.1026 -1.3011 0.6329
-0.0289 -0.0228 0.1149
-0.0468 -0.0793 0.1561
0.5701 0.2815 -0.5320
0.7793 0.3173 0.4829
-0.1659 -0.5809 -0.2757
-0.9693 0.6636 -0.3864
0.4719 -0.4691 0.5596
0.0323 -0.0305 0.0087
0.1398 0.2001 -0.2453
-0.0106 0.0544 -0.4278
-0.1677 -0.1095 -0.0297
-0.3636 -0.3862 -0.0964
0.2746 0.0073 0.8213
0.2282 0.1261 -0.8966
-0.0387 -0.0068 0.5835
0.0647 0.3524 -0.0181
-0.4713 0.3784 0.6174
-0.0229 -0.0145 -0.4476
0.0045 -0.6259 0.0522
0.0636 -0.6767 0.6533
-0.0555 0.2013 -0.2283
0.4608 0.5617 0.1475
-0.0915 -0.0018 -0.1432
-0.0726 0.4007 -0.1732
0.3109 0.2838 -0.1437
0.1913 0.2012 0.6812
0.1823 -0.3299 0.0966
0.6634 -1.2118 0.8517
-0.2789 -0.0913 0.9212
-0.2232 -0.0515 -0.8942
0.1383 1.0883 -0.4173
0.1404 -0.0809 0.9587
0.1974 -0.1699 0.1944
0.4935 0.3894 0.3196
0.0071 -0.0011 -0.0006
0.0002 -0.0007 0.0001
0.1810 0.2428 -1.6414
-0.0532 -0.0006 -0.0304
0.2803 -0.0258 -0.4260
-0.3271 -1.0689 -0.6057
0.2658 0.3195 0.0679
0.0213 0.0012 0.5930
0.2160 0.1889 -1.1757
-0.6748 -0.3952 -0.0816
0.0032 0.0349 -0.0034
0.4362 0.1745 0.3824
0.0463 -0.1293 -0.6584
0.7271 -0.6950 0.5948
-0.0765 0.0595 -0.0037
-0.1867 0.7085 0.1023
-0.6174 -0.9419 0.4497
-0.8554 -0.3948 0.6606
-0.1889 0.6087 0.3081
0.0709 0.3844 0.7153
0.4116 -0.1693 -0.6354
-0.9759 0.3159 -1.2242
0.0049 0.0144 0.4807
-0.0676 0.0276 -0.0555
-0.0542 0.0530 0.2226
0.1897 -0.3596 0.9088
0.2013 0.5198 0.1062
-0.0338 -0.1468 -0.5957
0.2202 0.4138 0.5042
0.0468 0.1822 0.4711
0.2710 0.1148 -0.3636
0.0630 -0.0867 0.1400
0.0836 0.1844 -0.0825
-0.1379 -0.7295 0.0646
-0.7870 0.4015 -0.0993
0.0360 -0.1936 -0.0054
-0.8748 -0.3539 -0.4005
-0.2943 0.2210 -0.1949
-0.1936 0.1414 -0.0429
0.1685 0.2581 0.4283
-0.2180 0.1947 -0.2049
0.7893 0.4243 0.2267
0.3508 -0.3206 0.3030
-0.5217 0.5044 -0.6137
0.0171 -0.0140 0.1126
0.1892 -0.0601 0.3393
0.1264 0.0610 -0.0179
0.1965 0.2879 -0.5540
0.1387 0.0501 0.2084
0.7174 0.1341 -0.3830
0.0006 -0.0409 0.7688
-0.0560 0.0242 0.5312
-0.0121 -0.0752 0.2140
0.4860 0.1062 0.6208
-0.2098 -0.2407 0.2666
0.2892 0.1351 -0.4359
-1.4184 -0.5735 0.3431
0.0501 -0.0501 0.0794
-0.4043 1.4294 0.7047
-0.0624 0.0442 0.9582
0.0025 0.0003 -0.0124
-0.0068 0.1063 -0.8485
-0.1068 0.2547 -1.3727
-0.4801 -0.2202 0.3145
-0.1818 -0.0515 -0.4101
-0.0136 -0.0111 0.0257
0.2924 0.3281 -0.4261
-0.0978 0.6148 0.0796
-0.0155 -0.0399 0.0151
0.8705 -1.4061 0.3018
0.2136 0.0520 -0.6450
0.0697 -0.0391 0.3287
0.1218 0.1733 0.3408
0.1335 0.0557 -0.2413
0.0117 -0.0333 0.1492
0.9008 0.2369 -1.2935
0.0278 0.0045 0.1439
0.0032 0.0023 -0.1922
-0.1176 0.1342 0.0191
-0.2378 -0.2259 0.3413
0.1005 0.1943 0.1899
0.0511 -0.0250 0.1795
0.0232 0.0210 -0.2002
-0.2145 -0.0827 0.3806
-0.6568 0.5260 0.0617
-0.4203 -0.7803 -0.9762
-0.0047 -0.0050 0.0064
-0.7077 -0.2831 0.0998
-0.0158 -0.0150 -0.7079
0.0113 -0.0106 0.1409
-0.0242 -0.4564 -0.2726
-0.1478 0.0902 0.1320
0.0041 -0.4613 0.5649
0.0013 0.0085 -0.6232
0.0037 0.0025 -0.0171
-0.0718 -0.1985 0.0090
-0.0458 0.7181 0.6618
0.0567 0.1592 0.0300
0.1918 -0.1356 -0.0780
0.1044 0.0390 0.3143
-0.3466 0.3263 0.7522
0.0986 -0.0031 0.0037
-0.0143 0.0741 0.7488
-0.0307 -0.0854 -0.0864
-0.0395 -0.0024 -0.0003
-0.5619 -0.1317 0.8674
-0.7075 -0.1733 -0.6588
0.1934 -0.1869 -0.4881
-0.1455 0.0854 0.3754
-0.6051 -0.2565 -0.2807
1.0283 -1.1524 -0.1143
0.0931 0.8492 0.0239
0.1157 -0.3363 -0.3270
0.5635 0.2966 0.0167
0.2326 -0.0385 0.1600
-0.2858 0.1889 0.8301
-0.1665 -0.4696 0.6870
0.3265 0.0325 -0.4000
0.0006 0.0003 0.0729
-0.2428 0.0666 0.4412
0.0718 0.1994 -0.3033
0.1586 0.2080 -0.0770
0.2091 0.0712 0.1406
-0.0040 -0.0094 0.0050
-0.3065 0.3517 -0.1872
-0.0098 0.0371 -0.5900
-0.0387 0.0546 0.1572
0.2110 0.0170 0.0768
-0.2325 0.0255 0.6531
0.4704 -0.1002 -0.3410
-0.0007 0.0068 -0.0263
-0.3080 0.4218 0.0529
0.1050 -0.0061 -1.3396
0.0169 -0.0058 0.0863
0.0340 0.0569 0.0018
0.2072 -0.0205 0.2288
0.1199 0.1445 -0.7255
0.0369 0.0978 0.3766
0.3145 0.1365 -0.0582
0.4975 -0.1954 -0.2405
-0.9803 0.3299 -1.2051
-0.1234 0.2957 0.3953
0.3280 0.1833 0.8467
-0.0723 0.1894 -0.5311
0.0046 0.0004 0.0049
0.3041 0.2298 1.0255
-0.5423 0.1792 0.9199
-0.3732 -0.1050 0.8297
0.1245 -0.2517 -1.6022
-0.4549 -0.6422 0.2926
0.0230 -0.6134 0.4837
0.0126 0.0187 0.1865
0.7039 0.0888 -0.6849
-0.0021 -0.6789 0.0498
-0.5502 0.0736 -0.6062
-0.0484 -0.0749 0.0868
0.1090 -0.0688 -0.4715
0.0250 0.0881 0.7183
0.0054 -0.0257 -0.0825
-0.4051 -0.3793 -0.7343
0.0394 -0.0287 0.1261
-0.0025 -0.0002 -0.0032
-0.2256 -0.4024 -0.8068
-0.0056 0.0034 -0.0077
-0.0378 -0.0841 0.5151
1.4293 -0.2968 0.1898
0.0145 -0.1109 0.0789
-0.8047 -0.1748 0.1634
-0.0335 0.0156 0.2263
-0.0973 -0.6603 0.0159
-0.0518 0.1793 -1.0572
-0.1029 -0.5069 0.1432
-0.4494 0.3802 0.3464
0.3245 -0.0229 -1.1806
-0.0116 -0.0040 -0.0132
-0.3239 1.3307 0.5493
0.0246 -0.2338 0.0163
-0.6910 0.2499 -0.1342
-0.5329 0.5536 0.2913
0.2616 -0.0207 0.5628
-0.6318 -0.0032 -0.3290
0.0164 -0.5485 0.0823
-0.0083 -0.2059 -0.0759
-0.0575 0.0901 -0.8594
-0.1081 -0.3773 -0.0200
-0.0232 -0.0114 -0.0020
0.4400 0.0673 0.8327
0.1708 0.1401 0.1213
-0.0089 0.0051 0.0468
0.1316 -0.3733 -0.8768
0.0075 0.0096 0.2755
0.1196 0.0663 -0.2290
0.0913 0.0353 0.0108
-0.0270 0.6245 0.1416
-0.0238 0.0225 0.1005
-0.1621 0.0978 0.6963
-0.0136 0.1133 -0.0003
-0.0746 0.0786 -1.4723
-0.1291 0.3147 -0.0812
0.3094 -0.8217 0.2858
0.6567 -0.2983 -0.6611
0.2132 -0.0081 -0.0328
0.0108 0.0215 0.7822
0.7829 -0.1964 -0.9296
-0.1898 0.7893 -0.0715
0.0561 0.4841 -0.6666
0.6799 1.1848 0.3688
-0.0811 0.5637 0.9749
0.6040 0.6590 -0.3718
-0.0043 0.0041 -0.3034
0.0116 -0.0022 -0.2262
0.8149 -1.1630 0.2625
-0.3888 -1.2741 0.3135
-0.1493 0.0778 0.3126
0.4516 -0.7262 0.1925
0.0008 -0.0331 -1.1412
-0.0325 -0.2459 0.0645
0.3810 0.0021 -0.4556
-0.1786 0.0883 0.5121
-0.0002 -0.0020 0.0032
0.6377 -0.6662 0.1304
0.4883 0.0412 0.4734
-0.0028 0.0014 -1.1014
0.3483 -0.2125 0.1593
-0.3883 0.0050 -0.0976
0.0100 0.9615 1.0406
0.1033 0.1024 -0.0552
0.0012 0.0075 -0.0009
-0.0759 0.0210 0.8873
-0.0471 -0.0744 0.5352
-0.7197 -0.3178 -0.5990
0.5631 -0.6704 0.5859
-0.2390 0.1549 -0.7756
0.0032 -0.7592 -0.4885
-0.5048 -1.0990 -0.8618
0.1125 0.0521 -0.2713
-0.1576 0.4910 -0.2375
0.7075 -0.1423 -0.1449
0.0078 0.0619 0.1998
-0.0859 -0.1146 0.2439
-0.1124 0.0384 0.6462
-0.2425 -0.6003 0.3140
0.1854 -0.0687 0.1385
-0.0425 0.0027 0.1241
-0.3790 0.6491 -0.3819
0.1014 0.6129 0.7105
-1.0043 -0.2958 0.5047
-0.2973 0.4016 -0.4295
-0.1343 -0.0973 -0.7052
-0.2970 -0.2897 0.8127
-0.2150 0.2425 0.8017
-0.0969 0.0640 0.2100
0.3277 0.0281 0.3280
0.2064 -0.2733 -0.7732
-0.3736 -0.4800 0.2567
-0.0004 0.0713 0.0716
-0.0026 -0.0027 0.6457
