0.2686 -0.0532 0.4785
-0.0658 0.3577 -0.3488
-0.0544 -0.5985 -0.7623
-0.0858 0.1754 0.0376
0.1851 0.1616 0.0354
0.4925 0.0486 -0.2633
0.1195 0.1033 0.9109
-0.4182 0.1052 0.2635
0.1467 -0.3683 -0.1988
-0.0643 0.2730 0.0514
-0.3979 -0.0726 -0.8646
-0.1513 0.2163 0.5851
0.2621 0.3720 0.8212
0.2594 0.0481 -0.5229
-0.2872 -0.2735 0.5361
-0.0014 0.0032 0.0348
0.0331 0.0234 -0.3540
0.0015 0.0177 -0.0040
-0.0080 -0.0248 -0.1743
-0.0143 -0.2814 0.2871
2.7657 0.7135 0.3073
2.5640 0.0348 0.2317
3.3594 -0.4379 -0.0065
1.7504 0.0095 0.1103
2.3537 0.1409 0.1546
2.7046 0.3184 -0.1860
3.1264 -0.0596 0.4698
2.4442 0.0336 -0.6309
2.4987 0.1207 0.0236
2.6204 0.0007 -0.1555
2.3669 -0.0966 -0.1138
2.9515 0.0895 0.4551
2.3616 -0.0914 0.0155
2.4904 0.0160 -0.2239
2.4947 -0.0740 0.2177
2.0406 -0.4099 0.2652
1.9281 0.3407 0.3340
2.5347 -0.1521 -0.0310
2.6975 0.5501 -0.2943
2.5000 0.0000 0.0046
