0.3483 0.2211 0.4619
0.1140 -0.1253 -0.2483
0.3459 0.0080 -0.1302
0.4731 0.0884 -0.1044
0.4376 -0.2699 -0.3872
0.2623 0.1173 -0.9211
0.0730 0.2137 0.4791
0.1654 0.3741 0.1267
0.0988 -0.2617 0.8035
-0.0069 -0.1006 -0.4206
-0.3162 0.5471 -0.3888
0.3012 -0.5604 0.0972
-0.0110 -0.1761 0.0650
-3.0600 -0.1000 0.1773
0.0737 -0.0761 -0.0975
0.0040 -0.0350 -0.2873
0.5846 0.2115 0.1925
0.0175 0.0016 0.7928
0.2726 0.0099 2.9517
0.0214 -0.0251 -0.0606
5.1337 0.3735 -0.1740
4.2750 -0.4544 0.3395
5.3702 0.2889 0.1849
6.8418 0.4512 1.9316
4.7630 -0.0743 0.3131
4.9964 0.1406 0.1144
4.5185 -0.2199 -0.6382
5.5853 -0.1457 -0.6319
5.0095 0.0035 0.0565
5.3037 0.3429 0.2083
5.0579 -0.0704 0.8506
5.2387 -0.0411 -0.4468
5.3135 -0.4673 0.7599
4.9095 -0.2957 -0.6010
4.9771 0.0116 -0.0465
4.7951 -0.0671 -0.1356
4.7582 -0.0189 0.0820
5.3182 -0.4984 -0.2201
3.7628 -0.0913 -0.4063
4.9971 0.4602 -0.5558
