-0.7295 0.1035
-0.2236 0.3311
1.0592 -0.4163
-0.0834 -0.4521
0.0392 -0.0338
0.9150 0.1309
0.1856 -0.0171
0.5902 -0.9024
0.6163 0.0981
-0.1889 -0.8464
0.7332 -0.4577
0.0985 -0.1408
-0.5411 -0.0779
-1.2262 -2.4765
-0.1392 0.0315
-0.4994 -1.7553
-0.7379 -0.2471
0.1546 -0.6955
0.1239 -0.1129
0.2533 0.6406
0.3032 -0.2106
-0.0450 0.8106
-0.0096 0.0132
0.0864 0.0760
0.7593 0.2811
0.4360 0.3639
0.3169 0.3455
0.0194 -0.0097
0.6382 0.7553
-0.3379 0.1116
-0.4418 -0.3561
0.1243 0.3276
-0.4233 -0.3091
1.0454 -0.3980
0.2917 0.2601
0.2396 -0.1534
0.1076 0.2793
-0.1223 -0.2137
-0.2947 -1.4749
-0.7252 0.6014
