-0.6830 0.1029
0.1050 0.1835
0.2784 0.9039
-0.4888 -0.2169
-0.8358 -0.1643
-0.3559 0.2954
0.2250 0.0818
0.0468 -0.0211
0.4372 0.4324
-0.1237 0.1201
0.5813 0.0866
0.2339 -0.2721
-0.5965 -0.6444
0.5148 0.5374
0.0840 -0.0062
0.6766 -0.3954
-0.2277 0.1710
-0.3014 0.6046
-0.0436 0.8888
0.0007 -0.0093
3.2374 -0.5865
3.7074 -0.0516
4.0345 -0.3399
3.2675 0.3445
2.8029 0.2347
3.3772 -0.6169
3.5595 0.2141
3.5218 -0.0066
3.0092 -0.3095
3.0393 0.7716
3.8259 0.4965
3.7162 -0.8638
3.5312 -0.1918
3.5354 0.0783
3.2609 -0.1846
3.4550 0.2236
3.4626 0.0258
3.1813 -0.2620
3.3812 -0.5182
3.1114 -0.4411
