0.1325 -0.0614
-0.0665 -0.7591
0.3319 -0.3879
-0.1835 -0.6768
-0.0587 0.1345
0.0270 0.1123
-0.6985 0.7037
-0.1339 -0.0801
0.2440 -0.2428
0.0123 -0.0105
0.9654 0.6229
-0.6844 -0.5755
-0.2222 0.0188
-0.2079 -0.1114
-0.4132 -0.0530
-0.0069 0.0062
0.2365 0.7176
0.2761 1.1171
-0.3267 0.0382
0.1110 -0.0132
0.9586 -0.0378
0.4257 -0.2324
-0.7445 0.4623
0.3288 -0.4774
-0.3483 -1.0230
0.4841 -0.8404
-0.2869 1.0520
0.0364 0.2441
-0.7402 -0.2479
0.0959 -0.0868
-0.9716 -0.0582
-0.5396 -0.1533
-0.3039 0.7311
-0.3065 0.1395
0.5939 -0.1990
-0.0739 0.0799
0.2783 0.1466
-0.1172 -0.0888
0.3956 -0.5118
0.1272 -0.1699
0.0440 0.0774
0.8064 -0.7402
-0.4004 -0.9800
0.4385 0.4389
-0.0201 0.0635
-0.0348 0.1934
-0.0429 -0.0103
0.0585 0.0369
0.3435 -0.6404
0.1626 -0.1791
-0.1258 0.4978
-0.0408 -0.4586
0.2551 0.3440
-0.0339 1.1907
-0.4072 -0.6905
-0.2803 0.0255
0.0051 -0.0117
0.5677 -0.6110
0.1067 -0.0061
0.5846 0.3858
0.1257 0.4605
-0.3633 1.0432
-0.0702 0.0615
0.0727 0.0817
-0.2451 0.5482
0.1376 -0.0161
-0.4017 0.5278
0.4991 0.2498
-0.2576 -0.0456
-0.8057 0.8360
0.3225 -0.5861
-0.5955 -0.8456
0.4715 -0.6949
0.1296 -0.0303
-0.0758 0.4124
-0.1069 0.0390
-0.3109 -0.2208
-0.2154 0.0469
0.1294 -0.1466
-0.2421 -0.6330
0.0457 0.0834
1.0711 0.3882
-0.4593 -0.1474
0.9614 0.0440
0.2174 -0.9012
0.3515 -0.5060
-0.2078 -0.9376
0.4932 0.7370
-0.2364 0.8277
-0.9446 -0.2227
-0.7127 0.2830
-0.1910 -0.1823
0.9582 0.2831
0.0292 0.0030
-0.0349 0.0442
-0.1035 -1.1068
0.7461 0.6846
-0.1115 -0.7632
0.2609 -0.0770
-0.1511 0.7177
0.5971 0.6102
0.7674 -0.7471
0.6370 -0.6611
-0.2236 -0.1049
0.9474 -0.6407
0.5685 0.1887
0.1975 0.4945
-0.0610 0.0733
-0.1108 -0.0684
-0.1853 0.6574
-0.6642 0.0908
-0.1464 -0.0394
0.0105 -0.0082
-1.0142 -0.4288
-0.7525 -0.5338
-0.2405 0.5309
-0.1406 -0.6010
-0.1519 -0.2855
0.2771 0.2599
0.0467 0.1984
-0.0761 0.1741
-0.1239 -0.0533
0.1042 0.3757
0.0377 0.1680
-0.1222 -0.2668
-0.5631 0.3055
0.0447 -1.0291
-0.6772 0.1049
0.2741 0.0774
-0.0844 -0.1664
-0.1287 -0.1854
0.0220 0.6258
0.7552 -0.3003
0.8710 0.3346
0.0074 -0.0024
0.7010 -0.9524
-0.0945 -0.0247
0.9073 -0.2213
0.0031 0.0034
-0.6037 0.1716
-1.0950 -0.4808
-0.0522 0.0447
-0.0945 0.3554
-0.4058 -0.5517
-0.1106 -0.0870
-0.1196 0.9366
0.2357 -1.1160
-0.3623 -0.0679
-0.9738 0.1044
-0.1005 -0.3774
-0.6159 -0.0288
-1.0472 0.0814
-0.4921 -0.2590
-0.0402 0.1192
-0.0480 -0.0571
0.2447 0.8225
-0.4478 -0.5771
-1.0281 0.3873
-0.0331 -0.0154
0.2271 -0.5485
0.4099 -0.6228
-0.2548 0.0097
-0.2717 -0.7598
0.0185 0.6786
-0.1714 -0.1642
0.2139 -0.0591
-0.1367 0.7692
0.3478 0.1733
-0.0058 -0.0835
0.2936 -0.4083
-0.1629 0.1723
0.2782 -0.1879
-0.2275 0.0560
-0.0624 -0.0237
0.0707 0.2217
-0.6803 -0.2857
0.2052 0.2503
0.2886 0.1183
-0.9641 0.4504
0.2239 0.2067
-0.1513 -0.0348
-0.3474 0.2838
-1.1743 -0.1061
-0.0307 0.2106
0.4938 -0.8432
-0.8420 0.2995
0.8504 -0.2282
-0.2223 0.5155
-0.2514 0.2221
0.4136 1.0359
0.0710 0.0149
0.1550 -0.4961
0.5030 0.7892
0.6219 -0.3285
-1.0578 0.4889
0.3847 0.0211
-0.1316 -0.2005
-0.0761 -0.2575
0.6682 -0.2311
-0.7636 0.3053
0.9792 0.2380
0.9766 0.4975
-0.2589 -0.5267
0.3668 -0.0399
0.3277 -0.2045
0.0373 0.3186
-0.3464 0.0979
-0.2679 1.1072
0.6662 0.1288
0.7051 0.1135
-0.5058 0.3204
0.2562 -1.1001
0.1011 -0.0272
-0.0821 -0.6737
-0.4126 -0.2288
-0.5951 -0.2338
0.3266 0.0083
-0.4146 -0.2678
0.1458 -0.2653
0.5649 0.1878
-0.8176 0.2787
0.0932 0.0371
-0.2649 0.0808
-0.7392 -0.1528
0.1586 -0.1715
-0.4134 -0.3613
0.9104 0.5308
-0.5392 -0.2832
0.6178 0.3874
0.0938 -1.1417
-0.0967 -0.0970
0.0787 -0.7664
-0.3491 -0.7149
-1.0631 -0.3017
-0.5968 -0.6171
-0.5486 -0.4071
-0.1413 -0.1037
0.2031 0.3366
-0.0348 -0.0446
-0.1322 -0.7150
-0.0667 -0.2408
-0.5016 0.0718
-0.2801 -0.3504
0.1507 -0.0623
-0.3813 -0.2494
0.7981 0.3296
0.6994 0.3654
0.7495 0.6773
-0.0381 0.0271
0.1091 0.1884
-0.0487 -0.3376
0.2209 -0.3093
-0.3103 0.7855
0.7869 -0.4144
0.6562 -0.6837
0.6515 -0.9032
0.0075 0.0196
0.1115 -0.2666
0.5551 -0.6279
0.4309 -0.7926
-0.1903 0.5038
0.5691 0.3182
-0.3366 0.4607
0.0607 0.0855
0.3510 -0.1943
0.0420 0.0714
-0.1935 -0.0388
0.5964 -0.4606
0.1354 -0.2736
0.1930 0.1484
0.3474 0.1299
0.5985 -0.2442
-0.5135 1.0317
0.3926 -0.9403
0.0539 -0.0226
0.2846 -0.3620
-0.6013 0.9811
-0.6279 -0.7731
0.6353 0.7863
0.0323 -0.3005
-0.2284 0.4935
0.0695 0.1329
-0.1495 0.3320
-0.9211 -0.1711
-0.0270 0.4541
0.2170 -0.9493
0.0438 0.4787
-1.1375 -0.1976
-0.3188 -0.8858
0.2647 -0.5395
0.5590 -0.9908
-0.2235 -0.9011
0.0098 -0.0131
0.2529 0.0379
-0.4571 -0.5389
-0.3199 -0.5726
0.7007 -0.3371
-1.0526 0.5011
-0.1071 0.0528
0.7413 0.8134
-0.1039 0.0116
0.2116 -0.0069
-0.1248 -0.1169
-0.2635 0.0030
-0.3022 0.7805
-0.2523 -0.1029
-0.7003 -0.7135
-0.4465 -0.1351
-0.7368 0.2075
0.6171 0.8257
0.8942 -0.3084
-0.0213 0.0446
-0.0164 -0.1034
-0.1966 0.4643
-1.0204 -0.2200
-0.2476 0.3277
0.9305 0.4895
0.1894 -0.9059
-0.7983 0.4107
-0.6499 -0.3461
0.4669 -0.4739
0.3955 0.5751
0.6013 -0.6736
0.3257 0.0826
-0.7363 0.4107
0.5477 0.2934
0.9982 0.2126
0.0040 -0.0167
0.1936 0.2875
-0.9013 0.1996
0.1498 0.2148
0.7384 0.6160
0.0061 0.0958
-0.4425 0.6320
-0.1524 0.4188
0.1220 0.0386
0.2770 1.0031
0.0974 -0.4547
-0.0223 0.4704
-0.2659 -0.0644
0.2363 -0.7701
0.4060 -0.2636
-0.3128 -0.3114
-0.2678 -0.5069
-0.2165 0.0783
0.1455 -0.2349
0.6136 0.2851
0.9650 0.0662
-0.2787 0.5968
0.0414 0.8549
-0.6059 0.6045
0.0047 -0.0904
-0.2245 1.1335
1.1655 -0.0560
0.0181 -0.0093
0.0216 -0.0926
-0.7692 -0.5970
0.8710 -0.6960
0.6136 0.4451
-0.0285 0.2855
1.1034 -0.2265
0.7833 0.6443
-0.2803 -0.9263
-0.2961 -0.5595
-0.3697 0.0397
-0.3922 -1.0593
-0.3026 -0.8077
0.3754 0.5818
0.1134 0.5168
0.1952 0.9942
0.1382 0.4871
0.5332 0.0360
-0.6806 -0.9143
-0.7191 -0.0625
0.1211 -0.1266
-0.1144 0.4867
-0.2756 -0.2211
-0.8658 -0.4079
0.0011 -0.3918
0.0963 0.0329
0.5370 -0.0909
0.0393 0.6057
-0.0184 -0.0380
0.0330 -0.3521
0.6970 -0.4127
-0.0073 0.0328
0.3278 0.1660
0.1295 -0.1779
0.5886 0.4840
0.1078 0.2392
0.1446 -0.0008
-0.2850 0.4877
-0.0302 -0.1480
0.6625 -0.3554
-0.0831 0.0101
-0.8315 -0.7430
0.2908 -0.5446
-0.1133 -0.8773
-0.1569 0.0840
-0.5831 0.2497
1.1426 -0.0131
0.2358 0.7232
-0.3114 0.3430
0.0818 0.6230
0.7838 0.7696
-0.0439 -0.0233
-0.0321 -0.2799
0.9250 -0.3607
0.2049 0.9927
-0.4516 -0.3355
0.0746 -0.0016
-0.0108 0.0825
0.0379 0.0064
0.1931 0.0182
0.1231 0.2381
0.2336 -0.1721
-0.0406 -0.1770
-0.3033 -0.7447
-0.1456 -0.6322
0.3137 -1.1094
0.6828 0.2786
-0.6073 -0.5530
-0.6080 -0.0485
0.2037 -0.6293
-0.8311 0.1189
-0.9226 0.4602
0.5819 -0.4967
0.4642 -0.4474
0.0729 0.0735
0.6174 0.7395
0.2087 0.7890
0.1011 -0.2149
-0.0771 -0.0019
-1.0036 -0.2104
-0.7000 0.3553
-0.3453 -0.6316
-0.0259 1.0480
1.1283 0.3785
1.0052 0.0863
-0.1226 -0.5975
0.3211 0.4849
0.1801 -0.0679
0.5749 0.4076
0.7079 -0.8073
-0.9661 -0.1992
-0.1395 -1.1537
-1.1744 -0.1950
-1.1627 -0.1211
0.7377 -0.2990
0.8023 -0.2230
0.3388 0.0809
-0.5786 0.9536
0.0449 0.4569
0.7545 0.0646
0.3007 -0.8181
0.1539 0.3396
-0.1022 -0.0508
0.0173 -0.0192
1.0093 0.3870
0.3101 0.3273
-0.0947 -0.4632
-0.1911 -0.3467
0.1358 -0.1403
0.0173 0.2479
0.0101 -0.0089
0.0255 0.1470
0.0350 -0.0560
0.0396 -0.3460
0.1946 -0.3826
0.6340 -0.0752
0.0670 -0.1491
0.2397 0.3142
0.3858 0.9679
0.7249 -0.8591
0.4949 -0.5792
-0.1146 0.4690
-0.4867 -0.1633
0.4022 0.3596
0.2592 -0.5742
-0.6292 1.0038
-0.0568 0.0164
0.1890 0.1843
-0.6670 -0.4351
0.0129 -0.0521
0.0871 -0.6029
0.2544 0.4500
-0.3957 0.1611
-0.8824 -0.4401
0.8169 -0.0030
-0.1965 0.3405
-0.6453 -0.1635
-0.1237 0.2594
-0.3577 0.4213
0.3466 0.5503
-0.0054 0.0179
-0.0660 0.3071
0.0214 -0.1347
0.0615 -0.6417
-0.3302 0.3660
-0.0400 0.0077
