0.7410 0.0270 -0.2786
-0.3145 -0.5541 0.5266
0.6158 0.2569 0.2381
0.1739 -0.0186 0.5026
0.9755 1.1511 0.3641
-0.1130 -0.0011 -0.5780
0.3637 0.5257 -0.5769
-0.0079 0.1207 -0.3702
1.0992 0.1936 -0.5349
-0.0369 -0.0518 0.2318
-0.0326 -0.0848 -0.3325
-0.1432 0.3929 0.5008
0.0378 -0.3098 -0.5665
-0.2746 -0.1714 0.2683
-0.6677 -0.3812 0.1730
0.0885 0.4549 -0.7987
0.0067 -0.0569 -0.0434
0.2327 0.1142 0.0472
-0.8701 1.2648 0.5360
0.0280 -0.0218 -0.6999
3.0141 0.0088 0.0980
2.9279 0.5382 1.9704
2.9509 0.0299 -0.2018
3.2793 -0.1474 -0.1602
2.7799 0.0887 -0.5728
3.2211 0.1359 -0.3047
2.3032 0.5143 0.1968
3.1126 -0.2653 -0.5700
3.1605 -0.0158 -0.1897
2.9724 -0.1383 -0.9324
3.0556 0.0402 -0.0279
3.0203 0.0569 -0.0566
3.3781 0.0646 -0.2251
2.7136 0.0396 -0.1422
3.0112 0.0009 -0.1522
3.3742 0.0381 0.3576
3.0215 0.0797 -0.0521
1.4240 0.6401 1.0163
3.0706 0.0119 -0.1282
2.7766 -1.0008 1.0145
