-0.1824 -0.4437
0.9711 -0.1680
0.2465 0.0558
-0.2666 -0.5520
0.5451 0.1067
-0.2010 -0.3170
0.4010 0.8171
0.4307 -0.3649
-0.5976 0.3415
-0.1412 -0.3118
-0.9089 0.0152
1.7823 0.2385
0.5386 0.4614
0.4990 -0.4402
-0.3048 0.5972
-0.8084 0.0497
-0.1505 0.0421
0.4724 -0.2845
-0.1315 0.1422
1.1142 2.3940
0.1010 0.1277
-0.3910 0.3441
-0.8299 -0.4086
0.9162 0.1352
-0.0548 -0.0324
-0.0912 -0.0005
0.9481 0.9634
-0.0429 -0.1629
-0.5944 0.1191
-0.4802 0.2741
-0.2346 -0.8351
-0.8710 -0.0059
-0.7076 -0.0810
-0.1364 0.2255
0.2987 -0.5367
0.4235 -0.6165
-1.3346 -0.0034
-0.0693 -0.0175
0.1896 0.7440
0.1776 0.2321
-0.0524 -0.0417
0.1977 -0.0345
0.8671 -0.4027
-0.0180 0.2461
-0.4867 -0.3914
2.8453 -0.9698
-0.2726 -0.7543
0.8777 1.8335
0.4783 0.4812
0.5727 -0.2770
0.7551 -0.3892
-0.2038 0.5583
0.0174 0.0872
-0.2054 0.3822
-0.0045 0.0546
-2.0572 -2.1870
0.5468 -0.4153
-0.0098 0.0877
0.2301 0.9941
0.0145 0.2363
-0.1553 1.3618
-0.2717 0.7677
-0.2041 -0.3883
-0.9174 0.0661
0.7502 0.9217
-0.0052 0.0643
-0.0036 0.7190
0.6676 -0.5100
0.2130 0.8278
0.0265 -0.1465
-0.3556 0.1914
-0.6279 -0.4345
-0.3806 -0.1389
-0.2038 0.6492
0.1253 -0.0794
0.7214 2.0831
-0.0577 0.1798
0.2229 -0.5930
-0.0533 0.1512
1.5662 -2.5061
0.3082 0.0961
-0.4338 -0.6524
0.2227 -0.2724
-0.1981 0.6859
0.5021 0.4244
-0.2977 -0.1251
0.8485 -0.1901
0.3563 -0.2762
0.0836 -0.2814
-0.5820 0.3212
-0.2151 -0.3905
0.1141 -0.2106
-0.2218 0.2156
0.0748 -1.4002
0.2828 -0.4014
0.3545 -0.6035
-0.2557 0.0660
-0.5029 0.4342
-0.1475 0.1616
-0.3759 0.2543
0.5380 0.5808
0.9266 0.3687
0.1764 -0.4207
-0.0537 0.1151
-0.6924 0.1753
0.3844 -0.1874
-0.4353 -0.0611
-0.8802 0.3214
0.1270 -0.3442
-0.1729 0.0354
0.0364 -0.0009
0.5191 2.1094
0.1257 0.0386
-0.0906 -0.5631
-1.6547 2.4003
0.0356 0.0258
0.0124 -0.0608
2.3746 -0.6346
-0.0376 -0.0773
-1.1561 -2.9692
-1.7367 -1.4242
-0.5792 0.0163
0.3059 -0.1638
0.0597 -0.3655
-0.1227 -0.3459
-1.8304 1.4567
0.0368 0.1606
-0.0748 -0.2927
-1.3544 1.7869
0.6647 -0.1646
-0.1214 0.5331
-0.4818 -0.1476
-0.3924 0.2697
-0.3292 -1.9043
-0.2911 0.5674
-0.3985 0.0005
0.3974 0.8588
0.1863 0.4152
-0.2610 0.1355
0.0032 -0.0073
-0.8413 0.5054
0.4167 0.2257
-0.8872 -0.4271
2.9893 0.4382
0.0028 0.0002
-0.4610 1.6685
0.0228 -0.3907
-0.0426 -0.0308
0.4725 -0.1450
0.1552 -0.5660
0.0893 0.4349
-0.3199 -0.7668
0.4178 0.7445
-0.2134 0.0639
0.2795 -0.5740
-0.9117 -1.6907
-0.0446 -0.2336
-0.3298 0.2296
0.2344 2.7891
0.9661 0.1647
0.4329 -0.8470
0.2022 -0.2405
-0.5350 0.4210
-0.1046 -0.0616
-0.8283 0.4572
2.7874 0.6274
0.1387 0.0258
-0.3939 -0.6735
-0.1259 0.0199
0.4205 0.5638
0.7917 -0.3222
0.2938 0.0963
-0.3388 -0.8881
0.6612 -0.1507
1.6880 0.1727
-0.4963 0.8497
-0.0597 -0.0902
-0.7261 0.6493
0.0352 0.0861
-0.2642 -0.5718
-0.5533 -0.2605
-0.9070 0.2218
0.2033 0.9329
-0.0551 0.0356
0.5478 -0.3126
0.2761 0.1991
0.0363 0.0777
0.3064 0.1003
-0.6895 0.5960
-0.1266 -0.7224
-0.4489 -0.6406
0.1240 0.2500
0.0040 0.6807
-0.6362 0.0925
0.1885 -0.3821
2.7052 1.0551
-0.0186 -0.4273
0.1227 -0.3337
0.0465 -0.4779
-0.4909 -0.6827
0.1492 0.1441
-0.0151 0.0790
0.0169 0.4940
0.5760 -0.4034
-0.4889 -0.7162
-0.3853 0.2762
0.4208 -0.4602
-0.1141 0.0238
-0.6289 0.4012
-0.7412 -0.4011
-0.0014 0.0044
0.7686 0.5242
0.3223 0.7825
1.1124 -2.0117
-0.0564 -0.0143
0.6367 0.1033
-0.0267 -0.5229
1.4155 2.7288
-0.3438 0.2471
-0.0035 -0.4848
-0.0977 -0.4771
-0.7657 0.0227
-0.0846 -1.9048
0.2351 -0.7743
-0.2603 0.5005
0.4120 0.7696
0.1641 -0.6206
1.4397 -0.8284
0.3699 1.6908
0.5635 -0.3264
0.1031 -0.4885
1.4232 1.1546
0.4997 0.0157
0.7328 -0.4352
2.1156 1.5187
-0.8879 0.0630
-0.0092 -0.7418
-0.1854 0.9399
-0.3532 -0.3795
-0.3949 1.8452
1.1113 2.2165
-0.1908 0.3566
-0.1192 -0.6235
-1.1193 -2.5416
0.4851 0.1183
-0.6779 0.0281
-0.0518 0.0198
0.3060 0.5472
-0.0000 -0.6220
0.2696 -0.2752
3.5020 -0.0337
5.1181 0.7945
4.0352 -0.8821
1.6189 1.9403
3.7673 0.0835
3.6375 0.6772
4.2372 -0.6311
4.1815 0.7801
4.5937 0.6262
4.0276 0.4219
3.9513 0.5480
4.0361 0.0908
4.1050 -0.0647
4.0954 -0.0259
4.1986 -0.2651
4.7957 0.4033
3.7477 0.5573
3.5705 0.6844
4.2871 -0.3120
3.5368 -0.2147
5.0055 -2.6148
3.9414 0.0068
3.9779 -0.0966
3.0149 -0.2396
3.9814 -0.6913
3.4159 -0.0433
4.1392 0.2333
3.5132 0.8594
3.9719 -0.1483
4.2157 -0.7442
3.1018 -0.2076
4.4345 -0.1162
3.7479 0.3103
3.7628 -0.5272
4.2118 -0.0877
4.2312 -0.4093
3.5897 0.1723
3.8542 -0.2799
5.7910 -1.8881
4.0371 0.4251
3.9002 -0.0775
3.9875 -1.0137
4.4213 -0.0874
4.2530 -0.1741
4.3899 -0.0113
3.4722 -0.8280
4.8419 -0.1565
4.2421 0.6271
3.8447 0.9603
3.1394 -0.3654
3.9020 0.3008
4.4991 0.7205
3.4437 0.1108
4.7432 -0.0043
4.0327 -0.7372
3.8476 0.1270
3.2984 0.3093
4.0953 0.0649
4.3410 0.7717
4.0604 0.0817
5.3513 0.0412
3.7876 -0.0509
4.5211 0.2266
4.3423 2.4038
6.0909 -0.2202
4.6175 -0.1594
6.0884 1.6344
3.7213 -0.8509
3.4830 0.2976
3.0045 0.2152
3.6152 0.6045
4.4569 -0.5404
4.4186 -0.2887
4.7458 -0.6376
3.6782 0.4961
4.1231 0.0443
3.9831 0.1538
4.4405 0.2034
4.1618 0.4470
3.0652 -1.4241
4.5989 -0.5088
4.5973 0.0202
4.9066 0.0540
4.5143 0.0388
3.4259 0.7717
3.8194 -0.4120
3.9569 -0.0090
4.9733 -0.1052
3.3167 -0.2285
4.9203 0.2517
4.4872 -0.3564
4.2170 2.3563
3.5806 -0.0402
2.4808 -2.4736
4.0315 -0.2291
3.5212 0.2853
4.0229 -0.0256
3.6443 0.1212
3.8838 -0.8020
3.9956 0.0430
4.4711 0.5090
3.7355 -0.1433
4.0352 -0.1742
4.0509 0.0800
3.2852 0.3290
4.1334 0.3445
4.3013 0.2098
3.6794 0.1039
3.6877 -0.0014
3.1178 0.3697
4.0064 -0.1450
3.8239 0.0600
3.7419 -0.1009
4.9491 -0.0085
3.7917 -0.0237
3.6734 0.2676
4.9127 1.0036
3.9255 -0.1167
3.9190 0.0574
2.5289 1.2731
4.1668 -0.2760
4.8698 -0.0852
4.7527 0.1182
4.2208 -0.4750
5.1820 -0.3880
4.9358 0.6752
3.8490 -0.5001
3.4186 0.6377
4.4329 -0.1534
4.0213 0.8414
3.9821 -0.2271
3.6640 -0.1875
3.1022 0.3809
3.5525 0.0313
4.0804 -0.2408
4.6652 -0.6197
3.2734 -0.1685
3.7862 0.0262
4.0353 -0.2326
3.6812 0.3241
3.3211 0.0526
3.6350 0.5803
5.2079 -2.3974
3.9813 -0.2440
4.1672 0.3373
3.7514 0.2230
4.1151 -0.0920
3.9920 0.6942
4.6266 0.6141
4.0000 -0.7279
3.4351 -0.6442
6.0214 -0.1723
4.9030 -0.0366
4.5997 0.6858
4.0231 -0.3125
4.0749 0.2447
4.2346 -0.2679
2.6759 -2.8409
4.1203 0.2936
3.2679 0.4904
3.9517 -0.8092
4.2392 0.1865
3.1140 0.0541
3.9711 -0.8111
4.1465 -0.0199
4.1157 0.6800
2.3335 -0.0069
4.0920 0.0453
4.8759 1.9573
4.3623 -0.5462
4.6392 0.4925
4.0634 -0.4930
4.1535 -0.1507
6.7550 -0.0591
4.6206 -0.0830
4.1732 0.0820
2.9697 -2.3382
3.9450 0.0466
3.7298 0.0807
4.5328 -0.3879
4.7790 0.3974
4.1524 -0.3982
1.8943 0.4730
4.0133 0.0067
3.7521 -0.1216
3.5810 -0.3657
3.9238 0.1806
3.9821 0.0265
3.8897 -0.2304
4.0177 0.0102
3.4070 -0.5187
4.1981 -0.1588
4.8787 -0.3205
3.5855 -0.4191
4.2513 0.1615
4.1513 -0.4845
4.2589 0.6043
4.0970 -0.1168
4.7004 0.4091
3.5183 0.1783
4.5076 0.5402
3.9943 -0.1587
3.4133 0.0050
6.3942 0.6090
5.2022 -2.9084
4.3269 0.4541
4.1851 -0.0275
2.2132 1.9101
4.2330 0.0071
7.1579 -0.2149
3.6913 0.0187
4.6230 -1.8292
4.4431 0.1401
3.9619 0.2320
4.7045 0.3065
3.9707 -0.0464
4.0348 -0.6942
2.9053 -0.8629
3.7848 0.6998
3.8107 0.0643
4.6314 0.1457
3.8146 0.5057
3.8305 -0.0648
4.3459 0.8232
4.2076 -0.4941
4.5850 -0.4267
3.6686 0.2157
3.5985 0.9147
1.0291 0.9301
3.3558 0.1891
3.3807 -0.0441
3.9166 0.0833
4.1685 -0.1970
0.9044 -0.2201
3.9321 0.1355
6.4430 -0.3116
4.4651 -0.0630
4.2495 0.1419
4.4754 -0.6064
3.8911 -0.9235
3.9982 -0.0959
4.8230 -0.0015
3.3106 -0.4245
2.5869 0.5228
4.0101 0.1184
4.3112 0.2159
3.7597 -0.0735
4.7257 1.6370
3.8440 -0.8350
4.0494 -0.1699
