-0.0031 -0.0004 0.0975
-0.0404 0.7409 -0.0743
0.1654 0.2926 0.6690
0.5111 -0.0691 0.7339
0.1092 -0.0034 -0.0449
0.0027 -0.0353 0.0299
0.3297 0.0862 -0.1777
0.2662 -0.4793 -0.0501
-0.0358 -0.0182 0.4655
0.0519 0.0404 0.0074
-0.5649 -0.3483 0.2113
0.1030 0.0774 0.4789
0.2396 0.0303 -0.0240
-0.3384 -0.3397 0.0664
-0.4635 0.5829 0.5641
4.8395 -0.3132 -0.0779
3.8531 -0.1239 0.2541
4.5890 0.0315 -0.2384
4.4461 -0.1263 0.3268
5.2116 -0.0788 -0.6550
4.6266 -0.6090 0.6739
4.4791 -0.0035 0.3516
4.5190 0.2187 0.2521
3.9158 -0.5841 0.1049
4.5230 0.2255 0.1271
4.6205 -0.3678 0.1022
4.6068 -0.0952 0.5757
6.7811 0.7639 -0.7332
3.9065 0.5561 0.0244
4.4959 0.0924 -0.3878
