-0.4252 -0.0617
0.4580 -0.4577
0.1279 0.3040
0.0076 -0.0751
0.8424 -0.1253
-0.3046 -0.0148
0.0591 -0.0071
1.8896 -2.5668
-0.1613 -0.9066
0.2804 -1.3509
-0.1888 1.3019
-0.0257 0.3407
0.1836 0.2614
-0.0700 0.1035
0.5524 -2.9149
-0.1571 0.3181
0.0210 0.1633
-0.7716 0.5601
0.0533 -0.1844
-0.4120 0.2411
-0.2977 -0.1103
-1.7077 2.4393
0.5634 0.4474
-0.0983 0.0373
-2.3905 0.2234
-0.0841 -0.5497
-0.8043 -0.2501
2.6975 -1.2754
-0.0290 0.0652
0.8772 -0.1467
0.1575 -0.2581
0.1142 0.2812
-0.1187 0.2826
-0.4340 0.2764
1.0855 1.9492
-0.7585 0.3243
0.0342 -0.1391
0.3453 0.5032
0.0789 0.0643
0.5195 -0.0521
-0.5219 -0.4044
-0.4517 -0.4053
0.0016 0.0014
0.0200 0.0207
-0.1874 -0.6346
0.5670 -0.3543
0.1745 -0.2318
0.0700 -0.0324
-0.8204 -1.5861
-1.3901 0.7265
3.7692 0.7978
3.7795 0.9723
3.9560 -0.2045
4.0123 -0.1495
4.2376 -0.1605
3.2106 0.2015
4.0114 -0.3437
2.8124 -1.0955
3.6183 -0.6616
4.0552 0.0832
3.3938 0.5711
4.0350 -0.0372
4.1486 0.8484
3.5831 0.3517
4.2074 0.3886
4.0591 -0.0091
4.9017 -0.2074
3.6556 0.2401
4.0026 -0.0173
3.4591 -0.6525
4.1853 0.2559
3.4288 -0.5817
4.1026 1.3272
3.8224 0.2472
3.3003 -0.2108
2.1980 1.6868
3.9979 0.0152
4.0316 -0.0542
4.0418 0.3024
3.6853 -0.2194
4.0552 -0.5564
4.0201 -0.1961
3.6259 -0.6480
3.2908 -0.1470
4.4300 -0.8580
3.5133 0.5911
4.5063 0.4114
4.1649 0.1756
3.2486 -0.4476
3.9873 0.5641
3.6743 -1.4011
4.4374 2.4577
3.9514 0.0312
4.9150 -0.2714
3.7676 -0.4020
4.4326 -0.7397
3.6615 0.3684
4.0999 -0.0603
4.6772 0.3553
3.5676 0.3877
