-0.0390 0.1117 0.0747
-0.2685 0.5548 -1.6823
-0.2390 -0.1378 -0.4609
-0.0121 -0.0014 0.0114
1.7770 -0.1672 -0.1015
0.0701 0.0448 0.0314
-0.0351 -0.0065 0.0557
1.8581 -3.2039 -0.2474
0.0196 0.0025 0.0211
0.4559 0.6915 -0.3874
0.1019 -0.3657 -2.7056
0.3034 0.2107 -0.3443
-0.0455 -0.0771 -0.8289
-0.1407 -0.1473 0.1942
0.2231 -0.3386 -0.6699
0.5134 1.6152 -2.3503
-0.2430 -0.1818 -0.3947
0.4658 -1.6858 1.9737
0.1359 -0.4760 1.0089
0.1497 2.0078 3.1594
-0.0108 0.0041 -0.0022
0.0172 -0.0219 -0.1283
0.1451 -0.0207 -0.0178
-0.0282 -0.0718 -0.7868
0.0365 -0.2259 -0.2528
0.0308 0.0325 -0.4113
-0.1425 -0.0355 -0.2666
1.1114 2.5267 2.3349
0.1164 0.2269 0.7863
-0.0001 -0.0003 -0.0058
0.3188 -0.1451 0.7117
0.0012 -0.0009 -0.0011
0.5188 0.0563 0.7980
0.1946 -0.5358 0.0953
1.8421 2.5960 -1.2390
-0.4634 -0.5302 0.1214
0.0289 -0.0023 0.0605
0.6456 0.4437 0.2790
0.2387 -0.3413 2.4424
0.0299 0.0979 -0.0965
0.1786 -0.2550 -1.8239
-0.0594 -0.0483 -0.0582
-0.6339 0.3602 0.1009
-0.9416 0.1682 0.2284
-0.0050 0.0489 2.0851
0.2261 -1.0695 -1.5255
-0.1130 0.0041 0.0663
0.0779 -0.0320 0.1187
0.0238 0.0252 0.7153
-0.3535 0.4124 0.1172
0.4748 -0.3458 0.1131
-0.3374 0.0666 -0.0834
0.1433 -0.1156 0.8064
-0.8046 -0.4578 -0.3046
0.2527 0.5075 -0.7041
-0.5520 -0.2122 -0.1216
-0.3874 0.0459 -0.1317
-1.5791 -0.5637 0.4394
-0.1189 0.0123 0.0875
0.2374 0.0215 0.7673
-0.2935 0.6549 0.0038
0.2640 0.2627 0.2565
-0.4342 0.3049 -1.0102
-0.0662 0.0286 -0.2194
0.0695 0.1596 0.6527
0.0839 1.5756 -2.9332
-0.0270 -0.2736 0.3394
-0.2060 0.0493 0.0029
-0.0536 0.2297 -0.0490
-0.0307 0.1348 0.3743
-0.1962 -0.4949 1.5071
-0.8233 0.0196 0.1460
-0.0920 0.0133 -0.4241
-0.2774 0.0935 0.2673
0.1086 0.3866 -0.4109
0.0260 -0.0975 0.3071
-0.3989 0.1252 -0.8206
-0.2318 0.7759 -0.4539
0.1758 -0.6501 0.7131
0.0061 0.0234 -0.6907
-0.2470 -0.5418 -0.0713
-0.0591 0.0616 -0.3162
0.2645 0.1875 -0.6317
0.0011 0.0007 0.9149
-0.0512 -0.0646 -0.6697
0.0454 -0.3911 0.0469
0.3241 -0.0869 -0.0955
0.5720 -0.4867 0.2327
0.0660 0.1453 -0.0310
0.3843 -1.5143 -1.4471
0.2115 -0.0815 0.2080
0.1309 0.1323 0.0546
-0.1606 0.3019 0.6482
0.6846 0.3832 -0.1897
-0.0310 -0.0404 -0.0290
0.8517 -2.9953 -0.1952
0.2266 -0.1616 -0.2078
0.0311 0.1782 -4.0728
0.0047 0.0057 -0.2038
-0.0683 0.0761 -0.4351
0.5410 -0.2569 0.2043
-0.0437 0.1176 0.4014
-0.0656 -0.0639 -0.0461
1.7134 3.1093 1.0211
-0.5144 -0.3840 -0.2198
-0.0453 0.0625 0.0540
0.0400 0.1787 -0.1652
-0.0034 -0.0000 -0.0036
-0.0527 0.1465 0.6103
-0.0162 -0.0159 -0.0162
0.3916 -0.5051 0.1960
-1.4862 1.1204 0.6179
-1.2863 0.9394 2.5533
1.6158 1.9167 -1.8179
0.4844 0.3676 -0.2316
1.1035 0.0638 0.1917
0.3961 0.6042 0.6257
0.0014 0.0024 -0.0309
0.0194 -0.5025 0.4706
0.8246 -0.1508 -0.5035
0.0009 -0.0206 -0.3385
0.0286 -0.1171 0.1514
-0.1321 -0.2331 0.3330
-0.3462 -0.2205 0.1156
-0.1099 -0.0467 -0.7077
-0.8549 -0.8353 -0.6788
0.0714 -0.0057 -0.0111
0.3525 -0.3736 -0.8553
-0.0475 -0.1044 -0.2519
-0.0078 0.0255 0.0942
-0.0012 -0.0673 0.0538
-0.0142 -0.2403 0.3286
0.1353 -0.7017 -0.2021
-0.0234 0.3012 0.7432
0.4949 -1.7377 0.4453
-0.0127 -0.3138 0.3233
0.0305 0.1437 -0.2816
0.8532 -0.1298 -0.1212
-0.0042 -0.4290 0.3897
-0.1657 0.0221 -0.6386
0.2379 -0.8233 0.0119
-0.0475 0.0130 -0.1762
-0.0163 -0.2321 -0.1928
0.1594 0.1107 0.7384
0.1833 0.0156 0.2978
-0.4219 0.1852 -0.3904
-0.0282 0.0102 0.2445
-0.0070 0.0581 -0.1437
0.1473 -0.5798 0.6864
0.2233 0.2976 0.5174
0.0812 0.1508 -0.1716
0.2152 0.0328 0.3098
0.0010 0.1049 0.0180
-0.1487 -0.1032 -0.1443
-0.3574 0.2240 -0.5969
0.0072 -0.0730 -0.1066
0.1076 0.4547 0.0728
0.0665 0.2427 0.4894
-0.3526 -0.1166 -0.3116
-0.8567 -0.0053 -0.3709
-0.4193 0.3043 -0.7427
-0.6924 -0.1734 -0.3307
-0.3888 0.6424 -0.0461
0.2121 -0.0266 -0.5440
0.0384 0.0399 -0.0523
-0.1396 0.3249 0.6081
0.7128 0.4343 0.3351
-0.0236 -0.0008 0.5417
-0.2801 -0.3858 -0.1811
-0.0863 -0.0687 -0.0701
0.5400 0.0211 -0.3398
0.0956 -0.2003 -1.3558
0.6132 -0.2916 -0.3584
0.2898 0.8454 -1.7489
0.0086 -0.2085 -0.4329
-0.4483 -0.0937 -0.7044
0.1221 0.0104 0.0723
-0.2754 -0.1550 0.4821
-0.0015 0.0022 0.0288
-0.2417 -0.5170 -0.3402
0.0587 0.0692 0.1958
-0.4034 0.0507 -0.1748
0.0299 -0.0087 0.0278
-0.0709 -0.0449 -0.3240
-0.0339 -0.1661 0.0340
0.1692 0.8568 -0.4276
0.0436 -0.0166 0.3263
0.2452 0.0814 -0.1909
0.1358 0.0930 0.4262
-0.5410 -0.4423 -0.3483
-0.0066 0.0078 -0.0064
0.0652 -0.0769 0.3296
-0.0114 0.1556 -0.9853
0.0770 -0.2878 -0.1420
-0.1414 0.0739 -0.0081
2.7784 -3.1024 -0.5032
0.5272 0.0563 -0.1209
0.0317 -0.0020 0.7231
-0.0200 -0.0251 0.2071
-0.0938 0.0056 -0.2993
-0.0967 -0.2025 0.1382
0.4536 0.0359 0.2179
0.2626 -0.7369 0.6186
-0.4910 0.3114 -0.7412
0.0777 -0.0801 -0.1577
-0.2453 -0.3329 -0.1648
0.1639 0.2931 -0.5389
0.7247 0.3616 -0.4242
0.2161 -0.1273 -0.4984
-0.5460 -0.4978 -0.1763
-1.0088 -0.7020 1.5534
-0.3962 -0.5057 -0.7582
0.3967 0.2293 0.8077
0.7203 0.1077 0.3784
-0.1700 -0.5525 -3.6820
0.2677 -0.1591 0.7321
-0.3165 0.2431 -0.6820
-0.8500 1.2180 -3.3068
-0.6758 0.2075 -1.1227
-0.3467 0.4612 -2.3391
0.5239 0.2215 0.1926
0.1441 -0.2730 1.3342
-0.4887 0.2573 0.3342
-0.0586 0.0371 0.3312
0.0923 -0.0664 0.5116
-0.0252 0.0456 0.0404
0.7032 -0.0821 -0.3921
0.0014 0.0465 0.0842
-0.0980 -0.6594 0.4444
2.8035 1.4707 2.5471
0.0300 -0.0035 -0.0577
0.0095 -0.0009 0.6086
0.0072 0.0182 -0.0028
-0.0048 0.0788 0.2096
0.0478 0.2101 -3.0383
0.0090 -0.8813 0.3237
-0.3063 -0.6686 0.0406
-0.8585 -0.2963 2.4159
-0.0846 0.1628 -0.0439
-0.1591 -0.7514 0.2863
-0.0246 0.1782 0.5313
0.1658 0.8912 0.2330
0.0973 -0.0150 0.0112
0.1081 -0.3525 -0.2593
0.0660 -0.0399 0.6236
-0.1013 0.7003 0.3548
-0.0141 -0.3600 -0.5768
3.0284 -1.1721 0.3461
0.6784 -0.8317 -3.0268
-0.0534 -0.1480 0.2113
4.9524 0.0983 0.3171
5.2026 -0.3147 -0.0390
4.4405 -0.8166 -0.3251
5.1426 -0.4677 -0.0917
4.8226 -0.0201 -0.0540
4.7309 0.1191 -0.3559
4.9474 -0.0971 0.1357
4.9670 -0.1826 -0.4794
5.4235 0.5321 -0.3344
4.8954 0.3760 0.1119
5.0086 0.2891 0.3535
4.2669 0.2326 -0.0700
5.1322 0.1520 -0.1646
4.9217 0.1693 -0.0869
5.0162 -0.0080 0.2153
4.9943 -0.1775 -0.6328
5.0661 1.3106 1.7422
5.4140 0.0719 0.1103
5.0615 0.3108 -0.1098
4.9942 0.0104 -0.1841
5.1119 0.0724 -0.0757
4.7528 0.3019 0.1986
5.0246 -0.0778 0.1148
5.1811 0.0956 0.1721
4.8606 -0.3128 -0.7140
5.9679 -0.0079 0.1617
5.1351 -0.0239 0.8390
5.3977 0.3570 0.2234
4.8938 -0.0935 1.5646
4.7705 -0.6246 -0.3989
5.2406 0.0025 -0.4184
5.0168 0.0221 -0.0514
4.9465 -0.7504 -0.1827
5.5237 -0.4342 0.3833
5.1343 0.0415 0.5822
4.9650 0.0179 -0.0287
4.9561 0.0380 -0.8845
5.5559 -0.0653 0.3792
4.8382 -0.1192 -0.2182
5.8684 -0.0323 0.1024
4.8893 0.2728 -0.4077
4.9055 0.2185 0.8177
4.9809 0.0089 0.2141
5.0844 -0.0114 0.4412
5.7358 -0.1354 0.8593
4.9907 -1.0527 1.4978
3.6764 -0.6469 0.9545
5.3433 -0.2745 0.1538
5.1389 -0.0372 -0.1651
4.4754 -0.1577 -0.3261
5.2628 -0.0975 -0.7229
4.0303 -1.8062 1.2649
5.4545 0.0291 -0.1362
5.1128 0.2327 -0.8833
5.0012 0.0017 -0.0003
4.3165 -0.0976 -0.6606
4.7790 0.2391 -0.5897
4.8093 0.0474 -0.1831
5.4604 -0.1622 -0.2046
4.7453 0.0791 -0.7182
5.2416 -0.3121 -0.1074
4.9691 -0.0246 0.0554
5.0360 0.0158 -0.5925
5.2792 -0.2551 0.3683
5.1019 -0.1016 -0.2203
4.6690 0.9051 -0.1794
8.0456 -0.6769 2.2455
5.0057 0.0029 -0.0370
4.6453 -0.2479 -0.3180
4.9647 0.1352 -0.0216
5.0463 0.0777 0.0203
4.9339 0.0486 -0.4260
5.1023 -0.0130 -0.1339
5.0705 -0.0845 -0.0299
5.2013 0.1266 0.2494
4.9666 -0.0185 -0.0229
5.0425 0.0273 0.0770
4.9244 -0.0975 0.5685
6.0248 3.5661 -1.0920
4.9540 -0.0299 -0.0885
4.5636 0.4258 -0.3614
4.9821 0.0139 0.1457
4.7488 -0.0617 2.1599
4.8697 0.1044 0.0856
5.1435 0.1938 0.3181
5.1059 0.0467 0.0112
5.1722 -0.0495 0.5141
4.4861 -0.2521 -0.4464
5.3377 0.3050 -0.0431
5.5465 0.0919 0.7348
4.5297 0.3408 -0.1805
4.5603 0.1233 0.0906
4.4644 -0.7013 0.3543
5.3405 0.0026 0.6988
4.9378 0.1664 -0.0095
5.0157 0.2835 0.1673
4.9815 -0.0224 0.3229
4.9350 0.2669 0.0176
4.5122 -0.2287 0.5586
4.9717 -0.0629 -0.3747
3.2671 0.3365 -3.4825
5.0577 0.0819 -0.5592
4.2184 -0.4925 0.1245
4.9910 0.0154 -0.9547
5.0438 0.0146 -0.6677
4.9694 -0.0121 0.2186
4.8823 -0.1794 0.9267
5.1026 0.3268 -0.2399
5.5661 0.2169 -0.1788
4.9768 0.0869 -0.0297
4.3848 0.0292 0.4610
4.6549 -0.0482 -0.0877
4.9528 0.1909 -0.7663
4.8559 0.1385 0.2791
5.4138 0.2982 0.1125
4.8618 0.3093 -0.3007
4.9862 0.0822 -0.0469
4.9229 -0.1245 0.6525
5.3562 -0.1154 0.6124
4.9947 -0.0534 -2.6377
5.0183 0.0568 0.0653
4.8289 3.8944 0.4166
4.9948 -0.0989 0.5785
4.9857 0.1445 -0.2712
5.7254 -1.5514 -2.8804
4.9011 0.0205 -0.1138
4.9818 0.0497 0.4149
5.2504 -0.0154 -0.5574
4.9032 -0.3057 -0.7852
5.0506 -0.1333 -0.1680
5.2285 -0.1886 -0.6701
4.8725 -0.0784 -0.1222
4.7845 0.4354 -0.5833
5.0945 0.6263 0.3291
4.8906 -0.0679 0.5567
4.9266 -0.1017 0.0446
5.6600 -0.5698 -0.3501
4.8646 0.1320 0.0735
4.7427 -0.1935 0.1548
5.3295 0.0236 -0.2686
4.1078 0.6199 -2.4800
4.9404 0.0113 -0.8527
4.4685 -2.2126 1.1440
5.1294 0.3168 -0.1516
4.4779 -0.0183 -0.4109
4.9403 -0.0684 0.4174
4.6845 0.3633 -0.2906
5.1058 -0.1069 -0.1876
4.9927 0.0665 -0.1135
4.7801 -0.8070 -0.4173
4.7957 0.0133 0.4269
4.5118 -0.8156 -0.1832
5.1740 0.0424 -0.8350
4.9991 0.0012 0.0520
5.0495 0.0800 0.5892
2.9900 2.1878 0.3135
5.0084 0.0487 -0.0138
7.0824 -0.0512 0.3824
5.2994 0.1744 -0.9177
4.0958 0.2773 0.0021
4.9957 -0.0059 0.0454
4.7313 -0.0364 0.3695
4.9750 0.0197 0.0080
4.8938 -0.5453 -0.1551
5.0014 -0.1116 -0.0173
4.6978 0.5927 -0.0824
5.0411 -0.0649 0.2936
5.7469 -3.3012 1.4151
5.3077 0.1803 -0.2383
5.4133 -0.2725 -0.0961
4.9457 0.2831 -0.5570
5.1399 0.5439 -0.6575
4.9677 0.0831 -0.1130
5.0278 -0.4177 -0.4027
5.4198 -0.4949 -0.7297
5.3963 -0.0608 0.0115
5.0022 0.2272 0.1914
3.9934 0.7338 1.9965
5.1878 -0.1896 -0.1887
5.0139 0.1602 -0.0246
4.9653 0.0259 -0.0931
4.7006 0.2369 0.4811
5.1067 -0.4420 -0.6609
4.7945 0.6666 -3.5012
5.4840 0.2676 -0.1238
5.0985 -0.0159 0.0447
1.8073 -1.6326 -1.3972
4.9906 0.0411 -0.0590
5.2100 0.0163 -0.1632
4.7321 -0.4001 -0.5327
4.8918 0.1914 0.1371
4.9878 0.0041 -0.5991
3.3231 1.1548 0.7989
4.4981 0.6066 0.3879
4.9772 0.2599 -0.1614
5.0225 0.1512 0.9749
5.2223 -0.0314 -0.0570
4.9916 0.0176 -0.1266
4.9759 0.0616 0.5139
4.5447 0.7698 -0.8244
5.0266 -0.1524 -0.1728
5.1846 1.0603 1.8457
6.0494 -0.7696 -1.0960
5.0212 0.0089 0.0100
4.7438 -0.4772 0.1648
4.9605 -0.1808 0.3232
5.1123 0.6677 0.3335
4.9393 -0.2625 2.7238
5.0737 0.0350 -0.2273
5.0101 -1.1576 -3.9395
7.6769 0.9384 -2.1836
4.9382 -0.0749 0.7791
4.3030 0.4170 -0.3112
5.0262 0.0054 0.3139
5.3015 0.6620 -0.4917
5.0129 -0.7043 -0.2907
4.8810 0.0141 0.5779
4.9953 -0.0018 -0.0360
4.9154 -0.0032 0.4932
4.9212 0.1509 0.2422
4.7729 0.1932 0.9127
4.5982 0.1071 0.0242
5.1389 -0.0066 -0.8543
4.7763 0.2773 -0.1625
5.1324 0.5230 -0.0285
5.4081 -0.2486 0.0175
3.1746 1.2399 2.8347
5.0038 -0.0008 -0.0194
4.8968 0.1167 -0.2781
5.1511 0.2132 -0.5336
5.4768 0.4767 0.0602
4.2514 0.2216 -0.3335
4.8226 0.0929 0.3191
5.0627 -0.0115 -0.2240
5.7876 0.7855 -0.8387
5.3397 -0.3205 -0.6360
5.0138 0.0607 0.2666
5.0288 0.0001 -0.6469
4.4346 0.0288 0.5369
4.6611 0.1178 0.1360
4.8929 -0.0766 0.1225
4.8293 0.4488 -0.0475
4.7838 0.5507 -0.6500
5.9414 3.3030 -1.7201
5.4218 0.4595 -0.2735
3.5277 -0.6767 0.8178
5.0362 0.0816 0.0550
4.5995 -0.4710 -0.1937
4.9993 -0.0004 0.0398
4.8189 -0.2197 -0.0184
