-0.0213 -0.0341 -0.0126
1.7261 1.7534 0.7382
0.4080 0.1261 -0.5249
-0.1109 0.2527 -0.1097
0.0123 -0.0373 0.0531
-0.0418 0.1644 -2.5293
-0.4790 -0.1584 0.0432
0.0388 0.0238 0.9554
0.7396 -0.2824 0.1004
-0.0047 -0.0031 -0.1349
-0.2372 0.5557 0.7269
-0.1853 -0.4566 -0.4994
0.0091 0.0012 -0.7146
0.7058 0.0888 0.3953
0.2666 -0.0100 -0.1424
0.1292 0.0686 -0.7284
0.1581 -0.1119 0.2317
0.3613 -0.1682 -0.2818
0.0125 0.0909 0.5526
-0.0002 -0.0008 -0.0827
-0.2887 0.4818 -0.7967
-0.9591 0.8801 -0.3737
0.0067 -0.8168 -0.3879
-0.0839 0.1099 -0.9348
0.0755 -0.1079 0.2108
0.0540 0.1527 0.1603
-0.1108 -0.0042 0.4722
0.0434 0.2989 -0.3326
-0.8047 -0.3570 0.0969
-1.0387 0.6673 -1.9936
