-0.4657 0.2636 0.0417
-0.8036 -0.0632 0.5643
-0.2018 -0.0089 -0.0537
-0.1501 -0.1049 0.8182
0.3985 0.8039 -0.0319
0.1822 -0.0361 -0.0634
-0.0539 0.0413 0.0691
0.1167 -0.5430 0.5321
-0.0867 -0.0298 -0.5349
0.2514 -0.0190 0.0158
-0.1383 0.2703 0.3175
-0.9347 0.0496 0.2759
-0.0358 0.0483 -0.7339
0.3591 0.5979 0.0832
-0.6767 0.3110 0.1927
0.5378 0.4704 -0.5048
-1.1885 -0.0875 -0.1322
0.4218 -0.2930 0.6977
0.1314 0.1340 0.1602
-0.2908 0.2057 0.3183
0.0033 0.0264 -0.0561
0.0223 -0.0711 0.2287
0.6580 -0.1990 -0.4734
-0.0247 -0.0657 -0.4316
-0.0032 0.0046 -0.1777
-0.0047 0.0674 -0.0823
-0.2724 0.2970 0.4780
0.1146 -0.1203 0.8119
-0.4748 -0.2307 0.2316
0.0690 0.3674 -0.6811
0.0076 -0.0196 -0.3060
-0.0055 0.1211 -0.0865
-0.7854 -0.5091 0.2607
0.0953 0.0054 0.3839
0.1000 -0.0167 0.1417
0.2768 0.0992 -0.4095
-0.3971 -0.8467 -0.2878
0.0298 -0.1633 -0.6774
0.3471 0.0124 0.1631
-0.0326 -0.0052 -0.0070
-0.6772 -0.8146 0.3680
0.8396 -0.2530 0.3249
-0.2009 0.1597 0.6216
-0.0470 0.1458 0.2958
-0.5138 0.2868 0.4775
-0.1631 0.3032 -0.4026
0.3799 -0.5291 -0.0394
0.6118 0.3801 -0.5173
-0.4315 -0.0783 -0.7265
-0.1974 0.7832 0.7694
0.7937 0.2985 -0.0156
0.5902 0.3417 -0.1248
0.0000 0.0077 -0.0330
0.6592 -0.2357 -0.2419
0.2325 -0.0386 -0.3778
0.0240 0.0319 -0.1147
0.3676 -0.2120 -0.5968
0.2372 0.1292 -0.1191
0.5329 0.9253 0.1628
-0.8112 -0.0280 -0.1728
-0.0514 0.3944 -0.2282
-0.7519 0.2847 -0.4694
-0.0049 0.0545 -0.3284
-1.0165 -0.2016 0.3952
-0.1334 -0.1813 0.3731
-0.3001 0.2636 -0.3911
0.0026 -0.4924 0.3727
0.5574 0.2828 -0.0523
-0.0017 0.0463 0.0811
-0.0110 -0.1321 0.0785
0.4274 -0.0639 0.4606
-0.0044 -0.2191 0.6684
-0.2331 0.6241 0.3567
-0.0317 -0.0432 -0.4495
0.0252 0.0230 -0.4380
-0.1660 0.3459 0.0117
-0.3639 0.4390 0.5444
0.1813 0.0648 0.4614
-0.0790 -0.0678 0.0198
0.0343 0.3673 0.4649
0.7457 0.3723 0.5398
-0.2144 -0.1335 0.0254
-0.3735 0.2447 0.6906
0.1255 -0.2343 0.3205
-0.0376 -0.0050 -0.0301
0.7399 -0.2276 0.4729
0.3701 0.2103 0.1098
0.2082 -0.4632 -0.5628
-0.0153 -0.1039 -0.5314
-0.2810 -0.2540 0.7743
-0.1642 0.1428 -0.5141
-0.4463 0.0166 -0.0835
-0.1409 -0.0249 -0.2950
0.0017 0.0006 0.0465
-0.0454 0.0953 0.0064
0.2415 0.6004 0.5217
0.3690 -0.3809 -0.2959
0.4022 -0.8507 -0.1690
-0.3028 0.2334 0.2625
-0.0777 -0.1605 -0.8374
-0.3360 -0.7931 -0.3010
0.0862 -0.1389 -0.5536
0.2931 0.1013 -0.6210
-0.0000 0.1296 0.0047
0.3676 0.0891 -0.0473
0.0114 -0.0144 0.0625
-0.2121 -0.6004 -0.5868
-0.0028 0.0256 -0.0336
0.0921 -0.1036 -0.3581
-0.0612 -0.0372 0.6403
0.0427 0.0543 0.2728
0.0144 0.0728 0.1471
0.1500 0.3134 -0.3947
0.0287 -0.4961 0.2017
0.0895 -0.0348 0.1726
0.0440 -0.0249 1.1707
-0.0255 0.0225 -0.4802
-0.2980 -0.2680 -0.4629
0.1562 -0.0839 -0.0348
0.5414 -0.3574 -0.3901
0.5334 0.2047 -0.5869
-0.4791 -0.1025 0.2987
-0.2485 -0.3142 0.3254
-0.0042 0.0038 -0.2390
-0.6140 -0.1776 -0.5361
-0.0618 -0.3889 -0.1128
-0.2969 0.1844 0.5868
-0.1523 -0.6159 -0.0776
0.0334 0.0388 -0.0224
0.6625 0.1820 -0.6507
0.0749 0.0322 0.0383
-0.2422 -0.5632 0.5771
0.7769 -0.1613 -0.4553
-0.0157 -0.0280 0.0822
0.0401 0.0236 -0.1746
0.2901 -0.4120 0.6972
0.7084 0.5162 0.4449
0.2739 -1.0669 0.0109
0.5737 0.1401 0.1599
0.3899 0.3096 0.7972
0.4774 -0.0711 -0.2713
-0.0190 -0.0677 0.0470
0.0279 -0.1813 0.8019
-0.1941 -0.5057 0.2500
0.1186 0.0279 0.7458
0.0521 -0.0157 -0.1600
-0.4877 -0.0830 -0.6079
0.3424 0.5544 -0.6996
0.3476 -0.7952 0.2355
0.0201 0.0678 0.0222
-0.0707 -0.0088 0.2587
0.0107 0.0077 0.2656
0.0864 0.1193 0.6596
0.0118 -0.2709 -0.4020
-0.2962 0.1128 0.4696
0.3337 -0.0178 0.3237
0.2067 -0.1403 0.1172
0.2407 0.0383 0.7538
0.0317 -0.0167 0.1009
-0.1498 0.6091 -0.3212
0.1161 0.0526 0.2818
-0.0323 -0.0573 0.1748
0.3679 0.1711 -0.2799
0.8419 -0.8010 0.0653
-0.0495 -0.5452 -0.3498
0.3601 -0.3224 -0.6548
0.1448 0.0158 -0.4874
0.0705 0.0440 0.9018
-0.0210 -0.0274 0.0141
-0.0694 -0.1012 -0.0230
-0.3063 -0.4109 -0.2092
-0.0035 0.0040 0.0014
-0.0326 -0.1726 -0.4395
0.6271 0.1764 -0.3550
0.5157 -0.0604 0.4091
0.3161 -0.3004 0.5832
-0.0954 -0.0264 0.0288
-0.5069 0.8608 0.4808
0.0427 -0.2566 0.1674
-0.1206 -0.5910 -0.3580
1.0172 -0.1569 0.2204
-0.3297 -0.2033 0.3534
-0.6818 -0.2652 -0.2388
-0.1448 -0.2714 -0.6673
0.0342 0.2458 -0.3102
0.0006 0.0004 0.1965
-0.0943 0.0494 -0.1916
0.0537 0.0975 0.3327
-0.0899 0.2116 -0.2779
-0.7112 0.3516 0.1061
-0.1111 0.0211 0.9715
-0.0661 -0.1050 -0.2180
0.4576 -0.0572 0.0086
0.1712 0.1298 -0.3606
-0.0774 0.0859 -0.1349
-0.2714 0.5088 0.6280
-0.0959 0.0983 -0.4891
0.0972 0.2696 -0.9164
-0.8471 -0.0371 0.4975
-0.4216 0.1780 -0.8164
