0.3617 -0.2096 0.2223
0.3094 -0.0695 0.3590
0.0987 0.0242 -0.0178
-0.6053 -0.1480 -0.3043
-0.0741 0.0572 -0.2004
0.0779 0.0461 0.6218
0.2297 0.6723 0.0287
-0.0889 -0.0939 -0.0082
0.3787 -0.2019 0.0864
-0.2388 0.1691 0.5845
0.1007 0.0991 0.4944
0.0222 0.0827 0.4828
0.3610 -0.5986 0.5339
0.1672 0.5242 -0.4530
-0.3291 -0.4119 0.8158
-0.0925 -0.7173 -0.0388
-0.1521 -0.1534 0.2930
-0.6203 -0.3808 0.6721
0.0466 -0.1655 0.4029
1.5658 0.0975 -1.8571
0.0059 0.0153 -0.0118
-0.3929 -1.0886 -1.2984
0.8700 -0.2447 0.1645
-0.1413 -0.0855 0.3157
0.3011 0.2378 0.1739
-0.3473 0.5578 -0.0183
-0.1351 0.3798 -0.2053
0.3514 -0.1503 0.0235
0.1136 -0.7695 0.3669
0.4553 0.4867 -1.7169
0.0087 0.0100 0.1504
0.6388 -0.2895 1.6588
0.4693 -0.0704 -0.1307
-0.7314 -0.4558 0.3901
0.1548 -0.1412 -0.3970
-0.1453 -0.0108 0.1542
-0.1252 -0.1975 -0.5519
0.0168 -0.0177 0.6089
0.2775 0.2912 0.1902
-0.1438 0.4139 -1.2702
0.0007 0.0008 0.0312
-0.1205 -0.2486 0.6208
-0.5017 -0.9877 -0.8617
0.0923 -0.0011 0.1330
-0.1121 0.0464 0.0526
0.0574 0.0364 0.1875
0.1375 -0.1482 0.5398
0.0630 -0.4759 0.3014
-0.1026 0.1674 -0.2455
0.0760 -0.1423 0.3933
0.2384 -0.2176 -1.3501
0.2843 -0.4025 0.1215
0.0029 0.2674 0.1519
-0.0308 -0.0822 0.8278
0.1743 -0.6463 0.4506
0.0967 -0.3135 0.3610
-0.1443 0.2206 -0.9258
-0.2713 -0.5283 0.1400
-0.1508 -0.3662 -0.1652
-0.3958 -0.3426 -0.3207
0.2645 0.5941 0.6775
-0.8035 1.0227 2.3478
-0.1873 0.0156 0.0584
0.1185 0.1143 -2.4582
-0.0858 0.1229 -0.8465
-0.1693 -0.4299 -2.5704
-0.0908 -0.1607 -0.8064
0.0015 0.0124 -0.0011
0.6091 -0.7040 -0.1182
-0.0681 0.2924 0.5217
-0.4095 0.4028 -0.0769
-0.0973 -0.4820 0.8521
-0.2810 0.3003 0.3577
-0.3209 0.1181 0.1354
0.0036 -0.0011 -0.0948
-0.1043 0.0186 0.9825
0.2305 0.3016 -0.3723
0.5817 0.1486 -2.1785
0.3069 0.1013 -0.2399
0.0016 -0.0811 0.1248
0.0041 0.2539 0.0262
-0.4189 -0.0263 -0.6278
0.1388 -0.7397 -0.0181
0.7516 0.3343 0.9722
-0.3899 -0.4740 0.1165
0.2169 -0.1952 -0.2079
0.2387 -0.0936 -0.4749
0.1500 0.9781 0.0527
0.0266 0.0018 -0.7486
0.6099 -0.1074 -0.7413
0.3259 0.1796 -0.1106
0.9194 2.1525 -0.6692
0.2701 0.0371 -0.1718
-0.1731 0.2367 -0.8881
-0.7788 -0.1291 -0.2481
0.0702 -0.0039 -0.0519
0.0664 0.0086 -0.0495
-0.1226 0.1473 -0.8704
-0.0034 -0.0301 0.1192
-0.1314 -0.1406 -1.5454
3.5003 -0.0038 -0.0560
3.4931 0.0209 0.0729
3.4558 0.1814 -0.3314
3.4921 0.0061 0.3727
3.5071 0.1084 -0.4952
3.3347 0.0402 -0.0454
3.2169 0.0825 -0.8246
4.1920 0.1994 -0.1548
3.6825 -0.5303 0.1557
3.5010 -0.0002 -0.2001
4.1039 0.0670 1.7960
3.1523 0.9390 0.5624
3.6427 -0.0096 -0.0094
4.0377 0.3402 -1.7663
2.6436 0.0137 1.0276
3.0598 0.3338 0.3847
4.9302 0.5201 -1.3601
3.0107 0.0243 -0.3724
3.5286 -0.0516 0.1929
3.0555 -0.2338 -0.3760
3.4150 0.0386 -0.4199
3.9474 -0.2258 0.8607
2.9554 0.6940 -0.4525
3.8481 -0.7244 0.4092
3.2691 0.5998 -0.0398
3.4992 0.0087 0.0129
3.9005 0.0855 0.3432
3.6364 0.0687 -0.2949
3.3371 0.1469 0.3012
3.3730 0.0073 -0.9496
3.8038 -0.0426 -1.2996
3.7822 -0.2280 -0.5849
3.5980 -0.4405 -0.7210
3.3496 -0.0950 0.6149
3.8861 -0.4961 -0.0762
1.9711 1.6363 -0.0190
2.6859 0.1704 -0.4200
3.8403 -0.2563 0.1169
3.6495 0.5596 -0.3072
3.4317 0.1073 -0.1140
3.5684 0.0548 -0.1571
3.3606 0.0709 -0.5609
3.0084 -0.1594 0.6663
3.4656 -0.1012 -0.0406
3.3328 -0.3827 -0.0105
3.5622 -0.1941 -0.8362
2.8592 -0.0184 -0.0301
2.0459 -1.0188 1.9327
3.3619 0.1480 -0.3274
3.4688 -0.1106 0.0038
3.5457 0.0719 1.8172
3.6109 -0.5530 0.3069
3.4934 0.0137 -0.1784
2.0962 -1.6530 -0.3249
3.0187 -0.4348 -0.3886
4.0132 0.4167 0.3249
3.4907 -0.1131 -0.3804
3.6420 -0.3219 0.5430
3.5409 -0.0455 -0.1328
3.5241 -0.0100 -0.0146
3.7843 0.1359 1.4854
3.4784 -0.3028 -0.4376
3.5213 0.1328 0.1044
3.5014 0.1915 0.1930
2.1792 -0.4842 -1.7287
3.4249 0.1389 0.1652
3.8939 0.3918 -0.0368
3.6062 -0.0266 0.6374
3.5354 -0.1439 0.0526
3.4477 -0.1264 -0.2683
3.2904 0.0383 -0.0332
3.0698 0.2313 0.8710
3.1987 0.3451 0.0110
3.5290 0.1443 -0.8061
3.5467 0.0849 0.0683
3.4363 0.1987 -0.6812
3.8958 0.0297 -0.2560
3.4197 0.3656 -0.1119
3.2642 -0.6906 1.0411
3.6096 -0.6231 0.3079
3.2429 -0.0864 -0.5638
3.2689 -0.0471 0.3923
3.4382 -0.6644 0.2428
4.2352 -0.1441 -0.0148
3.5783 -0.0783 -0.1766
3.8550 -0.3556 1.6338
3.4964 0.0023 0.2407
2.7552 -0.0674 0.5240
3.6256 0.2943 -0.0637
3.0679 -0.0553 0.4088
3.5148 -0.0078 1.3668
3.3703 -0.7158 -0.1417
3.2363 -0.3818 0.0412
3.6939 0.2255 -0.5860
3.6077 -0.3290 0.2843
4.0885 -0.4274 -0.2583
3.9613 2.2451 -0.5241
3.0536 0.0700 0.6672
3.6695 -0.0933 0.2432
3.1264 0.3024 -0.1074
