-0.0150 0.1978 0.0457
-0.0416 -0.5854 -0.4810
0.1506 0.1530 1.1200
-0.2388 -0.2485 1.0942
-0.1613 -0.9106 -0.5219
0.2028 0.1686 0.0132
0.4797 -0.5163 0.4351
0.2582 -0.9812 -0.4074
0.1797 -0.0501 -0.2490
0.0172 -0.0103 0.0015
-0.0242 0.1321 -0.2530
-0.0895 -0.5165 -0.0136
0.5736 -0.2968 0.4911
0.2196 -0.1663 0.2249
0.2109 0.0415 -0.0362
0.2483 -0.3132 -0.1088
0.0225 0.0741 0.4225
-0.3231 -0.9166 0.3866
0.1204 0.2339 0.6016
-0.0503 0.0342 -0.8277
0.6876 0.5475 0.7924
0.0275 0.7679 -0.3892
0.0375 -0.0199 0.9640
-0.0359 -0.6317 -0.9380
-0.0408 0.0344 -0.4576
0.5851 -0.3869 0.8539
-0.0077 0.0372 -0.4107
0.0121 0.0943 -0.1181
-0.0470 -0.2078 -0.5084
-0.2079 -0.3947 -1.0892
0.4968 -0.2851 0.1672
0.1697 -0.3000 -0.0932
0.0227 -0.0580 0.0490
-0.4752 -0.0160 -0.2075
0.0726 0.5347 0.5653
0.1401 -0.3992 -0.1942
-0.0146 0.0083 -0.0146
0.0331 -0.7421 -0.8506
-0.2028 0.0943 -0.1225
-0.0068 -0.0206 0.2342
0.7273 -0.0167 0.4078
-0.0558 -0.9136 0.1456
0.0518 -0.0799 -0.3452
0.8128 0.4752 -0.5697
-0.0417 -0.1948 0.8294
0.0476 0.0507 0.6715
0.3497 -0.0913 0.6407
0.1749 -0.0971 0.0636
-0.0193 -0.6963 -0.4515
0.4964 0.2460 0.1571
1.9882 0.0091 -0.0897
1.6960 0.6108 -0.5288
2.0852 0.2675 0.6189
1.7733 -0.0532 -0.0483
1.8111 -0.0454 0.6608
2.3909 0.2844 0.9052
2.0244 -0.2220 -0.9969
2.1750 0.0901 -0.8499
1.8111 0.0657 0.2475
2.1281 -0.1939 0.4590
1.5169 -0.0680 -0.1261
1.7838 -0.2273 -0.2151
1.9238 -0.1066 -0.0088
2.3741 -0.2149 0.3695
2.2780 -0.0399 -0.0671
2.7212 -0.6428 -0.0827
2.1038 -0.1887 0.3570
2.0113 -0.0028 -0.0008
1.7907 -0.0307 -0.1323
2.4620 -0.0072 -0.2324
1.9659 0.8685 0.2477
1.9573 0.0441 -0.0600
1.9947 0.1601 -0.2547
2.6695 0.0305 0.6912
1.9432 -0.1394 0.3409
2.3834 -0.6082 0.2543
2.3538 0.2536 -0.6796
1.8551 0.0876 -0.1182
2.2051 -0.0786 -0.3545
2.0446 0.1297 0.0573
1.9634 0.0112 1.1404
2.0417 -0.0709 0.8423
1.8992 -0.1548 0.4376
1.9860 0.0151 0.5503
2.3711 -0.2359 0.1927
2.1674 -0.4944 -0.6442
1.9110 -0.2541 0.7648
1.8225 -0.2007 0.1164
2.0016 -0.0007 -0.0100
2.1568 -0.2500 0.1316
1.8105 0.0326 -0.1820
1.9338 -0.0535 0.7064
2.0189 0.0966 -0.4368
1.3850 -0.3930 0.1224
2.3579 0.3463 0.3313
1.9598 -0.2783 0.8112
1.5348 -0.0745 0.8807
1.5459 -0.0601 0.0005
1.7631 -0.0998 -0.1979
2.0244 0.0156 -1.0231
