0.1533 -0.9089
-0.7144 0.1668
-0.4830 -0.3343
0.3712 -0.5602
-0.5897 -0.6767
-0.1250 0.4219
-0.7117 -0.1212
-0.1631 0.1128
0.0997 0.0078
0.0873 0.0844
0.2012 -0.6141
0.4229 0.7710
-0.5317 0.4661
0.3527 0.4488
-0.2375 0.6224
-0.8426 -0.2732
0.0058 0.0486
0.1148 0.2513
-0.0200 -0.0302
0.0392 -0.2534
0.0897 -0.2774
0.1452 0.4128
0.3404 0.4262
0.0110 -0.0144
0.3212 -0.1168
-0.3959 0.2020
-0.7560 0.4248
0.1420 -0.1170
-0.0496 -0.1004
0.8238 -0.4149
-0.1070 0.3592
0.1319 0.0211
0.0780 -0.0611
-0.5831 0.1804
-0.1035 0.0352
0.0712 0.5386
0.1097 -0.1743
0.0618 -0.8456
-0.1806 -0.0496
0.1871 0.2328
0.7523 0.3413
0.0609 0.4152
-0.3891 -0.4987
0.8771 -0.1444
-0.1138 -0.0974
-0.0628 0.2288
-0.0567 0.4103
0.1818 0.1137
0.2780 0.4204
0.2426 -0.6092
1.6516 0.9147
1.9980 -0.7248
2.1876 0.7501
2.0000 -0.3950
1.4797 0.7551
1.2328 -0.1403
2.3599 0.2040
1.9878 -0.0050
1.8133 -0.1032
2.5690 -0.3946
2.3180 0.0941
1.9631 0.2281
1.6715 -0.1125
2.7990 0.1571
2.6663 0.1342
2.2013 -0.9009
1.7078 0.5102
2.3166 -0.4300
2.5342 -0.0833
2.7670 -0.0474
1.7599 0.0451
2.0151 -0.0973
2.9251 -0.3762
1.7515 0.4600
1.9103 -0.0325
2.1090 -0.0449
1.7755 0.5846
1.4385 -0.1335
1.9376 0.3049
2.0661 0.7111
1.7578 -0.9079
2.7385 0.1453
1.4921 0.4299
1.9266 -0.0280
2.0964 -0.0010
1.8697 0.1080
1.8704 -0.1588
1.9901 -0.0146
2.6092 -0.1610
2.4594 0.2312
2.1966 -0.6753
1.9191 -0.1685
2.3183 0.3266
2.0978 -0.7501
1.7327 -0.5376
2.5837 0.4779
1.3126 -0.2807
2.4376 -0.2614
1.8814 -0.8645
1.4765 -0.2654
