-0.3963 0.4943 0.1849
-0.0103 -0.3162 -0.7455
0.0248 0.0324 -0.6064
0.0011 -0.0031 -0.0170
-0.0313 0.6189 0.1861
0.0227 -0.0250 -0.1459
-0.2578 -0.1383 -0.1050
0.0180 0.0544 0.0471
-0.3680 -0.2568 0.0194
-0.5221 0.3359 -0.6369
-0.0770 0.0701 -0.3281
-0.1843 -0.3785 0.6894
-0.1816 0.0457 -0.2582
-0.6986 -0.1969 0.4009
0.3603 -0.0208 -0.4561
0.0814 0.1863 -0.7346
0.1701 -0.0693 -0.1727
0.0694 -0.2277 -0.5541
0.1589 -0.7494 -0.5719
-0.0975 -0.1856 0.0211
-0.1103 0.7978 -0.4993
-0.4760 0.4788 0.0828
0.0337 -0.0745 -0.4454
0.1329 0.2780 -0.2922
-0.0147 0.0369 -0.6454
0.1766 0.5445 0.4273
0.0530 0.0037 -0.7422
0.0346 0.0906 0.4629
0.2132 0.2493 -0.8975
0.1646 -0.0776 0.7709
0.3834 -0.2850 0.2794
-0.2935 -0.2742 -0.7995
0.0887 -0.0505 0.1000
0.7473 0.1149 -0.5929
-0.0054 -0.0059 0.0427
-0.2116 -0.1750 -0.0293
-0.0017 0.0130 0.0410
0.0673 -0.0316 0.0203
0.6423 0.4509 -0.3631
0.5817 -0.2103 0.2801
0.0119 0.0117 0.0028
0.0779 0.0731 0.6353
0.0754 -0.3142 -0.3911
0.2721 -0.1904 0.8563
0.0132 -0.0812 0.0499
-0.0318 -0.1188 0.4411
-0.0010 -0.0013 0.0213
-0.2295 -0.1332 0.0810
0.3562 0.1408 0.2623
0.1756 -0.0660 0.1096
-0.3132 0.0614 0.8016
-0.1313 0.2997 0.6025
-0.2542 -0.3687 -0.0000
-0.1868 0.1360 -0.2114
-0.6528 0.2129 -0.1465
0.0089 0.0260 -0.1351
-0.0416 -0.0953 -0.6841
0.0749 -0.0583 0.1430
0.5576 -0.0115 0.7315
-0.0727 -0.0032 -0.1923
-0.0916 -0.0833 -0.4019
-0.5278 -0.4199 -0.4174
-0.2095 -0.1878 0.7249
-0.1859 -0.0065 0.5287
-0.0351 0.0114 -0.0498
-0.0622 -0.0182 -0.9621
0.0035 0.0162 0.1239
-0.0565 -0.1386 -0.1891
-0.2127 -0.5741 0.3139
-0.2830 -0.2797 -0.1597
0.0762 0.0120 0.1315
-0.0256 0.1251 -0.1237
0.1084 0.0609 0.6758
-0.0838 -0.1099 -0.1598
-0.7138 0.0065 0.5940
-0.0199 -0.0563 0.4897
0.1310 0.0663 0.2992
0.4663 -0.0670 0.5324
0.1687 -0.0933 -0.0748
0.1663 -0.0419 0.3527
0.0915 -0.0622 -0.0052
-0.5743 0.6539 -0.0842
0.1887 -0.1339 -0.1903
-0.1985 -0.1911 -0.1823
-0.3991 0.4374 0.3920
0.0312 -0.0248 -0.7868
-0.2179 0.2107 -0.4439
0.1701 0.2853 -0.4069
-0.0376 0.0068 0.0685
0.0202 0.2884 -0.8227
-0.1334 0.7645 -0.3803
0.0463 0.2613 0.0005
0.0314 -0.0217 -0.7041
0.0039 -0.0081 0.0946
-0.4793 -0.2214 0.2935
-0.2971 -0.1996 0.0208
0.4375 0.0775 -0.4566
0.3323 0.4664 0.7616
-0.0444 0.0305 0.1636
0.0058 0.0218 0.2621
