-0.2225 0.1944
-0.6344 0.2932
0.5053 0.3681
0.0129 0.0110
-0.1261 -0.5630
-0.3118 0.5133
-0.3047 -2.7299
0.2858 0.0989
0.2999 0.4232
0.5607 -0.1893
0.1516 -0.1988
-0.2311 0.2304
0.1265 -0.2110
-1.4357 0.3155
0.4776 -0.6196
0.2420 -0.1434
0.4258 0.2719
-0.0213 0.3621
0.5698 0.2445
-0.4114 -0.2709
0.2446 -0.2085
0.4594 -3.8945
-0.0047 -0.1641
0.4352 0.8981
0.4025 -0.0872
0.0077 -0.3680
-0.3687 0.0190
0.1436 -0.8490
0.0211 2.3858
-2.0461 -0.6250
-0.2601 0.2070
0.0526 -0.0587
0.1892 0.1709
-1.4574 -2.2638
-0.9474 -0.2920
0.1944 0.3358
0.7059 0.4014
-0.4238 -0.0791
-0.0003 0.0045
-0.0210 0.0375
-0.7130 0.2799
0.3920 0.6032
-0.8027 0.0125
0.6123 0.3267
0.4988 0.1483
-0.6954 0.6524
0.7467 0.3449
0.5527 0.4219
-1.9394 -0.1778
0.5142 -0.3158
-0.7458 -0.5330
-0.0019 0.0013
0.0998 -0.0693
-0.2708 -0.6450
0.4758 -0.7780
0.6871 -0.6300
-0.3783 -0.1086
0.0615 -0.4619
-0.2646 2.4537
-1.4090 -3.0348
-0.1873 -0.0368
0.3353 0.1822
-0.1035 -0.9669
-0.9192 -0.3510
0.3592 0.8944
0.2277 -0.3393
0.4873 -0.2739
2.1646 2.1768
-0.5834 -0.2095
0.1861 0.5063
-0.8352 0.2857
-0.0783 0.3113
3.4827 1.6600
0.2675 -0.6459
0.0458 -0.4843
1.3072 -2.2666
0.1099 0.1635
1.9341 0.2879
-0.3288 0.1719
-0.7549 0.3177
0.7308 -0.1300
-0.2228 -0.2759
-0.6417 0.5019
0.1763 -0.1778
-0.0819 -0.1260
3.6426 1.9561
0.5869 0.7599
0.1951 0.0598
0.1052 -0.1614
0.2514 -0.2184
-0.3342 -0.4829
0.5051 0.2202
0.5771 -0.1424
-0.3301 0.0011
0.8895 -0.2126
-0.9193 0.1617
-0.2445 0.2727
1.4887 0.6222
-0.0712 -0.0787
0.2150 -0.1723
