-1.2766 1.7244 -1.7660
0.0057 0.2514 -0.4812
-0.0141 0.0118 -0.0026
0.1571 -0.0132 -0.6809
0.2466 -0.0764 -0.1159
0.8613 0.1539 0.0156
-0.5720 -0.1623 0.0312
0.0100 0.0092 -0.0147
-0.0875 0.0852 -0.2130
-0.0064 0.2670 -0.1164
0.0852 0.0668 0.0996
0.9282 0.2065 0.0886
-0.0265 0.0026 -0.0477
0.4798 -0.2676 1.8498
0.2290 -0.4541 0.0274
-0.0001 0.0001 0.0372
0.0009 -0.0006 0.3485
-0.1248 0.1467 -0.0547
-0.1740 -0.0818 -0.0566
-0.1657 0.1942 -0.3953
-0.2932 0.1175 0.1901
-0.0376 0.0333 -0.1344
0.0762 -0.0070 0.0273
0.3588 -0.6292 -1.2906
0.3803 0.3836 0.0168
-0.1941 0.7758 0.2187
-0.0317 0.0539 0.6904
0.4695 0.3225 -0.5688
-0.5820 0.5398 -0.1758
0.4638 0.5125 0.1674
0.0028 0.0152 0.0050
-0.7863 1.4993 -0.7270
-0.0172 -0.1975 0.0178
-0.0728 -0.0085 0.0666
-0.0041 -0.0109 0.0091
0.4852 0.7648 0.4147
0.3797 -0.1240 -0.5941
0.4323 0.0968 -0.0122
2.1745 1.4288 -0.1030
0.0416 -0.0077 -0.4287
-0.0218 0.2252 -0.0089
0.1363 0.0645 -0.0211
0.0525 0.0038 -0.0355
1.3800 -1.6879 0.0156
-0.5094 0.3890 0.2824
-0.0502 -0.6955 0.6634
-0.1376 -0.3590 0.2599
-0.0426 0.0130 0.0072
1.4731 -0.7684 3.1470
0.4131 -0.0298 -0.0263
0.3135 -0.3226 0.2320
-0.0195 -0.2125 0.1838
0.5637 0.2224 -0.3875
0.0923 -0.1537 -0.3631
0.0010 -0.0003 0.0008
0.4038 -0.7201 0.4160
-0.0859 -0.3566 0.8702
-1.7757 0.8058 0.1603
-0.1088 0.1495 -0.1303
0.2305 0.0291 0.6630
-0.2481 0.4715 0.4480
0.4066 0.6916 0.1070
0.3948 0.1569 -0.8075
-0.0010 -0.0125 0.0069
0.3170 0.1983 -0.6650
0.1986 -0.1429 0.4708
0.3081 -0.3515 0.0502
-0.0782 -0.0494 -0.1537
0.1018 -0.3381 -0.0930
0.1285 -0.1061 0.8217
0.4175 0.2177 0.7015
0.7270 -0.1012 0.6716
0.5591 0.3885 0.3576
-0.1485 0.0548 -0.7821
0.2322 -0.1126 0.3077
-0.0818 0.1088 -0.5302
0.2633 -0.2639 -0.0374
-1.8461 2.6586 -2.0210
0.1267 -0.1465 -0.7053
-0.2893 0.7193 -0.0305
-0.0264 -0.3430 0.4054
-0.0465 0.0320 -0.1502
-0.0808 0.5862 0.4662
0.3812 -0.6991 0.2662
0.0241 -0.6938 -0.3079
0.1772 -0.0775 -0.4081
-0.1788 0.6672 0.1636
-0.2842 -0.5910 0.3390
-0.0740 -0.1484 -0.1684
0.0083 0.0076 -0.5271
0.1829 -0.1041 -0.0991
-0.2387 0.5211 -0.7470
-0.1178 0.0392 -0.0817
-0.2856 0.0605 -0.0092
-2.4702 1.7678 -2.6502
-0.0004 0.0003 0.0094
0.3240 0.3623 0.3734
-0.0215 -0.0223 0.1371
0.0786 -0.0589 -0.1026
0.0043 -0.0259 0.0290
