0.3297 0.0771
0.6378 -0.0441
-0.3000 -0.5773
-0.1159 -0.0877
-0.0047 0.8421
0.7201 0.3957
0.2863 0.2705
0.3971 0.0627
0.0212 -0.0393
0.6863 -0.0569
-0.7443 0.1668
0.2974 0.1874
0.0462 -0.8482
0.2505 0.3757
-0.4274 -0.1589
-0.0003 -0.8350
-0.0698 0.0567
1.4333 0.5908
-0.8075 2.6796
-0.4517 0.0692
-0.5588 -2.9711
0.0770 0.8604
0.5351 -0.2119
-0.2300 0.4300
-0.3077 0.4712
4.8132 -0.4626
4.7605 -0.0940
4.1168 0.2733
3.6401 -0.2940
3.8622 -0.7125
3.4478 -0.0008
4.2523 0.0088
4.6250 -0.3430
2.9717 -0.7529
3.4485 -0.5753
6.9460 0.0529
4.4841 0.7433
4.0077 -0.0050
3.9068 -0.0270
4.0799 0.2140
4.6670 -0.1343
4.5729 -0.0504
3.8651 -0.5831
4.4679 -0.1743
3.2917 0.4737
4.0680 -0.4787
3.7205 0.2291
4.5821 0.0164
4.9300 -0.0227
4.8206 -0.1751
