-0.0024 -0.0115 -0.0484
0.1188 0.4268 0.0442
0.0083 0.0275 -0.0957
0.0232 -0.0293 -0.1680
0.0778 0.0640 -0.0363
0.3235 0.5629 0.4416
-0.1197 0.5712 -0.1915
0.0172 -0.3154 0.8496
-0.2317 0.1595 0.4443
0.0103 -0.0183 0.2151
-0.1192 0.2051 -0.1719
-0.0805 -0.1578 -0.1158
-0.6353 -0.4940 0.4027
0.1859 -0.5443 -0.0296
-0.0185 0.0047 0.8922
0.1722 -0.1064 -0.2074
-0.0175 -0.0271 0.4142
0.1800 0.1262 -0.1999
0.0776 0.0899 0.0063
0.2819 0.1296 -0.5403
-0.0554 0.1497 0.2353
-0.0545 -0.1869 0.1661
-0.2702 0.0341 -0.2461
0.0001 0.0332 0.0046
0.1370 -0.1623 -0.1387
-0.0361 0.0309 0.3316
-0.0037 0.0171 0.0238
0.0537 0.0394 -0.8631
0.3627 -0.5875 0.0660
0.8448 -0.0652 -0.1363
-0.5410 0.0391 -0.4575
0.2464 0.2622 -0.3087
-0.7792 0.0421 0.5479
0.6074 0.0117 -0.5308
-0.0204 -0.0341 -0.0297
-0.2072 0.1511 -0.4905
-0.0182 -0.0072 0.2666
-0.0052 -0.0317 0.9891
-0.1806 -0.0297 0.3301
0.1107 -0.4223 -0.3287
0.0904 0.3236 -0.8549
0.0364 0.0018 0.0989
-0.6146 -0.2924 0.3717
0.0443 -0.0511 -0.2960
0.3212 0.4121 -0.1744
0.0149 -0.0165 0.8239
0.0045 0.0108 -0.3484
0.3423 -0.6236 0.0881
0.1570 0.0327 -0.8471
0.0048 -0.0246 0.0244
-0.1264 -0.0706 -0.1273
-0.0984 -0.0533 0.0573
0.0012 -0.0010 0.0060
0.4315 -0.2506 0.6369
-0.0105 -0.1414 0.6069
0.1674 0.2378 0.2391
0.0024 -0.0137 0.0417
-0.6221 -0.6866 -0.3380
-0.0997 -0.1262 -0.2794
0.2309 0.1349 -0.2317
-0.0011 0.0010 0.0512
0.0284 0.0122 -0.2436
-0.0086 0.0352 0.1394
-0.2378 -0.4809 0.0969
0.0334 -0.0021 -0.1882
-0.2282 -0.0300 0.6722
-0.2027 0.2753 -0.1054
0.0073 0.0366 -0.8520
-0.0043 -0.0000 0.0328
0.1487 -0.1944 -0.0271
0.0321 0.0099 0.2933
-0.0046 0.0147 0.0856
-0.0044 -0.0213 0.1659
0.0080 0.0292 -0.0198
-0.1205 0.0711 0.5029
0.2261 0.1358 0.3279
0.3469 0.0202 0.1895
0.1677 -0.3654 0.6722
-0.0760 -0.1287 -0.3890
-0.4653 -0.0197 0.2195
-0.1150 0.1137 -0.7015
-0.0580 0.0161 -0.5827
-0.1394 0.2874 0.6316
-0.0519 -0.2129 -0.3752
-0.0308 0.0098 0.4086
0.2561 -0.0171 0.1778
0.3584 -0.1564 -0.1764
-0.0742 0.1692 -0.3553
-0.0079 0.0228 -0.1408
-0.0022 0.0027 -0.5322
0.0502 0.0416 0.1452
0.2534 -0.3644 0.5690
-0.2116 -0.5103 0.2303
0.5447 0.5979 -0.1634
-0.2561 -0.3835 -0.1126
0.5493 0.3504 0.5820
0.0286 -0.1184 -0.0984
-0.0173 -0.0122 0.8902
0.0707 0.2912 -0.1937
0.0545 0.0452 0.4964
-0.3923 -0.5273 -0.1565
0.1119 0.4689 -0.3246
0.0003 -0.0061 0.0099
0.1476 0.1618 0.6755
0.0536 -0.0285 -0.0729
0.0186 0.0720 -0.2642
-0.6237 0.4645 0.3878
-0.1493 -0.3389 0.3488
0.0251 0.0208 -0.1154
-0.1848 0.7096 0.4496
-0.0023 0.0084 -0.0999
-0.3951 0.4849 0.5953
0.0265 0.0842 -0.1723
-0.1498 0.2168 -0.5232
-0.2793 0.0385 0.2622
-0.3671 -0.3088 -0.3014
-0.1553 -0.4359 0.2357
-0.2195 0.4032 -0.4243
-0.0282 -0.0599 0.4264
-0.0200 0.8807 -0.3290
0.3861 0.4615 -0.1080
0.0016 -0.0100 0.5147
-0.1030 -0.0136 0.0850
0.0626 -0.1837 0.5503
0.1002 -0.3119 -0.0322
-0.1072 -0.2458 -0.0197
0.5765 -0.0787 0.4850
-0.4235 -0.1956 0.3805
0.0124 0.0401 0.0521
0.1487 -0.2943 0.3849
-0.6710 0.2448 -0.5731
-0.0947 0.0660 -0.1030
-0.0940 -0.0779 -0.0332
0.0001 0.0003 -0.0162
0.0789 -0.0487 -0.0152
0.3209 0.0233 0.3467
-0.4355 0.2097 -0.1623
0.9486 -0.0148 0.0281
-0.3518 -0.0153 0.4290
0.0848 0.1005 0.6318
-0.1686 0.0383 0.3591
-0.0704 0.5842 -0.7884
0.1293 -0.5873 -0.2023
-0.0489 0.0478 -0.8245
-0.0870 -0.2300 0.3058
-0.4431 -0.0104 -0.7035
-0.0166 0.3854 0.2431
0.6524 -0.3935 0.4651
0.2587 0.6018 -0.4782
0.0260 -0.0292 -0.0196
-0.6420 -0.1240 0.5096
0.0447 0.1432 -0.2497
-0.0237 0.0110 0.0158
0.1230 0.0737 0.1883
0.0504 0.1434 -0.4946
-0.5643 0.0383 0.2448
-0.0891 -0.0521 0.5652
0.5036 0.2188 0.5111
0.0088 -0.7140 0.1939
0.0225 -0.0633 0.0151
0.0331 0.0190 0.0812
0.4089 -0.3172 0.0843
0.0435 0.0308 0.2684
-0.0328 0.4302 0.8234
0.4049 0.0181 -0.4716
0.0496 0.6610 -0.1901
-0.0463 -0.2193 0.1978
-0.0948 -0.0645 0.4030
0.4106 0.1069 -0.5999
0.0966 0.0557 -0.6365
0.0013 -0.0097 -0.2797
-0.0286 -0.3606 -0.2327
-0.0008 0.0002 -0.0034
0.1314 -0.3586 0.3730
-0.0111 0.1600 0.2370
-0.2661 0.2569 -0.5481
0.1147 -0.0167 0.5620
0.0082 0.0135 -0.0088
0.2471 -0.0570 0.6423
-0.2331 -0.1663 -0.3502
-0.3453 0.4366 -0.0767
0.2008 -0.3575 0.3063
-0.1118 -0.0486 -0.2081
0.0571 0.1126 0.2951
0.0585 0.0996 -0.4867
0.2205 -0.7930 0.4701
0.1246 0.1326 0.3300
0.5259 0.3082 0.6463
0.2756 -0.2497 -0.1950
0.0328 -0.2161 -0.7172
0.5610 -0.3115 -0.6854
0.0899 0.3733 0.0123
-0.3699 -0.1309 0.2077
0.2353 0.7259 0.1830
0.7392 -0.1274 -0.0191
-0.6143 0.1085 0.0615
-0.5512 -0.3557 -0.1464
-0.0826 0.8471 0.4713
-0.1488 0.1579 -0.8417
-0.0413 -0.0246 0.0763
-0.2092 -0.2750 -0.1915
-0.0463 0.3372 -0.2449
0.1389 0.1705 0.1050
0.0160 -0.1876 0.5082
0.0180 -0.3566 -0.1668
0.0479 0.5357 0.1137
0.5784 0.2202 -0.0459
0.2575 -0.0457 0.0534
0.0060 -0.0632 -0.9022
-0.5912 0.1097 -0.2353
0.2511 -0.4946 0.5650
0.0921 0.3415 0.1637
-0.0050 -0.3916 -0.8893
0.0005 -0.0193 -0.2754
0.5789 0.3586 0.5621
0.0510 -0.0553 0.2122
0.2111 -0.2818 0.1546
-0.0495 0.0071 0.5763
-0.0471 0.0115 0.2980
0.0010 0.0009 -0.0009
-0.1117 0.0023 0.0289
0.5524 -0.1054 -0.7624
0.2234 0.1320 0.3829
-0.2810 0.0074 -0.5300
0.1789 0.1489 -0.5730
0.0147 0.0577 -0.8392
0.0975 0.0273 -0.2540
0.5909 -0.1813 0.4687
-0.0499 -0.0654 0.2942
-0.0742 -0.0770 0.0654
-0.4909 -0.2780 -0.7286
-0.1084 -0.1097 0.2423
-0.4618 0.2373 0.0472
-0.0439 0.0287 -0.6680
-0.0301 -0.0281 0.5015
0.0526 0.0876 -0.0682
-0.4996 0.1555 -0.2086
0.4676 -0.4269 0.0872
0.2855 0.4562 -0.7532
-0.0063 0.0013 -0.0443
-0.3204 -0.0949 -0.8220
0.0249 0.0401 -0.0121
-0.2900 0.4055 -0.8621
0.0435 0.0786 0.1609
-0.1623 -0.1489 -0.9290
0.0043 -0.0315 0.1729
-0.0129 -0.0482 -0.3537
-0.1532 0.2441 -0.9541
0.0795 0.2181 -0.2873
0.0003 0.0485 0.0697
4.9888 -0.0402 -0.4542
5.2796 -0.3699 -0.7038
5.0213 0.3262 0.5647
4.8594 0.2737 0.8280
4.9765 -0.2943 -0.4767
5.0015 -0.1264 0.0080
4.9079 -0.0394 0.0443
4.9474 0.0193 -0.0317
5.2744 -0.0781 0.8719
5.0041 0.0496 0.0837
5.0081 -0.0488 0.0751
5.1548 0.8911 0.3010
5.5718 -0.4086 -0.2170
4.6057 0.4235 -0.3935
5.0022 -0.0352 0.3527
5.2874 -0.2843 0.0612
4.8141 -0.3103 0.4309
4.4373 -0.4160 0.0064
5.1831 0.1865 0.2632
5.0157 -0.0482 0.9164
5.0200 0.9238 -0.1407
5.0068 0.0546 -0.0610
5.4960 0.0965 0.7333
5.0614 -0.7094 -0.1004
5.3910 0.2226 0.0626
5.0018 0.0034 0.0225
5.5319 -0.2048 0.3488
5.0224 -0.0698 0.8630
4.4976 -0.2261 0.3491
4.6076 0.8057 -0.0323
5.3446 -0.0983 0.0607
4.9034 0.0190 -0.4296
5.3012 0.2837 0.6567
4.9818 0.0453 0.8891
4.9874 -0.0167 0.0360
4.9696 -0.0757 -0.3408
4.9876 0.5020 -0.2590
5.0533 0.0751 -0.9903
4.2931 0.4798 0.4813
5.5797 -0.5697 -0.3890
5.2404 -0.2465 -0.9386
5.0707 0.0226 -0.8092
4.7053 -0.0789 -0.4555
5.1826 -0.0422 -0.2213
5.5776 -0.3216 -0.3964
4.3364 -0.6747 -0.2309
5.0783 0.0368 0.8659
4.9907 -0.0415 -0.3005
5.3070 -0.3880 -0.3771
5.0409 0.0620 -0.2265
5.0659 0.1227 -0.5082
5.0423 -0.1106 0.8616
4.5834 -0.4729 -0.7120
4.4634 0.1626 0.5699
4.9131 -0.0114 -0.6842
4.8723 -0.2862 0.2205
4.6988 -0.3724 -0.2829
4.9519 0.0246 -0.1289
4.9520 0.0591 0.0312
4.9843 -0.0013 -0.0578
5.0560 0.0621 -0.3493
4.2827 0.2111 -0.2004
4.9958 0.0215 0.0009
5.3782 0.1763 -0.5963
5.2521 -0.1274 0.0544
5.0100 0.0131 0.0415
4.9521 -0.0382 0.3226
5.0022 0.0045 -0.0193
4.5931 -0.4265 0.4511
4.8054 -0.1958 -0.1742
4.8778 -0.4204 0.7109
5.0567 0.0026 -0.3280
4.8752 -0.0130 0.3141
4.3590 -0.2070 -0.3635
4.7161 0.2529 -0.3188
4.5924 -0.1650 -0.1538
4.9392 0.4113 0.0385
5.1191 -0.1594 -0.1150
5.0005 0.0186 0.0747
4.9951 -0.0015 -0.0263
4.8974 -0.0423 -0.7001
4.5151 -0.1173 -0.6371
5.1442 -0.1549 -0.5489
4.7890 -0.0177 0.5604
4.9941 0.0393 -0.5754
5.0751 -0.2139 -0.1756
5.0284 -0.1652 0.4704
4.8775 0.4904 -0.1903
4.8344 -0.3331 0.5242
4.9963 -0.1291 -0.3654
4.4553 0.6539 0.0629
4.7346 -0.0068 0.2396
4.2423 0.4283 -0.4156
5.0215 -0.2559 0.8757
4.7818 -0.1275 -0.3961
4.9934 0.0149 0.0395
4.9242 0.0372 -0.5353
4.9748 0.6410 0.6679
5.0070 0.0734 -0.0397
5.7075 0.1611 -0.0598
4.7526 -0.2219 0.7870
4.9164 0.3596 -0.6332
5.3822 -0.1181 0.3626
4.5090 0.8189 0.2603
5.4871 -0.2688 -0.5130
5.1212 0.1370 -0.1779
4.8785 -0.0545 -0.3996
4.9372 -0.0455 0.0702
5.2337 0.2612 -0.2995
4.8475 -0.0567 -0.3432
5.0412 -0.2758 -0.0991
4.3138 0.0837 -0.0568
5.2384 -0.2178 -0.2017
5.7464 0.6163 -0.0555
5.1832 0.6016 -0.0361
5.0028 0.1694 0.3035
4.4081 0.2712 -0.6171
4.9749 0.0684 -0.0209
5.0798 0.2559 0.9082
5.1049 0.0082 0.0640
4.9081 -0.0889 0.0254
5.1953 0.0296 0.7859
4.8541 -0.6033 0.7222
4.9344 -0.0017 -0.1919
4.9686 -0.0225 -0.0076
5.1134 -0.0290 0.0614
5.1515 0.4174 0.8386
4.9057 -0.3759 0.3002
4.7598 -0.3611 -0.2934
4.6036 0.1602 0.3381
4.8482 -0.1599 0.1895
4.8641 -0.1703 0.7985
4.8892 -0.3322 -0.0825
5.1599 -0.1201 -0.3006
5.0062 0.0082 -0.0322
4.6386 0.1237 0.2624
4.5282 0.1865 0.3457
5.1432 -0.0119 0.7425
5.0556 0.0249 0.2487
4.8212 -0.0392 -0.3003
5.1724 -0.3165 -0.9012
5.0015 -0.0436 -0.0969
4.9611 0.6114 0.6467
5.6004 -0.3460 -0.6048
4.7655 0.1697 -0.1265
4.7656 0.2618 -0.8006
5.3979 -0.7346 -0.4121
4.7105 0.1161 0.3117
5.2207 0.0610 -0.5359
4.4818 -0.0398 0.4444
4.9678 0.0143 -0.0017
5.0361 -0.3587 0.0751
5.2702 -0.4586 0.3445
5.7407 -0.0360 -0.2754
4.9859 -0.0046 0.0057
5.0213 0.1088 0.4115
5.2503 0.3013 -0.0590
5.6245 -0.3523 0.3588
5.0855 0.0434 0.2388
5.0032 0.0927 0.1743
5.5956 -0.0572 -0.4906
4.8480 0.2685 0.8694
5.0176 0.2837 -0.3913
4.8818 -0.4180 -0.4707
4.5679 -0.0491 -0.7153
4.9234 0.0204 0.0919
5.0094 0.3375 0.0946
4.6991 0.0133 0.2684
5.1338 -0.2615 -0.7316
4.3076 -0.5681 0.1360
5.3330 -0.1444 -0.1108
4.6210 0.4174 -0.0636
5.5550 -0.0415 -0.4217
4.8628 -0.1958 0.5643
5.0094 -0.0348 -0.1394
4.7264 0.4174 -0.0404
4.9916 0.0407 0.4228
4.9744 -0.0300 0.1336
5.0012 -0.0911 0.3014
5.0244 -0.0177 -0.0034
4.8561 -0.0258 -0.1086
5.0947 -0.2904 -0.5793
5.0057 0.0052 0.0014
5.1361 0.2577 -0.7264
4.7911 0.1551 -0.2691
4.8003 -0.6447 0.3415
4.9073 -0.1626 -0.2060
4.6753 -0.1254 -0.8325
5.0136 -0.0153 -0.0037
5.1399 0.1217 -0.5532
5.2853 0.0583 -0.1039
4.6446 0.4964 -0.3878
5.1595 0.2707 -0.0307
4.7724 -0.1349 0.2510
4.9990 -0.2934 0.0270
4.8921 0.1586 -0.6166
4.9001 0.5580 0.3675
5.8649 -0.4606 -0.0702
5.3052 0.2348 -0.4570
4.9600 0.0521 0.0224
5.0621 -0.0464 -0.0376
5.0004 0.0082 -0.8732
5.2165 -0.0887 0.0820
5.0183 0.0453 0.0337
5.0349 0.0060 0.1184
4.9054 -0.0434 0.1642
5.2099 -0.7379 0.2331
5.3978 -0.5238 0.3102
5.5364 -0.2583 0.2350
5.1224 0.0651 0.1830
5.0997 -0.0451 0.5370
4.9616 -0.8950 0.3708
4.8315 0.1068 0.4329
4.6674 0.1210 0.1600
5.3734 0.0101 -0.3208
4.9345 0.0564 0.1087
5.0269 -0.0996 0.0068
4.9959 -0.0210 -0.7626
4.9863 -0.0353 -0.5527
5.0524 -0.2004 0.4940
4.9299 0.5251 -0.8096
5.0439 -0.2027 -0.0136
4.7978 -0.0501 0.0493
5.1351 0.3503 -0.9248
4.6005 -0.0110 -0.0876
4.2641 -0.4839 -0.1600
5.0097 0.0672 -0.1252
5.0384 -0.9082 0.4066
4.9999 -0.0006 0.0011
4.6489 -0.0599 -0.7706
4.5274 -0.6851 0.3577
5.3194 -0.2088 -0.2144
4.9703 -0.0092 -0.5686
5.7784 -0.5263 -0.3002
4.9994 -0.0969 -0.1494
5.0380 0.0277 0.2040
4.9554 0.2002 0.0255
5.5700 0.1476 0.1279
5.0336 0.1896 0.1614
5.5244 -0.1462 0.1457
5.0002 0.0048 0.0191
5.0468 0.0011 0.4121
4.2725 -0.3644 0.5766
5.0464 0.0659 -0.0463
4.3902 -0.0653 0.0642
5.0328 0.0118 -0.0411
4.9700 -0.0092 -0.2037
5.0202 -0.1191 0.5285
4.5279 0.6422 0.0922
4.7442 -0.3541 0.0920
