-0.5401 -0.3240 -1.2490
-0.0803 0.0407 0.3774
-0.0037 0.0317 -0.0206
0.2072 0.0169 -0.4801
0.3863 -1.5259 -0.4823
0.2799 -0.1611 -1.2246
0.5904 -0.0878 0.0681
0.0243 -0.9413 -0.1902
0.7558 -0.0642 0.3606
0.5555 0.2817 -0.2929
-0.5588 0.3300 -0.2720
0.2443 0.0786 0.2341
-0.1177 0.1605 -0.0639
0.0507 0.4817 -0.0496
-0.0795 -0.0956 0.0081
2.2958 0.4635 -0.1552
2.3720 0.2877 0.0765
2.8383 0.3416 -0.8495
2.6115 -0.2055 -0.4339
2.4982 0.0922 0.3915
2.5136 0.0278 0.0048
2.4214 0.1011 -0.1008
1.8855 -0.7678 -0.1641
2.3870 0.2135 0.4745
2.4067 -0.0461 -0.0220
2.4407 0.0615 -0.1187
2.0540 -0.0832 0.7977
2.5355 -0.0781 0.0347
1.9673 -0.6672 -0.0761
2.4976 -0.0014 -0.0204
