-0.0535 -0.0386
-0.0799 -0.8791
0.5106 0.3667
0.9276 0.6206
2.2696 -2.2351
-0.3011 0.4945
0.2289 -0.0078
-0.0406 -0.5856
-0.3832 -0.2650
-0.2475 0.1517
-0.1872 0.1927
-0.3173 -0.6784
0.1242 -0.0559
0.7055 -0.1376
-0.4386 -0.3931
-0.1879 1.7850
0.0772 -0.1889
-0.4762 -0.1470
-0.9123 0.1922
-2.8893 -1.0635
0.2715 0.5869
-0.2278 -0.8473
-0.6219 0.1123
-0.0098 -0.8334
-0.3915 -0.6491
0.1316 -0.8525
0.4367 0.6213
0.3579 0.2634
0.7966 0.3221
-0.0071 0.0393
0.0298 -0.0252
-1.8736 -0.4959
0.9613 -0.0772
-0.7134 -0.4239
0.0121 0.1336
0.7348 0.6414
-0.9222 0.1726
0.6229 -0.0664
0.5815 0.7554
-0.7411 0.0668
0.4308 0.3667
-0.4763 -0.0073
0.8698 0.4081
-0.2064 -0.3430
-0.0642 -0.1349
-0.2896 0.8047
0.1199 0.4431
-0.3478 -0.1226
2.4076 1.3444
-0.1840 -0.9763
0.8865 -1.3469
1.2198 2.7621
-1.1012 0.2126
-0.6581 -0.6854
0.1501 -0.2246
-0.1736 0.0679
0.3799 0.0393
-0.9726 0.0547
-0.0268 -2.4196
-0.1918 0.4110
-0.0920 -0.0644
0.2071 0.0938
-0.3149 0.0096
-0.6905 -0.6724
1.2951 0.5600
-0.1285 -0.5464
-0.5939 1.1528
-0.5711 -0.2047
-0.1073 -0.1670
-0.3778 0.1276
-2.2720 -1.9327
-0.8272 -0.1660
-0.3768 -0.2124
-0.0660 0.3306
-0.0642 0.0074
1.8354 2.2698
0.4113 0.5695
-0.4536 0.1998
0.2567 0.1758
-0.0152 0.0890
0.0206 -0.0723
-0.0296 -0.5461
0.5291 -1.5436
0.1681 0.8717
-1.2667 2.4248
-0.1620 -0.3369
-0.1328 -0.0064
0.2481 0.0376
0.0360 0.2548
-0.2895 0.3449
0.5468 -2.7200
-1.1513 -1.8625
-0.0613 0.0027
0.4816 0.8697
-0.0397 0.0667
-0.6868 -0.2768
0.0039 0.3164
0.1945 2.7369
-0.2096 0.0088
0.2759 0.3990
0.2539 1.0784
0.2670 -0.1111
0.0527 -0.1380
-0.1117 -0.7860
-0.8192 -0.4999
0.0477 -0.3156
0.2549 -0.0894
0.7214 0.4941
0.8871 0.1982
-1.7038 2.0390
-0.5911 0.4949
0.1232 -0.1177
0.5043 0.5547
0.0236 -0.2887
-0.0409 0.2079
-0.4213 -0.3429
0.0086 0.8559
-0.1377 0.1015
0.6319 0.3017
0.0037 0.3755
0.0258 -0.0487
0.8626 0.0698
-0.0217 -0.2959
-1.9654 -0.7580
0.1130 -0.0046
-0.2515 0.7482
-0.1121 -0.1621
-0.5510 -0.6705
-0.6390 0.1717
-0.1401 -0.0360
-0.8987 -0.2268
0.0460 0.3331
-0.1413 -1.0484
0.2380 -0.5148
0.3218 0.2836
0.2449 0.3888
-0.3455 0.1203
-0.0041 0.0363
-0.5307 0.3462
0.3118 -0.0581
-0.2542 0.7838
0.8109 0.2466
-0.0127 0.0160
-0.2917 0.3802
0.1152 -0.1657
-0.5122 -0.5587
-0.1670 -0.1971
-0.0591 0.1447
-0.4316 -0.6171
-0.0978 0.1846
-0.4143 0.7127
-1.2419 0.2933
0.6122 0.2273
-0.7062 1.8836
-0.5014 0.8633
-0.6994 -0.4108
0.6372 -0.1828
-0.1816 0.0894
0.0036 0.0007
0.4469 -0.2730
-0.4587 -0.3646
0.1471 -0.0004
-0.0192 -0.8332
-0.0957 -0.0914
-2.4587 -1.4634
0.9520 1.2889
0.1838 0.3405
0.3299 0.0677
-0.0220 -0.0194
0.9298 -0.0930
3.0139 -0.6962
-0.2688 -0.2600
-0.5945 -0.5791
-0.2006 0.1422
0.0097 -0.4707
0.4370 0.0681
-1.9534 0.1476
-0.2965 0.1625
0.7374 -0.4696
0.2496 -0.2492
0.0180 -0.4688
-0.2237 0.0480
0.0682 -0.2752
-0.2635 0.1429
0.2531 0.2841
0.2150 -0.0649
0.3161 -0.4788
0.4295 -0.4495
0.1161 -0.5227
0.5051 -0.7573
0.5827 -0.5822
-0.0330 0.3238
0.1413 -0.4508
-0.7363 0.0938
-0.0279 -0.0317
-0.3750 0.4425
-0.4181 -0.0898
0.0627 0.0282
-1.8631 0.4847
-0.4589 0.4603
0.9902 0.0512
-0.0500 0.1484
-0.1084 0.5683
0.5483 0.7333
0.1067 0.2034
0.1448 0.3197
-0.1001 -0.3630
0.4278 -0.6668
-0.1185 0.8837
-0.0752 0.2183
0.0236 0.1392
-0.1578 -0.5150
0.1587 0.2415
0.6641 -0.4626
-0.7613 -0.5091
0.4667 -0.7875
0.0072 -0.0997
-0.8059 3.0767
-0.0831 0.0073
-0.6607 1.2248
0.3337 0.1028
0.3163 0.0210
0.5004 0.6672
2.8348 -0.8939
-0.0511 -0.2200
-0.9448 0.4296
-2.3655 0.8773
0.3955 -0.0824
-0.2161 0.3505
-0.5322 0.0728
0.0268 -0.0168
0.4090 -0.0126
0.8985 0.2464
0.2904 0.2485
-0.9181 -0.3572
-0.1773 -0.1640
0.3523 0.0556
-0.3361 -0.6810
0.3379 -0.6563
0.0453 0.1603
0.6550 0.2319
0.6782 -0.3059
-0.1933 -0.7170
-0.1846 -0.2061
0.0768 -0.0994
0.7038 1.6121
0.4056 0.0569
0.4092 -0.0987
-0.1077 -0.2251
0.1692 -0.3320
0.3449 -0.0409
-0.8992 0.4315
-0.0886 0.0883
-0.8695 0.2704
0.8210 -0.6173
-0.1296 0.0554
-0.0595 -0.6166
-0.4439 0.2586
0.3009 -0.3049
-0.1662 0.1116
-0.0816 -0.5106
-0.9282 0.3200
0.6019 0.0288
-0.4849 -0.7290
-0.6606 0.0463
-0.9039 -0.3756
0.4573 -1.7355
-0.4490 0.8717
0.0046 0.5673
-1.0018 -0.2223
0.7627 -0.3789
-0.2562 -0.4470
-2.4727 -1.0814
0.2040 0.3249
0.0687 -0.5345
0.0498 0.5523
0.1518 0.0718
0.2321 -1.2188
1.4589 0.4728
-0.3328 -0.2488
0.0311 -0.0356
0.1373 -0.1771
-0.6775 0.9859
0.3906 0.4643
-0.7238 -2.4295
-1.7439 1.1384
0.0525 0.2678
0.0860 -0.2611
-0.0146 -1.7002
2.6356 -0.1717
1.9443 -0.5437
-0.0288 -0.2374
-0.4561 -0.1763
-0.4448 -0.1685
1.8904 -1.2869
-0.3065 -0.3946
-0.7420 0.1090
1.7765 0.2008
-2.8839 0.3422
-0.0095 -0.3196
-0.6209 -0.3508
0.2185 0.0083
-0.0236 0.1115
0.9540 -0.0002
0.2595 0.5021
-0.4089 0.5462
0.1849 0.2183
-0.5406 0.0212
0.0049 -0.0805
-0.5790 0.3125
-0.6385 -0.4974
-0.7486 0.2706
0.2516 0.8318
-0.5489 -0.8166
-0.2205 -0.2461
0.4271 -0.4518
-0.2389 -0.1113
-0.5174 0.1125
0.1070 -0.1135
0.0211 -0.0255
-2.5649 1.2703
2.9596 1.0840
0.2646 -0.3855
-0.3406 0.2624
0.4769 -0.1892
2.5495 0.6369
-0.1058 0.0232
1.1183 0.9163
-2.6049 -1.5078
0.9053 -0.2314
0.0081 -0.1489
-0.1934 0.0490
-1.8194 0.5125
1.6408 -2.1615
0.0296 -0.0378
0.3789 -0.7163
0.0471 0.2924
0.1082 -0.2557
-0.6995 0.1753
0.0571 -0.4279
-0.2244 -0.0329
-0.5660 0.2781
-1.5084 0.1711
0.0049 -0.0037
-0.6442 0.7244
0.0766 -0.3694
0.4462 -0.6882
0.5001 -0.4327
-0.1776 -0.1301
0.0184 0.0486
-0.1005 0.0556
1.2355 -1.0849
-0.0305 0.5913
-0.4619 -0.1778
-0.7602 0.3036
-0.0507 0.5777
-0.6817 0.0174
-0.2775 0.6223
0.1768 -0.2550
0.0654 0.0688
-0.1812 0.6987
0.0229 0.0227
0.4161 0.5159
0.3357 0.9139
0.0966 0.2788
0.0991 0.5922
-2.5000 1.9851
-0.2208 -0.1461
0.2478 -1.0167
-0.9404 1.9247
-0.1705 0.0511
-0.0275 -0.3372
0.1500 0.7881
-0.0696 -1.0294
-0.3051 0.7783
0.7781 0.2076
-0.2023 -0.3624
0.5303 -0.6931
0.7370 -0.0690
-0.4859 0.1473
-0.1428 -0.0485
1.1128 -0.6249
-0.0282 -0.8060
0.1271 0.4864
-0.4750 0.4943
-0.1748 -0.1418
-0.0036 -0.0031
-0.5726 0.0624
0.4096 -0.6135
1.0140 -0.7653
-0.2747 -0.3100
0.1571 -0.4724
0.7760 0.4078
-0.9263 0.0144
0.0067 -0.0740
0.3192 -0.3268
-0.1994 -0.7059
0.0392 0.0549
-0.9664 0.0962
-0.2766 -0.0541
0.1389 -0.0755
-0.0986 0.0176
0.0340 -0.0152
-0.0302 -0.0290
0.0094 0.0078
0.4167 0.3329
0.0221 -0.0188
0.3389 0.2522
-0.0591 -0.1714
0.0595 0.0390
-0.8247 0.0945
0.1052 0.6807
-0.1910 -0.7118
0.3647 0.1340
-0.5986 2.1092
-0.3394 -0.8388
0.0583 0.0270
-0.0073 -0.0032
-0.0002 0.0182
0.1635 0.0337
0.0182 -0.1026
-0.0119 0.1330
-2.1375 1.2302
0.1535 0.0119
-0.5361 0.7422
0.4467 1.7025
0.1188 0.0662
-0.6115 0.5598
1.1406 1.3733
-0.7694 0.4841
0.0068 0.0010
0.1530 -0.1854
-0.0533 -0.3192
-0.5736 -1.6432
0.0981 0.3196
-0.6966 0.0044
-0.0852 -0.0665
0.7379 -0.5469
-0.5930 -0.6093
-0.0417 0.0562
-1.6190 -0.9872
0.1739 -0.0657
0.0417 -0.0121
0.3920 0.3661
0.0776 -0.8563
-0.3595 0.3209
1.3630 -0.6000
-0.1237 -0.6964
0.1311 -0.0787
-0.0611 0.3968
0.2493 -0.1107
0.8029 0.0075
0.6156 -0.5286
0.3009 -0.0116
-0.0638 0.6759
-0.1040 0.7992
-0.5849 -0.7380
-0.0192 -0.0021
-0.0353 -0.1041
0.0297 0.4301
-0.4408 -0.2267
-0.0030 0.0062
0.1452 -0.3557
0.1516 0.5281
0.0316 -0.2215
-0.5689 -0.7926
0.1861 0.7311
-0.6249 -0.0390
0.1309 0.1311
-0.3703 -0.5475
-0.0002 0.0000
-0.6091 0.6438
-0.3885 -0.2668
0.1801 -0.9369
-0.0201 0.0157
0.5243 -0.0012
-0.2734 -0.3411
0.0267 -0.0933
-0.8510 -0.2886
0.0076 -0.2885
0.3072 -0.1183
-0.3895 -0.3834
0.0448 0.2067
-0.2629 -0.1479
0.2219 0.1197
1.1356 2.2005
0.9248 -0.3499
0.4723 -0.3620
-0.1290 0.2454
-0.3615 -0.6486
-0.1308 0.8939
-0.0557 0.0110
0.3548 -0.1529
-0.3759 0.4532
0.7992 -0.3441
-1.0585 0.8351
0.6076 0.3156
0.5843 0.1570
0.2127 0.3676
0.1674 0.2634
