-1.6302 -1.3089
-0.2963 0.3036
-0.8260 0.9508
0.0675 0.3107
0.5106 -0.1275
-0.2200 -0.4460
-0.2841 1.8004
-0.2227 0.0599
-0.1536 0.1322
0.2605 0.0820
0.2629 -0.0098
0.2996 -0.2368
0.7940 0.2390
0.4617 0.8342
0.0453 0.4485
0.0661 -0.8742
0.0157 0.2086
-0.6059 -0.1040
-0.4380 -0.1280
-0.0495 0.0142
-0.0100 0.4917
0.1832 -0.6251
0.3719 0.4650
-0.3722 -0.8454
-0.0757 0.5688
0.5126 0.2754
-0.5857 -0.3803
0.6300 -0.2003
0.6364 -0.4686
0.0753 0.9354
0.1555 0.2849
-0.2439 0.6079
0.6353 -0.5019
0.0430 0.0535
0.0264 0.2343
-0.2997 -0.0930
0.0479 -0.6932
0.4816 -0.7668
0.7324 0.1159
0.3163 0.2642
0.0373 0.1094
-0.2696 0.0823
-2.2511 -0.0054
-0.0247 0.0421
0.0445 -0.7516
2.0642 0.2682
-1.3875 0.2830
0.3172 0.3193
0.2405 0.0328
0.2196 0.0763
4.0868 -0.1123
4.0067 -0.0117
3.9409 -0.0677
3.8919 -0.2202
5.2354 0.8504
3.4655 -0.2219
3.5947 0.1782
3.9404 0.6427
4.1950 -0.1891
3.2724 0.6489
4.2441 -0.6582
4.2498 -0.1024
3.7575 0.4996
3.6140 0.1127
4.3775 0.4087
4.3457 -0.4987
3.8461 -0.3873
4.4956 0.2425
3.7802 -0.1746
3.6083 -0.7675
3.6473 0.7405
4.8126 0.8511
4.4242 -0.0224
4.4718 0.1304
4.2048 0.1853
3.9399 0.3725
3.4013 -0.5991
3.9631 -0.7956
4.1246 -0.4748
3.9978 0.0340
3.9190 -0.1844
3.4295 -0.4759
3.9955 -0.4869
3.2757 -0.1558
3.5152 -0.7931
4.4104 -0.5365
1.0100 0.6538
3.5799 -0.2266
2.9880 0.4539
4.0289 0.0395
3.9854 -0.3945
3.2071 -0.4908
4.0149 0.0758
3.8012 -0.3041
3.7282 0.1118
4.5041 -0.5977
4.1967 0.0618
4.2556 -0.0433
4.3289 0.4074
4.8455 0.1544
