-0.1748 0.6596
0.9635 -0.0908
-0.3471 0.0051
-0.0287 -0.0041
0.4008 0.0158
0.2043 0.1197
0.6486 -0.1535
-0.2195 -0.7937
0.5323 0.0042
0.0850 0.1621
0.0475 -0.0391
-0.2821 0.2805
0.7889 0.1743
-0.0055 0.1194
0.1211 -1.0728
-0.3346 -0.0677
-0.2783 -0.9452
-1.5777 0.2705
0.1124 0.5250
0.2070 0.7902
-0.0049 -0.1152
-0.2544 0.0269
-0.2917 -0.1687
-0.0448 0.0519
-0.5243 -0.5777
-0.0383 -0.0577
-0.3310 0.2815
0.4089 -0.4233
0.5888 0.7031
0.1040 -0.0922
-0.0775 0.6228
0.1448 0.2421
0.3611 0.6624
0.4517 -0.0157
0.1254 0.0150
0.0807 -0.0350
0.1760 0.2865
0.0009 -0.4269
0.1342 0.0810
-0.4956 0.4863
0.0773 0.5260
0.0101 -0.0355
-1.5320 1.3080
-0.2122 -0.9150
1.6048 0.6191
0.6779 0.4136
0.0359 0.2571
0.0449 -0.0142
0.0834 0.7883
0.8085 0.5880
-0.5794 -0.6229
-0.3079 0.3793
0.0684 -0.0360
0.1999 0.1011
-0.0343 0.1557
0.4139 -0.8254
-0.0012 -0.0009
-0.3618 -0.0722
-0.0076 -0.0883
-0.2923 0.0174
0.5451 0.7807
0.6609 0.1433
0.2687 -0.2374
0.0370 -0.3099
-0.1197 -0.4564
-0.7726 -0.3485
0.7147 -1.2045
0.2234 0.3355
0.0132 0.0036
0.0214 -0.1636
0.2613 0.6448
0.5465 -0.5230
-0.0851 0.0685
-0.7132 -0.1099
0.0749 0.2537
-0.2353 0.7741
0.4659 -0.7597
-0.6778 0.5899
-0.0899 -0.6283
0.5267 0.0546
0.2530 -0.3466
-0.1928 -0.0608
-0.1048 -0.2185
-0.0713 0.8940
-0.2022 -0.1229
-0.2783 0.2970
-0.5080 -0.5176
0.7078 0.1998
0.4411 -0.5754
0.0679 -0.7920
0.7628 0.1962
0.0021 0.0017
-0.3138 -0.4429
-0.0060 0.0042
0.5752 -0.0747
-0.6371 -0.0519
-0.8790 -0.1527
-0.8071 -0.0869
0.1888 -0.0980
-0.9308 -0.0768
-0.0265 -0.1055
0.0385 -0.0701
0.0010 0.0001
-0.3735 0.7214
-0.7370 -0.4874
0.1833 0.3445
0.0348 -0.1651
0.2560 -0.6281
-0.5287 -0.4600
0.2242 0.0870
-0.1010 0.1139
0.2895 0.6432
0.0641 -0.2298
-0.4896 0.5611
0.7344 -0.3444
-0.1345 0.3425
-0.0714 -0.0132
0.3486 -0.3536
0.2107 0.3176
-0.0634 0.4199
0.5124 0.3744
-0.8347 1.2090
-0.0604 0.0098
-0.6772 0.5339
-0.5867 0.2925
-0.4661 0.1047
0.1132 0.3808
-0.3128 0.2119
0.1256 -0.0810
-0.1963 0.8639
0.3095 -0.6038
0.2393 0.0652
0.3912 0.0865
-0.6159 0.7005
0.0654 0.0591
0.0346 0.1609
0.7571 0.3774
0.0730 -0.0710
0.2318 -0.1860
0.9121 -0.3842
0.4648 -0.6332
0.5184 0.2273
0.3476 -0.5679
-0.4466 -0.0690
-0.2326 0.1255
-0.0314 0.0588
-0.0098 0.1070
0.7707 -0.5987
0.2069 -0.8409
0.1401 -0.5207
0.1850 0.9177
-0.3207 0.1283
0.4722 -0.0014
-1.5877 -0.8849
0.2740 -0.2003
0.1362 -0.0097
-0.3084 -0.5821
0.2365 0.3796
0.0004 -0.0351
0.1287 0.0616
0.1373 -0.1793
-0.2953 -0.6752
-0.5598 -0.4643
-0.0736 0.1160
-0.0601 -0.1437
-0.2604 0.0645
0.5852 -0.1604
0.1219 -0.4707
-0.0093 0.5914
-0.1417 -0.2914
-0.6520 -0.0472
-0.2338 0.1752
-0.1452 0.1884
0.0510 0.8194
-0.5156 -0.2265
0.0551 -0.4783
0.1664 -0.0405
0.7625 0.9877
-0.2511 0.7279
0.4281 -0.9203
-0.1580 0.1391
0.2171 0.3535
0.2043 0.1837
0.0554 0.6734
-0.6264 0.6506
-0.5737 0.2826
0.0959 -0.0468
-0.0179 0.4994
-0.7659 0.2790
0.3984 -0.4589
-0.8164 0.1735
0.2554 0.7513
-0.0716 -0.1986
-0.6474 -0.4188
-0.3996 -0.1689
0.4861 -1.2798
0.7675 0.1324
0.5149 -0.3711
0.5047 0.0569
0.4158 0.6346
