0.4174 0.4198
-0.0514 0.0663
0.5117 0.6690
-0.2718 -0.2998
-0.7116 -0.3869
-0.0021 -0.1020
-0.0808 0.1881
-0.0226 -0.0652
-0.1159 0.9594
0.1460 0.8532
0.0310 -0.0134
-0.1278 0.0936
-0.3996 -0.1501
1.9093 0.1256
-0.1016 0.9585
0.4424 -0.1942
-0.1505 -0.4098
-0.0046 0.4232
-0.2259 0.0730
0.2003 0.8955
-0.4276 -0.7082
0.0572 0.7298
-0.0079 0.0202
-0.4483 0.4546
0.7839 -0.2351
-0.6015 0.6136
0.5700 -0.5450
-0.4007 -0.1890
-0.0842 -0.0040
0.2136 -0.7310
0.0305 -0.4217
0.0614 -0.1655
-0.5124 0.4330
0.2955 -0.6374
-0.3290 0.4845
-0.4809 0.4431
-0.5190 0.6689
0.1675 0.1068
-0.5307 -0.2742
-0.2659 -0.3364
0.4080 -0.1611
-0.1417 -0.3067
0.5047 -0.4686
0.2102 0.6347
-0.0341 0.4024
0.1567 -0.8990
-0.3614 -0.2988
0.1753 0.1062
-0.0398 -0.2114
0.1995 0.1774
-0.3907 -0.8232
-0.1852 -0.2670
0.2527 0.2178
-0.1204 -0.1434
-0.2869 0.0276
-0.0348 -0.0030
0.1931 -0.1209
0.9702 -0.3100
0.0869 0.0484
0.2085 -0.4878
-0.0860 0.5828
-0.5207 -0.0019
-0.4973 -0.4192
1.0976 -0.5058
-0.5108 -0.5035
0.2129 -0.0350
0.0769 -0.0511
0.7168 -0.0824
0.4434 0.6211
-0.5585 -0.7262
-0.1982 0.1624
-0.3577 0.3283
-0.1727 -0.7465
0.6058 0.1020
-0.5505 0.7139
-0.5122 0.0242
-0.2974 0.1275
-0.3287 0.5163
-0.0109 -0.4107
0.9201 -0.1972
-0.2426 -0.3322
-0.1945 0.4536
0.0867 0.1991
-0.7555 -0.2134
-0.6694 -0.3775
-0.0800 -0.9026
-0.5206 -0.7262
-0.0122 0.4593
1.8467 -0.0766
-0.1570 0.2495
-0.3361 0.4656
-0.1342 0.8573
-0.0841 0.0182
-0.7483 0.4330
-0.2724 -0.5801
0.8673 -0.2466
0.2941 -0.1981
0.4804 -0.7833
-0.0990 0.2867
-0.0043 -0.0032
0.9035 -0.1431
0.0701 0.0011
-0.2778 -0.1667
-0.1328 0.0334
0.6844 -1.8852
-0.0029 0.1374
-0.0506 -0.1923
0.1754 0.3789
0.7155 -0.2452
-0.5398 -0.6453
0.0417 -0.0047
0.0547 -0.1552
0.8935 -0.3330
-0.2762 -0.5247
0.4881 -0.9047
-0.7589 0.4614
-0.0131 -0.0044
0.0935 -0.0354
0.0179 -0.0647
-0.4022 0.7314
-2.0959 0.3090
0.6788 -0.5571
0.6597 0.1863
0.4595 -0.3527
0.0114 0.0264
0.0269 0.0509
-0.1133 0.3724
-0.3663 -0.1051
-0.3533 -0.3139
0.1664 -0.7803
-0.1327 -0.6136
0.3708 -0.0701
-0.3571 0.2212
0.0318 0.3505
0.0688 -0.2575
-0.8638 0.4851
-0.0390 0.4863
0.8024 -0.3039
-0.2596 -0.0648
0.0138 -0.0166
0.0463 -0.9051
1.7815 0.7822
-0.0032 -0.0013
0.1751 0.3205
0.0326 -0.4303
0.5011 0.6291
-0.2952 -0.3717
-0.0480 -0.1026
0.4141 0.2039
-0.1027 0.0554
0.7614 0.5206
0.2880 -0.7947
0.2829 0.6428
-0.0034 -0.0245
-0.0081 -0.4343
0.1018 -0.0315
-0.0902 -0.5558
-0.4680 0.5475
-0.3958 -0.2644
0.1901 0.3470
0.2131 -0.1060
-0.9209 0.1485
-0.3570 -0.1697
-0.1304 -0.6179
-0.2176 -0.7772
-0.5123 -0.1288
0.1426 0.3115
-0.2776 -0.1950
0.5796 -0.3400
-0.7949 -1.4529
-0.3979 -0.7385
-0.9079 0.0641
-0.1582 0.2209
-0.1634 0.2420
-0.5710 -0.0453
-0.5212 0.7471
0.1001 -0.0173
0.0013 -0.1454
-0.6368 0.6081
-0.0883 -0.2065
-0.5509 -0.7074
0.0025 0.1669
-0.0038 0.0016
0.4709 -0.1187
-0.0595 -0.3273
-0.4167 -0.7525
0.1606 -0.4306
-0.0209 0.0122
-0.2567 0.0641
0.0582 0.0881
-0.6726 0.5785
0.2378 0.2687
-0.5490 0.1878
0.0604 -0.0323
-0.4100 -0.0669
0.0256 0.3575
0.0727 0.4943
-0.7698 1.7224
0.1814 -0.0563
-0.1521 -0.2536
