-0.7832 -0.2980
0.1729 0.0688
1.2753 -0.4672
-0.7861 -0.4523
-0.1026 -0.2473
0.1345 -0.5568
0.0530 -0.5130
-0.1251 0.1171
-0.4095 -0.1120
-0.0545 -0.0009
0.8572 -0.1122
-0.0143 -0.8102
-1.0542 0.7412
-0.5822 -0.7750
0.9746 0.1829
0.3589 0.1083
-0.6867 0.0733
-0.1693 -0.1235
-0.1107 -0.0625
0.4143 -0.5194
0.3401 -1.9912
0.0774 0.1485
-0.3832 0.2271
-0.2661 -0.1985
0.8778 -0.4133
0.7418 -0.5005
-1.5965 -1.8014
0.1800 -0.1582
-0.5045 -0.7042
0.5945 0.4259
-0.4455 0.5219
-0.2200 -0.1187
-0.4076 0.3682
-0.8468 -0.4727
-0.0118 0.0218
-0.3948 0.4918
0.5445 0.2590
-0.8163 -0.3201
-0.3164 0.1240
0.9877 0.0482
-0.3559 -0.2208
-0.4175 -0.6464
0.2699 0.9191
1.3611 -1.9411
-0.1392 0.5257
0.4759 -0.3440
0.1342 -0.6558
0.4330 0.8734
0.1074 0.0268
0.3915 0.7118
0.8081 0.3762
-0.1841 -0.3612
-0.0666 0.0947
0.8383 -0.0861
0.3089 0.4875
0.3620 -0.1984
-0.2340 -0.2578
-1.1368 -0.4419
-0.0124 -0.0299
-0.1962 0.2063
-0.6866 -0.0046
0.7448 -0.4842
0.2996 -0.6002
-0.5519 -0.2603
-0.1190 0.0087
0.4084 -0.5290
-1.4987 -1.2663
-0.2684 -0.1628
0.0545 -0.0760
0.0000 -0.0740
-2.2274 0.9243
-0.2328 -0.4132
-0.2214 -0.8304
0.7431 0.4017
0.1050 0.7995
1.1774 1.0870
0.0407 -0.5713
-0.0124 0.0797
0.3123 0.9192
0.0040 -0.1483
-0.0387 -0.0168
-0.0032 1.4667
-0.1903 -0.1137
0.1029 -0.1999
-0.0195 -0.0193
-0.0757 0.0217
0.5100 0.7511
-0.4105 -0.4573
0.0650 -0.0407
-0.2112 -0.7414
-1.0419 0.3628
-0.7697 -0.0256
-0.1215 -0.3393
0.1526 -0.0905
-0.0605 -0.1000
-0.2758 -0.2022
0.7433 0.3143
-0.8504 0.0410
0.4655 2.5210
-0.2180 -0.7685
0.3459 -0.0870
-0.6698 -0.4745
-0.8736 -0.2782
0.3075 -0.6867
-0.1648 -0.0900
-0.0948 0.1402
1.7221 0.5864
0.1520 0.0803
-0.0214 -0.6585
0.0305 -0.0100
0.0305 0.4153
0.0600 0.4302
0.4718 -1.3457
0.1253 0.3444
-0.0044 -0.0457
-0.3895 -0.0823
0.1945 -0.5075
0.3857 -0.7676
-0.3927 -0.3011
0.8245 -0.5200
0.2269 0.2088
-0.6174 0.0498
1.2558 1.1710
0.6207 -0.1267
-0.0013 0.0011
-0.1442 -0.3653
0.3132 0.2833
0.6386 -0.4976
-0.5813 -0.6901
0.3670 -0.6754
-0.2459 -0.2446
-0.7963 0.3696
0.0952 -0.2630
0.2417 0.1199
0.6560 0.1826
0.2684 -0.1597
-0.7803 0.2458
0.6553 -0.2690
0.1057 -0.1707
-0.5570 -0.6072
0.2717 -0.6038
0.0542 -0.2097
-0.0603 0.3378
-0.3072 -0.2151
-0.0303 0.0595
0.4638 -0.2884
0.1585 -0.1007
-0.5878 0.6603
0.2447 -0.0141
-0.2909 0.3647
0.0216 0.2051
-0.0150 -0.2601
0.0187 0.0223
0.1202 0.2139
0.7809 0.6193
0.5113 -0.7187
0.0343 0.0192
-0.2519 -0.1266
-0.4378 0.7229
0.4644 0.6138
-1.5415 -0.8109
0.1298 -0.3996
0.4857 -0.2157
0.8593 0.3713
1.0234 1.5823
-1.3380 0.4672
-0.0410 0.0174
0.0786 -0.5498
-0.0252 -0.0222
-1.3110 0.0643
-0.3741 0.5177
0.0656 -1.6060
-0.0098 -0.0483
0.0189 0.9067
-0.3258 0.3606
-0.0528 0.0231
0.1850 0.0106
0.2368 -2.3813
-0.3307 0.4658
0.0118 -0.2685
0.4334 -0.1948
0.1241 -0.8036
-0.0183 -0.0741
0.1061 0.1827
-0.0499 0.9624
0.5423 0.6875
-0.6287 0.0789
-0.2733 0.2718
-0.3364 0.9171
0.3312 -0.5440
0.4413 -0.4821
-0.0945 -1.2839
-0.0202 -0.0353
0.1971 -0.4720
0.0087 -0.0057
-0.4430 0.0245
-0.5551 -0.2244
0.1302 0.2144
-0.4224 -0.0308
-0.1091 0.5489
0.3793 0.0345
0.1206 0.3658
-0.6983 0.0982
-0.0967 -0.0351
0.0055 0.2079
-0.0097 -0.7222
0.0509 -0.2287
0.3080 -1.6558
0.0477 -0.0799
-0.2496 0.5403
0.0383 0.3013
0.0621 -0.2421
-0.3488 0.5147
-0.0538 0.0181
-1.1098 0.1024
0.0685 0.0267
-0.3328 -0.5887
-1.0863 -1.9226
-0.1423 -0.2903
-0.6912 0.0630
0.2728 -0.2536
-0.1244 -0.1201
-0.1544 0.3893
0.2615 -0.6576
-0.2334 0.3475
0.0377 0.0342
-0.1728 -0.5691
0.0595 -0.5303
0.1859 0.2665
0.7248 -0.5012
0.8738 -0.3314
-0.0354 0.0705
-0.0331 0.0136
0.0634 0.3494
-0.2851 -0.8406
0.9368 0.1474
0.1501 0.9700
-0.3839 -0.2278
0.1455 0.0214
-0.3435 -0.0849
0.8635 -0.0398
-1.9200 -0.5831
0.0631 0.0829
0.0023 0.0013
0.9209 0.1251
-0.1994 0.1549
0.3269 0.2346
0.0156 -0.8589
0.6787 0.5636
-0.1501 -0.2593
3.7324 0.3166
3.3177 -0.0813
4.0084 -0.6107
3.2321 -0.7901
1.6914 -0.9301
3.5988 0.0564
3.8941 -0.3860
3.3912 -0.6385
3.4953 -0.0010
3.6613 -0.0550
3.6113 -0.0176
3.3809 -0.0681
3.8903 -0.6594
3.6024 0.0745
3.6226 0.1482
3.3771 0.0901
3.4984 -0.0016
3.1445 -0.6604
4.0172 -0.0439
3.7161 0.2870
3.3227 -0.4645
3.6148 0.7627
3.0967 -0.1792
3.1881 0.1280
3.8555 0.4761
3.3683 -0.0058
3.4904 0.2590
3.6375 -0.4301
2.9015 0.2908
3.5431 -0.1291
3.7814 0.8951
3.1366 -0.6929
3.5060 -0.1002
3.4888 0.1963
3.1615 -0.8895
3.4475 -0.0367
3.5130 -0.0316
2.2364 1.3214
3.8111 -0.1412
3.5402 0.0415
3.4864 -0.2620
3.3683 0.5358
3.6273 -0.0335
3.7138 -0.3900
3.6649 -0.9421
3.4587 -0.1088
3.8326 -0.2720
3.4462 0.1600
2.3862 -1.9923
3.0335 -0.5928
2.9574 -0.4484
3.0450 -0.0363
3.8158 0.3695
4.4910 0.1217
3.7152 0.4779
3.5344 -0.1314
3.3466 -0.4914
3.5272 0.0122
2.5363 0.0366
2.7192 -0.1359
4.0733 -0.3719
3.7550 -0.1231
3.8748 0.6642
3.3672 -0.1241
3.0733 0.8334
2.6644 1.0132
3.1528 0.2786
3.4899 0.1107
3.5450 -0.1935
3.5873 0.0008
2.8018 0.4133
3.1684 0.5549
3.5033 0.0103
3.6735 0.0799
3.3420 0.5318
4.0361 -0.4848
4.0225 0.2790
3.8265 0.7024
3.3057 0.1730
2.9733 -0.2864
3.5422 0.3179
3.2075 0.0382
3.9235 -0.8621
2.7763 0.3702
4.0053 -0.1734
2.8048 0.6817
3.6292 0.0622
3.1590 0.4829
2.5737 0.2017
3.2313 -0.0703
3.8822 0.3489
4.4215 0.0821
3.3195 -0.5267
4.0628 0.0565
3.3231 -0.6533
3.3379 0.7980
3.2204 -0.0517
3.2043 -0.6674
2.6165 -0.3327
3.7350 -0.7719
3.8477 -0.1927
4.5366 -1.7657
3.8292 -0.4352
2.6819 0.3360
3.3503 -0.0207
3.8673 -0.4466
3.3742 0.1582
3.2137 0.5600
4.1230 0.2293
2.8388 -0.3949
3.8568 0.2638
3.2632 -0.2610
3.2109 0.1963
3.4958 0.0078
3.9432 -2.3089
3.4094 0.0382
3.7119 -0.2011
3.7057 -0.3482
3.3174 0.1530
3.3584 -0.1695
4.0052 0.6445
2.7766 -0.5107
2.6607 -0.1702
3.9491 2.6182
5.1322 -1.1794
0.9962 0.5652
3.2062 0.2482
3.2972 0.3443
3.3867 -0.0501
3.3738 -1.2730
3.2065 -0.2315
3.3965 -0.6172
3.5708 -0.4485
4.2035 0.3881
3.4368 -0.9346
3.8228 0.8825
3.8182 -0.0213
3.8058 -0.8033
4.2761 -0.6240
3.2008 0.6653
3.3322 0.8842
3.2269 -0.5138
3.8013 -0.3211
3.2872 -0.3075
2.8166 0.1893
4.0593 -0.5660
3.0322 -0.2972
3.1454 -0.4491
4.1831 -0.1112
3.8777 -0.0985
3.4218 -0.4953
1.7738 -0.2110
2.7362 0.2989
2.8877 0.4918
3.4986 -0.0008
3.6704 0.3421
4.0515 0.0963
3.5485 -0.6907
4.2947 0.3758
3.5707 0.0174
3.4449 -0.0619
3.2902 -0.5885
4.0709 -0.0201
3.3606 -0.7833
4.3176 0.1740
2.7175 -0.4208
3.4999 -0.0118
3.6205 0.0365
3.4951 0.7184
3.7339 0.0862
3.1986 0.0087
3.1160 -0.6657
2.0911 0.4184
3.6917 0.7091
3.4363 0.2991
3.2776 0.0176
1.5679 0.8119
3.3438 0.6066
3.0685 -0.4334
4.7959 2.0025
3.5344 -0.0386
3.5846 0.0201
3.3443 -0.6003
3.3642 0.1147
4.9413 -0.1476
1.4883 -0.8670
3.3367 -0.1518
2.3852 0.6167
3.1325 -0.6188
3.1512 0.3839
4.5938 0.9096
3.5857 -0.6489
3.8617 0.3156
4.0367 -0.1998
2.6108 -0.3684
4.0963 0.2082
3.0440 0.2121
3.3365 0.8302
1.4492 -1.1432
3.6371 0.1500
3.2194 0.8700
3.5526 0.0845
3.0111 -0.3968
3.3750 0.2379
3.9650 -0.9785
3.8838 -0.0414
4.2485 -0.0266
3.5027 0.0135
3.6358 -0.2755
2.9378 0.4477
4.2599 0.3278
3.8763 0.5284
3.8006 -0.2706
3.4305 0.9159
3.2134 0.6375
2.6438 0.1790
2.5946 -0.1725
4.0969 -0.7089
3.6977 0.1581
4.0637 0.0485
4.2180 -1.3685
4.0770 -2.6284
3.4562 -0.3173
3.2426 -0.2329
3.4525 -0.5094
3.7185 -0.3466
3.3936 -0.0379
2.8189 0.2541
3.3764 -0.4052
3.4982 -0.0039
3.8782 0.8223
3.7053 -0.1781
3.6083 -0.1143
4.1916 0.5409
3.6420 -1.5012
3.9880 0.6421
3.5444 -0.8820
3.6633 0.1701
2.1085 -0.8486
4.0129 0.6056
3.1238 0.0766
3.2702 0.4324
3.6065 -0.0748
3.4832 0.2799
2.9471 0.4883
3.4924 -0.2591
3.7670 0.3370
4.1055 -0.1987
3.8419 -0.1932
3.4832 0.0071
