0.1513 0.1533 0.0073
-0.2747 -0.0191 -0.4718
-0.2273 -0.8508 0.0919
0.7172 -0.2835 0.0114
0.4651 -0.1387 0.3820
0.0089 -0.0069 0.4075
-0.1729 -0.1266 -0.0939
-0.0721 -0.0637 0.9710
0.5239 0.1651 -0.7527
0.4853 0.4445 0.2649
-0.4105 0.3929 -0.5004
0.3728 0.3093 -0.6520
0.0847 -0.0947 0.4573
0.0170 0.0033 -0.7418
-0.0115 0.0004 0.0006
0.3643 0.0669 -0.5914
0.5993 -0.6146 -0.3896
0.9872 0.6905 -1.0323
-0.0216 0.0090 0.0605
-0.5211 -0.2308 -0.0444
0.1007 -0.7449 0.0951
0.0702 0.1160 0.1027
-0.1558 -0.4933 -0.2722
-0.0435 -0.1141 0.9227
-0.4430 -0.1895 0.7030
-0.2431 -0.7463 0.1874
0.1064 -0.1256 -0.0851
-0.9380 0.8566 -0.2803
-0.4911 0.7596 -0.1560
0.0331 0.0382 0.1080
-0.0038 0.0118 -0.1645
0.1556 -0.1740 -0.8364
0.1297 -0.3615 -0.7822
-0.4196 -0.5513 -0.0447
0.0660 0.0012 -0.1917
-0.0125 -0.0070 0.4199
0.2491 -0.4730 -0.6985
0.3795 -0.2802 -0.8740
0.0274 0.0914 -0.3842
0.2155 0.3226 -0.1266
0.0316 0.0627 -0.2785
0.0311 -0.1404 0.0173
-0.1188 -0.5519 0.1986
-0.1268 -0.2639 -0.6833
0.0010 -0.0129 0.0003
-0.0837 -0.0737 0.0755
0.0590 0.0138 -0.4258
0.1572 -0.2924 -0.2601
0.0766 -0.7937 -0.2781
-0.1207 -0.2943 0.6496
4.4667 -0.0083 0.3573
3.9515 -0.0270 0.0957
4.0405 0.0316 -0.1556
4.0240 -0.0020 -0.6465
4.0104 0.0267 0.9474
3.8894 0.0865 -0.4064
3.9877 -0.0021 -0.0224
4.4708 0.4479 -0.7338
4.0491 -0.5501 -0.5393
3.9168 0.3521 -0.4214
4.0966 -0.2290 -0.1658
4.3884 -0.1080 0.6729
3.9753 0.3339 -0.2316
4.0978 0.0670 -0.0022
3.9934 0.0093 -0.5642
4.0356 -0.0820 0.0631
3.6329 -0.0659 -0.2084
3.8482 0.0551 0.0267
4.2213 0.1255 0.6078
4.1097 -0.0156 0.9408
3.5594 -0.1340 -0.7531
4.3708 -0.5783 -0.2253
4.1023 0.1875 0.9439
3.6448 -0.3303 -0.2683
3.9922 -0.0039 0.0995
5.2555 -0.0972 -1.8216
4.2431 -0.2486 0.5654
3.7946 0.4757 -0.0622
4.1186 -0.0532 -0.0338
3.9913 -0.0012 -0.8586
4.3315 0.4826 0.3319
3.8903 -0.3146 0.7739
4.0243 -0.3690 0.1352
3.7110 0.2092 0.5936
3.9643 0.2218 0.6103
3.8654 0.1443 -0.4781
3.3302 0.3816 -0.2904
4.2392 0.0918 -0.0286
4.0263 -0.0022 -0.0015
3.8781 0.0680 0.0036
4.1054 0.1104 -0.2239
3.8998 -0.3147 0.3434
3.4364 0.0130 -0.0632
3.9961 -0.2839 0.0291
4.2695 0.2198 0.0606
3.8338 -0.4453 -0.5218
3.8935 -0.1210 0.4480
3.7543 -0.0181 0.7290
4.0526 -0.6393 1.3277
5.1891 -1.3891 0.1051
