0.6681 0.0274
-0.9154 -0.2028
0.4211 0.5542
0.1277 -0.1826
0.4138 0.1998
0.1493 0.0041
-0.1750 -0.0892
0.8923 0.0573
-0.4392 0.7577
0.0727 0.4094
0.7772 -0.3219
0.0229 -0.1873
0.6698 0.2504
-0.8378 0.0677
0.1028 0.0529
-0.0090 -0.0697
-0.2865 0.5864
-0.8885 -0.2285
-0.5677 -0.3754
0.0842 -0.1677
-0.8774 -0.1126
0.3270 -0.8390
-0.2735 -0.8641
-0.3446 0.2690
-0.0079 0.1915
-0.1007 -0.6217
0.1556 0.9782
0.6836 -0.4864
0.0079 -0.0020
-0.2982 -0.3145
0.1283 0.0992
0.0822 -0.2074
-0.1009 -0.0158
-0.1347 0.0916
0.9100 -0.2582
-0.2552 0.8932
-0.9233 0.3271
0.1956 0.7923
0.1895 -0.0723
-0.1187 -0.0194
0.6245 -0.2968
0.2728 -0.0478
-0.2563 -0.8513
0.2613 -0.9077
-0.1227 -0.0925
-0.0401 0.0603
-0.2007 0.0219
-0.3290 0.2754
0.5712 -0.3558
0.4761 -0.5703
0.1478 -0.1191
0.4697 -0.8188
-0.1031 0.1437
0.3605 -0.3133
-0.5690 -0.2973
-0.0933 -0.3388
0.1073 0.0599
-0.0493 -0.4290
0.0112 -0.0119
-0.0567 0.5533
0.8814 0.2698
-0.5112 -0.2257
0.2475 -0.0028
0.0456 -0.1660
0.4523 0.1740
0.5660 -0.1561
0.0900 0.3427
0.0653 -0.0542
0.4076 0.8040
-0.0124 0.4349
-0.0526 0.0414
-0.0367 -0.0725
-0.4124 -0.4863
-0.1489 -0.1587
-0.0497 0.2958
-0.0028 0.8337
-0.0426 -0.5030
0.2548 0.6774
0.0945 -0.6409
-0.4816 0.1288
-0.2065 0.1936
-0.0273 0.0678
0.6348 -0.0446
-0.5016 0.3589
-0.9092 0.3085
-0.8356 0.2971
0.0193 0.1993
0.3356 -0.0844
0.3041 -0.3600
-0.4389 -0.1910
-0.2084 0.7568
-0.6708 -0.6103
0.5381 -0.0648
0.2112 0.2140
-0.1806 -0.2155
0.6569 -0.1758
0.3719 -0.3255
-0.2335 0.9486
-0.8064 -0.4012
0.0388 0.6225
-0.1234 0.0434
0.5784 -0.1779
-0.0754 0.5100
-0.1765 0.7442
0.3564 -0.0567
0.3546 -0.5016
-0.0551 -0.5521
0.0050 0.0911
-0.6290 -0.3822
0.3956 -0.0744
-0.1920 -0.4248
-0.1027 -0.1892
0.0330 0.0320
0.0409 0.1989
-0.7267 0.2275
0.5425 0.2254
-0.2352 -0.3356
0.0368 -0.1468
-0.2198 -0.3630
0.0179 -0.0039
-0.8365 -0.2390
-0.9215 0.2243
-0.6624 -0.6286
-0.9627 0.1739
0.1895 0.7863
0.3986 -0.8589
-0.0605 0.0410
0.0125 0.0313
-0.1669 0.3031
0.2136 0.0767
-0.6231 -0.6300
-0.8507 -0.4960
0.0311 0.0473
0.0172 -0.1034
0.4666 0.6396
0.4901 0.1847
0.1559 0.8733
0.5041 0.4488
0.0378 -0.2029
-0.1710 0.0240
-0.0156 0.0021
-0.1186 0.8496
-0.5917 0.6238
0.0416 -0.2878
-0.1903 0.4069
0.0428 0.4453
0.0569 0.1403
-0.0490 0.9223
0.8296 -0.4337
0.4917 -0.7590
-0.6334 -0.3404
0.8803 -0.4149
-0.0571 -0.0283
0.0416 -0.0111
0.2220 -0.1915
0.3612 0.3088
0.1603 0.4249
0.7068 -0.1436
0.3920 -0.2436
0.4460 -0.4350
-0.4316 0.7522
-0.7705 0.4519
0.2305 -0.2761
0.5258 0.1039
0.5071 -0.8138
0.0456 0.3637
0.5631 0.1052
-0.0225 -0.0602
-0.2496 -0.4472
0.4825 -0.0915
0.0604 -0.2678
0.1498 -0.0463
0.4637 -0.3401
-0.2913 0.3237
-0.0299 -0.7121
0.0325 -0.0099
-0.1614 0.9573
-0.1592 -0.8650
-0.0114 -0.8660
0.0380 0.2552
0.4281 0.0587
-0.1347 -0.5559
-0.4822 -0.7170
0.4573 0.4583
0.0472 -0.1743
-0.1187 -0.2660
-0.1886 0.1025
0.3633 -0.4446
-0.0716 0.2715
0.4408 0.7236
0.0115 0.0410
-0.0000 0.0016
-0.4149 0.1195
-0.1236 -0.1638
-0.3839 -0.2565
-0.0395 -0.0596
-0.0491 0.0178
-0.1928 -0.7691
-0.1911 0.2736
-0.0028 -0.7013
