0.2998 -0.8002 0.3090
0.2263 -0.9554 0.0069
-0.1196 0.0630 0.0730
0.1756 -0.1084 0.7620
0.0012 -0.5831 1.0564
-0.5170 -0.2900 -0.7401
-0.1136 -0.3386 -0.3529
0.1568 -0.0577 -0.0179
-0.0639 -0.1109 -0.0648
-0.4223 -0.2823 -1.5535
-0.1610 0.2961 0.0771
0.2083 0.0239 -0.0611
-0.0030 -0.0009 0.1132
0.1437 -1.0815 0.6726
-0.0001 -0.0429 0.4998
-0.4736 0.0177 0.7532
-0.3523 -0.0705 -0.0865
-0.0073 -0.0620 0.0382
0.3144 -0.4977 0.5887
-0.1238 -0.0335 -0.1279
0.1338 -0.0839 -0.0887
-0.2034 0.3031 -0.3595
-0.4105 -0.2748 0.3649
0.5101 0.2127 0.3538
-0.4251 0.0338 -0.4365
-0.0103 -0.0492 -0.2557
0.3569 -0.4007 -0.1284
0.3446 0.8568 1.1456
0.0083 -0.0153 0.1588
-0.2071 -0.0011 -0.0735
-0.0539 -0.2087 -0.5955
0.4448 -0.4870 -0.5962
-0.0767 0.0211 0.0388
-0.1255 -0.1264 1.5338
-0.4910 -0.1273 -0.6570
-0.1758 -0.4209 -0.3977
0.3967 -0.3540 -1.4554
-0.4453 0.5299 1.5257
0.1976 -0.0401 0.7718
-0.0091 0.0801 0.0934
-0.0524 0.0223 0.0125
0.0105 -0.0045 -0.1713
-0.0885 0.0352 0.1727
0.8198 -0.1002 0.5393
0.3900 0.5769 0.5783
-0.0000 -0.0086 0.1011
-0.2112 0.0398 0.8145
-0.1578 -0.0405 0.4415
-0.8328 0.1489 -0.1864
-0.0806 0.7576 -0.5245
