0.5360 -1.5208
0.2030 -0.2509
-0.3775 0.4463
-0.1787 -0.8430
0.3066 -0.6501
-0.4343 -0.0200
-0.0343 -0.0804
0.6487 -0.5357
0.6949 0.0695
0.1037 -0.0590
-0.5528 0.3751
0.0207 -0.0003
0.1055 -0.6090
0.0695 0.4502
-0.1546 -0.1452
0.7157 0.0640
1.2848 -0.6975
-0.0865 -0.0219
0.6311 0.2178
0.6591 -0.4277
-0.0025 -0.0249
-0.2774 0.0961
-0.0721 0.0459
0.0183 0.0146
-0.6585 -0.7902
3.2620 -1.3653
3.0449 2.1668
2.0272 0.1117
3.3411 -0.7152
2.6140 -0.5360
2.9300 -0.4417
3.8920 -0.1589
2.5434 0.6323
2.8517 -0.1849
3.6294 -0.5565
3.1283 0.0397
2.6446 0.5032
3.0001 0.0002
2.5946 -0.1800
3.0965 -0.0031
2.6504 -0.3068
2.7976 -1.6032
2.4631 0.4227
3.2582 0.7884
2.5993 -0.2116
2.8802 0.4889
1.7888 -1.2459
2.6860 -0.4873
3.1324 0.0007
3.4051 -0.1931
