-0.0803 -0.1142
0.0418 -0.1539
-0.3878 0.3287
-0.1991 -0.3151
-0.7877 0.5082
-0.8828 -2.5556
-0.4531 0.0124
-0.3478 -0.3339
-0.1558 0.6845
-0.5538 0.1355
0.3036 -0.1080
0.5280 0.6784
-1.9765 1.7709
0.4198 0.7878
0.4616 0.4906
0.0608 0.6453
3.1605 1.2480
0.2928 -0.8432
0.0132 0.0035
-0.1834 -0.5453
0.0346 0.1091
-0.6106 0.1487
-3.4928 -1.6739
0.7841 0.4850
0.0943 -0.0292
5.5185 -0.6662
5.4260 0.7445
4.4025 0.1359
4.2279 -0.5328
5.3921 -0.4408
5.2933 -0.0542
4.7452 -0.3931
4.6384 0.0413
5.5536 0.1579
5.2642 0.2771
5.7001 -0.0993
4.8293 -0.9079
4.2926 -0.4608
4.7717 -0.6599
4.8371 -0.0892
5.8979 -0.3676
5.0188 -0.1175
5.8016 0.2306
5.0784 -1.1046
5.5804 0.5619
5.8558 0.0729
5.1916 0.6195
5.0962 0.0386
4.4031 0.0404
4.9821 0.9712
