-0.5030 0.4039 0.6873
-0.1476 0.0109 0.1140
-0.0795 0.0924 0.0762
-0.2311 0.0864 0.8587
-0.1674 -0.3734 0.2204
0.1793 -0.1220 -0.1765
0.0469 -0.4490 0.3850
0.0427 -0.0267 0.0155
0.1287 0.1551 0.9714
-0.1077 -0.0571 -0.0506
0.1424 -0.5621 -0.7033
0.0687 0.2281 -0.4308
1.8280 0.5167 0.0559
-0.2210 -0.1500 -0.5725
0.0048 -0.2369 -0.1557
-0.3576 0.2090 0.2949
0.0871 -0.4575 -0.1716
-0.1101 -0.5287 -0.2254
0.0821 0.1305 0.2779
-0.0462 0.0241 -0.0114
0.5242 -0.5401 0.0875
0.1409 0.2911 0.1123
-0.0180 0.1609 0.3853
0.2766 0.3387 -0.6413
0.0409 -0.0896 0.2320
-0.0417 0.1854 -0.7891
-0.3091 -1.5439 -0.1859
0.5122 0.5064 0.3810
0.5316 0.1456 -0.1474
0.6733 0.2581 0.3281
0.0216 -0.0538 -0.3608
-0.4260 0.0218 -0.1733
0.1451 0.0225 0.2013
-0.0147 -0.0366 0.0447
-0.1955 0.8680 -0.0860
0.1438 -0.2199 -0.2255
0.0522 0.0834 0.1836
0.2444 -0.1951 -0.1655
-0.8273 0.2589 -0.4242
0.0205 0.0295 0.1011
0.0963 -0.3359 0.1240
-0.2094 0.0374 -0.9110
0.0350 0.1168 0.2554
0.3178 -0.0298 -0.2748
0.9044 0.0876 -2.0441
0.0063 0.0069 0.0281
0.0676 0.9154 -0.3604
0.1481 -0.0100 -0.0908
0.0373 -0.3004 -0.2069
-0.1542 -0.0118 0.0145
-0.3077 0.3663 0.5618
-0.5625 -0.2781 0.6592
0.1798 -0.0779 0.3781
0.3673 0.7319 -0.3638
0.0220 0.0135 -0.0261
-0.4727 0.1346 0.6553
-0.2745 -0.2219 0.1622
-0.0577 0.2989 -0.3316
-0.2872 0.4162 -0.6181
0.2179 0.2468 0.6686
-0.0372 0.0874 0.0700
0.7702 -0.1481 -0.0698
-0.3045 0.2578 -0.0314
0.2884 -0.4216 0.6362
-0.4083 0.0289 0.2672
0.0175 0.1438 -0.0430
-0.0354 0.0037 -0.9274
-0.1486 -0.8697 0.2468
0.3421 -0.0382 -0.0598
0.0689 -0.0448 0.1950
-0.1625 -0.0344 -0.0349
0.5935 0.7097 2.4757
-0.1592 0.0315 -0.8774
-0.0503 0.0097 -0.3750
0.0571 -0.0331 -0.2760
0.0462 0.0772 -0.1275
0.1306 0.1031 0.0010
0.6320 0.2484 -0.3929
-0.0937 0.0794 -0.0165
-0.0083 -0.0116 0.0808
-0.1447 0.3797 0.4487
-0.0183 0.2547 -0.1154
-0.0288 -0.0055 0.3459
-0.0994 0.1360 -0.0763
-0.3408 -0.2080 0.0967
0.0431 -0.0136 0.1556
0.1241 -0.1126 0.3476
0.1181 -0.0336 0.3885
-0.0751 -0.0975 0.0909
0.0924 0.6316 0.0759
0.0507 0.0379 0.0204
0.1247 -0.1094 -0.4180
-0.2647 -0.4047 -0.5162
0.3890 -0.2642 -0.3034
-0.1203 0.3221 0.7040
0.1014 0.2895 0.8050
-0.0027 -0.6323 -0.2642
-0.1983 0.2003 -0.6667
-0.6412 2.9114 -0.8139
-0.3297 0.7431 0.1736
