-0.1828 0.0069
0.7579 -0.5240
-0.7071 -0.2488
-1.0120 -0.5091
-0.5535 -0.3761
0.1571 0.7487
-0.6604 0.1628
0.2841 0.5670
-0.3433 -0.3168
0.2686 -0.8862
0.1656 0.1239
-0.5794 0.0866
0.0040 -0.0038
0.5544 0.8239
0.2782 0.0447
0.0276 0.0304
0.7992 0.2910
0.1775 -0.2584
-0.7126 0.4305
-0.3776 -0.5219
0.1824 0.0999
-0.0997 0.5549
0.0412 0.0308
0.0126 -0.1571
-0.0236 -0.0762
0.0776 0.0271
0.7510 -0.5410
-0.0361 0.1795
0.7886 0.4095
-0.1861 -0.1104
0.0462 -0.0077
2.7057 1.8128
0.9684 0.1740
0.1903 0.2190
-0.4319 0.3205
-0.0712 -0.6473
0.0668 -0.0750
0.0031 0.1612
-0.6493 -0.5332
-0.0085 -0.0039
-0.0011 0.0721
0.1996 -0.1116
0.2993 0.6426
-0.8287 0.1814
0.0119 0.5560
0.0566 -0.0564
0.1881 -0.2012
0.3658 -0.6133
0.3033 -0.3691
0.0481 -0.5344
0.2413 -0.2863
0.6647 0.6395
0.6499 -0.2286
0.0534 0.1161
0.2232 0.0902
0.4763 0.4227
0.0815 -0.8631
-0.1478 -0.1649
0.6021 0.1694
-0.4587 0.1968
0.0376 0.0483
0.3258 0.4338
0.2754 0.4465
0.8536 0.0354
1.4692 0.2924
-0.1185 0.3609
0.1727 -0.6673
-0.8842 -0.0057
-0.1975 -0.1506
-0.5417 -0.3928
0.6580 0.4475
-0.3391 -0.3206
0.6227 -0.0981
-0.4562 -1.0221
0.4824 -0.5095
0.0044 0.0627
-0.0847 0.7333
2.0313 0.0733
0.1545 0.6542
0.5683 -0.5045
0.1393 -0.9009
0.1219 -0.2973
0.0266 -0.0823
0.0243 0.0069
0.1179 0.3006
0.0565 -0.8648
-0.0361 0.5571
0.0785 0.1046
0.2493 -0.6103
-0.3846 0.0491
-0.3840 -0.0557
0.1014 -0.0082
-0.0416 -0.5291
-0.7409 -0.1082
0.0342 0.0286
-0.4841 -0.5218
-0.1208 0.3842
0.4949 -0.5154
0.1491 -0.1448
0.7357 0.3590
6.7510 -2.6620
5.0006 -0.2818
4.5440 -0.5310
4.5263 0.1252
5.2242 0.4322
4.3257 0.1509
4.8782 0.1412
3.5892 -0.2355
5.3068 -0.4701
4.2602 -0.0449
4.4029 -0.5206
4.6530 -0.0204
4.0787 -0.5357
4.5233 -0.0074
4.5991 0.6913
4.2102 -0.1638
5.2617 0.1392
4.3891 -0.2364
4.7994 0.0249
4.8960 0.7171
4.0188 0.4155
4.8506 0.1412
3.7120 0.2600
3.9988 0.5405
4.3039 0.1501
4.4723 -0.3921
4.3531 -0.1251
4.4072 -0.2388
4.4005 0.2622
5.1506 -0.2012
4.2609 -0.1859
4.4957 -0.6230
4.3968 -0.3954
7.8999 -1.0875
4.5376 0.5230
4.4978 0.0208
4.1567 -0.1662
4.2948 -0.2657
4.6082 -0.2166
4.4017 -0.6570
4.4777 0.0218
4.4910 -0.3983
4.2650 0.3309
4.3938 -0.0908
5.3892 0.4560
4.6780 -0.3970
3.7371 0.2864
5.0193 -0.0081
4.8183 -0.2899
3.6406 0.1481
5.2344 0.0399
4.4607 0.0491
4.3622 -0.0116
3.9839 0.4258
6.6189 -2.6828
4.8074 0.1523
4.3276 0.0363
5.0799 0.7940
3.6269 -0.1211
3.6031 0.0062
6.9423 0.5901
4.1187 0.8243
4.9023 0.4297
4.9656 -0.2195
4.9784 0.1975
4.3049 -0.8085
4.1847 0.3178
4.0552 0.0357
4.5838 0.2219
4.4071 0.6069
4.5377 -0.1700
4.8143 -0.3793
3.9306 -0.2675
4.6067 -0.9778
4.4467 0.9281
4.2986 -0.8394
2.8119 0.0916
4.1618 -0.0656
4.5218 0.0208
4.4627 0.1463
4.2509 0.0790
4.6382 0.5582
5.0324 0.2627
4.4780 -0.5590
4.4210 -0.5069
4.9314 0.1285
5.4884 0.1308
4.2249 0.0613
4.0709 0.4471
4.1706 -0.2722
5.2299 -0.5293
4.4612 -0.8894
4.5993 -0.6619
4.1677 0.3056
3.9702 -0.0291
4.6959 0.1415
5.1345 0.7124
4.6241 -0.1923
4.3871 0.1264
4.4163 0.7656
