-0.1421 -0.9491
0.1502 -0.3471
0.2355 -0.0164
-1.0913 -1.7276
-0.5331 -0.1267
-0.0458 0.4180
0.0041 -0.1533
0.5756 0.7585
-0.0644 0.0584
-0.3770 -1.0433
0.2206 0.5602
0.5786 0.1758
-0.8354 0.3574
0.0914 0.3125
-0.5422 0.4727
0.3007 -0.1708
0.3955 0.7453
-0.1692 0.0568
0.0139 0.4160
-0.5378 -1.0455
0.4900 0.3565
-0.4313 -0.6730
-0.7844 -0.5134
0.4690 -0.0297
0.5557 0.1573
0.0573 0.2751
0.2558 -0.1913
-0.0601 0.1601
-0.0130 0.2451
-0.7140 -0.5688
-0.0105 -0.0062
0.2057 0.3983
-1.5932 -1.1467
-0.1112 -0.5190
0.1299 0.0251
2.0951 -0.3460
-0.6199 0.9512
0.6525 0.4831
-0.3376 0.6194
0.7294 0.3154
-0.2594 0.6978
-0.2626 0.2629
0.6234 0.6715
0.1728 0.1217
0.0672 -1.6834
-0.7183 -0.0813
0.6166 -0.0585
0.3709 0.4575
0.2045 -0.0179
-0.5211 -1.0099
0.0777 -0.0114
-0.2233 0.1790
-0.7028 0.4015
-0.0827 -0.7172
0.4234 -0.9970
0.0868 -0.3828
0.5736 0.9536
-0.1024 -0.0511
-0.2612 0.6801
-0.8816 0.2581
0.7734 -0.1279
-0.4448 -0.7825
-0.0621 0.1718
0.0196 -0.0670
-0.7652 0.5779
-1.8966 -0.9335
0.4204 0.1226
0.8317 0.1374
1.2501 0.6244
-0.6151 1.5369
0.4259 0.1387
0.3145 -0.4042
0.1158 -0.2371
-0.5741 -0.2132
0.8910 -1.4685
-0.1372 -0.4175
0.5312 -0.0741
0.2314 0.1485
-0.4964 0.1641
0.6932 0.1666
-0.0771 -0.6785
0.7917 0.1165
-0.2591 0.7496
-0.0649 -0.1113
0.0147 0.0276
0.4340 -0.0170
0.3203 0.3188
-0.8073 0.8456
0.0227 0.0439
0.0044 -0.6418
0.0796 0.2175
0.0182 0.0270
0.8429 -0.5311
1.8898 0.9840
-0.4481 0.3789
-0.1715 -0.8693
-0.0532 -0.3268
0.4916 -0.1684
-0.0164 -0.2701
0.4257 -0.8597
0.5573 -0.7992
-0.4060 0.9068
-0.0651 -0.4897
0.0781 0.5329
0.9320 0.0054
1.4080 -0.7034
0.7143 -0.2145
-1.0994 -0.0899
0.0214 -0.0992
-0.2729 -1.2459
-0.0039 0.0551
-0.3691 -0.1841
0.1077 -0.6888
0.6921 0.2800
-0.1830 -0.2383
0.2333 -0.1868
0.7764 -0.5223
-0.0286 -0.0534
1.7008 -0.9677
-0.6309 -0.7439
1.3221 -1.6940
-0.2859 0.1580
0.6093 0.6196
-0.4139 -0.0582
0.0333 -0.1619
-0.1530 0.0225
-0.6988 -0.4095
-0.2984 0.2326
0.4059 0.0082
-0.2941 0.6089
-0.0050 0.0013
0.0015 0.1257
-0.1151 0.5916
-0.1211 -0.7985
-0.8208 0.4344
0.2042 -0.2284
-0.3009 -0.2031
0.3030 0.2868
0.1408 -0.0293
-0.2512 0.1318
-0.5446 1.1940
0.2842 0.2311
0.0253 -0.0421
0.0065 -0.0008
0.1802 -0.1416
0.3502 0.8919
0.5338 0.6142
0.1425 0.6377
0.2041 0.4935
0.0372 0.0430
-0.4949 0.2602
-1.7753 0.9339
0.6252 -0.1826
0.3559 0.6359
-0.5800 0.0546
-0.3381 0.1872
-0.6456 1.3736
-0.0394 -0.0188
-0.4885 0.8204
-0.6978 0.6992
1.2220 0.2439
0.1781 0.4161
0.7026 0.6702
-0.9039 0.4033
-0.1731 -0.9618
0.3359 -0.1374
-0.2423 -0.1605
0.2814 -0.0001
-0.1749 -0.1091
0.2067 -0.2000
-0.0242 -0.0096
-0.1329 0.0133
-0.0568 -0.0020
-0.4217 -0.4726
-0.4343 0.2760
0.3924 0.8273
0.5934 0.0327
0.4148 -0.5604
-0.1930 -0.5485
0.0045 0.0068
1.1807 -0.1576
-0.2976 -0.0431
-0.2900 -0.6177
0.0607 -0.8012
0.0276 -0.0163
0.1256 0.1157
0.6704 0.6842
-0.2995 0.2988
-1.3402 -0.9079
0.2301 1.0112
0.0269 -0.0032
-0.1432 0.1281
-0.1174 0.2421
-0.1644 -0.9666
-0.8561 1.3201
-0.4390 -0.2425
0.0553 -0.3373
-1.5812 -0.9508
-0.0098 0.2645
0.6524 -0.0038
1.4880 -0.9656
0.0804 0.3030
-0.1417 0.1176
-1.0200 -1.5868
-0.1158 0.1976
-0.1014 0.4137
1.8825 -0.4696
-0.1309 -0.1148
0.0515 0.0576
-0.5487 -1.6592
-0.9017 0.1058
-0.2610 0.2530
-0.2794 -0.1826
0.1566 -0.3316
0.7407 -0.3605
0.1091 0.0328
0.1009 -0.6445
0.3242 0.8764
1.1688 -1.3723
-0.0809 0.2281
-1.5205 -1.3862
0.0451 0.3903
-0.5194 -0.0022
0.0026 -0.1075
0.0981 0.3219
-0.1243 -0.2800
0.6606 0.4115
0.5480 -0.6454
0.1778 -0.0974
-0.2423 -0.1993
-0.4127 0.0754
0.3631 0.8475
0.2620 -0.1158
0.5164 0.3078
0.3671 0.7667
-0.0192 -0.0055
0.3328 0.7446
-0.0589 0.9824
-0.0412 0.1910
0.0027 0.0073
-0.7988 -0.0388
0.3388 0.1131
0.0479 0.5314
1.0554 -0.6691
0.8491 -0.0161
-0.4715 0.7044
0.2476 0.0886
-1.9731 0.7232
0.8018 -0.4054
0.8306 0.0305
3.7691 -0.3340
2.2229 0.6288
3.8390 0.1182
3.3217 -2.0282
3.0092 -0.0066
2.7238 0.0681
2.1002 -0.3996
2.0494 0.0948
2.7040 0.1966
2.9679 0.0230
3.8634 0.9460
2.9607 -0.2961
2.9951 0.0037
2.4331 -1.8415
4.4129 -0.1209
2.7106 0.0599
3.0034 -0.0010
2.8387 1.3053
2.5820 -0.4730
3.0552 0.0842
4.8665 -0.3633
2.0119 -0.1273
3.6527 0.4517
3.1705 -0.1163
3.7950 -0.4633
3.4918 0.7810
3.7763 -0.1307
2.9644 0.0016
3.0159 -0.0512
2.9234 -0.0050
3.0712 -0.7308
3.5452 -0.3991
2.1493 -0.3169
2.9121 -0.3210
2.7648 -0.8692
3.6787 -0.4757
2.8814 -0.2909
3.7482 0.1527
2.9142 0.7993
2.4606 -0.7596
3.0315 0.1108
2.9073 -0.0276
3.4357 0.7554
2.6051 -0.0032
2.5111 0.1399
3.1595 -0.2440
2.7643 0.0930
3.1112 0.6906
2.4032 -0.6401
3.0002 0.0001
2.9671 -0.5342
2.7406 0.6563
3.4101 -0.2518
2.8188 -0.7867
3.5679 0.2221
1.5531 -0.2378
3.4990 -0.3872
3.4267 -0.0243
3.0827 0.0234
3.0152 -0.6160
2.1671 -1.6223
2.7424 -0.3102
4.7948 0.9204
2.8392 -0.3971
3.1943 -0.2382
2.9545 -0.0095
4.5404 -1.4974
3.0024 -0.0084
3.0076 -0.7376
3.0249 -0.2559
2.0241 1.7152
2.1730 -0.6631
2.8765 -0.2357
3.0624 0.1011
3.2291 -0.2348
3.3642 0.8470
3.0742 0.0178
3.6528 0.1773
2.9892 -0.3233
3.5172 -0.6803
2.8019 0.0065
2.8613 0.0775
2.5636 -0.8966
3.0003 0.1882
3.1902 0.7169
3.2662 -0.5503
3.2811 0.0763
3.8605 -0.0531
2.5866 0.0536
3.5559 0.8202
3.1276 -0.0487
3.3017 -0.4336
3.9488 0.3217
3.4914 0.5786
3.2734 -0.0844
1.6468 0.7999
2.3720 -0.0934
2.4450 0.7049
3.2156 -0.6630
2.7839 0.1963
2.0330 0.0124
2.9727 0.1712
3.5945 0.3517
3.2290 0.5642
3.1216 0.1548
3.1161 0.3094
3.2498 0.4769
2.9273 0.6207
2.8794 0.0685
2.7269 0.5748
2.8388 -0.0789
3.4687 0.8245
3.0140 -0.0097
3.0062 0.0530
3.0313 0.3625
2.8831 0.6349
3.4396 0.2121
2.9993 -0.0152
2.0709 0.2076
3.1165 -0.1948
2.7676 -0.8427
3.3943 0.6264
2.5647 0.4003
3.1685 1.2992
2.8929 0.0106
2.8449 -0.5785
1.7204 -1.1325
3.1528 0.4804
2.6473 0.1631
1.7213 0.2814
3.0787 -0.0668
3.0024 0.2444
3.0419 -0.6463
3.7416 0.3968
2.9814 -0.0240
3.0029 -0.2848
2.5185 -0.9021
1.9158 -0.5156
3.4633 -0.7511
2.7737 0.5923
2.1008 -0.1830
2.3587 0.5937
2.2202 -0.3759
2.5994 -0.5189
2.9648 0.0380
2.5022 -0.0452
3.2595 0.1472
2.6022 0.4836
3.7091 -0.3525
3.3072 -0.4464
2.6182 0.3440
2.9980 -0.0164
2.8062 -0.2669
3.2271 0.2825
3.1485 -0.0528
3.2105 0.8673
2.8819 -0.0173
2.5696 -0.2513
3.8914 -0.0024
3.0199 0.9146
4.0231 0.7764
2.2154 -0.1411
1.3740 0.1313
3.1155 0.1025
2.8393 0.0702
3.1076 -0.5044
3.1053 -0.1142
2.9184 -0.4162
3.0388 0.0143
3.0453 -0.0597
4.1454 -0.2379
2.6715 0.3246
2.2433 -1.7925
2.7677 0.1230
2.5615 -0.6367
3.5561 0.2611
2.2096 -0.2419
3.1971 0.1361
3.5174 -0.3012
3.5751 0.2353
2.9790 0.3832
4.4915 -1.1095
3.1876 -0.0178
3.3163 1.8586
2.9599 0.0466
3.3190 0.8680
3.0996 -0.4065
3.0113 -0.0496
2.9618 0.2504
3.5983 -0.7058
2.6926 1.3840
3.4872 0.4354
3.6853 -0.0684
3.0823 0.3146
2.6158 -0.3923
3.0674 0.0149
3.1011 -0.3141
3.0148 0.0819
3.9358 -0.2735
3.4379 -0.7766
2.2228 0.2384
2.9606 0.9344
2.5739 -0.2561
3.7233 0.3742
2.8222 -0.0349
3.0404 0.7512
3.2357 -0.5973
3.2013 0.2612
2.2698 1.2582
3.0135 -0.0222
3.2061 -0.8041
3.8047 0.2554
2.2632 -0.7130
3.0202 0.0718
1.3535 0.7871
3.2157 -0.0279
4.7532 0.9918
3.6231 -0.2765
2.7610 0.9310
2.3283 -0.1932
3.0566 -0.4123
2.9308 0.0656
2.3453 -0.3888
5.0784 0.2013
2.9960 0.0112
3.0544 0.2033
2.9741 0.1833
2.6921 0.8925
2.9165 -0.2771
3.5818 0.6841
1.9925 -0.1794
4.7050 1.3847
2.7210 -0.4878
3.4108 0.1129
3.2409 0.0929
2.9163 0.6227
3.0261 -0.2189
3.0822 -1.8060
1.2010 0.9336
4.1593 0.7297
3.9062 -0.4208
2.5687 0.4860
2.6130 0.2430
3.4650 0.2982
3.0022 0.0065
2.5661 -0.0615
1.4297 0.4621
3.1009 0.2943
3.3420 0.8883
2.9335 0.0937
