0.0877 -0.0163 -0.0435
-0.0105 -0.0066 -0.0027
0.3034 -0.1307 -0.3459
-0.0143 0.1475 0.0097
0.4492 -0.5351 0.1531
-0.0126 -0.0572 0.0993
-0.0190 -0.0649 0.6971
-0.0487 -0.3351 0.7657
-0.0125 0.3701 -0.1272
0.0611 -0.0423 -0.1408
-0.5372 -0.1569 0.1173
-0.0171 0.2457 -0.0311
0.1785 -0.3709 -0.5719
-0.3625 -0.4479 0.6754
0.0296 0.2456 0.2461
-0.0022 -0.0131 0.6788
-0.1472 0.1297 0.7904
0.0857 -0.0487 -0.3251
-0.7732 -0.1486 0.0482
-0.2738 -0.5576 0.5791
0.0429 0.0082 0.4054
0.0621 -0.9135 0.4260
-0.1823 0.7067 -0.6520
0.3875 -0.0223 0.0683
0.5329 -0.4162 0.1585
-0.0918 0.2468 0.8950
-0.3169 0.7831 -0.2716
0.1638 -0.0671 0.2240
0.4226 0.8579 2.1473
-0.1545 -0.3155 0.1530
0.0087 0.0080 -0.0114
-0.6046 -0.4352 -0.5748
-0.3329 0.1911 0.5072
0.1370 0.1828 0.1474
-0.0140 0.0077 0.0054
0.5075 -0.2446 0.4935
-0.0662 0.0041 0.4880
0.0837 -0.0810 0.2843
0.0024 0.0026 0.5177
0.0588 -0.0555 0.0812
