0.2601 -0.2410
-0.6372 0.0962
0.7405 0.5672
0.1603 0.5113
-0.3047 -0.7643
0.0590 0.4497
0.1400 0.7207
0.0066 0.1334
0.0102 -0.0271
-0.3975 -0.2259
-0.7554 1.1928
0.0419 -0.3955
0.3907 0.4482
1.4044 0.2225
-0.0089 -0.0171
1.8495 1.2280
-0.6722 0.1007
0.0528 0.2760
-0.0874 -0.6930
0.0009 0.0024
0.0648 -0.0399
0.1102 -0.0255
0.3978 -0.6080
0.3364 0.1194
-0.4132 0.8892
-0.3186 -0.0656
0.5530 0.8018
0.8765 0.1802
0.0534 -0.0274
-1.7309 -1.3214
-1.6261 0.6182
-0.0089 -0.3438
-0.4666 0.3806
-0.1930 -0.0281
0.9532 -0.0303
1.1862 2.2367
0.0677 0.1626
-0.1453 -0.2231
-0.5383 -0.0558
0.2969 0.9249
