-0.5436 -0.1118
-0.6264 -0.1658
-0.5833 1.4671
-0.5396 0.0692
-0.0183 -0.0073
-0.7984 0.0726
0.1716 0.6265
0.1048 0.8522
-0.1604 0.5364
-0.1277 0.0477
-0.0120 -0.0679
0.4874 -0.3642
-0.0711 -0.7644
0.2423 0.5078
-0.1373 0.0269
-0.0812 1.4721
0.7677 0.0627
0.0440 -0.2253
-0.7551 -0.9825
-0.6509 -0.1897
-0.0603 -0.5421
-0.0042 0.2319
-0.9587 -0.2765
1.3778 -0.9310
-0.5986 -1.5775
2.3534 0.2012
3.0127 -0.2348
2.4186 -0.2578
2.5906 0.8875
3.2304 0.4436
2.4598 0.0109
2.8042 -0.1647
2.7741 -0.1896
2.4699 -0.7690
2.5026 -0.0094
2.4695 -0.2424
4.1074 0.1787
1.7709 0.5563
2.8018 0.0628
3.0240 -0.5503
2.5442 0.0829
2.4784 0.4612
2.0599 0.7162
2.3815 0.5944
2.3487 0.3036
2.5050 -0.7421
2.2465 -0.6613
2.2139 0.3013
2.4505 -0.0913
3.0147 -0.9197
