-0.0447 0.3469 -0.5562
0.0050 -0.0049 -0.0049
-0.0067 0.0683 -0.3633
0.0117 0.2944 -0.4486
-0.1121 0.6463 -0.7443
-2.0311 0.2946 -0.2903
0.1016 0.2431 -0.8296
-0.9399 1.8290 -0.5764
-0.5919 0.1931 0.5980
-0.1966 -0.2041 2.0887
-0.0216 -0.0949 0.0487
-0.6619 0.0096 -0.3254
-0.1059 0.1714 -0.8328
-0.1515 0.0018 2.0245
-0.1969 -0.4716 0.2952
0.2809 0.6843 0.3663
0.0034 0.1438 0.9752
0.5150 0.1285 0.5384
-0.4521 -0.0823 0.2586
-0.4783 -0.7060 -0.1082
-0.3084 -0.4156 0.1845
-0.0146 -0.0535 0.1256
0.0545 0.0845 0.4434
-0.3427 -0.1967 0.1072
-0.0804 0.0422 0.0660
0.0978 0.2013 -0.2959
0.0038 0.1931 0.1917
0.0217 0.3021 0.3291
-0.4122 0.2586 -0.6023
-0.0903 0.0962 0.0393
0.0267 0.0149 -0.0067
0.1258 0.0296 0.5735
-0.8959 -0.3446 -0.1672
-0.1539 -0.1404 -0.1569
0.0066 -0.0112 -0.0082
0.2996 -0.3061 0.0606
-0.0853 -0.2682 0.1396
0.1360 -0.1321 -0.1130
-0.3790 0.5909 0.1745
0.3825 -0.1647 0.7092
0.2231 -0.1117 -0.2149
-0.8233 0.0746 -0.3761
0.2725 0.2315 -0.6325
0.2764 0.4139 -0.7403
-0.0794 -0.1232 -0.2567
0.1696 -0.0168 -0.1323
0.2039 0.6523 0.4973
0.0231 0.2825 0.5706
0.8305 0.5173 0.1939
0.0152 0.0345 0.1120
-0.1218 -0.0380 -0.0534
0.2794 -0.2485 -0.1839
0.0030 0.0017 -0.7510
-0.0373 -0.0047 -0.1174
-0.1126 -0.3532 -0.5470
-0.0669 0.1254 -0.0444
0.0429 0.0217 0.3430
-0.1592 0.4993 -0.1767
-0.4535 -0.7314 -0.2804
0.0438 -0.1333 0.3097
0.2101 0.2377 -0.7547
-0.1408 0.1077 0.2710
0.4343 -0.1681 0.0642
0.4595 -0.1790 0.5085
0.0562 0.0307 0.3861
-0.1217 0.1283 0.2873
0.0587 -0.1228 0.4480
-0.0041 -0.0060 0.9223
-0.1959 0.0362 -1.4048
0.0563 0.0301 0.3101
0.0703 0.0433 0.0322
0.0828 -0.8325 0.0399
0.2614 -0.4528 0.0013
2.6770 0.1065 -0.8422
0.0737 0.0749 -0.0967
0.1560 0.0477 -0.9488
0.0919 0.3580 0.0084
0.4039 0.2377 -0.2648
0.0498 0.1347 0.6565
0.1697 -0.1943 0.3022
0.3667 -0.7938 0.0954
-0.2701 0.6285 -0.6767
0.3478 0.2393 0.0495
-0.3932 0.1715 -0.0543
-1.5308 -2.1997 -0.7827
0.0577 0.1435 0.0437
0.4164 -0.2794 -0.1683
0.0360 -0.1621 0.3406
-0.8049 -0.1259 -0.0372
-0.0901 0.0318 -0.0225
0.1438 0.0938 0.3830
-0.0467 -0.0989 0.0870
0.0296 -0.0388 -0.0876
0.4812 0.3087 -0.0994
-0.0073 -0.2566 -1.7854
0.1723 0.4030 -0.2749
0.0122 0.0014 0.0025
0.1436 -2.6513 -0.0171
-0.2506 -0.1352 0.7152
0.5755 1.1400 -1.4261
0.5513 0.7374 -0.3745
-0.6965 0.0880 0.5265
0.1176 -0.3727 0.0822
-0.2537 -0.3055 0.8095
0.0023 0.0285 0.0227
-0.0779 -0.4759 -0.3694
-0.0768 -0.1024 -0.1243
0.3249 -0.5947 0.1913
-0.1798 0.1395 0.3558
-0.0007 -0.0013 0.0009
-0.1817 -0.0032 0.3099
0.1764 -0.1108 -0.1522
0.4447 -0.0130 0.5969
0.3164 0.1059 0.2472
0.2033 0.7364 -0.1355
-0.4715 -0.1189 0.2539
0.0995 0.5515 0.2948
0.3423 -0.4499 0.3953
-0.0496 -0.0108 0.0047
0.3831 0.6661 -0.1101
-0.0117 0.0175 0.9101
0.3462 -0.1443 -0.2891
-0.2017 0.2084 -0.5383
0.3532 0.1738 0.3704
0.1151 0.2876 -0.3853
0.0394 0.0146 0.0165
0.1142 0.0071 -2.5622
-0.1808 -1.1253 0.2599
-0.1001 -0.0400 -0.1664
0.0100 -0.0129 -0.0420
0.0050 -0.0462 0.4707
0.0520 0.0009 0.2212
0.0103 0.6121 0.1549
0.0587 -0.2123 -0.0490
-0.5830 -0.6640 -0.2837
-0.1417 -0.2806 -0.6033
0.0021 0.0232 0.0763
0.0754 -0.0049 0.0944
-0.0538 -0.1798 -0.1336
0.0030 -0.0068 -0.0372
2.9841 -0.4080 -1.6137
0.0874 0.3335 -0.3477
0.3249 -0.2213 0.1976
-0.1732 0.0755 -0.6884
-0.0095 -0.0095 0.5712
0.0688 -0.0057 0.1114
0.0047 -0.0862 -0.2688
0.2080 -0.3571 0.0829
-0.5079 0.9170 1.2254
-0.1556 -0.5146 0.1274
-0.0201 -0.0140 0.0442
-0.0470 0.9456 -0.0034
0.2092 0.0977 0.8151
0.1054 0.0417 0.8099
0.0020 -0.2928 0.4924
-0.1185 -0.1142 0.5058
0.0913 -0.3613 0.0556
-0.1348 -0.0153 -0.0012
-0.9997 -2.5255 -1.6016
-0.8230 -0.1074 0.5070
0.0085 -0.0002 -0.2193
0.2648 0.1399 -0.8237
-0.2609 -0.3464 -0.1093
0.0227 -0.4786 0.0858
0.0559 0.0133 -0.1404
-1.5098 0.6439 -2.7157
-1.2915 -3.1046 0.0065
-0.0218 0.8216 -0.1909
-0.5702 -0.4858 -0.5523
0.0027 0.0489 0.5880
-0.0402 -0.0290 1.1244
-0.0260 0.0321 0.1058
0.0004 0.0107 0.1384
0.1168 0.2138 0.1301
0.1523 -0.0000 0.0050
0.0943 0.1131 0.0538
0.0660 -0.5355 0.3326
1.0308 -0.4986 -2.5346
-0.1719 -0.1408 0.8177
-0.3569 0.3451 0.8354
0.1447 0.1789 -0.9384
-0.0118 -0.2141 -0.6333
-0.6263 -0.4435 -0.2676
0.0306 0.1276 0.0011
-0.7700 -0.2958 -0.1669
0.0396 0.0063 -0.0072
-0.0297 0.0053 0.1088
0.2666 0.1444 -0.2958
-0.1210 -0.0470 0.5411
0.1135 -0.2751 -0.7297
-0.0308 0.0339 0.0388
0.2953 -0.0301 0.5513
0.0273 0.0146 -0.2956
-0.0258 -0.1641 0.5508
-0.1387 0.4007 0.3111
-0.0082 0.0086 -0.2452
-0.0396 -0.0248 0.3807
-0.0143 -0.5349 -0.3218
0.0210 0.0689 -0.3023
-0.2232 0.2145 1.4352
