-0.3621 -0.0060
0.0064 -0.1216
-0.0102 -0.4171
-0.4176 0.0322
-0.1272 -0.0012
0.7584 0.5274
-0.3667 -0.0980
0.7772 -0.2030
-0.0571 0.2779
0.0032 0.0040
0.0986 0.3197
-0.1593 0.5754
-0.3988 0.0714
0.7647 -0.1221
0.0178 0.2318
0.3702 0.2554
0.8585 -0.1656
-0.5046 0.2110
0.1874 -0.8981
0.2449 -0.7122
-0.0689 0.3109
-0.2360 -0.5129
-0.4749 0.3079
0.3223 -0.1959
-0.6726 -0.8526
-0.4714 -0.8587
-0.7327 0.5342
0.7217 -0.2915
0.2761 -0.3617
0.8207 0.2462
-0.6900 -0.3196
0.3467 0.3368
-0.5269 -0.6175
-0.1318 -0.6517
0.5487 -0.3608
0.0601 0.0778
0.2322 0.3509
-0.0314 -0.3287
-0.6322 -0.4196
-0.6192 0.1708
0.8726 -0.3894
-0.5817 -0.6569
-0.4528 -0.1018
-0.3811 -0.1824
-0.0028 0.0001
0.9121 -0.6822
-0.2456 0.5934
-0.0215 -0.3575
0.1623 0.2959
0.0423 -0.0450
2.2871 0.2573
2.1155 0.1865
1.7751 0.2266
1.2828 0.1204
1.7698 -0.1530
2.0559 0.0059
1.6647 0.1871
2.9309 0.3441
2.1532 -0.1426
2.0212 0.2253
1.9984 0.0271
2.1246 -0.5133
1.8618 -0.3078
1.7860 0.6791
2.0010 -0.0053
1.8149 -0.0228
1.9703 -0.6239
3.1962 -0.0423
1.4885 0.7618
1.7780 0.1738
1.8488 0.3061
1.2094 0.1939
1.2091 0.3950
2.1268 -0.1010
2.0147 -0.0005
2.2848 0.7862
2.1445 -0.1335
1.1454 -0.4308
2.6643 -0.1123
3.0180 0.3088
1.3605 -0.3625
2.5693 0.2194
1.6142 0.3044
2.0656 -0.8470
1.5432 0.0626
1.7667 -0.0570
1.7699 0.2964
2.1723 0.0382
2.2475 -0.2228
1.1175 -0.5718
1.7330 -0.5507
1.7952 0.4672
2.3672 0.4296
1.8895 0.5291
2.0745 0.6318
1.9440 -0.7069
2.0762 -0.1568
2.0785 -0.4593
2.2801 -0.1723
1.1925 -0.2406
