0.2814 0.0301
-0.1890 -0.3403
-0.4592 0.5834
0.0951 -0.2192
0.1310 -0.3121
-0.0607 0.0395
0.4397 0.2092
-0.1398 0.3080
0.4719 -0.3834
0.1226 -0.8732
0.1295 0.0534
-0.4369 0.1855
-0.1964 0.8172
-0.1525 -0.0189
-0.2116 0.5780
-0.6419 0.4552
0.6432 0.3399
0.0252 -0.0011
-0.5448 -0.0179
0.1929 0.1569
-0.1792 0.4449
-0.1918 -0.3491
0.0466 0.3632
-0.3980 0.4365
-0.0057 0.4241
0.5057 -0.5698
-0.6229 -0.4804
0.9925 0.0094
0.1052 0.7516
-0.0533 0.0131
0.5066 -0.4751
0.9800 0.0979
-0.4623 -0.0355
0.0895 0.0444
-0.9051 -0.1454
0.4999 0.2594
-0.3350 0.1717
0.2310 -0.7230
-0.4676 0.8572
0.0412 0.0055
0.2731 0.0970
-0.3970 -0.4584
-0.1963 -0.0802
0.0455 0.2132
-0.1985 0.3954
0.4596 -0.1495
0.0198 0.2760
-0.2130 -0.6422
-0.3960 -0.4640
0.2360 -0.1920
