0.0444 -0.0632
-0.7080 -0.0936
0.1420 -0.5944
0.8832 0.4494
0.8510 -0.3558
0.0131 -0.0331
0.8834 0.2327
0.2723 -0.1805
-1.1390 -0.2994
0.1282 -0.3670
1.7886 0.0228
-0.0541 -0.0755
-0.0008 -0.7212
-0.5426 -0.8340
0.4679 -0.2362
-0.9104 0.3632
0.0596 0.0275
0.3608 -0.3145
-0.1708 0.0680
2.7470 -2.9644
-2.6282 -0.0075
0.7425 -0.0564
0.0918 -0.0294
-2.3873 3.4372
-1.5816 0.0601
-0.1320 -0.9292
-0.1579 0.2097
-0.5745 -0.4609
-0.4075 -0.4828
1.0465 -0.4418
0.2710 0.3367
0.5200 -0.2538
-0.1478 0.4666
0.4083 -0.0837
0.5431 -0.0987
0.2075 -0.6733
-0.9032 0.0048
-0.7240 -0.5588
-0.6260 -0.0851
-0.2165 0.0552
-0.6116 0.3763
0.5331 0.1709
0.1037 0.2263
-1.0853 0.9023
0.9510 0.1721
0.4698 0.3726
0.4751 -0.2396
0.5687 -3.8514
0.1408 -0.5102
-0.4307 -0.1781
-0.7820 -0.2038
-0.0908 -0.5272
0.1944 0.6247
-0.2767 0.5892
-3.7742 0.6570
-0.0701 0.0174
0.2076 0.7579
0.0863 0.3643
0.4724 -0.6279
3.1660 1.3553
-0.2773 0.0323
-0.0013 -0.5058
-0.0662 -0.0647
-0.7932 -0.1559
-0.0490 -0.8184
-0.2731 0.2465
0.3743 0.4747
0.1729 -0.6387
0.2935 0.2707
-0.9366 0.0150
-0.2606 0.3230
-0.0653 0.0924
0.8353 -0.0674
0.5410 -0.6335
-0.3216 -0.4560
-0.1912 -0.1268
-0.5278 -0.7069
2.6224 1.6594
0.0057 0.8741
1.0518 -0.0529
1.7018 1.4971
0.8697 0.1235
-0.1972 -0.9253
0.6594 0.4348
-2.9259 0.7399
-0.4558 -0.1537
-0.8573 -0.0787
0.6623 0.1132
0.6301 0.2920
0.4810 0.4314
-0.5577 0.0384
-0.0639 0.0252
-0.9482 0.0939
-0.0013 -0.0201
0.2049 -0.6071
0.6791 -0.0106
0.2506 -0.4763
0.4823 3.9281
-0.0424 -0.0410
1.0729 0.2267
-0.2235 -0.1630
-0.0133 0.0254
0.7482 0.1612
-1.8067 -3.7611
0.5997 1.9250
-0.0015 -0.0261
-0.3189 -0.2174
0.1887 -0.1647
0.5442 -1.3315
0.3744 -0.1688
-0.6695 0.5324
0.0893 -0.0048
-0.3168 0.8628
0.2915 -0.3912
-2.9524 0.4330
0.0063 -0.0171
-0.5994 -0.7625
-0.1338 -0.0910
0.1878 0.6879
0.1747 -0.0115
0.2420 0.3580
-0.1327 -3.6891
0.1536 -0.1138
1.5076 -1.8223
-0.0293 0.0456
-0.4878 0.3281
0.4367 0.6742
-0.3594 0.0483
-0.1893 0.0678
0.7660 0.4926
0.3054 -0.9129
0.7591 1.2784
-0.4078 0.7017
-1.8830 -0.7072
0.6962 -0.6030
2.5782 -0.8358
0.3688 -0.5727
-0.2836 -0.4077
-0.1162 0.8794
0.3587 -0.4528
0.2650 -0.0990
0.2772 0.6165
0.4285 0.3152
0.3080 -0.3217
-0.0200 -0.0003
-0.4780 0.1091
0.2127 0.2469
-0.5318 -0.2197
0.3435 -0.8044
0.3629 -0.4131
0.5415 0.3483
0.3679 -0.2700
-0.3943 -0.2290
0.3136 -0.6150
-0.6465 0.1819
-0.2860 -0.5062
0.1618 -0.2898
-0.3505 0.6238
-0.6567 0.4122
-0.0316 -0.0863
0.6060 -0.0435
0.3712 0.3746
-0.1868 0.9654
2.4089 2.2789
-0.3637 0.0003
0.3736 0.4265
0.0098 -0.4323
0.1950 -0.5681
0.3251 0.4138
0.0112 -0.0233
0.4020 0.2054
-0.1074 -0.8415
-0.2206 0.0032
0.2621 -0.0098
-0.2083 0.3894
-0.2053 0.0198
-0.0468 -0.2796
0.1702 -0.5748
-0.9163 0.1046
-1.8770 -1.7805
1.3226 -0.8396
-0.0888 0.4677
-0.0060 0.9636
0.1545 0.2556
-0.5832 0.5978
0.0676 0.1896
3.3268 1.0508
0.1262 0.0647
0.4046 -0.1787
-0.0965 0.1713
0.0284 0.0179
0.1906 0.3411
0.6536 -3.9148
0.0314 0.1059
0.9225 -1.6449
-0.3273 0.8435
-0.6454 -0.6134
-0.1373 0.0709
0.7743 0.0483
0.4630 -0.2018
0.7948 -0.1925
-0.1618 0.0976
0.2185 0.3590
0.5682 -0.1255
-0.7619 3.5733
0.8536 -0.0312
-0.1605 -0.0747
-0.3896 -0.7849
-0.6917 -0.2192
0.0798 0.0769
-1.8600 2.1679
-0.0849 0.0503
0.2852 0.1541
0.1312 0.7458
2.7279 -1.4413
-0.3041 0.2238
0.1542 0.0582
-0.9748 1.4871
-0.2715 0.1941
-0.5996 0.4980
-0.6486 -0.7727
1.5171 -1.0645
0.6440 0.1405
-0.4936 -0.3068
-0.7983 0.2754
0.8103 -0.4874
-0.0776 0.2637
0.9726 -0.0490
0.0661 0.3670
0.5395 0.6733
-0.8220 -1.2535
-0.2374 -1.5495
0.3312 0.7368
-0.2046 0.0490
0.5305 -0.5398
0.1865 0.2290
0.7414 0.2327
-0.8489 -0.5261
0.3046 -0.6436
-0.4185 -0.2269
0.2343 -0.6739
0.6219 0.1898
0.1813 0.1876
-0.5318 -0.0217
0.4311 -0.6028
-0.1013 -0.2829
0.0369 0.1858
-2.3383 2.1423
-0.8739 -0.2570
0.4701 -0.0943
4.9929 -0.0478
5.4322 0.0242
4.8857 0.1167
4.3563 -0.2889
5.5764 -0.0400
4.6820 0.5998
4.3281 -0.0983
5.1508 -0.2217
5.3727 -0.6168
5.5397 0.3729
5.4952 0.4215
5.3420 0.1483
5.0107 -0.0005
5.1449 -0.0656
4.9983 -0.7835
5.2163 0.3192
5.0974 -0.4392
4.6147 -0.5844
4.8493 -0.2576
5.1601 0.4740
4.9704 0.3194
4.2730 0.2327
2.6885 3.4075
5.3358 -0.1164
5.0410 -0.1866
4.8166 -0.1804
4.8211 -0.0902
5.3223 0.0901
4.9473 0.0575
4.9410 -0.1360
5.0705 0.0186
5.0061 -0.0102
5.0931 -0.2473
5.0065 -0.0230
5.0241 -0.0492
4.1112 -0.3952
5.7429 -0.0648
4.3914 0.3619
4.8320 -0.4314
5.0445 -0.7972
5.0129 0.0034
4.7024 0.1283
5.0589 0.0198
4.4474 0.7789
5.3949 -0.0538
4.8870 0.1724
4.8105 -0.5045
4.3736 0.4908
4.8210 -0.1098
4.9906 0.0164
4.7524 -0.0390
4.4391 -0.0159
5.3172 0.2247
5.8595 0.4357
5.0278 -0.0503
4.3587 -0.5247
5.0381 -0.3001
5.0610 0.4176
4.7534 0.8587
5.9361 -0.1405
5.1645 0.0961
5.3854 0.0801
4.4815 4.1322
4.9624 -0.0705
4.5257 0.2206
5.3505 -0.0168
4.0490 -0.0087
4.8839 0.8371
4.6758 -0.0246
5.0302 0.0622
6.0053 0.0744
5.3851 -0.3467
5.0281 -0.0325
4.7209 0.9525
4.2152 0.5630
4.3063 -0.2084
4.9554 0.4286
4.7520 -0.1833
4.8772 -0.7400
7.6240 0.0460
4.7089 0.1594
4.4370 -0.6935
5.3051 0.2414
4.9165 0.0665
4.6634 -0.2730
4.8492 0.0013
6.2304 1.8233
5.8597 -0.4806
5.3089 0.1016
5.1306 0.1257
4.9770 -0.6986
4.6411 -0.0301
4.9196 -0.8359
5.6819 -0.7261
8.5694 0.3484
5.7230 -0.3084
5.9227 0.5073
4.9314 0.8894
4.9706 0.8596
5.3476 -0.1201
4.8509 -0.1921
5.4555 0.3984
4.6890 0.3407
5.7730 -0.1605
5.4773 0.3049
5.4547 0.1036
5.5778 0.4806
5.1463 -0.2790
5.8806 -0.7371
4.9419 0.0755
5.4021 0.1147
4.7624 -0.3148
4.9741 -1.6135
5.1261 -0.1183
5.8396 0.2773
4.4110 0.4044
4.9217 -0.4179
5.0489 0.5526
4.8295 -0.1697
6.9867 0.9442
5.3721 -1.7318
4.7328 -0.2352
5.0490 -0.0348
4.1923 0.1957
5.4897 -0.1933
4.2737 -0.3778
4.9593 0.0103
4.9202 -0.7358
4.4916 0.0766
5.0990 -0.0110
4.6864 0.4915
2.0962 -1.7176
4.9902 0.0077
4.6925 -0.7235
5.2321 -0.2069
5.1604 -0.0252
4.6436 1.9517
4.6568 0.0778
4.6593 0.1986
4.5761 0.2247
7.0064 -2.0014
4.4926 0.7814
4.7654 0.2619
4.0431 0.1753
4.8794 -0.0177
4.5989 -0.1610
2.0406 -2.0014
4.9978 -0.0004
4.2547 -0.6072
5.9384 0.6965
4.8112 -0.3046
5.1051 0.5280
4.8441 -0.0587
5.3299 1.8819
4.4013 0.1828
4.8059 0.1019
5.0881 0.0714
4.8762 0.3679
1.3432 1.1055
4.0513 -1.2019
4.9867 -0.0470
5.4894 0.0382
4.2481 -0.3318
4.7345 -0.4362
4.7699 -0.0428
4.9910 -0.1417
4.9109 0.1081
4.9078 -0.6168
5.0110 3.0427
4.9604 -0.0134
4.9480 0.9611
5.0337 1.3637
5.2741 0.4020
4.6883 -0.2915
5.1145 0.1779
5.0739 0.0561
5.4147 0.3275
4.6629 -0.0387
6.6903 -0.3488
5.0458 -0.7663
5.3830 0.1608
7.0815 -1.4494
4.4470 -0.2095
5.2399 0.5336
4.6259 0.0120
4.9417 0.0740
4.7972 0.3984
6.9576 3.3075
4.6862 0.0543
5.3138 -0.5192
4.8081 0.2363
4.4931 0.2415
5.3765 0.4398
4.5421 0.2977
5.0621 0.0567
4.8837 0.1666
2.7517 -2.2796
5.1090 0.0458
7.5746 -0.4787
5.7689 -0.2147
5.7328 -0.0124
5.0527 -0.0338
6.0074 -0.1275
4.4603 0.1271
4.6939 0.6461
5.0349 -0.1050
5.1029 0.1053
5.0061 0.0018
5.7323 -0.0452
4.5816 -0.5780
5.3294 -0.0879
4.7174 0.0680
5.4122 0.2783
2.9207 -0.4505
5.0205 -0.0208
4.2433 0.3734
3.3694 -1.0788
4.6172 0.3917
6.3502 1.3845
5.9660 -0.1638
5.5176 0.5740
5.3244 0.2318
5.2211 0.0985
4.8970 0.9935
5.0051 -0.5635
5.2453 -0.7346
5.4164 0.0896
5.3015 -0.1030
5.1265 -0.0677
1.3391 -0.4337
4.9334 0.2769
5.1292 0.0524
5.0114 0.0120
4.6466 0.8667
4.0730 -0.1744
4.3326 4.0128
4.8945 -0.1869
6.9972 0.9490
5.5793 -0.3569
4.5548 -0.7812
5.0373 -0.3299
5.5800 0.4885
5.0388 0.0655
5.8348 0.1994
7.5019 1.7995
4.3411 -0.4606
5.0397 0.2319
4.5358 0.0960
5.1099 -0.1204
5.5338 -0.7490
