-0.1018 -0.1408 0.0856
-0.1831 0.1823 0.5784
-0.2131 0.2492 1.0624
-0.2789 0.1030 0.2243
-0.1115 -0.1037 0.1572
-0.4316 -0.6203 0.1872
0.0051 -0.0044 -0.0103
0.0358 0.0279 -0.2760
0.1472 -0.1198 -0.1464
0.0738 -0.0172 0.2501
0.0221 0.1166 1.2798
-0.5110 0.0276 -0.2688
0.0878 -0.1474 -0.1010
-0.1850 -0.0457 -0.3132
0.0020 0.0064 -0.0311
0.2785 -0.1796 -0.0045
-0.0987 0.1484 0.2396
-0.0431 -0.0649 -0.7927
-0.0860 -0.2639 -0.6516
0.2106 -0.2579 0.8028
0.0212 -0.0447 -0.0483
0.0580 -0.0232 0.4387
0.6068 -0.1647 0.8431
-0.1004 -0.0220 0.6656
0.0212 0.0238 0.0755
0.5106 -0.0593 -1.4312
0.1934 0.2983 0.2980
0.4761 0.3056 0.4343
0.0109 0.2844 -0.6316
0.0417 0.0086 -0.1999
