-0.2498 0.3884
-0.4638 -0.1388
0.1951 -0.5729
0.4442 0.3769
0.0346 0.0133
0.4806 -0.1666
-0.0714 -0.7323
0.2197 0.0868
-0.0903 -0.0062
0.0341 0.0141
0.1765 -0.1973
-0.2707 0.2612
0.8197 -0.3332
-0.0077 0.0158
-0.1056 -0.3723
-0.4414 0.4746
0.3223 -0.4180
0.3299 -0.4730
0.2061 0.9292
0.0853 -0.1820
-0.5576 -0.2505
0.7660 0.1468
0.7986 0.1030
0.2528 0.4821
0.3721 -0.1475
0.0208 -0.6830
-0.2289 0.3636
-0.0067 -0.0969
0.1641 -0.9322
-0.6938 -0.4642
-0.0131 -0.3139
0.3849 -0.1641
-0.0602 0.0045
0.0776 0.3833
-0.2508 0.5530
0.4863 -0.4512
-0.1420 -0.2668
-0.5599 -0.0431
0.5295 0.3014
-0.1776 0.2159
-0.4876 -0.6153
0.1179 -0.1585
-0.6499 0.3254
-0.9071 -0.1381
0.0348 0.0911
0.3847 -0.1689
0.1253 0.0737
0.1967 -0.2674
0.0416 0.1072
0.2733 0.1450
3.7170 -0.0435
3.0426 0.0036
3.2393 0.1247
3.1597 0.1194
2.5099 0.8047
2.7570 0.5755
3.3778 -0.1429
2.8619 0.3237
3.1723 -0.3580
3.2622 -0.0855
3.0526 -0.0500
2.9427 -0.1524
2.4148 0.4984
2.3870 0.7155
2.6781 -0.0546
2.2753 0.1897
3.0216 -0.0862
2.8276 0.3275
3.3259 0.0894
2.6780 0.5655
3.5123 0.2957
2.8054 -0.1508
2.6143 -0.0396
3.0851 -0.1318
3.0661 -0.0707
3.2132 -0.8363
2.6154 -0.1223
3.4575 -0.1589
3.8576 -0.4870
3.6208 -0.2177
2.9303 -0.0263
2.9746 0.1035
2.6906 0.0650
2.6029 0.6598
3.6470 0.0018
3.1817 0.1899
3.0569 -0.0702
3.2665 0.4028
3.1773 -0.9324
2.7275 -0.6837
3.2021 -0.4182
3.9750 -0.1033
2.7368 0.6773
3.6739 0.2033
2.9035 0.5775
3.8892 0.0200
2.7160 -0.1833
2.9212 -0.7076
3.2144 0.9233
2.4322 -0.2377
