0.2203 -0.4832
0.4113 0.3031
-0.9179 0.3665
-0.1642 -0.4610
-0.5987 -0.6628
-0.3318 -0.2537
-0.0032 0.9064
-0.5998 0.7854
-0.7509 -0.3667
-0.0302 -0.0550
-0.4686 0.7037
0.7580 0.2311
-0.2590 0.4977
-0.0249 0.0810
-0.0139 -0.0800
-0.0838 0.2805
0.0640 0.5456
0.1650 -0.1261
0.0108 -0.0886
0.4090 -0.6236
0.2110 -0.3174
0.3508 0.1410
0.0773 0.1519
0.5057 0.6318
0.1308 0.7435
0.8413 0.4562
0.0913 0.6300
-0.5038 0.3708
-0.2208 -0.3305
-0.0695 0.8535
0.0307 -0.0968
-0.0321 0.1721
-0.7701 0.3278
-0.3998 0.1792
0.3435 -0.1868
-0.1962 -0.3069
-0.5049 -0.0690
-0.7964 -0.3070
0.0059 0.0100
0.4541 -0.4207
0.0053 0.0286
-0.1747 0.8461
-0.2532 0.8465
-0.5380 -0.1972
0.1916 -0.7174
0.3938 0.5297
-0.5617 0.6574
0.3557 -0.0977
-0.3703 -0.3672
-0.1375 0.1381
-0.2861 -0.0097
0.1762 0.5457
-0.0200 -0.0257
-0.3035 -0.0498
-0.0578 0.0488
0.7378 0.1033
0.8943 -0.4450
0.1334 0.2423
-0.8233 -0.2770
0.1631 0.6140
-0.5274 -0.1964
-0.3759 0.3288
0.3114 0.1958
0.8446 0.0196
-0.6267 -0.5035
0.4067 -0.5808
-0.6172 0.2410
0.1123 -0.3981
0.0300 -0.0368
0.3540 0.5543
0.3328 0.4921
0.5209 0.0678
0.7737 -0.6236
0.0472 0.6557
0.0827 0.0764
-0.1299 -0.6017
-0.0126 -0.2487
0.6724 0.3489
0.1352 -0.6657
0.1283 -0.8111
0.4984 -0.1234
0.1882 0.1129
0.3582 -0.1232
0.0025 -0.0110
-0.0528 -0.4886
0.7490 -0.2552
-0.2959 -0.0638
0.0507 0.8056
-0.2043 0.9158
0.0735 0.0076
-0.1366 -0.3132
0.2905 0.0910
0.2587 0.2593
-0.2247 -0.1590
-0.0205 0.0599
-0.0157 -0.0047
-0.3202 0.1925
-0.1411 0.5258
-0.5086 0.2144
0.0199 -0.5478
-0.4085 -0.6478
0.2782 0.1496
-0.4315 -0.4992
0.0070 -0.0125
-0.4766 0.1627
-0.3970 -0.3725
-0.7891 0.3129
0.0433 -0.1863
-0.5137 -0.0909
0.1853 -0.5621
0.3951 -0.6091
0.1769 0.3636
-0.2183 0.5878
0.1604 -0.6322
0.3727 0.4340
-0.8306 0.4575
-0.8409 -0.4621
0.2921 -0.1959
-0.0875 0.2676
-0.2702 0.4091
0.0723 -0.7532
-0.2010 -0.4522
-0.1294 0.0832
-0.1749 -0.3089
-0.7682 -0.4208
0.4868 0.3294
-0.1658 0.3953
-0.7637 0.1871
0.4614 -0.8523
-0.0656 -0.0756
-0.0159 0.0557
-0.6187 0.1112
-0.1410 -0.1098
0.1105 -0.8830
0.5151 -0.4762
-0.1437 0.5324
-0.0340 0.0162
-0.2363 -0.5157
0.1040 -0.4598
-0.2728 -0.0642
-0.9450 0.1264
0.5597 -0.0972
0.0591 0.1374
0.5965 0.2443
-0.6261 -0.2540
0.2180 -0.0847
-0.0276 0.0450
-0.1963 0.9595
0.8034 -0.5321
-0.0096 0.1151
0.5276 0.0512
0.6044 0.7439
-0.3436 -0.6893
-0.0533 0.2506
-0.2972 -0.0990
-0.3276 0.2442
-0.0471 0.2858
-0.7628 0.2101
0.7641 0.2518
-0.0315 -0.1472
-0.0646 0.3609
0.0851 0.1978
0.5325 0.3625
-0.3686 -0.1566
0.4624 0.1048
-0.0165 0.1652
-0.7282 0.5725
0.1611 -0.0929
0.0952 0.3862
-0.0284 -0.0390
-0.0039 0.0127
0.6046 -0.2521
0.7037 0.2501
0.0341 0.0126
0.4739 0.6807
-0.5711 0.1807
0.3866 -0.9080
-0.0498 -0.2205
0.0189 -0.0483
0.1837 -0.1999
0.4969 0.0520
-0.1010 -0.0621
0.2908 0.0888
-0.3614 0.1371
0.1978 0.0290
0.7809 -0.5136
-0.1786 -0.2228
-0.1588 -0.0970
0.4580 -0.7631
-0.0021 0.8485
0.5975 0.4218
0.4347 0.4447
-0.0936 -0.5939
-0.4466 -0.0431
-0.6027 0.3737
0.0012 0.0474
-0.7810 -0.4231
-0.2420 -0.0307
0.1233 -0.4475
-0.0292 0.0284
0.3241 -0.5460
-0.8553 -0.4109
0.4241 -0.5493
0.5149 -0.5190
0.1182 0.0536
-0.5779 0.1614
0.9647 0.1058
0.0816 0.3352
-0.8023 0.1504
0.1774 -0.7175
0.1674 -0.5187
0.2624 -0.6128
-0.2754 0.5274
-0.3415 0.4680
-0.6899 0.6511
-0.0731 -0.0275
-0.0013 0.0678
-0.0644 -0.0043
-0.1859 -0.7736
-0.3390 -0.0325
-0.3264 -0.3056
0.4116 -0.2456
0.2727 0.4654
0.2088 0.1723
-0.9727 -0.0559
0.1432 0.0398
0.1482 0.0022
-0.0408 0.1688
-0.0284 -0.0314
0.4745 0.4644
0.3771 0.4948
-0.2782 0.1090
0.5805 -0.2751
-0.0013 -0.0538
-0.0903 0.5705
0.5011 -0.5266
-0.7733 0.3371
-0.2012 -0.7290
0.8142 0.3681
-0.4939 -0.7198
0.0401 0.4111
-0.1488 0.0276
0.1734 -0.4765
-0.1654 0.4597
0.4093 0.2604
-0.2943 0.1847
-0.5317 -0.1412
-0.4776 -0.2902
-0.5314 -0.0433
0.2576 0.9523
3.7599 -0.3413
4.1083 0.5107
3.9948 -0.0347
4.4707 -0.6763
4.5817 0.2485
3.7719 0.1002
3.9955 0.0004
3.5108 -0.4113
4.3020 0.4523
3.6439 -0.2223
3.4793 -0.0562
3.8996 0.6517
3.6562 0.8055
4.4747 0.5569
3.9973 -0.0483
3.9694 -0.0293
4.5198 -0.2843
3.9128 0.0355
3.6027 0.1584
3.9636 0.0050
4.2314 -0.1415
4.8947 0.1701
4.3617 -0.2625
3.9688 0.2591
3.9948 0.0038
3.6537 -0.0275
4.0040 0.0133
4.0062 0.8158
3.4807 -0.2719
3.9909 0.0191
4.0753 0.0907
3.6283 0.6853
4.9525 0.2712
3.9393 0.0522
4.5230 0.8189
4.2549 0.8145
4.0297 0.9851
4.4047 -0.3241
3.5925 -0.6825
3.6183 -0.8508
4.2733 -0.5083
4.0079 -0.3907
4.2859 0.7740
4.2502 0.0304
4.1492 -0.1499
4.4968 -0.5928
4.3305 -0.8345
3.7733 -0.0413
3.2170 0.0069
4.6000 -0.4083
3.6151 -0.6580
3.4728 0.1597
3.6035 0.3145
3.9175 -0.1215
3.8126 0.8198
4.0099 -0.1323
3.5583 0.5448
4.0176 -0.0272
3.8696 0.3527
4.2581 0.0197
3.3725 0.2748
3.5249 0.3564
4.5226 0.7553
4.0133 0.0814
3.4561 -0.2448
3.5801 -0.0836
3.9366 0.2398
4.0892 -0.1096
3.9538 0.0967
3.3693 0.5138
4.5814 0.6018
3.9739 -0.0963
3.9919 0.0450
3.1644 0.4145
4.1412 0.0671
3.5165 0.2720
4.8459 0.3159
3.3662 -0.0840
3.3288 0.4953
3.5150 0.6478
3.4324 -0.7843
4.2153 -0.8571
4.1907 0.0644
4.0010 0.6174
3.8895 0.1668
3.2272 -0.4468
3.9952 0.0087
4.2101 -0.3942
4.0055 0.0021
4.6119 -0.5368
4.1472 0.7221
4.0695 -0.0304
4.0022 0.0020
3.3884 -0.6570
3.9179 0.0945
3.9381 0.6478
4.0758 -0.3747
3.9619 0.6975
3.7860 0.1701
4.3985 -0.5230
3.0479 0.1397
4.7020 0.5727
4.9745 0.0244
4.4562 -0.1215
3.8743 -0.5610
4.0709 0.1680
3.7593 -0.4064
4.0713 -0.1214
3.6856 -0.1317
3.7712 -0.2402
4.1595 0.8850
4.1598 -0.3319
3.9426 0.6533
4.2066 -0.0595
3.5167 0.6804
3.6093 -0.2515
3.2096 0.5967
4.3492 0.0103
3.9809 -0.0494
3.5629 0.4577
4.0270 0.0150
4.6463 -0.7248
4.6583 -0.5382
4.3030 0.4573
4.0784 0.3285
4.1069 0.3654
4.9355 0.1830
3.1427 -0.4791
3.9829 0.2307
4.4972 0.5749
3.9441 0.0694
4.7991 0.5243
4.2263 0.0804
4.0716 0.0370
3.5166 -0.3224
3.6282 -0.6398
4.1483 -0.0315
4.2947 -0.3096
4.5775 0.5571
4.5028 -0.7873
3.8232 0.2428
3.8187 -0.3854
4.0315 0.0937
3.7785 -0.1129
3.8138 -0.4287
4.4295 -0.5146
3.9534 0.3518
4.7799 0.5132
4.0765 -0.0523
3.4581 0.0896
3.7578 0.0157
4.0607 -0.5758
3.7129 0.0231
4.0025 -0.0031
4.0736 -0.0383
4.9302 -0.0297
4.2283 0.2525
4.0613 0.1310
3.7278 -0.7169
4.7714 0.4210
4.0165 0.1335
3.9886 0.2366
4.2375 -0.0782
3.1126 -0.0930
3.6800 0.0063
3.6744 0.3403
4.6102 -0.0551
3.8756 0.3896
3.1784 -0.1003
4.0018 0.4357
4.4745 -0.3661
4.4285 -0.7872
3.3436 0.1741
4.6230 0.2334
4.2443 -0.2076
3.7986 -0.0903
4.1844 0.0078
4.1749 0.6072
4.4740 -0.4917
3.9636 -0.0317
4.5716 -0.0036
4.2310 -0.3300
4.5766 0.4245
3.9445 0.1776
4.7370 -0.0003
4.0654 0.0052
4.1962 0.6524
4.0607 -0.1026
4.1452 -0.2154
4.0126 -0.0499
3.2421 0.5159
4.0687 0.0600
3.7372 -0.2393
3.4783 -0.1550
3.8794 0.2678
3.8766 -0.3001
3.8787 0.0795
4.3863 0.2682
3.9911 0.0055
3.3431 0.6681
4.0225 0.0256
4.0528 0.5408
3.7119 0.5076
4.1515 -0.0468
4.4856 -0.1519
3.9676 0.0258
3.9370 -0.1365
3.3756 -0.6396
3.0788 -0.1590
4.6071 0.0735
4.0694 -0.2507
3.9574 0.0482
4.1047 0.4769
3.9321 0.3360
4.3642 0.4858
3.7871 -0.2113
4.6278 -0.0084
3.7043 0.3793
4.5524 -0.0889
3.3813 0.2579
4.1162 -0.3226
3.8395 0.0839
3.4765 0.4075
4.0268 0.3566
4.3855 0.7597
3.6234 0.9083
4.0324 0.0082
3.8417 -0.4337
3.7978 0.9080
3.6209 -0.1431
3.7843 -0.0443
4.0247 0.0360
4.0623 0.7775
4.6181 -0.1466
3.8815 -0.7381
3.7520 0.2194
3.3710 0.7459
3.7841 -0.0177
3.4538 -0.4339
4.1878 0.2081
3.9141 -0.9213
3.9966 -0.0083
3.7601 0.2890
4.3634 0.1046
4.0204 0.2590
4.0603 0.8514
4.0108 0.0214
4.0479 -0.6500
4.4794 -0.4463
3.7392 -0.2650
