-0.0064 0.0843 -0.1054
-0.2231 0.2605 0.9275
0.0966 -0.1013 0.9560
0.0545 -0.0848 0.2490
0.0147 -0.0643 -0.4450
0.0607 -0.0419 0.9172
0.3746 0.0036 0.4985
-0.0290 -0.1280 -0.5845
-0.0005 -0.0034 0.1100
0.2818 -0.7220 -0.9109
-0.1753 -0.0090 -0.1783
-0.6603 0.8262 -0.1452
-0.1831 -0.0231 0.1611
-0.0898 0.1906 0.6667
-0.2302 -0.2946 -0.0930
0.3840 0.5809 -0.5770
-0.0266 0.7421 -0.1478
0.4211 -0.8306 -0.2106
0.1140 0.2520 0.2510
0.9225 -0.3564 -0.0649
0.0232 -0.7336 0.8415
-0.0066 0.0033 0.0051
0.0064 -0.0315 0.0399
-0.7466 -0.0364 -0.0509
-0.4999 -0.2441 0.0961
-0.6090 -0.0880 0.3745
-0.0680 0.0283 0.2369
0.1441 0.1856 -0.0645
0.1480 -1.0877 0.1773
-0.0352 -0.3278 0.6862
-0.1110 0.0480 0.0852
-0.0018 0.0455 0.2228
-0.4059 -0.2788 -0.3549
-0.0314 0.0283 0.2556
-0.1169 0.1144 -0.2353
-0.0160 -0.0070 0.4388
-0.3812 -0.0513 -0.5221
0.3998 0.1361 -0.6322
-0.2118 -0.8164 0.2706
-0.0619 -0.0179 0.4700
0.1044 0.0552 -0.8213
0.1249 0.1094 -0.8013
-0.0917 0.0225 -0.3665
-0.1806 0.7278 -0.2487
0.9641 0.0942 0.4030
-0.1457 0.1231 0.4776
0.1172 -0.3286 0.1222
-0.5890 0.3972 0.5502
0.6762 -0.4604 0.4013
0.3041 0.2717 0.1603
