-0.0374 0.1520 -0.8477
0.0249 -0.0184 0.4469
-0.3268 -0.4320 0.1961
-0.0091 -0.0185 0.0157
0.2087 0.4938 -0.1007
-0.4913 0.0505 0.0243
0.1661 0.2515 -0.7574
0.0072 -0.0018 -0.3633
-0.1191 0.0899 -0.0199
-0.1748 -0.6208 0.1724
0.2543 0.2216 0.4004
-0.0140 0.0150 -0.6013
-0.0654 -0.0891 -0.7682
0.8608 0.5439 1.1484
-0.1752 0.5034 -0.2703
0.0733 -0.0468 -0.2546
-0.0511 -0.0217 -0.7565
-0.6110 0.0455 -0.2014
0.0674 -0.3981 -0.5596
-0.2343 -0.3536 0.3982
0.2062 -0.0453 0.5126
0.0468 -0.0456 -0.2531
0.0754 -0.1871 0.7865
-0.0245 -0.0345 -0.1165
0.0110 0.0011 -0.0796
0.2609 0.0482 0.3732
0.0727 0.4400 0.2641
0.7874 -0.4177 -0.1590
0.5003 -0.2731 0.7302
0.9184 0.2199 -0.9139
-0.3744 0.8954 0.0111
0.0278 -0.0230 0.2299
-0.3022 0.3338 0.2639
0.0780 0.0708 0.1772
-0.4513 0.5824 0.0402
-0.0429 -0.1516 0.5905
-0.0179 0.0457 -1.1591
0.2352 0.0557 -0.0859
-0.4097 -0.7816 0.0872
-0.0008 -0.1108 0.1319
0.5943 -0.3016 -0.3099
-0.2457 -0.2663 0.4434
-0.1632 -0.5592 0.7544
-0.9426 0.1151 -0.2353
-0.0494 0.1340 0.6675
-0.1505 -0.0212 0.1053
-0.0207 0.1874 0.5352
-0.7981 0.8043 -0.3413
-0.0410 -0.0015 0.0997
0.7679 -0.0130 0.9053
0.1790 0.5457 -0.7737
0.0164 0.0206 0.0119
-0.0418 -0.0907 0.3540
0.3769 -0.7940 -0.2320
-0.1404 0.0206 -0.0914
-0.0003 0.0001 0.0620
-0.2769 0.0652 0.2818
-0.1647 -0.6561 0.6195
0.0449 0.0349 -0.0525
-0.0015 0.1192 0.0275
-0.4404 0.3218 0.2481
-0.0289 0.0248 0.5178
-0.0260 -0.6454 0.6423
0.3619 -0.0216 0.0148
-0.0146 -0.1434 0.3436
0.0110 0.0056 -0.1679
-0.0375 0.0206 0.3810
0.0486 -0.0236 0.6992
0.5353 0.5171 0.3845
0.0266 -0.0119 -0.4971
0.2377 -0.1585 -0.1256
-0.0585 -0.5930 0.6620
-0.0564 0.1624 -0.1712
-0.0967 0.5377 0.2470
-0.3090 0.8211 -1.0094
0.0124 0.0395 0.1311
-0.3144 0.2696 0.1780
-0.3906 -0.1427 0.7599
0.5844 0.4670 0.6445
-0.3334 -0.2038 0.0071
0.4199 -0.0009 -0.0655
-1.0944 0.5488 -0.7773
-0.1815 -0.5851 -0.8691
-0.3532 -0.3464 0.2668
0.4923 0.4040 -0.2706
0.4205 0.7583 -0.4732
-0.5006 -0.3765 -0.4145
-0.1268 0.1213 0.0760
-1.5868 -0.2786 0.4678
0.3576 -0.8393 0.5222
0.2743 0.0169 -0.2440
-0.4442 -0.0725 0.8896
-0.1202 0.0633 0.4043
0.0014 0.0029 0.5666
0.1719 -0.4544 -0.2012
0.4914 0.3986 -0.2757
0.0166 -0.0218 0.0844
0.1837 0.3479 0.5159
0.0023 0.1904 0.7428
0.0750 0.0205 0.5975
-0.7029 -0.4200 1.4020
-0.0015 0.4557 0.7306
0.0759 -0.3336 0.3292
0.4872 0.8652 -1.1723
0.2549 -0.0917 0.2908
0.1428 -0.1770 0.0575
-0.2000 0.6826 -0.7177
0.4791 -0.1665 0.8824
0.0158 0.0001 0.7048
0.0840 -0.1018 0.2695
-0.0003 0.0121 -0.3316
0.1309 -0.0652 -0.3661
0.0864 0.1947 0.3076
-0.1128 -0.5995 -0.3950
-0.1362 -0.0551 0.1118
0.2167 -0.5767 -0.3949
0.1457 0.1334 -0.1372
0.4696 -0.3033 0.9464
-0.0733 0.0073 0.0900
0.0486 -0.1277 -0.2765
-0.1513 -0.5935 0.7757
0.0817 0.2597 0.4164
0.0149 0.0024 -0.3070
0.1286 0.1120 0.8707
0.0444 -0.0468 -0.1920
-0.7943 -0.1011 0.4931
0.1947 0.0685 -0.0451
0.6351 -0.3688 0.1107
-0.3297 -0.0572 -0.0391
0.2717 -0.6414 -0.6656
0.4342 0.5134 -0.1116
0.2619 0.2899 -0.4682
0.5388 -0.7906 0.2725
0.0562 0.1163 0.1110
-0.2111 0.9027 -0.2547
0.0161 0.0017 0.2721
-0.0161 0.0288 -0.2887
0.6232 0.5147 -0.6574
-0.0302 -0.0581 0.2498
-0.7966 0.0275 0.1749
-0.2714 -0.4325 -0.7829
-0.1153 -0.0437 0.8273
0.1144 -0.2232 -0.0976
0.3045 0.1266 1.5181
0.1264 0.1257 -0.2773
-0.1663 -0.3005 -0.0419
0.0492 -0.0712 -0.7467
0.2803 0.2312 -0.8610
0.7086 -0.3815 -0.0135
0.0677 -0.1070 0.2375
-0.7008 -0.3922 0.0985
-0.0145 -0.0338 -0.1158
-0.1319 -0.1632 0.3890
-0.1646 0.0708 -0.4590
-0.0680 -0.0408 -0.4812
0.0422 -0.0678 0.0430
0.3892 0.3559 0.7059
-0.3478 -0.2897 0.8037
0.0083 0.0322 -0.0190
-0.5332 -0.0582 0.5471
-0.4147 0.3665 -0.3190
0.2818 -0.5004 -0.8108
0.0342 -0.0078 0.1780
0.1474 -0.3896 -0.6892
-0.4790 -0.0659 0.5028
-0.0377 -0.0065 0.0798
0.1666 -0.0443 0.1721
-0.4398 -0.1696 -0.2835
-0.1136 0.0741 0.3092
0.4941 0.6782 -0.1657
0.2215 0.0410 -0.9644
0.0007 -0.1281 0.0837
-0.1122 -0.0696 -0.4706
-0.0468 -0.4369 0.3785
-0.1419 0.0933 -0.5357
0.5762 0.4500 -0.3883
-0.0230 -0.1857 -0.0954
0.1428 0.2306 -0.2848
-0.1391 -0.2601 0.1811
0.1998 -0.2139 -0.2217
-0.0181 -0.0010 -0.0379
-0.2785 -0.1623 -0.8004
0.0164 0.0371 0.1092
0.3582 -0.8209 0.3630
-0.1847 0.0135 0.3318
-0.0455 0.2859 0.6845
0.7110 0.4150 -0.3255
-0.3855 0.0010 -0.4651
0.2435 -0.1834 0.4959
-0.2978 -0.3941 1.0689
-0.0115 0.0963 -0.0207
-0.0815 -0.1528 -0.8361
-0.0229 -0.0855 0.1213
-0.3657 0.4257 0.4571
0.1209 -0.6674 0.1360
-0.6466 -0.1043 0.7319
-0.2629 -0.1704 0.0429
-0.0067 -0.4687 -0.2006
-0.1399 -0.0423 -1.5932
-0.5644 -0.0366 0.0118
-0.0433 0.1064 0.0131
0.6986 -0.4438 0.2746
-0.1993 0.1283 -0.8671
0.3246 0.2754 -0.2873
0.3616 0.0138 -0.6245
0.2624 0.2667 -0.6531
-0.1420 -0.1473 0.0426
0.0996 0.0901 -0.3379
0.2391 -0.5368 -0.4083
-0.1990 -0.1482 -0.1229
0.2519 -0.0143 -0.2073
-0.3268 1.0477 0.2287
-0.0063 0.0078 0.6752
0.0187 -0.2694 -0.0749
-0.2954 0.1925 -0.4317
0.0396 -0.0787 -0.3770
-0.1264 0.0843 -0.0106
0.2101 0.8724 -0.2871
-0.6522 -0.5273 -0.9368
-0.4449 -0.3344 -0.1052
-0.3282 -0.1453 -0.0408
0.2433 -0.4502 -0.0429
0.1582 -0.0926 -0.8123
0.0005 -0.0003 0.5470
-0.0877 0.0718 -0.0392
-0.2687 0.7712 -0.2642
-0.1947 0.0448 1.0493
-0.0568 -0.8942 0.1510
-0.0900 0.0033 -0.1137
0.4222 0.0824 0.3781
0.9293 -0.2509 0.2407
-0.0245 -0.0198 0.0350
-0.0304 -0.0291 0.8272
0.0281 0.0318 -0.0274
-0.0044 0.0082 -0.0612
0.0483 0.0983 -0.0251
-0.0597 -0.0688 -0.2425
0.2641 -0.0182 0.1455
-0.1717 0.8298 0.4660
0.2021 -0.1252 -0.1476
-0.0021 0.0018 0.4355
0.1376 0.0189 0.1056
0.0142 0.0028 0.0264
0.2847 0.4934 -0.2876
-0.4074 -0.0035 -0.7071
-0.2906 0.6561 -0.6216
-0.5352 -0.1328 -1.1256
-0.0598 -0.1066 0.2713
-0.0029 -0.0035 -0.0033
0.1697 0.3303 -0.0660
2.6183 -0.2747 0.0619
2.8426 -0.0406 -0.1613
2.1026 0.0854 -0.4020
2.4931 -0.0020 -0.5591
2.6443 -0.4457 0.1676
2.4280 0.1083 0.0978
2.5125 0.0398 0.0476
1.3415 -0.2704 0.6693
2.2965 -0.0262 0.2467
2.4941 0.2234 0.1567
2.4812 -0.0334 0.0633
1.9607 0.3096 0.3887
2.2476 0.1121 -0.9444
2.4194 -0.1045 0.4042
1.8634 0.3528 -0.0821
2.4073 0.2377 -0.2701
2.4025 -0.2046 0.2196
2.5230 -0.0156 0.0806
2.5727 0.1724 0.4398
2.5688 -0.0528 0.2044
1.9018 0.2404 0.4418
2.3318 -0.0275 -0.4589
2.5156 0.4501 -0.4109
3.3058 0.0696 0.2611
1.6656 -1.2142 0.2996
3.1352 -0.3085 0.5136
2.5706 -0.0322 0.4526
2.2052 0.6432 0.0276
2.8359 -1.1694 -0.0843
3.0551 -0.0270 0.5849
2.5464 -0.2758 0.2279
2.5130 0.0057 1.0099
2.7357 0.1039 -0.2683
2.4015 0.0694 0.3516
2.4038 0.0028 0.0836
2.2329 -0.0216 0.0515
2.6409 -0.1244 0.1524
2.4211 -0.3363 0.5718
2.7127 -0.1746 0.2460
2.6479 0.0787 -0.9660
3.5150 0.0360 -0.4277
2.3981 -0.0757 -0.0967
2.4807 0.3329 0.1115
2.4315 0.0402 0.2532
1.9131 -0.0154 0.0533
3.3767 0.0828 -0.2089
2.6918 -0.5306 0.6677
2.6336 0.4206 -0.0247
2.5779 0.0577 0.2600
2.4587 -0.3741 -0.9783
2.4810 0.0091 0.0415
2.5175 0.3216 0.0367
2.6974 0.0345 0.4860
2.4699 -0.0296 0.0822
2.3536 -0.0040 0.5586
2.3991 -0.0616 0.1043
3.1715 0.5614 -0.1704
2.5499 -0.0789 0.1054
2.4997 0.0003 0.0008
2.4963 0.0032 -0.0467
2.5255 0.1414 0.7131
2.8938 0.4753 -0.4608
2.6382 -0.3638 -0.2898
1.1922 0.6242 0.0257
2.8823 -0.1377 -0.1439
2.5130 0.4096 0.5812
2.1843 -0.4004 0.4034
2.4298 0.0475 0.0145
3.1302 0.6576 0.1170
2.3245 -0.1097 -0.8466
2.7181 -0.2434 0.2253
2.7103 -0.5969 0.1115
2.5049 -0.0070 -0.5710
2.5671 -0.0155 -0.3853
2.5089 0.0069 0.1058
2.3028 0.4611 0.0827
1.8929 0.1076 0.2443
2.2232 0.0459 0.2265
3.4182 0.6894 0.0407
2.8781 -0.5213 -0.2496
1.5461 0.1639 -0.1202
2.4186 -0.1716 -0.0716
2.4857 0.7492 0.6130
2.4837 0.7468 -0.3933
2.5265 -0.0220 -0.2828
2.5068 0.0101 0.0110
3.1102 -0.3305 -0.6132
2.5118 0.5588 -0.1858
2.5394 -0.0474 -0.6407
2.5182 0.0171 -0.3545
2.5689 0.0140 -0.0024
2.2245 0.0522 0.4494
2.5339 -0.0163 -0.0388
2.4853 0.0255 -0.8170
2.5868 -0.0031 0.4951
2.4798 0.0184 -0.8782
2.7270 -0.0129 0.3077
3.3907 0.2131 0.9551
2.1007 0.7979 1.2859
2.4626 -0.0573 -0.6054
2.1922 0.3092 -0.5773
2.4501 -0.2029 -0.5806
1.2849 0.3884 0.3555
2.0538 -0.8175 0.4900
2.9334 -0.1506 -0.0329
2.7986 -0.6586 -0.3234
1.8416 0.0310 0.4525
2.6013 -0.0003 0.2236
3.7097 -0.0357 1.1842
2.2090 0.4593 -0.6209
2.5378 0.0356 0.0694
2.5484 -0.0593 -0.0196
1.6027 0.2150 0.1706
2.1237 -0.1801 0.0545
2.5205 0.0162 0.0636
2.3898 -0.0123 0.4041
2.9313 -0.2241 0.3750
2.7760 0.2038 -0.6499
2.4785 -0.0151 0.0272
2.9160 0.1255 0.0034
2.3595 -0.2344 -0.5947
2.7523 -0.0102 0.3538
2.6571 -0.1952 -0.0489
2.7180 -0.3382 -0.5368
1.8922 0.4059 0.1827
2.6105 0.3544 0.5312
2.4874 -0.2535 0.1217
2.7936 0.0899 0.8179
2.3126 0.0744 -0.2666
1.7839 -0.2512 -0.1856
2.5348 0.0923 -0.0930
2.5036 0.1010 -0.1217
2.4899 0.0626 0.0106
2.4650 -0.0158 -0.2375
2.8974 -0.4989 0.5994
2.5478 0.1640 0.0537
2.5509 -0.5746 -0.7996
2.2314 0.7056 -0.5214
2.4663 -0.1385 -0.2114
2.5296 -0.0552 -0.5742
2.4692 -0.0485 0.2432
2.5080 0.0172 0.1243
2.3135 0.0268 -0.2320
2.8252 0.2366 -0.0780
2.6800 -0.3354 -0.1916
2.5032 0.0035 -0.2719
2.2894 -0.0065 0.3446
2.5412 -0.1582 0.1489
2.5341 0.0232 -0.2215
2.4627 -0.1156 -0.2149
2.7164 -0.8656 -0.2117
2.3158 1.2906 0.1633
2.4844 0.3718 0.3353
2.2164 -0.4373 -0.1231
2.7324 -0.2848 -0.2759
1.7860 -0.1456 0.2204
2.3234 0.0488 0.0133
3.0033 0.0491 -0.1505
2.5382 0.0295 0.2329
2.4921 0.0021 -0.0108
2.1087 0.6973 0.1800
2.3963 -0.0356 -0.9891
2.5195 0.0177 0.0138
2.1038 0.8118 0.6094
2.0914 -0.1543 -0.4090
2.2894 -0.7243 -0.2002
2.4812 -0.0967 -0.0735
2.5563 0.0351 0.1217
2.4983 0.0090 0.1730
2.3028 0.4692 -0.3543
2.8122 -0.0626 -0.3801
2.4760 0.0026 0.1072
2.4719 0.0051 0.1005
2.4870 -0.0271 0.1245
2.5715 -0.1201 -0.9112
2.4985 0.0173 0.7664
2.4764 1.3845 -0.5928
2.4730 0.1648 0.0462
2.5994 0.0322 -0.0126
2.4343 -0.2719 -1.6649
2.5635 0.1785 0.8096
2.4962 0.0452 0.3474
2.3840 -0.0080 0.1826
2.5613 0.2457 0.9388
2.4726 -0.2889 0.0033
2.5015 0.0141 -0.0556
2.3698 0.1411 0.0566
1.5927 0.6101 -0.2233
3.0448 -0.5746 -0.1165
2.9726 -0.2317 0.7289
3.0258 0.2988 -1.2853
2.3695 0.0314 0.0771
2.5064 0.0091 0.1297
2.7423 -0.1919 0.3832
2.4932 -0.0044 -0.5931
2.3942 -0.1235 0.0470
1.8601 0.1038 -0.4941
2.4344 0.2690 0.2783
1.8533 0.2363 0.0192
2.6228 -0.1124 0.7064
2.3014 -0.0023 1.1750
2.4113 -0.0564 0.5592
2.5515 -0.0192 0.0033
2.1472 0.6489 -0.4038
2.2695 -0.1099 0.7098
2.2376 -0.1701 0.6413
3.1202 0.2328 -0.5721
2.7547 0.0641 -0.8174
2.6962 0.2338 -0.8398
3.4546 0.1601 0.0390
2.7320 -0.1698 0.1663
2.5073 0.0216 -0.2578
3.1665 0.5524 -0.3947
3.0248 0.7753 1.3357
3.1112 -0.6764 0.8991
2.7928 0.4325 0.1794
2.4486 -0.2323 -0.4976
2.1942 -0.6293 -0.6174
2.6224 -0.5367 -0.1656
2.4707 0.2731 0.2414
2.5116 0.0071 -0.0510
2.7515 -0.6306 0.9867
2.3473 0.4163 -0.8774
2.6489 0.0212 -0.3723
2.0083 -0.1260 -0.9896
1.7830 -0.2701 0.8474
1.9846 0.3275 -0.5722
1.8778 -0.3664 -0.3604
2.5667 -0.1487 0.2064
2.5314 -0.0656 0.1778
2.4714 -0.0475 0.1336
2.4997 0.0059 -0.1925
2.5024 -0.0369 0.0442
2.3077 0.3561 0.6585
3.3889 -1.1492 0.7014
2.5198 -0.5539 -0.1377
2.3724 0.2980 0.1871
2.4994 -0.0117 0.3233
2.3353 -0.0324 0.7481
2.4918 -0.0134 -0.2015
2.5132 0.4084 -0.3337
2.8738 -0.4825 -0.6297
1.8881 -0.0559 0.9114
2.4408 0.1557 0.2740
2.4385 0.1024 0.3983
2.4481 0.0729 -0.1398
1.9187 0.0409 0.4093
2.7829 0.0924 -0.2951
3.2544 -0.1053 0.4467
1.6637 -0.3001 0.2040
