0.5368 0.3043
-0.4933 0.2913
0.0529 0.3266
-0.7297 -0.2216
0.1057 0.0266
-0.5219 0.5337
-0.5494 0.8204
-0.3985 -0.2148
-0.1713 0.6567
0.5557 -0.5031
0.3733 -0.1965
0.0745 -0.1491
-0.0029 -0.0917
-0.0704 0.2710
0.1845 -0.0612
-0.2226 -0.5520
-0.0136 0.1659
0.9405 0.6732
0.1830 0.0330
0.3398 -1.3081
0.4760 -0.8728
0.6057 -0.0732
-0.8343 0.3373
-0.1782 0.0955
0.3620 0.0096
0.3284 0.3402
3.4241 -1.8837
0.0319 -0.0143
0.3300 -0.6943
-0.0013 0.5579
0.0796 -0.0028
0.1044 -0.0271
0.1279 0.5299
2.2924 -1.8080
1.9843 0.0671
-3.1509 -0.3450
-0.6738 0.0086
0.0047 0.0142
0.0434 0.5778
1.2614 1.1413
0.4974 0.7904
-0.2629 -0.1955
-0.5454 0.1734
-0.5784 0.6774
0.1959 -3.6633
-0.1483 0.4697
0.5689 0.4637
-0.4459 -0.4691
0.0396 -0.1336
0.0320 -0.5308
-0.6509 0.2054
0.2344 0.1782
0.0051 0.0129
-0.8653 1.0742
0.0099 3.4194
0.1358 -0.6799
-0.8638 0.1759
0.0502 -0.0919
0.6307 0.0604
-0.2215 0.1657
0.1435 -0.3545
-2.3203 1.8109
-0.8976 3.0963
-0.0446 -0.3690
0.8697 -0.2484
-0.1523 0.0938
-0.4554 -0.2017
0.6968 0.5729
0.4644 0.4801
-0.9823 0.1167
0.5897 0.6135
0.9009 -0.3970
-0.0466 0.2014
0.8342 -0.3552
0.3282 -0.4815
0.1577 -0.1950
0.1345 -0.0639
0.3053 -0.1951
2.8253 1.7497
0.0455 0.8582
0.6112 -0.6513
-0.7368 -0.7287
0.6811 -0.2892
-0.0395 -0.0039
-0.7254 0.5055
-0.6949 -0.3563
0.0882 0.3497
-1.8597 2.2361
-2.3964 -0.1524
-2.0136 0.6284
-0.4733 -0.1249
0.4583 0.8002
-0.2750 0.1423
0.3056 -0.0102
-0.0242 -0.2072
-0.0758 0.6135
0.0889 0.0780
-0.0994 0.4867
-0.6113 0.1474
2.4959 -2.3545
5.0820 0.0483
4.7225 0.0299
4.9339 0.1012
5.3466 0.4410
4.4622 0.4556
5.4515 0.0927
4.8182 0.8126
5.1541 -0.7638
5.3982 -0.0326
5.4237 0.2995
4.1340 -0.2763
4.9866 -0.5598
5.1013 0.0539
5.8623 -0.2323
5.4539 0.7789
4.7131 0.0103
5.1244 -0.0316
5.8576 -0.2596
5.2645 2.5799
4.6299 -0.0401
5.5801 1.6624
5.2258 -0.0351
3.8020 0.9983
4.2183 0.3294
5.4453 0.2757
5.1450 -0.1482
4.6587 -0.3393
4.9073 -0.0930
4.8298 -0.0069
4.7814 0.2434
5.0924 0.8310
5.5361 0.5330
4.9555 -0.0946
4.6391 0.8058
4.6865 -0.1106
4.7952 -0.5403
5.5344 -0.5324
3.4619 -2.0224
5.2073 -0.0568
4.4272 -0.7337
5.7496 0.1603
5.1181 0.0530
4.9907 -0.1336
5.6364 0.2444
5.5331 -0.7245
4.3579 -0.1880
4.4622 -0.3314
4.4020 -0.1684
4.9435 0.9563
4.1427 -0.3590
5.9231 1.5380
4.8715 0.0057
4.1037 0.9843
4.5947 0.2803
4.0840 -0.2832
4.4113 0.5317
5.3607 0.3336
4.9989 0.0204
5.2295 -0.0563
5.5573 -2.6535
4.8907 0.0947
5.0099 0.0150
5.1422 0.5097
5.4604 -0.7172
5.0213 0.0456
4.7959 -0.2538
4.8865 -0.2253
5.2823 -0.6858
4.3905 0.4371
5.1212 0.0929
5.4841 -0.3373
6.7166 1.6238
5.0346 0.4342
4.7861 0.6037
4.9865 -0.1832
4.5706 0.4310
4.9702 0.1458
4.7337 0.0082
4.4325 -0.0151
4.6783 -0.0007
5.2236 -0.7056
8.2378 2.0197
4.8662 -0.1931
5.0030 0.0788
5.3773 0.7815
5.4281 -0.8074
4.6527 0.6850
5.1778 0.0863
5.3107 0.0832
5.1371 0.9618
5.3115 0.3821
5.5618 0.6365
4.9698 -2.9319
5.0421 -0.4618
5.6804 0.1891
5.1376 -3.5347
4.1495 0.0085
5.1762 -0.7141
3.8176 0.3742
5.2432 -0.3296
