0.0090 -0.0096 0.0389
0.0854 -0.1786 0.1160
0.0814 -0.0079 0.7254
-0.1483 0.0067 0.9710
0.0216 -0.0885 -0.2651
0.5278 -0.0343 -0.1752
0.0545 0.0169 0.3245
-0.0378 -0.0579 0.6713
-0.0292 -0.0731 0.2479
0.0909 0.0011 -0.0078
0.2127 0.0924 0.0742
-0.2248 0.3946 0.2218
-0.2075 0.1895 -0.2720
0.1985 0.7363 0.5840
-0.0809 0.0085 -0.5122
0.2417 0.4460 -0.3218
0.3760 -0.0496 -0.7186
-0.1234 -0.3509 0.4628
0.1598 0.2383 -0.3754
-0.2805 -0.1734 -0.1092
0.0102 0.0511 0.6715
0.0048 -0.0272 0.2820
-0.0075 0.0387 0.1530
-0.1091 -0.0070 0.3040
-0.6777 -0.4815 0.3745
0.7806 -0.0923 0.2753
0.1936 0.0030 -0.6795
0.0662 0.0101 0.0662
-0.2463 -0.0335 -0.3941
-0.2283 0.7293 0.4260
-0.6150 0.1453 -0.6627
0.0564 0.0352 -0.3779
-0.3098 -0.4093 0.3008
-0.3802 0.0582 0.2834
-0.1237 -0.0043 0.2400
-0.1336 -0.2874 0.0294
-0.0870 0.1238 -0.5938
-0.4482 0.5943 -0.5497
-0.4262 -0.2867 0.4220
-0.0830 -0.0409 -0.7809
-0.0182 0.0294 -0.0929
0.0322 0.0108 -0.0774
0.0574 -0.0325 0.2082
-0.1140 -0.2531 -0.0936
0.1305 -0.0593 0.8979
-0.0013 -0.0004 -0.0010
-0.2782 0.4944 -0.1545
-0.0769 -0.0306 -0.2455
-0.1065 0.4698 -0.3367
-0.1710 -0.0046 -0.0409
0.0312 -0.0454 0.8955
0.2432 -0.0319 0.0267
-0.0996 -0.4473 -0.0565
-0.0017 -0.0035 0.1894
0.2087 -0.4258 -0.8470
0.4419 0.3014 -0.0920
0.0540 -0.0782 -0.0469
-0.2379 0.0175 -0.0010
0.1159 0.5376 0.5978
-0.0058 0.0004 0.0247
-0.3345 -0.0459 -0.1883
0.3014 0.1896 0.1391
-0.4331 -0.4491 0.4470
0.0235 0.0044 0.1418
0.0003 -0.0003 0.6230
-0.1745 -0.1616 -0.3313
-0.3426 -0.3546 0.3405
0.0466 -0.0875 0.2024
0.4714 -0.2179 0.5541
0.0522 -0.0893 -0.4110
0.3362 -0.1397 -0.4876
-0.5850 0.1255 0.4564
-0.2109 -0.1021 -0.1289
-0.0178 -0.0330 0.0358
0.0050 0.0347 -0.4978
0.0558 -0.0008 0.2039
0.7593 -0.0832 0.1879
-0.0013 0.0032 0.0340
-0.5026 -0.1620 0.0519
0.4509 0.2462 -0.1471
-0.0557 -0.2423 0.1239
0.0148 -0.0123 0.4335
0.3384 0.4835 -0.6262
-0.0719 0.1739 0.5396
0.0002 0.0013 0.0345
-0.0511 -0.1232 0.4893
0.2508 0.4120 0.1335
0.2405 -0.0748 0.9431
-0.0730 0.0921 -0.8868
0.1008 -0.3112 0.6223
0.0714 0.0874 0.5173
0.2983 0.3536 -0.2603
0.5308 -0.2120 -0.1837
0.0201 -0.0072 -0.0169
-0.1957 0.1435 -0.2845
-0.4698 0.3430 0.3242
-0.4433 -0.4108 0.2573
-0.0095 -0.0023 0.1043
0.5013 0.4007 -0.4433
0.0356 0.2063 -0.2181
