-0.2072 0.0585
0.7781 0.0281
-0.0016 -0.2431
-0.2305 0.3319
1.5300 1.4017
0.8612 0.2992
-0.0276 2.6199
0.0005 0.0878
0.2469 0.3998
-0.1968 0.6665
-0.0117 -0.0100
-0.7004 0.7007
-0.7658 0.4461
0.0445 -0.2636
0.0346 -0.9098
-0.9687 0.2127
-0.8045 0.2592
-0.2874 -0.1651
-0.2299 0.0586
0.6208 0.0573
-0.3655 0.7764
0.3349 0.7791
0.9488 0.6536
-0.1845 0.2829
-0.1414 -0.4918
5.9339 -0.7142
3.4434 -0.1051
3.3505 0.0232
3.8586 0.7449
3.4504 0.0497
3.5366 0.0018
3.3914 0.5037
4.0143 0.1584
3.0915 -0.3726
4.0325 -0.4343
3.7032 0.0594
3.5351 0.7174
3.5124 -0.0267
3.3556 -0.0427
3.7006 -0.8823
4.4512 -0.0935
3.0473 1.1821
3.7530 0.1338
4.3243 -0.2886
4.1182 0.6197
2.9060 -0.6069
3.8268 0.6945
5.4720 -0.7562
4.1577 -0.4006
4.4723 1.0961
