-0.7832 -0.2980
0.1729 0.0688
0.4411 -0.1616
-0.7861 -0.4523
-0.1026 -0.2473
0.1345 -0.5568
0.0530 -0.5130
-1.4909 1.3958
-0.4095 -0.1120
-0.0545 -0.0009
0.8572 -0.1122
-0.0143 -0.8102
-0.1575 0.1107
-0.5822 -0.7750
1.0715 0.2011
0.3589 0.1083
-0.6867 0.0733
-0.1693 -0.1235
-0.1107 -0.0625
0.4143 -0.5194
0.1135 -0.6646
0.6372 1.2218
-0.3832 0.2271
-0.2661 -0.1985
0.8778 -0.4133
0.7418 -0.5005
-1.1825 -1.3342
0.1800 -0.1582
-0.5045 -0.7042
0.5945 0.4259
-0.4455 0.5219
-0.2200 -0.1187
-0.4076 0.3682
-0.8468 -0.4727
-1.0510 1.9525
-0.3948 0.4918
0.5445 0.2590
-0.8163 -0.3201
-0.3164 0.1240
0.9877 0.0482
-0.3559 -0.2208
-0.4175 -0.6464
0.2699 0.9191
1.2108 -1.7267
-0.1392 0.5257
0.4759 -0.3440
0.1342 -0.6558
0.4330 0.8734
2.5142 0.6282
0.3915 0.7118
0.8081 0.3762
-0.1841 -0.3612
-0.7575 1.0767
0.8383 -0.0861
0.3089 0.4875
0.3620 -0.1984
-0.2340 -0.2578
-0.7289 -0.2834
-0.0124 -0.0299
-0.1962 0.2063
-2.5503 -0.0172
0.7448 -0.4842
0.2996 -0.6002
-0.5519 -0.2603
-0.1190 0.0087
0.4084 -0.5290
-0.0460 -0.0389
-0.2684 -0.1628
1.0019 -1.3981
0.0000 -0.0740
-0.2388 0.0991
-0.2328 -0.4132
-0.2214 -0.8304
0.7431 0.4017
0.1050 0.7995
0.2305 0.2128
0.0407 -0.5713
-0.0124 0.0797
0.3123 0.9192
0.0040 -0.1483
-0.0387 -0.0168
-0.0035 1.6377
-0.1903 -0.1137
0.8858 -1.7213
-0.0195 -0.0193
-0.0757 0.0217
0.8586 1.2647
-0.4105 -0.4573
0.0650 -0.0407
-0.2112 -0.7414
-0.8904 0.3100
-0.7697 -0.0256
-0.1215 -0.3393
0.1526 -0.0905
-0.0605 -0.1000
-0.2758 -0.2022
0.7433 0.3143
-0.8504 0.0410
0.0232 0.1259
-0.4739 -1.6706
0.3459 -0.0870
-0.6698 -0.4745
-0.8736 -0.2782
0.3075 -0.6867
-0.1648 -0.0900
-0.0948 0.1402
0.7872 0.2681
0.1520 0.0803
-0.0214 -0.6585
0.0305 -0.0100
0.0305 0.4153
0.0600 0.4302
0.1386 -0.3953
0.1253 0.3444
-0.0044 -0.0457
-0.3895 -0.0823
0.1945 -0.5075
0.7532 -1.4990
-1.3706 -1.0508
0.8245 -0.5200
0.2269 0.2088
-0.6174 0.0498
0.1162 0.1084
0.6207 -0.1267
-1.0127 0.9034
-0.1442 -0.3653
0.3132 0.2833
0.6386 -0.4976
-0.5813 -0.6901
0.3670 -0.6754
-0.2459 -0.2446
-0.7963 0.3696
0.0952 -0.2630
0.2417 0.1199
0.6560 0.1826
1.2728 -0.7575
-0.7803 0.2458
0.6553 -0.2690
0.1057 -0.1707
-0.5570 -0.6072
0.8764 -1.9476
0.4671 -1.8068
-0.0603 0.3378
-0.3072 -0.2151
-0.8924 1.7528
0.4638 -0.2884
0.1585 -0.1007
-0.5878 0.6603
0.2447 -0.0141
-0.2909 0.3647
0.0216 0.2051
-0.0150 -0.2601
0.0187 0.0223
0.1202 0.2139
0.7809 0.6193
0.5113 -0.7187
0.0343 0.0192
-0.2519 -0.1266
-0.4378 0.7229
0.4644 0.6138
-0.0522 -0.0275
0.1298 -0.3996
0.4857 -0.2157
0.8593 0.3713
0.5164 0.7984
-0.4831 0.1687
-0.0410 0.0174
0.0786 -0.5498
-0.0252 -0.0222
-0.6955 0.0341
-0.3741 0.5177
0.0551 -1.3499
-0.0098 -0.0483
0.0189 0.9067
-0.3258 0.3606
-1.0718 0.4694
1.7988 0.1031
0.0887 -0.8919
-0.3307 0.4658
0.0118 -0.2685
1.8034 -0.8106
0.1241 -0.8036
-0.0183 -0.0741
0.1061 0.1827
-0.0499 0.9624
0.5423 0.6875
-0.6287 0.0789
-0.2733 0.2718
-0.3364 0.9171
0.3312 -0.5440
0.4413 -0.4821
-0.0685 -0.9311
-0.0202 -0.0353
0.1971 -0.4720
0.0087 -0.0057
-0.4430 0.0245
-0.5551 -0.2244
0.1302 0.2144
-1.0929 -0.0798
-0.1091 0.5489
0.3793 0.0345
0.1206 0.3658
-0.6983 0.0982
-0.0967 -0.0351
0.0055 0.2079
-0.0097 -0.7222
0.0509 -0.2287
0.0732 -0.3935
0.0477 -0.0799
-0.2496 0.5403
0.0383 0.3013
0.0621 -0.2421
-0.3488 0.5147
-2.2943 0.7713
-0.3610 0.0333
0.0685 0.0267
-0.3328 -0.5887
-0.0656 -0.1162
-0.1423 -0.2903
-0.6912 0.0630
0.2728 -0.2536
-0.1244 -0.1201
-0.1544 0.3893
0.2615 -0.6576
-1.1119 1.6553
0.0377 0.0342
-0.1728 -0.5691
0.2481 -2.2129
0.1859 0.2665
1.7555 -1.2139
1.3132 -0.4981
-0.0354 0.0705
-1.3165 0.5409
0.0634 0.3494
-0.2851 -0.8406
0.9368 0.1474
0.2254 1.4570
-0.3839 -0.2278
0.1455 0.0214
-0.3435 -0.0849
0.8635 -0.0398
-0.6060 -0.1840
0.0631 0.0829
0.0023 0.0013
0.9209 0.1251
-0.1994 0.1549
0.3269 0.2346
0.0419 -2.3066
0.6787 0.5636
-0.5212 -0.9006
3.7324 0.3166
1.2552 -1.0017
4.0084 -0.6107
3.2321 -0.7901
2.0362 -0.7528
3.5988 0.0564
3.8941 -0.3860
3.2782 -1.3017
1.9214 -0.3527
3.6613 -0.0550
3.6113 -0.0176
2.5393 -0.5495
3.8903 -0.6594
3.6024 0.0745
4.6615 1.4039
2.0052 1.0954
3.4984 -0.0016
3.1445 -0.6604
4.7951 -0.1099
3.7161 0.2870
3.3227 -0.4645
3.6148 0.7627
3.0967 -0.1792
3.1881 0.1280
4.8376 1.7911
3.3683 -0.0058
3.4904 0.2590
3.6375 -0.4301
2.9015 0.2908
3.5431 -0.1291
3.7814 0.8951
3.1366 -0.6929
3.5060 -0.1002
3.4888 0.1963
3.1615 -0.8895
3.4475 -0.0367
3.5130 -0.0316
2.8646 0.6644
3.8111 -0.1412
3.5402 0.0415
3.4864 -0.2620
3.3683 0.5358
3.6273 -0.0335
3.7138 -0.3900
3.6649 -0.9421
3.4587 -0.1088
3.8326 -0.2720
3.4462 0.1600
3.3929 -0.1917
3.0335 -0.5928
2.9574 -0.4484
3.0450 -0.0363
3.8158 0.3695
4.4910 0.1217
3.7152 0.4779
3.5344 -0.1314
3.3466 -0.4914
3.5272 0.0122
2.5363 0.0366
2.7192 -0.1359
4.0733 -0.3719
3.7550 -0.1231
3.8748 0.6642
1.9870 -1.4143
3.0733 0.8334
3.0144 0.5888
3.1528 0.2786
3.4899 0.1107
3.5450 -0.1935
3.5873 0.0008
2.8018 0.4133
3.1684 0.5549
3.5033 0.0103
3.6735 0.0799
3.3420 0.5318
4.0361 -0.4848
4.0225 0.2790
3.8265 0.7024
3.3057 0.1730
2.9733 -0.2864
3.5422 0.3179
3.2075 0.0382
4.0226 -1.0638
2.7763 0.3702
4.0053 -0.1734
2.8048 0.6817
3.6292 0.0622
2.6029 1.2704
2.5737 0.2017
3.2313 -0.0703
4.5776 0.9838
4.7564 0.1119
3.3195 -0.5267
4.0628 0.0565
3.0164 -1.7857
3.3379 0.7980
3.2204 -0.0517
3.2043 -0.6674
2.6165 -0.3327
3.8760 -1.2347
3.8477 -0.1927
3.8871 -0.6593
3.8292 -0.4352
2.6819 0.3360
3.3503 -0.0207
3.8673 -0.4466
2.0595 1.8119
3.2137 0.5600
4.1230 0.2293
2.8388 -0.3949
3.8568 0.2638
2.7967 -0.7751
3.2109 0.1963
3.4958 0.0078
3.9392 -2.2878
3.4094 0.0382
3.7119 -0.2011
3.7057 -0.3482
3.3174 0.1530
3.3584 -0.1695
4.0052 0.6445
2.7766 -0.5107
2.6607 -0.1702
3.5665 0.3880
3.6481 -0.1070
3.1764 0.0730
3.2062 0.2482
3.2972 0.3443
3.3867 -0.0501
3.4497 -0.5070
3.2065 -0.2315
3.3965 -0.6172
3.5708 -0.4485
4.2035 0.3881
3.4368 -0.9346
4.2007 1.9153
3.8182 -0.0213
3.8058 -0.8033
4.2761 -0.6240
3.2008 0.6653
3.3322 0.8842
3.2269 -0.5138
3.8013 -0.3211
3.2872 -0.3075
2.8166 0.1893
4.0593 -0.5660
3.0322 -0.2972
3.1454 -0.4491
5.9290 -0.3954
3.8777 -0.0985
3.4218 -0.4953
3.3320 -0.0205
2.7362 0.2989
2.0520 1.1630
3.4986 -0.0008
3.6704 0.3421
4.0515 0.0963
3.5485 -0.6907
4.2947 0.3758
5.0184 0.3736
3.4449 -0.0619
3.2902 -0.5885
4.0709 -0.0201
3.3606 -0.7833
4.3176 0.1740
2.7175 -0.4208
3.4999 -0.0118
4.7648 0.3833
3.4951 0.7184
3.7339 0.0862
3.1986 0.0087
2.4363 -1.8441
2.2780 0.3629
3.8867 1.4303
2.9701 2.4882
3.2776 0.0176
3.4849 0.0064
3.3438 0.6066
3.0685 -0.4334
3.5501 0.0774
5.1265 -1.8260
3.5846 0.0201
3.3443 -0.6003
3.3642 0.1147
3.5567 -0.0058
3.3762 -0.0534
3.3367 -0.1518
2.7659 0.4061
3.1325 -0.6188
2.3304 1.2874
3.6694 0.1409
3.5857 -0.6489
3.8617 0.3156
4.0367 -0.1998
2.6108 -0.3684
4.0963 0.2082
3.0440 0.2121
3.3365 0.8302
2.5766 -0.5147
3.6371 0.1500
3.2194 0.8700
4.5906 1.7540
3.0111 -0.3968
3.3750 0.2379
4.3250 -1.7361
3.8838 -0.0414
4.2485 -0.0266
3.5027 0.0135
3.6358 -0.2755
2.9378 0.4477
4.2599 0.3278
3.8763 0.5284
3.8006 -0.2706
3.4305 0.9159
3.2134 0.6375
2.6438 0.1790
2.5946 -0.1725
4.0969 -0.7089
3.6977 0.1581
4.0637 0.0485
3.6753 -0.3341
3.6966 -0.8957
3.4562 -0.3173
3.2426 -0.2329
3.4525 -0.5094
3.7185 -0.3466
3.3936 -0.0379
1.1494 0.8768
3.3764 -0.4052
3.4982 -0.0039
4.6185 2.4317
3.7053 -0.1781
4.7151 -1.2826
4.1916 0.5409
3.5872 -0.9221
4.5391 1.3672
3.5979 -1.9446
3.6633 0.1701
2.9272 -0.3493
4.0129 0.6056
2.1732 0.2701
3.2702 0.4324
4.5064 -0.7074
3.4832 0.2799
2.9471 0.4883
3.4924 -0.2591
3.7670 0.3370
4.1055 -0.1987
3.8419 -0.1932
3.4832 0.0071
