-0.6806 -0.0273
0.5500 -0.3416
0.3622 0.8601
-0.3419 0.0060
-1.2719 1.0510
-0.0053 0.3812
0.2391 -0.1866
0.4313 0.1194
0.1288 0.7742
0.4166 0.4377
0.7599 -0.0426
0.0376 0.1779
-0.6807 -0.1187
-0.0189 0.2914
0.3000 0.0080
0.0922 -0.2216
-0.0807 -0.1057
-0.3614 -0.0012
-0.2312 0.4606
0.1678 -0.2856
0.2660 -0.5542
0.0624 -0.0238
-0.9480 -0.0397
0.1254 -0.3358
0.7391 0.1155
-0.0419 -0.3344
-0.1097 0.7498
0.7455 0.3635
-0.0559 0.1420
0.6016 0.5159
-0.3445 -0.5716
-0.1873 0.1422
0.1128 -0.2402
-0.7449 0.5502
0.0626 -0.3699
0.5521 0.0422
-0.3908 -0.3434
0.1803 0.6214
-0.5313 -0.3736
0.0205 -0.0130
0.9221 0.5514
0.0139 0.0823
-0.0101 -0.0023
-0.1177 0.1741
0.6994 -0.1937
0.3462 0.4177
0.3762 -0.7089
-0.3080 0.4475
0.5047 -0.3108
-0.1789 0.6777
