0.2903 0.5921
0.0597 0.1533
-0.6177 -0.4993
-0.0067 0.3267
0.4405 -0.8299
0.0279 -0.1073
0.3086 0.0817
-0.1864 -0.9572
0.2486 -0.4076
0.4514 0.3447
-0.7780 0.4314
0.3801 0.5350
-0.0701 0.3190
-0.1358 0.0779
0.2464 0.1233
0.0503 0.0394
-0.0310 -0.1419
0.1787 -0.0627
0.2812 -0.5592
-0.5252 0.7190
-0.0107 -0.0528
-0.3635 -0.1377
0.0381 0.7155
0.1377 0.2023
-0.5826 -0.5317
0.1169 -0.0756
0.7643 -0.1784
-0.1124 -0.2220
0.5063 -0.1143
-0.2024 0.1177
-0.3076 -0.6027
0.1056 -0.3055
-0.5653 -0.2674
0.4158 -0.8636
0.0338 -0.1377
-0.0004 0.3696
0.1657 0.0110
-0.0916 0.2778
0.0371 0.2115
-0.3544 0.3383
