-0.0030 -0.0052 0.0235
0.2155 0.0171 0.1253
-0.5987 0.2697 -0.3251
0.1866 -0.3259 -0.8490
0.1866 0.5206 0.2918
-0.2674 0.2937 -0.3261
0.2949 0.7614 -0.1528
-0.3400 0.1192 0.4755
-0.4454 -0.8718 0.1203
-0.7037 0.2226 0.0056
-0.5289 0.1594 -0.1449
-0.0276 0.0560 0.1054
-0.0532 -0.0137 0.0360
0.1160 0.1411 0.6314
-0.0068 0.0385 -0.1946
0.0493 -0.0064 0.7526
-0.0012 0.0027 -0.1752
0.0161 0.0102 0.0030
-0.0503 0.0077 0.1424
0.0097 -0.0030 -0.1152
0.1761 0.0835 0.7136
0.6604 -0.4874 -0.1516
-0.2307 -0.2657 -0.7991
0.0100 -0.0259 0.3403
-0.0279 0.0164 0.0781
-0.1949 -0.1430 -0.1783
0.1475 0.0875 0.9737
-0.0681 -0.0497 -0.7286
-0.0352 0.0279 0.2949
-0.1349 -0.0477 -0.0922
0.2258 -0.3992 0.1584
-0.2284 -0.4799 -0.5202
-0.0287 -0.0293 0.0357
-0.1877 -0.5165 -0.6264
0.0326 -0.0177 -0.0635
0.4544 0.1024 0.1347
0.1427 -0.4417 -0.4232
-0.0946 -0.0867 -0.4688
0.4846 0.0239 -0.1786
0.2657 0.0449 -0.0617
-0.3185 -0.2782 0.0515
-0.1464 0.1686 -0.0192
0.4185 -0.0115 0.2084
0.0105 -0.0170 -0.1402
-0.3947 0.1646 -0.7766
-0.0269 0.0261 0.1356
0.2609 0.1922 -0.1940
0.1520 0.8382 -0.0786
-0.0866 -0.0017 -0.0698
0.3314 0.2219 -0.3922
0.0503 0.0437 0.3279
0.0908 -0.7108 -0.4570
0.2627 0.2781 0.2837
0.8277 0.1697 0.2291
0.7498 -0.0474 0.2262
0.4664 0.0794 0.5181
-0.3346 0.3514 -0.1822
0.1936 0.0706 -0.4988
0.4678 -0.2238 0.8502
-0.3289 0.7489 -0.1722
0.0244 0.0128 0.2699
0.0099 0.0027 0.1214
0.1175 -0.0181 0.1815
0.3380 0.3043 0.5792
0.0358 0.2569 0.3818
-0.1877 -0.0612 0.3333
-0.6844 0.0541 0.6606
-0.2947 0.6471 0.0526
-0.0060 -0.2798 0.5265
0.3302 0.4009 -0.2372
0.1771 -0.4473 -0.6053
0.0348 0.1254 0.8431
-0.7873 -0.1493 -0.4350
0.0403 -0.0174 0.1022
0.8704 -0.0333 0.2215
0.1886 -0.4665 -0.4729
-0.0027 0.0116 -0.6916
-0.0027 0.0217 0.3495
0.0389 0.5583 -0.1830
-0.0493 -0.5551 0.2809
0.0087 0.0318 0.1212
-0.0008 0.0195 0.5067
-0.3460 -0.1860 -0.1102
-0.0030 0.0526 0.6479
-0.0016 0.0003 -0.0246
-0.1576 0.1731 -0.1619
0.1586 0.0820 -0.5011
0.0481 0.3062 -0.3557
0.4018 -0.1201 -0.7862
0.3527 0.0918 -0.1419
0.3336 0.3880 -0.7042
-0.0755 -0.2082 0.3193
-0.1509 -0.0447 0.0271
0.3554 -0.4486 0.3256
-0.0135 -0.0026 -0.0941
0.0051 0.0234 0.0105
-0.7349 -0.0068 0.1803
-0.3106 0.2739 0.7218
-0.0907 -0.0997 -0.1685
0.1661 -0.2338 0.0584
