0.8741 0.2238
-0.2811 -0.3091
0.4879 0.7410
0.3812 0.7862
-0.2964 0.5412
-0.4477 -0.1370
0.0148 0.0034
-0.0995 0.0032
-0.5896 0.2785
1.0872 0.7468
1.3938 -0.7644
0.0424 -0.0247
-0.1141 -0.6545
0.5852 0.1819
-0.4543 0.4068
0.3061 0.5086
-0.7165 0.2752
-0.5101 0.3962
-0.2676 0.7873
0.2867 -0.2591
1.7418 -0.0180
2.9807 -0.0807
1.8851 0.8538
2.4699 -0.4906
2.4650 0.0547
2.4843 0.0054
2.7140 -0.0482
2.0604 -0.0816
1.5438 -0.0716
3.3944 0.4749
2.9049 -0.5636
2.5622 -0.0274
2.1854 -0.4251
2.2930 -0.0091
1.5891 -1.1071
2.7024 -1.3532
2.5802 0.0120
2.4634 -0.0742
3.1525 0.3271
2.1372 -0.3983
