-0.6185 -0.5695
-0.0599 -0.9407
1.8475 1.0986
-0.0705 -0.0468
0.6294 0.0040
-0.6837 -0.0118
0.6111 0.2565
-3.1095 1.8495
-0.2224 0.0261
0.4764 0.2561
0.1783 -0.0130
-0.5768 -0.2945
0.3548 -0.0991
-0.0483 0.0578
-0.6744 -0.2824
0.1400 -0.5923
0.0953 0.1091
-0.3420 -0.3113
-0.3787 -0.8610
0.1836 0.9513
4.2731 0.4543
4.3631 0.3489
4.2870 -0.1846
4.0547 -0.2646
1.4228 -1.4371
4.8519 0.0192
4.6617 -0.7032
3.9605 0.7065
3.2995 -0.9756
4.3487 0.5642
3.6656 0.4729
4.4661 -0.0530
4.5548 -0.7457
4.4354 -0.3308
4.7032 0.5753
4.5676 0.1669
4.4362 2.0270
2.9913 -2.1236
4.2013 0.8260
4.4602 -0.6388
