0.0772 -0.9443
0.0600 0.0850
0.1686 0.2714
-0.4530 0.2435
-0.1200 0.0487
0.9542 -0.1477
-0.5109 -0.3560
-0.0003 -0.0098
-0.7521 -0.4801
0.4238 0.5843
0.2494 -0.9271
-0.0298 0.2438
-0.7834 -0.0936
-0.0928 -0.5442
-0.2797 -0.5453
0.1524 -2.1038
0.7348 0.1964
1.1252 0.3011
-0.3922 -0.7236
-0.1061 0.5093
0.2029 -0.0917
-0.0234 1.7568
0.8031 0.0874
-0.4078 0.7612
0.3187 0.1136
-0.2304 0.0554
0.6289 -0.6793
0.4255 -0.3404
0.1897 0.6751
0.0846 -0.0247
-0.3489 -0.9178
-0.0029 -0.0113
0.0679 -0.0392
-0.5946 -0.4512
0.1308 -0.0194
0.0960 0.5910
0.0743 0.0955
-0.1596 -0.2843
0.2844 0.0086
-0.0384 -0.3710
0.7575 0.6445
-0.6377 -0.3014
-0.2037 -0.2711
0.8486 0.1563
0.1683 0.0910
-0.0082 -0.0136
-0.3502 -0.4742
-0.2148 -0.3047
-0.0074 0.0238
-0.2556 0.4695
-0.4902 0.6973
0.3984 0.0333
0.8033 0.1542
0.0958 -0.5382
0.2220 -0.4238
-0.9260 0.1762
-0.0855 -0.0381
0.6319 -1.3325
0.0991 0.2006
0.2912 -0.3276
0.6469 0.5061
0.4153 -0.5642
-0.6840 -0.1902
-0.5810 -0.4066
0.0511 0.2886
-0.2404 -0.1231
0.0103 -0.1196
0.0088 -0.0117
-0.0182 0.1686
-0.5326 -0.6385
0.7761 0.1544
0.3005 -0.4998
0.0514 -0.0424
-0.3370 0.6253
-0.6678 0.4666
0.1209 -0.2108
-0.4552 0.0071
0.3281 -0.7937
0.3805 0.3367
-1.1876 3.4456
0.2829 -0.3177
-0.0194 0.0632
0.0046 -0.4825
-0.0873 -0.2860
0.3050 -0.3945
-0.2967 0.9108
0.4058 -0.3987
-0.7482 -0.0512
-0.5311 0.1933
-0.0684 -0.0955
0.2599 0.1091
0.0255 -0.0207
0.0211 -0.9569
0.1584 -0.0979
-0.3639 0.5283
-0.2958 -0.7040
0.2896 0.3479
0.3474 -0.0542
0.6261 -3.6626
-0.0270 0.9097
-0.2962 -0.1915
0.1988 0.3479
0.2476 0.5859
-0.2133 -0.6237
-1.0550 0.8930
-0.0812 0.2001
0.4214 -0.2348
-0.2827 0.0265
0.1761 0.3642
0.0447 -0.1247
-0.5280 0.2558
0.3284 -0.8941
0.1450 -0.3736
-0.3921 0.0358
-0.1603 0.2948
0.2681 0.1245
0.7250 -0.3991
0.4258 0.1860
0.3408 -0.5142
0.1983 0.4381
0.1760 -0.3488
2.3286 3.2053
-0.0669 -0.0811
-0.3119 -0.6028
0.4871 0.7877
0.3422 -0.0960
-0.2783 0.3642
-0.3696 0.2536
-0.0351 -0.4703
-0.2112 -0.7025
3.3464 -2.2520
-0.0837 -0.1183
0.0398 -0.0604
-0.4616 0.7472
0.5550 0.2568
-3.5680 1.2403
0.2006 -0.5991
-0.0002 -0.0108
0.1035 0.4731
0.7775 -0.0616
-0.4287 -0.0644
0.2006 -0.2367
0.3636 -0.2199
0.3373 0.4599
0.9157 0.2021
-1.6320 -1.5236
-0.0856 -0.0693
-0.5757 0.4693
0.2834 -0.0194
-0.4954 -0.5813
0.1373 -0.0690
-0.0505 -0.3951
-0.7353 -0.2571
-0.1676 0.5080
-0.5603 0.0062
-0.8992 -0.3028
-0.0115 -0.0617
0.7186 0.0707
-0.6799 0.5594
0.1624 -0.1097
-0.8254 0.0963
0.3765 0.7655
-0.0411 -0.2808
0.3527 0.7453
0.8319 -0.1814
0.6793 1.3119
-0.1083 0.7974
-0.0799 -0.0738
0.0443 -1.1424
0.0460 0.0818
0.0188 2.1469
-0.8875 -0.3850
-0.0915 0.3917
-0.5513 -0.2387
-0.6394 0.5215
-0.7901 0.6126
-0.1455 -0.6564
-0.1723 -0.0027
3.2307 -2.3020
1.8280 2.6439
0.0081 -0.0454
0.1043 0.4042
0.1702 0.1215
1.2636 2.3337
4.0055 1.1638
-3.8381 -1.4665
0.0403 0.0012
-0.1300 0.2158
-0.8058 -3.9723
-0.8793 0.0289
-0.0451 0.2131
-0.0143 -0.1351
-0.0398 0.0122
0.5933 -0.2043
-0.7741 -0.0309
0.7671 0.0325
0.7950 0.1185
0.0292 -0.0236
-0.5086 -0.4154
-0.3886 -0.5361
