0.1325 -0.0614
-0.0665 -0.7591
0.3319 -0.3879
-0.1835 -0.6768
-0.4382 1.0030
0.0270 0.1123
-0.6985 0.7037
-0.1339 -0.0801
0.2440 -0.2428
0.0123 -0.0105
0.2050 0.1323
-0.8874 -0.7461
-0.2222 0.0188
-0.2079 -0.1114
-0.4132 -0.0530
-0.0069 0.0062
0.2365 0.7176
0.1825 0.7386
-0.3267 0.0382
0.1110 -0.0132
0.9586 -0.0378
0.4257 -0.2324
-0.7445 0.4623
0.3288 -0.4774
-0.2070 -0.6079
0.5982 -1.0384
-0.1754 0.6432
0.0364 0.2441
-0.7402 -0.2479
0.0959 -0.0868
-0.9716 -0.0582
-0.5396 -0.1533
-0.3039 0.7311
-0.3065 0.1395
0.5939 -0.1990
-0.0739 0.0799
0.2783 0.1466
-0.1172 -0.0888
0.3956 -0.5118
0.1272 -0.1699
0.0440 0.0774
0.0745 -0.0684
-0.2356 -0.5767
0.4385 0.4389
-0.0201 0.0635
-0.0348 0.1934
-0.0429 -0.0103
0.0585 0.0369
0.3435 -0.6404
0.6937 -0.7641
-0.2483 0.9821
-0.0970 -1.0893
0.2551 0.3440
-0.0100 0.3521
-0.4072 -0.6905
-0.2803 0.0255
0.0051 -0.0117
0.5677 -0.6110
0.1067 -0.0061
0.5846 0.3858
0.1257 0.4605
-0.1382 0.3968
-0.0702 0.0615
0.0727 0.0817
-0.2451 0.5482
0.1376 -0.0161
-0.6363 0.8360
0.4991 0.2498
-0.2576 -0.0456
-0.5120 0.5313
0.3225 -0.5861
-0.2004 -0.2845
0.4715 -0.6949
0.1296 -0.0303
-0.0758 0.4124
-0.1069 0.0390
-0.3109 -0.2208
-0.2154 0.0469
0.1294 -0.1466
-0.2421 -0.6330
0.0457 0.0834
0.9468 0.3432
-0.4593 -0.1474
0.9614 0.0440
0.2174 -0.9012
0.3515 -0.5060
-0.2078 -0.9376
0.4932 0.7370
-0.2364 0.8277
-0.9446 -0.2227
-0.7127 0.2830
-0.8352 -0.7971
0.9582 0.2831
0.0292 0.0030
-0.0349 0.0442
-0.0044 -0.0468
0.6992 0.6416
-0.1115 -0.7632
0.2609 -0.0770
-0.1511 0.7177
0.5971 0.6102
0.6465 -0.6294
0.6370 -0.6611
-1.0234 -0.4802
0.3775 -0.2553
1.1138 0.3697
0.1975 0.4945
-0.0610 0.0733
-0.1108 -0.0684
-0.1853 0.6574
-0.6642 0.0908
-0.1464 -0.0394
0.0105 -0.0082
-0.6945 -0.2936
-0.7525 -0.5338
-0.2405 0.5309
-0.1406 -0.6010
-0.1519 -0.2855
0.2771 0.2599
0.0467 0.1984
-0.0761 0.1741
-0.1239 -0.0533
0.1042 0.3757
0.0377 0.1680
-0.1222 -0.2668
-0.5631 0.3055
0.0441 -1.0155
-0.6772 0.1049
0.2741 0.0774
-0.0844 -0.1664
-0.1287 -0.1854
0.0220 0.6258
0.7552 -0.3003
0.8710 0.3346
0.0074 -0.0024
0.5364 -0.7288
-0.0945 -0.0247
1.0771 -0.2627
0.0031 0.0034
-0.6037 0.1716
-0.0672 -0.0295
-0.0522 0.0447
-0.0945 0.3554
-0.4058 -0.5517
-0.1106 -0.0870
-0.1196 0.9366
0.0788 -0.3732
-0.3623 -0.0679
-1.1333 0.1215
-0.1005 -0.3774
-1.1401 -0.0533
-0.1595 0.0124
-0.4921 -0.2590
-0.0402 0.1192
-0.0480 -0.0571
0.2447 0.8225
-0.4478 -0.5771
-0.6893 0.2596
-0.0331 -0.0154
0.4392 -1.0608
0.4099 -0.6228
-0.2548 0.0097
-0.2717 -0.7598
0.0185 0.6786
-0.1714 -0.1642
0.2139 -0.0591
-0.1964 1.1050
0.3478 0.1733
-0.0058 -0.0835
0.2936 -0.4083
-0.1629 0.1723
0.2782 -0.1879
-0.2275 0.0560
-0.0624 -0.0237
0.0707 0.2217
-0.6803 -0.2857
0.2052 0.2503
0.2886 0.1183
-0.4770 0.2228
0.2239 0.2067
-0.1513 -0.0348
-0.3474 0.2838
-1.0162 -0.0918
-0.0307 0.2106
0.4938 -0.8432
-0.8420 0.2995
0.8504 -0.2282
-0.2223 0.5155
-0.8338 0.7365
0.0793 0.1987
0.0710 0.0149
0.1550 -0.4961
0.5030 0.7892
0.6219 -0.3285
-0.5141 0.2376
0.3847 0.0211
-0.1316 -0.2005
-0.0761 -0.2575
0.6682 -0.2311
-0.7636 0.3053
0.5193 0.1263
0.9890 0.5038
-0.2589 -0.5267
0.3668 -0.0399
0.3277 -0.2045
0.0373 0.3186
-0.3464 0.0979
-0.0475 0.1961
1.0948 0.2116
0.7051 0.1135
-0.5058 0.3204
0.2156 -0.9257
0.1011 -0.0272
-0.0821 -0.6737
-0.9633 -0.5342
-0.5951 -0.2338
0.3266 0.0083
-0.4146 -0.2678
0.1458 -0.2653
0.5649 0.1878
-0.8176 0.2787
0.0932 0.0371
-0.2649 0.0808
-0.7392 -0.1528
0.1586 -0.1715
-0.4134 -0.3613
0.6938 0.4045
-0.5392 -0.2832
0.6178 0.3874
0.0503 -0.6125
-0.0967 -0.0970
0.0787 -0.7664
-0.4919 -1.0075
-0.7861 -0.2231
-0.5968 -0.6171
-0.8809 -0.6537
-0.1413 -0.1037
0.2031 0.3366
-0.0348 -0.0446
-0.1322 -0.7150
-0.0667 -0.2408
-0.5016 0.0718
-0.2801 -0.3504
0.1507 -0.0623
-0.3813 -0.2494
0.7981 0.3296
0.6994 0.3654
0.6189 0.5593
-0.0381 0.0271
0.1091 0.1884
-0.1595 -1.1064
0.2209 -0.3093
-0.3103 0.7855
0.7869 -0.4144
0.6562 -0.6837
0.4601 -0.6379
0.0075 0.0196
0.1115 -0.2666
0.5551 -0.6279
0.4309 -0.7926
-0.1903 0.5038
0.5691 0.3182
-0.3366 0.4607
0.0607 0.0855
0.3510 -0.1943
0.0420 0.0714
-0.1935 -0.0388
0.8849 -0.6833
0.4761 -0.9618
0.1930 0.1484
0.3474 0.1299
0.5985 -0.2442
-0.3257 0.6544
0.1732 -0.4150
0.0539 -0.0226
0.2846 -0.3620
-0.0598 0.0976
-0.6279 -0.7731
0.2161 0.2675
0.0323 -0.3005
-0.4939 1.0675
0.5391 1.0302
-0.1495 0.3320
-0.9211 -0.1711
-0.0270 0.4541
0.2170 -0.9493
0.0438 0.4787
-1.0704 -0.1859
-0.3188 -0.8858
0.2647 -0.5395
0.1072 -0.1901
-0.2460 -0.9918
0.0098 -0.0131
0.2529 0.0379
-0.4571 -0.5389
-0.3199 -0.5726
0.7007 -0.3371
-0.7326 0.3488
-0.1071 0.0528
0.4936 0.5417
-0.1039 0.0116
0.2116 -0.0069
-0.1248 -0.1169
-1.0075 0.0115
-0.3022 0.7805
-0.2523 -0.1029
-0.7003 -0.7135
-1.0895 -0.3297
-0.7368 0.2075
0.3989 0.5338
0.8942 -0.3084
-0.0213 0.0446
-0.0164 -0.1034
-0.1966 0.4643
-0.2650 -0.0571
-0.2476 0.3277
0.8025 0.4222
0.1894 -0.9059
-0.7983 0.4107
-0.6499 -0.3461
0.4669 -0.4739
0.3955 0.5751
0.7036 -0.7882
0.3257 0.0826
-0.7363 0.4107
0.5477 0.2934
0.5897 0.1256
0.0040 -0.0167
0.1936 0.2875
-0.9013 0.1996
0.1498 0.2148
0.8596 0.7172
0.0061 0.0958
-0.4425 0.6320
-0.1524 0.4188
0.1220 0.0386
0.1778 0.6440
0.0974 -0.4547
-0.0223 0.4704
-0.2659 -0.0644
0.2363 -0.7701
0.4060 -0.2636
-0.3128 -0.3114
-0.2678 -0.5069
-0.2165 0.0783
0.1455 -0.2349
0.6136 0.2851
1.1663 0.0800
-0.2787 0.5968
0.0414 0.8549
-0.6059 0.6045
0.0047 -0.0904
-0.2281 1.1519
0.9111 -0.0438
0.0181 -0.0093
0.2430 -1.0424
-0.7692 -0.5970
0.1583 -0.1265
0.6136 0.4451
-0.0285 0.2855
0.0176 -0.0036
0.4097 0.3370
-0.2803 -0.9263
-0.2961 -0.5595
-0.3697 0.0397
-0.1788 -0.4830
-0.3026 -0.8077
0.3754 0.5818
0.2186 0.9962
0.0421 0.2145
0.1382 0.4871
0.5332 0.0360
-0.0943 -0.1267
-0.7191 -0.0625
0.7997 -0.8360
-0.1144 0.4867
-0.2756 -0.2211
-0.8658 -0.4079
0.0011 -0.3918
1.0065 0.3438
0.5370 -0.0909
0.0393 0.6057
-0.0184 -0.0380
0.0330 -0.3521
0.6970 -0.4127
-0.0073 0.0328
0.3278 0.1660
0.1295 -0.1779
0.5886 0.4840
0.1078 0.2392
0.1446 -0.0008
-0.2850 0.4877
-0.0302 -0.1480
0.6625 -0.3554
-0.0831 0.0101
-0.1678 -0.1499
0.2908 -0.5446
-0.1133 -0.8773
-0.1569 0.0840
-1.0176 0.4358
0.5723 -0.0066
0.3176 0.9740
-0.3114 0.3430
0.0818 0.6230
0.1444 0.1418
-1.0229 -0.5424
-0.1355 -1.1806
0.9250 -0.3607
0.1417 0.6866
-0.4516 -0.3355
0.0746 -0.0016
-0.0108 0.0825
0.0379 0.0064
0.1931 0.0182
0.1231 0.2381
0.2336 -0.1721
-0.0406 -0.1770
-0.3033 -0.7447
-0.1456 -0.6322
0.2135 -0.7551
0.6828 0.2786
-0.6073 -0.5530
-0.6080 -0.0485
0.2037 -0.6293
-0.8311 0.1189
-0.2088 0.1042
0.5819 -0.4967
0.4642 -0.4474
0.0729 0.0735
0.6174 0.7395
0.2087 0.7890
0.1011 -0.2149
-0.0771 -0.0019
-0.5447 -0.1142
-0.7000 0.3553
-0.3453 -0.6316
-0.0066 0.2683
0.9146 0.3068
0.1998 0.0172
-0.2014 -0.9817
0.3211 0.4849
0.9451 -0.3563
0.5749 0.4076
0.2082 -0.2375
-0.9661 -0.1992
-0.1112 -0.9202
-0.0197 -0.0033
-0.1207 -0.0126
0.7377 -0.2990
0.8023 -0.2230
0.3388 0.0809
-0.2846 0.4690
0.0449 0.4569
0.7545 0.0646
0.3007 -0.8181
0.1539 0.3396
-0.1022 -0.0508
0.0173 -0.0192
0.4299 0.1648
0.3101 0.3273
-0.0947 -0.4632
-0.1911 -0.3467
0.1358 -0.1403
0.0173 0.2479
0.0101 -0.0089
0.0255 0.1470
0.0350 -0.0560
0.0396 -0.3460
0.1946 -0.3826
0.6340 -0.0752
0.0670 -0.1491
0.2397 0.3142
0.1712 0.4295
0.2952 -0.3498
0.4949 -0.5792
-0.1146 0.4690
-0.4867 -0.1633
0.4022 0.3596
0.2592 -0.5742
-0.2135 0.3405
-0.0568 0.0164
0.1890 0.1843
-0.6670 -0.4351
0.2793 -1.1310
0.0871 -0.6029
0.2544 0.4500
-0.3957 0.1611
-0.8824 -0.4401
0.8169 -0.0030
-0.1965 0.3405
-0.6453 -0.1635
-0.4809 1.0087
-0.3577 0.4213
0.3466 0.5503
-0.0054 0.0179
-0.0660 0.3071
0.1741 -1.0944
0.0615 -0.6417
-0.3302 0.3660
-0.0400 0.0077
