0.0034 -0.0208 -0.1450
-0.0741 0.1792 0.0803
-0.0809 0.3024 -0.4484
0.0708 -0.0196 0.0679
-0.0034 -0.0181 0.1472
0.1365 0.4915 -0.1159
0.2359 -0.0032 0.0934
0.2394 0.3074 -0.8975
0.0316 0.1642 0.0076
0.0549 -0.0336 -0.0194
0.5044 0.4599 -0.1851
0.0772 -0.0488 -0.5312
-0.0064 0.0122 -0.0803
0.1547 -0.5269 0.4502
0.6506 0.0294 -0.3677
0.7929 0.7434 0.0167
0.4151 -0.0908 -0.0702
0.0545 -0.2237 -0.1370
0.6638 0.1641 0.6309
-0.0915 0.4296 -0.0215
1.7397 -0.5787 0.7815
2.3120 -0.3788 0.2415
1.9875 0.8925 0.1645
1.7005 -0.4995 -0.2593
2.1218 0.1612 -0.0560
1.9012 -0.0875 0.1944
2.1302 -0.3268 0.8300
1.6793 -0.4252 -0.1003
2.4702 0.3398 -0.1987
1.5141 -0.4543 0.0537
2.0011 -0.1210 -0.1953
2.0582 -0.0574 -0.1437
2.9111 -0.0663 0.2288
2.2599 -0.1644 -0.1341
2.0538 -0.0074 -0.0439
2.0488 -0.0719 0.9387
1.9709 0.0165 -0.1317
1.4326 -0.3834 -0.4741
1.9756 -0.5845 0.0744
1.9565 0.0101 0.1887
