-0.1374 -0.3683 -0.3061
-0.5728 -0.1444 -0.0825
0.4484 -0.0716 -0.8086
-0.2441 -0.0973 -0.2257
-0.1830 -0.3738 0.4071
-0.2552 -0.1869 0.7574
0.1508 0.7265 0.2580
-0.2466 -0.4760 -0.0813
0.0573 0.1353 0.0554
-0.2584 0.5122 -0.2248
-0.0059 -0.0003 -0.0092
-0.1039 0.0864 0.3897
-0.0786 -0.0445 0.1886
0.4332 0.0027 0.4087
0.1881 0.0311 -0.5260
-0.0154 0.0267 -0.0015
-0.1988 -0.0566 0.0254
-0.0696 -0.3199 -0.2157
0.0565 -0.1012 -0.0335
0.1738 0.1240 -0.8729
3.1554 0.1168 -0.3879
3.0354 -0.0428 -0.0483
3.4628 -0.0918 -0.2412
3.1179 -0.2071 0.1397
3.2411 -0.1335 0.7536
3.4718 0.3064 -0.0616
4.1499 0.2255 -0.4219
3.2978 -0.0513 0.0903
3.4210 0.1563 -0.7584
3.1410 0.0607 -0.2627
3.6101 -0.3195 0.3284
3.3938 0.1634 0.8941
3.5192 0.5997 0.3241
3.4607 0.0134 -0.5565
3.7168 0.1752 0.3878
3.5707 0.1147 -0.0254
3.6754 0.2638 0.0279
3.7069 -0.2895 0.8976
3.1187 -0.5378 -0.4637
3.1682 0.1622 -0.7430
