-0.6473 0.4228 0.3176
0.1038 -0.1853 -0.4068
0.0029 -0.0470 0.2613
-0.2138 -0.2505 1.7842
1.3760 -1.3126 0.9936
-0.3896 0.8209 0.0464
-0.0011 -0.0020 0.5407
0.2074 -0.0907 -0.2701
-0.0033 0.2129 0.3562
0.0221 0.1891 -0.1890
0.5835 0.5539 -0.0344
0.0602 0.0052 0.0277
0.0043 0.1902 -0.1451
0.0892 0.6313 0.3707
-1.3361 -0.7237 0.6852
2.8387 0.1854 1.9178
2.7000 0.1066 0.9397
3.4166 -0.3159 -0.0124
3.0540 -0.0231 0.3910
3.5172 -0.4461 -0.5185
2.8196 -0.0730 0.4669
2.9851 0.0464 -0.0038
3.0273 -0.1104 -0.0901
2.5757 -0.2946 -0.5348
2.9773 -0.4845 0.0557
3.4406 0.3595 0.2932
2.4354 -0.3949 -0.0876
2.8956 0.3994 0.2953
2.9918 -0.1853 -0.4846
2.9439 0.3091 -0.1347
