-0.1119 -0.0310 -0.1011
-0.3450 0.0446 0.3266
0.0817 0.0070 0.4943
-0.0493 0.3011 0.0260
-0.1158 0.1333 -0.1076
-0.0947 -0.0351 0.3497
0.0521 0.0564 -0.0461
0.0020 0.0015 -0.0066
0.4468 -0.0585 -0.8098
0.0399 0.0521 0.8302
0.0443 -0.1371 0.0411
-0.0290 0.0075 -0.2061
0.0500 -0.5956 0.5782
-0.0273 0.0037 -0.1572
0.1430 0.0015 -0.2377
3.7321 0.0188 0.2211
4.0171 -0.0035 -0.6927
3.7499 -0.1707 -0.0052
4.1181 -0.4809 0.3374
3.9159 0.1782 0.0563
3.8410 -0.3560 0.5606
3.9985 0.0013 -0.0788
4.2383 -0.1778 -0.1706
4.0861 0.0100 -0.2259
3.7356 -0.0811 -0.1839
3.6088 -0.5698 0.3679
3.9253 -0.0460 0.9012
3.7040 -0.5220 -0.1183
3.8451 0.1967 -0.0452
4.1209 -0.4265 -0.2354
