0.4852 0.0757 0.5685
-0.1036 -0.2458 -0.4153
-0.2721 0.1148 -0.8217
-0.0056 -0.3610 0.6134
0.0294 0.0184 -0.9443
0.4292 0.7259 0.1327
0.0852 -0.0393 0.4563
-0.0639 0.0542 0.2329
0.0623 0.0154 -0.4538
-0.0524 0.2959 0.3673
-0.0643 0.3230 -0.2249
-0.1260 -0.2554 -0.1547
0.0367 0.0571 -0.9057
-0.3797 0.4989 0.5092
0.3186 0.7574 -0.2584
-0.0478 -0.1664 0.8141
-0.2799 0.4754 -0.3521
-0.2889 0.3125 0.3801
-0.3929 0.0172 0.1593
-0.1295 0.2574 0.1245
4.5304 -0.0108 -0.0824
4.4069 -0.0294 0.4025
4.6644 0.1984 0.6759
4.4560 -0.4014 0.1679
4.5539 0.0626 0.0284
4.5521 -0.1325 -0.3144
4.7044 0.0481 -0.1843
4.5531 -0.3268 -0.8468
5.1027 0.2113 0.2634
4.2887 0.3860 0.2278
4.5034 0.0405 -0.2081
4.0661 0.1302 -0.0070
4.9739 -0.2575 -0.7606
4.5758 -0.2650 -0.2766
4.2772 -0.2109 0.1488
4.6165 -0.0785 -0.6306
4.3826 0.0314 -0.5598
4.7775 -0.1567 -0.2139
3.8574 -0.0472 -0.5436
4.8274 0.0003 -0.2053
