0.4806 -0.3407 0.0555
-0.0024 0.0001 0.1791
-0.0042 -0.0025 0.2893
-0.1092 0.6402 -0.3210
-0.1720 -0.3173 -0.0684
0.0166 -0.2107 0.0844
0.3233 0.0166 -0.0629
-0.0008 0.0084 0.7626
-0.0008 0.0015 -1.1339
0.0698 0.0959 0.0441
-0.9019 -0.0972 0.6851
-0.1288 0.2513 0.1371
0.0121 -0.0300 0.6791
0.0227 -0.0151 -0.1164
-0.0136 -0.2745 -0.1388
-0.3467 0.0618 -0.1015
-0.1750 -0.0686 0.8447
0.5922 0.3963 -0.8547
-0.0395 -0.1173 -0.0204
-0.2105 0.3014 0.6911
0.0417 -0.3788 0.3628
0.1913 -0.3641 0.0952
0.0311 -0.0220 -0.0089
0.3865 0.1416 0.3175
0.0598 0.1009 -0.0435
-0.2097 0.0321 0.3835
-0.1426 -0.4101 -0.5308
-0.0842 0.2603 -0.8240
-0.0182 0.0600 0.0393
0.0394 -0.3608 0.4649
-0.6266 -0.2635 -0.6824
0.6292 0.1809 -0.4162
0.0237 0.0323 -0.0519
-0.5071 -0.5685 -0.5218
-0.2468 0.1611 1.1335
0.0137 0.0120 0.2254
0.1225 -0.2228 -1.0096
0.0411 0.1406 0.0056
0.1488 -0.3532 -0.1491
-0.1974 0.1534 0.1070
0.5544 -0.2207 0.6930
-0.1637 0.0181 -0.1460
-1.0789 0.0420 0.2059
0.0349 0.1274 -0.3096
0.0385 0.0411 0.2678
0.2379 -0.0864 -0.8908
0.7605 -0.4259 -0.4368
0.4335 0.0130 -0.2550
-0.0261 -0.0027 0.1385
0.7409 0.5908 -0.5744
-0.0061 0.0198 0.3915
-0.0574 0.1629 0.2032
0.0429 -0.1566 -0.2354
0.2124 -1.0815 0.0811
0.1232 -0.1042 0.1786
0.1352 -0.0716 0.0552
0.4935 -0.4888 0.7321
-0.1190 -0.2682 -0.0357
-0.5228 0.2060 0.3799
-0.2560 -0.4496 0.5193
-0.2792 -0.4520 -0.9590
0.2278 0.0620 -0.7010
-0.0973 -0.1372 -0.0876
-0.0000 0.0000 0.1246
-0.0014 0.0033 0.1505
0.4076 0.6646 0.1593
0.3102 -0.0676 0.6514
-0.4095 -0.4880 -0.3814
-0.5256 0.3131 0.3108
-0.2009 0.0086 -0.1774
-0.0607 0.1162 -0.7135
-0.2229 0.3770 0.4325
0.0154 -0.3365 -0.1478
-0.5750 0.0419 0.4866
-0.3153 0.0155 0.4600
-0.6282 0.6707 0.0627
0.3767 0.2554 -0.8576
-0.0518 0.0231 -0.7964
-0.7956 0.4983 0.5883
-0.0788 -0.0051 -0.1575
-0.0761 0.1933 0.7868
-0.2100 0.3300 -0.2743
-0.0513 0.0465 0.4743
0.1152 -0.3106 -0.5079
-0.3706 -0.2411 -0.0762
0.2738 -0.0500 0.2387
0.3239 0.1358 0.1625
-0.6436 0.3271 -0.8802
-0.4604 -0.1285 -0.4750
0.0967 0.0275 -0.0464
-0.2355 -0.1741 -0.0112
0.0037 0.0029 -0.0061
0.2390 0.0792 0.0632
-0.2044 -0.4725 -0.2000
0.0158 -0.0061 0.0235
1.0567 0.2176 -0.3836
-0.5140 -0.0367 -0.9755
-0.3190 0.0223 0.3155
0.0119 -0.0138 -0.1785
0.8900 -0.3832 -0.5275
