-0.5252 0.2073 0.3819
0.6505 -0.6536 -0.0193
-0.7297 0.0549 -0.6045
-0.4266 -0.3196 0.0113
-0.0083 -0.0063 -0.0444
-0.1621 -0.2904 -0.4519
0.0654 -0.1139 0.2075
0.0020 0.0553 -0.1451
0.0235 0.1121 -0.1491
0.1571 0.8153 -0.0884
0.1542 -0.1428 0.1265
-2.6275 -0.9046 -1.9632
-0.1231 -0.2567 0.1269
0.4049 -0.3570 -0.2823
0.4757 -0.1499 0.4267
-0.2975 0.3589 0.0865
-0.2506 0.6191 0.4376
-0.0504 -0.1134 -0.1831
0.2427 0.7312 -0.4570
3.0752 2.5883 -0.1820
0.3078 -0.2863 -0.1569
0.0563 0.1237 -0.0837
0.2385 -0.2162 -0.1206
0.0345 -0.0924 0.2310
0.6347 -0.1044 0.2164
-0.1936 0.3806 0.8345
-0.0842 0.4648 0.2149
3.2249 -0.2269 -2.5443
-0.3560 0.1538 0.2527
-0.0205 0.1464 -0.0229
