-0.0334 -0.0290 0.0375
0.0342 0.0376 -0.1007
0.1946 -0.2558 -0.4735
0.6623 0.3406 0.0139
-0.5647 -0.2874 0.5885
-0.4239 0.3332 -0.5063
-0.5658 0.0682 0.1104
0.0266 0.0325 0.0499
0.3305 0.3182 0.1059
-0.2051 -0.3283 0.1239
-0.1697 -0.7925 0.3517
0.1840 0.8805 0.2000
-0.6000 0.0203 -0.1472
-0.1139 0.7906 0.3810
-0.0599 -0.0829 -0.4714
0.2453 -0.6925 -0.1244
0.3343 -0.1710 -0.3999
0.1711 0.3089 0.4247
0.6429 0.2534 -0.6645
0.2158 -0.0862 -0.6541
-0.6822 -2.0496 -1.4263
0.7763 0.1467 0.2445
-0.7482 -0.3475 0.2160
0.0066 -0.0058 -0.2069
-0.0333 0.2557 0.2552
3.6073 0.0562 0.0476
4.3593 -0.2896 0.2871
2.4140 0.7358 -1.5746
3.4980 -0.0030 -0.2997
3.9546 0.0808 -0.7621
3.4606 0.0699 -0.6363
3.5991 0.2026 0.0617
3.6089 0.0342 -0.0037
4.0092 -0.3589 -0.2582
3.1948 -0.0911 0.7851
3.4116 0.2013 0.0472
3.4352 0.6851 -0.5733
3.5135 0.6958 -0.0491
3.4403 -0.3197 -0.6169
2.7061 0.2789 0.0470
3.5097 0.0061 -0.0992
3.5032 -0.2344 0.1866
3.4011 0.0677 -0.1609
3.5112 0.0163 0.5278
3.5076 -0.0649 0.1071
3.7087 -0.7927 0.2984
4.1469 0.2722 -0.1475
3.4709 -0.1029 -0.5869
3.4992 -0.0553 0.6329
3.4402 0.1421 0.5317
