0.0179 0.4935
0.3682 -0.8378
0.0323 -0.0093
-0.5916 -0.1625
0.8433 -0.2084
-0.8116 -0.2434
-0.6951 -0.3486
-0.0036 -0.0051
-0.3027 0.2332
-0.3467 0.2460
-0.8679 0.8223
-0.0008 -0.0093
-0.0343 0.0392
0.0461 -0.4806
-0.5898 -0.3882
-0.0224 -0.2741
-0.7140 -0.1160
0.3887 0.8453
-0.2069 -0.7816
0.0215 0.0760
-0.1039 0.6746
-0.0008 0.1511
-1.2365 1.3756
0.1968 0.3845
0.3615 0.1511
0.4788 0.1221
0.5347 0.5643
-0.7360 0.4222
0.1558 -0.2260
0.5503 -0.4146
0.1474 0.2084
0.7359 0.5524
0.4112 0.2740
-0.3368 0.9324
-0.4350 1.4644
0.1604 0.1022
-0.4822 -0.1518
0.3587 0.1699
0.9383 1.5965
0.4523 -0.2313
-0.9257 -0.9593
0.0482 0.0027
0.4847 -0.1929
1.3916 -1.4062
0.0416 0.1522
-0.0645 -0.5782
-0.0493 -0.9532
-0.3057 0.3781
-0.9576 -1.7127
-0.7734 -0.4106
