-0.2361 0.6144 -0.4328
-0.5028 0.6727 0.1116
0.0476 -0.5130 0.4977
-0.2964 0.1872 -0.2496
-0.1287 0.2762 -0.5325
-0.0026 -0.0047 0.0069
0.3053 0.0889 -0.7131
0.5237 -0.5027 -0.6375
-0.0096 -0.0085 0.0576
-0.0240 -0.0119 -0.1838
0.1960 0.4532 -0.0196
-0.0080 0.0243 -0.0154
0.0316 -0.0163 -0.3240
-0.0550 -0.0673 0.2665
0.1743 -0.1069 -0.2383
0.0136 0.0290 -0.6393
0.6588 0.6605 0.0607
0.0186 -0.0259 -0.1422
-0.1269 0.4584 0.6761
-0.1113 0.3214 -0.7328
-0.0269 0.0006 -0.0833
-0.1388 0.2701 0.0756
-0.1622 0.0522 -0.6345
0.6983 0.0948 0.3493
0.0301 -0.0106 -0.6163
-0.1410 -0.5940 0.3922
0.0566 0.0965 0.4198
-0.0472 0.0018 0.9202
-0.0509 0.5194 0.6893
-0.0074 0.0095 -0.2816
0.0223 -0.0183 -0.0252
0.0886 0.0086 -0.7515
-0.3520 0.3625 -0.0916
0.0009 0.0004 0.2523
-0.1516 -0.3178 0.0161
-0.4059 0.5278 -0.5998
0.0546 -0.0089 -0.1414
0.1005 -0.0336 0.1165
0.0077 0.0258 -0.8955
-0.0360 -0.0050 0.0877
0.1026 -0.3118 -0.2081
-0.3673 -0.2392 0.1852
0.0288 0.0722 0.0692
0.3912 -0.2225 -0.2765
-0.0917 -0.0208 -0.7281
-0.0045 -0.0182 -0.0470
-0.0143 -0.0110 -0.1231
0.0060 -0.0104 -0.9695
-0.0035 -0.0186 -0.1937
0.1491 0.1059 0.1975
