0.3422 -0.4932
0.3788 0.4377
0.1207 -0.2152
0.6867 -0.4551
-0.4094 0.5403
0.0008 0.1358
-0.2816 -0.0090
-0.0710 0.0335
-0.1921 -0.5831
-0.2448 0.2560
-0.1311 0.3165
0.1339 -0.2419
0.0912 -0.0465
-0.1076 -0.1474
-0.0738 -0.6338
-0.0686 -0.0863
-0.3450 0.6655
-1.2864 2.0523
-0.1030 -0.2536
0.2375 -0.0060
-0.1082 0.0397
0.1338 -0.3269
-0.0871 0.0490
0.3557 0.1952
-0.3649 -0.6477
0.0898 -0.4461
0.2664 1.5914
0.6351 -0.7289
0.5749 -0.3476
0.8579 -0.8123
-0.2914 0.5112
-0.0004 -0.0006
0.5254 0.0983
-0.2441 -0.0762
-0.3309 -0.1583
1.4317 0.2167
0.7093 -0.4994
-1.7562 -0.8733
-0.2422 -0.3513
-0.5195 -0.1183
0.2374 0.5028
0.9895 -0.0989
-0.7359 0.4125
-0.0898 0.0027
-0.0673 -0.1919
-0.2146 -0.1975
0.0677 0.0512
-0.1060 -0.3169
0.0045 0.0416
0.3860 0.1882
0.0934 0.9143
0.7437 -0.3239
-0.2920 0.0018
0.2447 -0.1087
-0.7427 -0.5417
-0.3429 -0.1987
0.0807 0.8572
-0.0501 -0.1136
0.4816 0.1089
0.9281 -0.8280
-0.3591 -0.3821
-1.4548 -0.4804
-1.2235 0.6156
0.3017 0.2873
-0.7162 0.5171
-0.4395 -0.7119
-0.3521 -0.7584
0.0844 -0.2726
-0.3001 -0.0325
-0.0060 0.1984
0.0036 -0.0001
-0.0746 0.0968
0.1703 -0.0933
-0.2067 0.0476
2.1987 -0.7629
-0.1690 0.0255
0.8539 0.2905
-0.1689 -0.0343
0.4230 -0.6939
-0.2222 -0.1150
0.0162 -0.0191
-0.0079 0.0353
-0.3847 -0.5507
0.0652 -0.4975
-0.0278 -0.2207
0.1354 0.2947
-0.4361 0.3281
-0.0315 0.0464
-0.0161 0.0141
-0.0370 0.8589
0.4212 0.6480
0.1118 -0.9846
-0.4378 0.2596
0.0664 0.2343
-1.0574 0.5588
-0.1308 1.1325
-0.3413 0.2061
0.3368 -0.3721
0.0492 0.0532
0.0701 0.6572
3.2790 -0.1965
3.5399 -0.0898
3.4960 -0.0447
2.8373 -0.2940
4.5933 -0.9087
2.6985 -0.0561
3.2402 -0.0847
3.9056 0.6868
3.9404 -0.3141
2.9351 -0.3312
3.8380 -0.8367
3.7713 0.0708
3.6968 -0.0156
3.4911 0.1398
3.4933 0.0513
3.5565 0.0611
2.9944 0.2869
3.5965 -0.1128
3.5236 -0.1046
3.7973 0.3209
3.9275 0.3094
3.3602 0.0380
3.2228 0.9249
3.0485 0.7908
2.9900 -0.4378
4.0409 0.6679
3.4811 2.5806
3.9885 0.5975
3.6140 0.3483
3.8315 0.1212
2.9002 -0.7011
3.9959 0.8275
3.6208 0.1194
2.6160 1.4432
2.7458 0.1073
3.0985 -0.7959
3.5750 0.0245
3.6054 -0.2771
4.0171 -0.0662
4.0265 -0.6039
3.9632 -0.8408
3.1758 -0.1927
2.7667 0.3745
4.0291 0.0598
4.1407 -0.1692
3.8403 0.9152
3.1574 -0.2500
3.5066 0.0108
3.5270 0.1867
3.3845 -0.2100
2.9920 0.0754
3.6686 -0.5040
3.6368 0.1389
3.7483 0.3040
3.3847 -0.0810
3.5250 -0.0389
4.1364 -0.7017
4.8497 -0.0499
4.9059 -0.1580
3.3654 -0.1396
4.0429 -0.1225
3.5226 -0.0314
3.6033 0.0405
3.6055 0.4080
3.2570 -0.2486
5.6966 -0.8690
4.1286 0.4818
3.4211 0.2769
3.1261 0.5510
3.1724 0.6240
3.6785 0.6573
2.7561 0.2145
2.9573 0.2358
3.3662 1.5152
3.3288 0.1858
3.5143 -0.0184
3.9884 0.5815
3.0364 -1.6034
3.1883 -0.0472
3.6247 0.2859
3.4591 0.0147
2.7177 -0.0407
4.0708 -0.1312
3.6770 0.1233
3.6845 0.0804
3.2274 -0.0135
3.9537 -0.8201
3.5144 -0.4490
3.7323 0.4026
3.1319 0.0914
3.4145 -0.2521
3.0562 0.0341
3.1956 2.0829
3.8030 0.2958
3.8628 -0.6067
3.6672 0.0845
3.2799 -0.1021
3.9906 -0.1060
3.2405 -0.4974
3.8365 0.6233
