0.0578 -0.7820
0.0740 -0.5080
-0.0566 -0.0863
-0.2755 -0.1791
0.4823 -0.8650
0.5400 0.2853
-0.3059 0.1153
-0.5112 -0.9353
0.1928 -1.1008
-0.2165 -0.1032
-0.3549 -0.5826
0.0385 -0.3946
-0.0482 0.1218
-0.4792 0.8479
-0.1812 0.1572
0.9316 -0.3767
-0.8005 0.5379
0.0760 0.2624
0.4324 0.4362
-0.8846 0.7871
0.0979 0.6810
-0.1459 0.1330
0.2917 -0.1462
0.2189 -0.5682
0.0439 0.5726
0.5400 -1.0147
0.0557 0.3168
0.2391 -0.2384
0.9184 -0.2607
0.0001 -0.0009
-0.2918 0.0359
0.3004 -0.5576
-0.6397 0.5304
-0.0949 -0.8648
-0.2392 0.8300
-0.1135 0.2460
-0.2912 0.5352
0.5832 0.3741
-0.6441 -0.1127
0.6996 0.9259
-0.5667 -0.0084
0.7871 -0.3937
0.9040 0.3617
0.0274 0.0128
-0.1493 -0.7810
0.6190 -0.1195
0.2558 1.0026
-0.0184 0.3122
-0.7668 -0.7620
0.0003 -0.0051
0.4551 0.8235
0.4422 -0.0961
-0.7002 -0.5704
-0.5878 0.5351
-0.0284 0.0009
-1.0225 -0.3892
0.0049 0.3191
-1.0145 -0.1050
-0.4410 0.4396
-0.4317 0.2358
0.0842 0.2499
-0.0116 0.0440
-0.3836 -0.9795
-0.0954 -0.0850
0.0283 -0.1135
1.1565 0.1433
-0.2789 0.5154
0.0217 0.0557
-0.3948 0.9264
-0.0606 0.2390
0.7435 0.6242
-0.7690 -0.4632
0.2235 0.6077
-0.4388 0.9861
-0.1732 -0.5622
0.1580 -0.5219
0.1673 0.5139
-0.2832 -0.1890
-0.8113 0.0231
-0.0416 -1.0745
0.1613 -0.6144
0.1397 0.1706
0.4029 -0.0204
-0.7739 -0.3464
-0.1821 0.7480
-0.2194 0.1321
0.3688 -0.1708
0.1730 0.7514
0.6046 0.1409
-0.3996 0.1797
-0.3423 0.3833
-0.1724 -0.0292
-0.3067 0.2281
-0.4075 0.5859
0.1434 -0.9688
0.2909 0.3322
-0.2927 -0.3065
-1.0200 -0.1236
-0.1813 0.3076
0.2758 -0.0229
-0.2068 0.5668
-0.1528 -0.3056
0.0007 -0.0265
0.2758 0.1213
0.3969 -0.0672
-0.5630 -0.0625
-0.2245 0.2315
0.3089 -0.9435
-0.2225 0.3256
0.8595 -0.6047
0.7167 0.2538
-0.2220 -0.0433
0.4258 0.4634
0.0192 -0.0635
-0.6679 0.1979
0.4035 0.1866
0.3984 0.8800
-0.8427 -0.3239
0.1019 -0.9552
0.4701 -0.4121
-0.4148 -0.5747
0.2982 0.0103
0.2917 0.6759
0.0142 -0.4146
0.2185 0.5597
-0.0178 -1.1273
-1.0480 -0.4612
-0.1373 -0.7905
-0.2390 -0.1144
-0.2913 -0.1850
-0.9614 0.1003
0.1899 0.5509
-0.5744 0.3205
1.0816 0.0979
0.0460 0.4780
-0.6551 0.2969
0.0539 -0.0636
-0.8286 0.5850
0.1244 0.1155
-0.7124 -0.1214
-0.1254 -0.2838
0.3179 -0.8708
0.0036 0.0781
-0.1116 0.4393
-0.8803 0.3589
-0.7424 0.6951
0.0853 -0.3871
0.1324 0.2714
0.0676 -0.0277
1.0546 -0.4806
-0.0776 -0.0385
0.0746 0.4915
-0.5730 0.5810
0.3403 -0.0109
0.5706 0.0783
0.4288 0.0815
-0.7287 0.1651
-0.2450 -1.0246
-0.6332 -0.8632
0.1255 0.0423
0.2639 -0.1131
0.2747 -0.6447
-0.0810 -0.0189
-0.3574 0.2346
0.3091 0.3723
0.8650 0.3414
-0.4275 -0.0513
0.3833 0.3106
-0.4480 -0.3537
0.1650 -0.5457
0.7873 0.0036
0.7126 -0.1697
-0.1903 0.8726
0.3619 -0.4473
0.3835 0.9847
0.9180 0.6972
-0.2803 -0.6950
0.0082 -0.0576
0.4684 -0.6743
0.0834 -0.0801
-0.0276 -0.1975
0.2592 -0.0615
-0.2415 0.2751
0.5957 0.2545
-0.0014 -1.1527
-0.1532 0.0872
0.1624 -0.3563
0.1293 -0.6081
0.2561 -0.1218
-0.4529 0.0225
0.5520 0.7205
-0.9572 0.5439
-0.5781 -0.3255
0.6542 -0.5849
0.1442 -0.0012
-0.1681 1.0893
0.8675 0.0148
0.3877 0.2972
-0.4512 0.1287
-0.7501 -0.4537
0.7122 0.5973
0.2810 1.0148
-0.4051 -0.4016
-0.0660 -0.2184
0.5221 -0.9018
-0.0004 0.0003
0.3444 1.1258
-0.2014 -0.2679
-0.0597 -0.0152
0.5981 -0.3036
0.2786 -0.1471
0.9694 0.1085
0.2549 0.4899
-0.5842 0.2309
-0.6969 0.3143
0.2884 -0.1400
0.2512 -0.5185
-0.0630 0.9689
1.0334 0.0243
-0.1166 -0.0214
-0.1753 -0.2515
-0.8901 0.0508
-1.0344 0.2173
-1.1342 0.3599
-0.2559 -0.2252
-0.1870 0.1978
1.0954 -0.4757
-0.9327 -0.0672
0.8562 -0.3126
-0.5101 0.1749
-0.0222 0.0160
0.4651 -0.5319
-0.3562 0.5651
0.0934 0.0365
0.1189 0.0566
-0.7596 0.1178
0.4091 0.1399
-0.5127 -0.1341
0.8718 0.6133
0.7819 -0.6382
-0.3160 0.4408
-0.0173 -0.4837
-0.1484 0.0879
-0.6349 0.2759
-0.3253 0.6852
0.0441 -0.2159
0.5653 -0.2490
0.6252 -0.7433
0.6201 0.4537
-0.1137 -0.1247
0.6129 0.1223
-0.3639 -0.5990
-0.1939 -0.3228
0.5879 -0.5082
-0.7990 -0.0002
0.0440 0.5842
-0.3014 -0.5750
0.0068 0.0250
-0.7147 -0.2967
-0.1431 -0.3819
0.3538 -0.5233
0.5441 0.3220
-0.4671 -0.1474
-0.6053 0.3055
0.0699 -1.1535
-0.7666 0.1870
-0.1304 -1.0512
0.0321 -0.4872
-0.0873 0.7075
-0.0508 -0.5151
0.4919 0.5227
0.0529 0.0669
0.3477 0.5583
-0.1423 -0.3343
-0.0661 0.0360
0.4230 -0.0253
0.2430 -0.1918
-0.5757 -0.1357
-0.4371 0.0529
0.2910 0.6381
-0.0963 0.6338
0.2234 0.8172
1.0532 -0.1340
0.0549 -0.2069
-0.0282 0.2386
0.4496 0.7880
-0.2789 -0.5455
0.9487 -0.3040
-0.5473 -0.5462
1.0962 -0.3719
1.0798 -0.2191
-0.2381 0.7533
0.0173 -0.1906
0.7643 0.8144
-0.7945 -0.6964
0.1308 0.0136
0.6413 0.9040
0.0303 0.0178
0.3670 -0.4474
1.0997 0.0325
0.2873 -0.3911
0.3346 0.3105
-0.0005 0.0012
-0.0093 0.3146
-0.1054 0.3142
-0.7458 0.4738
0.0069 0.0613
0.0589 0.3613
0.3056 0.4585
0.1943 0.7848
0.6720 -0.3925
0.6504 0.3346
0.5097 -0.4501
0.2249 0.4344
0.0368 0.3234
-0.3213 0.4916
0.0159 -0.8297
0.7026 -0.7458
-0.9670 0.1715
0.3183 0.2749
-0.7914 -0.7379
0.3568 -0.2077
0.0832 0.5393
-0.2381 -0.7410
0.0674 -0.0028
0.6760 -0.3855
-0.5302 -0.5565
0.1572 -0.3696
0.1334 0.5172
0.7445 -0.2731
-0.6213 0.4393
0.5272 -0.0416
-0.0205 -0.4263
-0.5488 -0.0592
0.1805 0.4844
0.3547 -0.0785
0.0109 -0.0784
-0.1271 0.7952
1.0756 -0.1359
-0.2960 -0.0052
-0.2780 -0.0431
-0.2352 -0.5146
0.1469 -0.0503
0.0947 0.1974
-0.4540 -0.2178
0.3674 -0.5643
0.3208 -0.4177
0.7530 0.3149
0.4454 0.3697
0.1291 -0.7854
0.1355 -0.2541
0.4200 -0.0746
-0.0436 -0.2325
0.2621 -0.1592
0.0746 0.0661
0.4564 -0.5834
0.0291 0.0507
-0.5862 0.2732
0.1612 -0.3999
-0.5873 -0.1499
-0.7261 -0.3334
0.1764 -0.4926
-0.3686 0.5574
0.2840 -0.6501
0.0836 -0.0389
0.0390 -0.0818
0.3864 -0.8081
0.0613 -0.0440
-0.5574 0.4397
-0.0778 0.0991
0.2618 0.0979
0.0627 -0.2320
0.8569 -0.1872
-0.3005 0.0476
-0.8671 0.6753
0.2780 -0.1914
-0.5569 -0.0286
0.4677 -1.0280
0.9887 -0.0759
-0.0686 0.0266
0.2393 0.0391
-0.0063 -0.0343
0.3244 0.4718
1.0626 -0.3247
-0.7864 0.2377
0.5355 0.3233
0.1562 -0.0507
0.0367 0.0428
0.9827 0.3121
0.1932 0.5148
0.1339 0.1599
0.0058 -0.7476
0.0054 -0.2078
-0.1626 -0.1224
-0.0680 0.0574
0.2924 -0.0802
-0.1896 -0.0676
0.4157 0.3336
-0.0877 0.4959
-0.4874 -0.0064
0.1366 0.2302
-0.1861 0.1089
-0.0479 0.3537
-0.5377 -0.3928
0.6464 0.2000
0.8134 -0.0649
-0.1463 -1.0424
0.1527 -0.3885
-0.4278 -0.4809
-0.4426 -1.0445
0.7801 0.0738
0.0057 -0.3246
0.7841 0.2971
0.3013 1.1215
0.3808 -0.2552
-0.5755 0.3304
1.1308 0.1359
0.7698 0.6041
-0.3555 -0.7105
0.0561 0.3659
0.7503 0.4462
-0.0722 0.2295
0.4366 -0.1220
-0.1873 0.7629
0.8052 0.0580
-0.1144 -0.0294
-0.0265 -0.2893
-0.2874 -0.2546
-0.0337 -0.0167
1.1404 0.2302
-0.0368 -0.0750
0.6723 -0.7645
-0.8679 -0.0748
-0.1762 -0.1038
-0.5289 0.1793
0.2783 0.0773
-0.0246 -0.1677
0.0628 -0.0277
-0.7670 0.2840
-0.9098 0.0763
-0.0942 0.2884
0.3980 -0.8454
-0.0442 -1.1830
-0.1526 0.0810
-0.0183 -0.8929
-0.5959 0.2130
-0.2839 0.7478
0.1921 -0.0610
0.9405 -0.6985
0.8304 0.1738
-0.3574 -0.2314
-0.2195 0.1570
0.9923 0.3392
0.9651 -0.7105
0.0637 0.0103
0.9941 0.4834
0.4189 -1.1085
-0.4976 0.8426
1.0387 -0.2598
0.7752 -0.1486
0.0102 -0.0084
0.2049 0.4496
-0.1917 -0.5290
-0.0943 -0.4177
0.0109 0.2530
-0.0027 0.0007
-0.6783 0.1294
0.1154 0.1274
-0.0056 -0.0018
0.0176 0.0027
0.3195 0.2144
0.6405 -0.4597
0.0386 0.3590
0.2352 -0.1580
-1.1387 -0.0088
-0.6480 -0.9309
0.9913 0.6130
-1.0405 -0.3568
-0.9026 -0.1003
-0.0768 0.0550
-0.0547 -0.9362
-0.8058 0.1755
0.7637 0.6088
-0.2634 0.1777
0.3170 0.2699
-0.5384 0.2323
-0.0378 -0.0782
0.0092 -0.4386
-0.1180 0.2767
-0.3985 0.9829
-0.1164 -0.5996
-0.5185 0.0060
0.0477 -0.0046
-0.1549 0.9772
-0.4355 0.2772
0.1770 -0.2907
0.1580 0.0924
-1.0233 -0.1312
-0.1862 -0.1229
-0.6412 0.7853
