-0.0825 -0.0186 0.0291
-0.0029 -0.1154 -0.2323
0.9223 0.3324 0.1216
-0.3025 -0.5034 -0.2599
-0.0198 -0.6183 0.2248
0.0444 0.1547 -0.0091
-0.2011 0.1635 -0.3693
0.4888 0.4464 0.2350
-0.0109 -0.0000 -0.0213
-0.3725 0.1028 -0.3270
-0.1271 0.4568 -0.2784
0.0120 -0.0032 -0.0069
0.5555 0.4156 -0.4856
-0.2006 0.6532 -0.0304
-0.0056 0.5583 -0.6844
3.2665 0.1956 0.5855
3.1572 -0.3649 0.6162
2.8047 -0.0467 0.9080
3.0424 0.0170 0.3504
3.5447 0.0280 -0.4127
2.9955 0.0293 0.0362
3.3349 -0.1597 0.4407
3.3336 -1.3525 0.4138
2.9213 0.1760 -0.1946
3.0847 -0.0840 0.2206
2.9909 -0.0826 -0.6764
3.5962 0.0915 -0.2620
2.5160 0.2541 0.5670
2.9835 0.0306 0.0479
2.8497 -0.2464 -0.7795
