-0.0040 -0.0714 3.3215
-0.2976 0.6371 0.6872
0.0116 0.0889 -0.0100
-0.1330 0.2375 0.3941
0.0255 0.1853 0.1132
-0.0867 0.0784 -0.1267
0.1719 0.0372 -0.0416
-0.8380 0.0470 -2.0386
-0.1635 -0.0215 0.4294
0.1855 0.4819 -0.4293
0.2159 0.3140 0.7903
-0.3568 0.0376 -0.8152
-0.0169 0.0294 -0.2727
0.1003 0.0725 -0.0009
-0.1022 -0.1384 -0.2792
0.0088 -0.0093 0.1987
0.0138 0.2035 0.2750
-0.2907 0.0509 -0.1005
0.6692 0.5566 -0.1764
0.0602 0.1163 -0.9605
0.2449 -0.0733 -0.2796
0.2750 0.0193 -0.2307
-0.3281 1.0823 2.5146
0.1369 0.0549 0.7531
-0.4386 0.3754 -0.7528
0.0241 -0.0664 0.1667
0.4958 -0.3150 0.7840
0.7333 -0.8114 -2.2447
-0.6562 0.0057 -3.4136
-0.0226 0.1950 0.1317
2.3661 -0.9412 -0.3357
0.2927 -0.1227 -0.2841
-0.4259 -0.0851 0.6378
0.4044 -0.4594 -0.2362
-0.6891 0.2442 -0.1174
-0.0431 0.0186 -0.3032
0.2450 -0.4384 -0.2721
-0.1964 0.0194 -0.6377
-0.0077 0.0218 0.6930
-0.0723 0.4122 0.7515
