-0.5990 0.0632 -0.8776
0.5990 0.4043 -0.0446
0.0061 0.0133 -0.0051
0.2817 0.3153 -0.2118
0.1661 0.4657 -0.7493
0.1468 -0.1478 0.2944
-0.2323 0.0075 0.5529
0.1857 -0.2051 -0.2536
0.0769 -0.6254 0.0971
-0.0058 0.2181 0.0568
-0.0006 -0.0010 0.0025
0.7213 -0.0391 -0.0056
-0.0407 0.0011 -0.9520
-0.3628 0.7360 -0.1951
0.6690 0.0458 0.2251
0.2707 0.9688 0.0703
0.3440 0.7200 -0.1486
0.5881 0.4599 -0.8926
0.1147 0.1562 -0.6113
0.3731 -0.2851 -0.3817
0.4376 -0.5125 -0.1726
-0.0272 0.0733 -0.6859
0.0938 0.1013 -0.2100
-0.0974 0.1270 -0.3573
-0.1737 -0.2017 0.1243
0.0111 -0.1476 0.4394
-0.0057 -0.0395 0.2539
0.4625 0.3813 0.8284
0.1884 0.1685 0.1969
0.0046 -0.1853 0.4965
0.0399 0.0609 -0.5252
-0.0838 0.0675 -0.7296
0.0833 0.3351 0.7493
0.0554 0.0268 -0.3329
-0.1137 -0.0654 -0.2129
-0.6807 -0.4651 -0.2107
-0.4244 -0.4908 -0.5935
-0.2565 0.1450 0.8241
0.0194 -0.0396 -0.0467
-0.0463 -0.1402 -0.1315
-0.0981 -0.0630 0.1500
0.4559 -0.0942 -0.2566
-0.0210 -0.0281 -0.0280
0.3994 -0.3879 -0.4958
0.1734 -0.3760 0.3386
0.1441 -0.2547 -0.6845
0.1806 0.3391 0.0464
-0.1738 -0.3819 0.5551
-0.0243 -0.2174 -0.2335
-0.0295 -0.1085 -1.1333
0.0194 -0.0196 -0.1601
-0.2067 -0.1181 0.0008
0.0020 0.0004 -0.0068
0.1528 0.4507 -0.0635
-0.2554 -0.4330 -0.6898
0.1205 0.1242 -0.1754
1.0343 0.0883 -0.4118
0.0827 1.0783 0.3583
0.0274 0.0080 -0.2576
-1.0244 -0.0834 -0.4104
0.1163 0.1818 -0.4078
0.1121 0.0336 0.2158
-0.3808 -0.1724 1.0818
0.0408 0.0022 0.1452
-0.0806 -0.6024 1.0039
-0.3000 0.1009 0.8575
-0.1540 -0.8204 -0.4899
0.0268 0.0468 0.2655
-0.0629 0.1460 0.5510
-0.0983 0.4611 -0.4624
-0.0195 0.0171 -1.1182
-0.4023 0.2149 0.0716
0.2926 -0.4156 0.6617
-0.3932 0.1167 -0.0166
0.0386 -0.1509 -0.0102
-0.1758 -0.1396 -0.1956
-0.0574 -0.5732 -0.2059
0.0695 0.0246 0.2220
0.3678 0.2027 -1.0922
-0.3816 0.0096 0.9710
-0.1997 0.0274 -0.1128
-0.0001 -0.0018 -0.0213
-0.0012 0.0015 0.0156
-0.0396 0.0935 -0.4389
-0.8402 -0.0019 0.0163
-0.3255 -0.1068 -0.7164
-0.6469 0.0837 -0.5183
0.1166 -0.2608 -0.6507
0.0157 0.0069 -0.2303
-0.0076 0.0098 -1.0444
0.2805 -0.2691 -0.6467
0.5098 -0.2032 -0.2715
0.1446 -0.2291 -0.0973
0.7183 -0.4110 -0.2327
-0.0077 0.0163 0.0016
-0.1254 -0.0234 -0.1488
0.1039 0.0143 -0.0886
0.0583 -0.0299 0.0873
-0.0371 0.0854 0.0252
0.1280 -0.8906 -0.4693
