-0.0739 -0.4295
0.2910 -0.2416
0.7103 0.3786
0.1024 -0.5126
0.2950 -0.6868
-0.4401 -0.1193
0.2075 -0.2073
0.2058 -0.1213
-0.6440 -0.2430
-0.1634 0.2539
0.2321 -0.1571
0.0702 0.6826
0.0537 0.0883
-0.2693 -0.7027
0.0037 0.0007
-0.4944 -0.0758
0.0363 -0.1929
0.5303 -0.8370
-0.3297 -0.1211
-0.6621 -0.5857
-0.6516 -0.6945
0.4556 -0.0237
-0.1397 0.4416
0.6521 0.6430
-0.4616 0.1277
-0.5663 0.4696
0.2245 -0.1816
0.2966 0.2135
-0.0714 -0.9157
-0.1206 0.0057
0.2151 0.9611
0.2287 0.6136
-0.0246 0.5145
0.0613 -0.9245
-0.2442 -0.9311
0.0557 -0.0498
-0.3983 -0.8382
-0.1158 0.6589
-0.6884 -0.2501
0.0556 0.9865
-0.4314 0.0192
-0.2159 0.0783
-0.5727 0.5483
-0.6078 -0.2533
-0.0346 0.2358
0.0618 -0.0561
-0.8297 -0.0960
-0.2599 0.7879
-0.8858 -0.2525
-0.2337 0.0948
0.1279 -0.6068
-0.7085 0.6729
0.0847 0.3623
0.2875 0.3394
-0.3151 -0.4580
0.7262 -0.6467
0.1187 0.5337
-0.6375 -0.3887
0.4778 0.3503
0.1448 0.1461
0.4095 0.5246
-0.6527 0.4140
-0.3863 0.1737
-0.0267 0.0271
0.5053 0.2866
-0.0671 0.5817
0.6013 0.1614
-0.0334 0.1049
-0.7451 0.2207
0.2072 0.3047
-0.2001 -0.4971
-0.6054 0.7870
-0.4366 0.5079
-0.9953 -0.0582
-0.2741 0.3259
-0.3674 0.1814
0.2201 0.2128
0.1348 0.2641
0.0914 0.0710
-0.8102 -0.1690
-0.7045 0.3755
-0.0193 -0.5163
0.1712 -0.6313
0.3890 -0.0309
0.2312 0.7466
0.0028 0.1797
-0.0590 -0.1507
-0.7489 -0.1722
-0.0748 0.1064
-0.1598 0.1184
0.0461 0.8589
0.4208 0.2839
-0.2572 0.0440
0.3543 0.2823
0.1948 0.2261
0.5186 0.1615
0.2054 0.5568
0.0873 0.4120
-0.7319 -0.3477
0.0348 0.0696
