0.0046 0.0022 -0.0183
0.5253 -0.5314 0.0960
0.1550 0.1893 0.3722
0.0010 0.0009 -0.0001
0.4647 -1.0357 1.4230
0.0076 -0.2145 -0.0092
-0.2651 -0.1486 0.9059
0.0391 -0.1231 -0.2048
-0.0302 -0.0265 -0.0379
0.0289 -0.1104 -0.4652
0.1666 0.0365 0.7320
-0.1388 0.2251 0.9510
0.1243 0.2022 0.3330
-0.6063 -0.3551 0.6297
0.0245 0.0391 -0.0411
1.1920 -0.1712 1.7497
-0.3302 -0.1855 0.3297
-0.1032 0.0893 -0.1492
0.2700 0.7030 0.5376
-0.0050 0.0053 0.5155
-0.1187 0.4508 -0.3030
0.6808 0.8490 -0.9418
0.1707 0.0980 -0.1219
-0.2685 0.3390 -0.4890
0.2158 0.1727 0.4324
-0.2480 0.1948 -0.6236
0.0954 -0.0081 0.0571
0.1035 -0.3732 0.6240
1.0094 1.2321 -0.3576
0.3995 -0.0473 -0.5283
-0.0006 0.0014 0.0164
-0.1189 -0.1395 0.0191
-0.6199 -0.2903 -0.4656
0.0198 -0.0090 0.0091
-0.0114 0.0054 0.0137
0.0100 -0.2213 0.5756
-0.2596 0.6613 -0.2630
-0.0000 -0.0001 -0.0001
-0.0442 0.1819 -0.2910
0.6733 -0.3054 0.3914
0.5580 -0.4346 -0.5411
-0.0280 0.1055 -0.0310
-0.5434 -0.7988 0.1077
0.5765 0.2824 -0.2039
-0.1915 -0.1268 -0.5799
-0.0492 0.0015 0.3171
0.0868 -0.2958 -0.2866
0.0040 0.0074 -0.5922
-0.0109 0.0032 0.0574
-0.6542 0.0966 -0.0782
-0.4792 0.2545 -0.3896
-1.0739 -0.7448 -0.5234
0.0395 -0.0835 -0.2417
-0.4329 -0.1765 1.0490
-0.0634 -0.4967 0.3805
1.8564 -0.3137 -0.7984
-0.4383 0.0261 0.5072
-0.8252 0.9749 1.5222
0.8814 1.0206 0.3586
0.2049 -0.0765 -0.2468
-1.6129 0.7420 0.5466
0.4335 0.2370 0.1124
0.0033 -0.0014 0.0257
0.0344 0.4190 -0.0938
0.5307 -0.5351 0.4044
0.1544 -0.0974 -0.1251
0.0980 0.7689 1.7265
-0.0818 0.1069 0.5405
0.2165 0.3230 -0.7181
-0.0298 0.0696 -0.4421
0.4348 0.1315 0.3519
-0.8327 0.2209 0.2000
0.0716 0.9703 0.1957
-0.2216 -0.6180 0.0514
-0.0033 -0.0141 -0.9266
0.0340 -0.1542 0.7825
-0.0855 0.0636 1.3754
0.0086 -0.3546 -0.0001
0.0122 0.0045 0.2511
0.0275 0.0172 0.4680
-0.3012 0.1304 -0.3415
-0.3428 -0.3100 -0.5044
-0.0152 0.2095 0.3692
-0.8672 -1.5813 0.8340
-0.0047 -0.0011 0.0076
-0.1218 0.2269 0.5276
0.5819 -0.3893 0.3762
-0.2887 -0.0801 0.4844
-0.6489 0.1647 0.5533
-0.0059 0.0332 0.1746
-0.3534 -0.5127 0.1197
0.0000 -0.0000 0.1717
-0.0038 -0.0059 1.7963
0.7023 0.6356 -1.0411
0.1442 0.1761 -0.5503
0.4649 -0.6670 -0.1487
0.4685 -1.0501 -0.8468
0.2098 0.0345 0.2034
0.0273 -0.5703 -0.6846
0.3935 -0.3162 -0.7047
1.0867 -0.2436 1.0283
0.3223 0.1942 -0.1301
-0.0153 -0.1374 0.8306
0.0077 0.0111 0.0373
0.2819 -0.5161 0.4450
-0.0228 -0.0062 0.7729
-0.0266 0.0115 -0.3836
0.7055 0.0080 0.6125
0.3656 -0.2190 -0.6331
-0.0959 -0.3238 -0.5957
-0.0929 0.6678 0.6255
0.0219 -0.0103 0.1424
0.1715 -0.0343 -0.2051
-0.0295 -0.4314 -0.2429
-0.4116 0.1039 -0.0015
-0.2638 0.0783 -0.1863
0.0329 -0.0407 -0.3191
-1.4373 -0.2399 -0.2897
-0.0602 -0.1516 -0.6582
-0.4581 -0.5027 0.3016
-0.0004 0.0007 -0.2003
0.4266 0.3084 -0.7802
0.1334 0.3042 0.8711
-0.3511 0.1477 -0.2646
0.0527 0.1170 -0.3939
-0.1939 -0.1432 -0.3513
-1.3122 0.3711 0.8215
0.0845 0.0433 0.1526
0.7253 0.2573 1.7875
-0.1088 0.0282 -0.1553
-0.5429 0.0494 0.7514
-0.1762 -0.0550 0.2007
-0.7351 -1.5941 0.3392
-0.8464 -0.0548 0.2266
-0.5592 -0.2632 0.4986
-0.6266 -0.6081 0.0099
-0.1012 0.2833 0.5780
0.0436 0.1576 0.4195
0.5609 -0.7685 -0.0997
0.4515 -0.2391 -0.1426
0.2245 0.1359 -0.6330
0.0300 0.4553 0.3062
-0.6059 -0.7208 1.1472
-0.3543 -0.5748 0.2441
0.4130 -0.4502 -0.3645
0.1595 -0.2484 -0.4377
-0.0224 0.0893 -0.0781
0.1893 0.5542 -0.9350
0.6063 -0.5396 -0.5589
-0.4851 -0.8856 1.8179
-0.3938 -0.2541 -0.5473
-0.0134 -0.0260 -0.5839
-0.1103 -0.1393 0.4534
-0.0084 -0.0153 -0.0816
-0.0902 -0.0621 -0.4654
0.4307 0.1843 -0.1080
-0.2256 -0.1074 -0.5507
0.3541 -0.3614 0.0697
-0.4871 -0.4227 0.2675
-0.3047 -0.1701 0.6689
-0.2791 0.0140 0.2390
0.0453 -0.0144 -0.2127
-0.1054 0.0923 -0.3169
-0.5860 -0.1294 0.4774
-0.1425 0.1760 -0.2343
-0.2637 -0.2800 0.1565
-0.1689 -0.0873 0.5286
0.3452 0.5585 1.5678
0.0069 0.4547 -0.5515
0.2530 0.1668 -0.5743
0.1636 -0.3816 -0.0742
-0.2360 0.7439 -0.2417
-0.3840 -0.0918 -0.0217
-0.0310 -0.1106 -0.1614
0.0253 0.0011 -0.0303
0.0164 -0.0335 -2.1464
0.0632 -0.1583 -0.2117
-0.0090 0.0150 0.0386
0.4389 0.0899 -0.1556
1.3716 0.7746 -1.1869
-0.3910 0.6050 0.1931
-0.5145 -0.7389 -0.0352
0.4462 -0.1935 0.1394
-0.6014 0.4495 0.3786
-0.1952 -0.6772 0.4828
-0.7060 0.1089 -0.3432
-0.7895 0.3755 1.5142
-0.0203 0.0144 0.2459
0.2901 -0.0998 0.5617
-0.6483 -0.1056 0.1370
0.0249 -0.1624 0.1560
0.0015 -0.0004 -0.0118
0.3198 0.4316 1.0781
0.2015 -0.2344 -0.2832
-0.2726 0.3851 -0.3613
0.0651 -0.0639 -0.0997
0.3234 -1.1457 1.0422
-0.0797 0.1929 -0.0593
-0.1501 0.5799 0.5482
0.1167 0.0386 0.0417
