-0.7878 0.3259
-0.4487 0.2755
0.3476 -0.0976
0.2556 -0.6877
0.4927 0.2335
-0.3314 1.1318
0.0302 -0.3386
0.0345 -0.1366
-0.8985 0.1842
-0.2964 0.2927
0.5327 0.5056
0.6721 -0.4359
-0.4393 -0.2212
0.1659 0.1180
-0.1239 -0.4270
-0.1552 -0.4969
0.3159 0.8784
0.0609 0.9344
0.1851 0.1522
-0.5597 -1.0361
-0.6981 -0.3927
0.1520 0.2382
-0.1611 -0.3299
0.2439 -0.1233
-0.4540 -0.2032
0.0053 0.0201
-0.2427 -0.2229
0.0810 0.2853
-0.6191 0.1650
0.4702 0.8928
0.4228 -0.6271
0.5797 0.2494
-0.7100 -0.2730
-0.0234 -0.0972
-0.1711 -0.0341
0.9448 -0.1339
-0.1502 -0.1003
-0.9292 -0.0018
-0.3474 0.9436
0.3540 -0.3527
0.9647 -0.4457
-0.1809 -0.9339
-0.3202 0.3731
-0.0105 1.0149
-0.4448 -0.2914
-0.4508 0.4618
-0.9570 -0.1060
-0.9362 0.3048
-0.0256 -1.1417
0.0094 -0.0576
