0.7754 0.3117 -0.4464
-0.2432 -0.0767 0.3847
-0.1257 -0.2046 -0.0330
0.0262 0.0477 0.9025
-0.2471 0.3416 -0.2052
0.0548 -0.1421 -0.0511
0.1515 -0.4706 0.5851
2.3903 -1.4969 -1.5146
-1.3720 -1.3512 -0.8533
0.6935 0.1992 0.5108
-0.5152 0.0718 0.5204
-0.1644 0.4396 -0.0573
-0.4106 -4.0313 -0.5068
0.5768 -0.4310 -0.5055
0.1914 0.0952 0.0005
-0.0320 -0.0218 0.1744
-0.1807 -0.2437 -0.0555
-0.2024 -0.1203 0.2000
0.2768 0.9195 0.1027
0.5947 -0.0023 0.0171
0.0050 -1.0847 1.7840
0.0429 -0.3150 0.7487
0.1356 -0.1013 -0.1198
-0.0554 -0.1488 0.7626
0.0037 0.0443 -0.2386
-0.2364 0.2744 -0.0639
-0.0094 -0.0872 0.1711
-0.0370 0.0272 0.1492
0.0748 0.2929 0.3861
-0.0089 -0.2803 -0.3631
