0.3180 -0.1233 -0.3036
0.4490 0.6636 -0.0651
-0.5104 0.0740 0.4533
-0.2788 -0.6664 0.0801
-0.3063 0.3675 -0.6043
-0.4372 0.5976 0.4816
-0.5689 0.5519 0.4392
-1.0316 -1.3414 1.6279
0.0072 0.0012 -0.0002
0.4445 0.6734 -0.1938
-0.1856 0.4166 0.0144
0.1334 -0.0348 -0.2123
0.1969 0.1725 0.6275
-0.0108 -0.6505 -0.3814
-0.0094 -0.1877 -0.4519
-0.2939 -0.2215 -1.3193
-0.0442 -0.0830 -0.2743
0.0025 -0.0091 0.0615
0.4009 0.4859 -0.5171
-0.4445 -0.0145 0.0213
0.4711 0.0996 0.8615
-0.1152 -0.6338 -0.0375
-0.1001 0.1391 -0.9036
0.4666 -0.1180 -0.5740
-0.0983 0.0648 -0.0165
-0.0499 -0.0239 -0.8893
0.0011 0.3915 -0.0115
-0.0964 0.2343 -0.8627
0.3118 0.2348 -0.2518
0.0657 -0.3855 -0.2394
0.1354 0.0114 0.1670
0.0024 -0.0007 0.0031
0.2871 0.1856 -0.4044
-0.1041 -0.1777 -0.0494
0.0644 -0.1136 -0.5214
-0.0990 0.1236 -0.3361
-0.0115 0.0109 -0.0455
-0.0760 -0.0439 -0.6663
0.0500 0.1237 -0.3096
-0.1130 0.2071 0.3466
0.0614 -0.0843 -0.1973
-0.0961 0.1210 0.8593
-0.2082 0.1021 -0.4080
-0.0112 -0.0049 0.3916
0.0553 -0.0094 -0.0533
0.1333 -0.1324 -0.9515
0.2179 0.3061 0.4601
0.7624 0.6032 -0.0775
-0.0087 0.0261 0.0270
0.0983 0.0846 -0.1003
3.5082 -0.0378 -0.1472
3.2489 0.3568 0.4101
4.1402 0.0224 -0.5104
3.7115 -0.1582 0.0937
3.7366 -0.1582 -0.4770
4.0140 -0.0095 0.3491
3.4623 -0.0450 -0.0375
1.8289 1.5769 -1.1875
3.3915 0.0145 -0.1847
3.3617 0.2353 -0.2166
3.6257 0.2129 -0.0998
3.8185 0.0294 0.1568
3.5522 0.9849 0.1130
3.6346 -0.2089 0.4191
3.5643 -0.2382 -0.1464
3.5211 -0.0452 -0.7663
3.1563 0.2753 -0.5094
3.3642 -0.8337 -0.4996
3.4051 0.0966 0.9639
2.8285 0.5827 -0.1947
3.8070 -0.8320 -0.1015
3.4957 0.0020 0.0199
3.5683 -0.3514 0.1116
3.5599 0.1959 -0.2470
3.9851 -0.2690 -0.1090
1.2589 -0.8631 0.7439
3.3746 -0.1997 -0.1153
3.4462 -0.0278 -0.2560
3.2278 -0.1030 0.9205
3.3431 0.0186 0.1434
3.5315 0.5234 0.3678
4.3359 0.6567 -0.6336
3.1847 -0.1514 0.3568
3.4891 0.0035 0.1247
3.2585 -0.4492 0.2148
3.5028 -0.0734 -0.0059
3.4712 -0.0203 -0.8519
3.4932 0.0047 -0.0158
3.5807 -0.0581 0.3984
3.5963 0.1861 -0.2187
4.2737 0.1062 -0.0796
3.4244 -0.0705 0.0040
3.5016 0.0021 -0.0255
3.0856 0.3895 0.3326
2.7030 -0.0463 -0.3287
3.6940 0.2094 -0.5199
2.6668 -0.0361 -0.3891
3.5823 -0.2361 0.2020
3.7197 0.0947 -0.2723
3.6857 0.1423 -0.4578
