-0.6588 -0.3418 -0.6064
-0.1910 0.0636 -0.7153
-0.0421 -0.0991 0.0797
-0.2188 0.3119 0.1922
-0.0020 -0.0008 0.0035
0.0847 -0.0088 -0.1352
0.1735 -0.2547 -0.7670
-0.1490 0.2589 0.8466
0.1394 0.1556 0.6575
0.8930 0.1314 0.1616
-0.1010 -0.0097 0.1456
0.0385 0.2932 -0.7344
0.0558 0.0376 0.0640
-0.0014 0.0044 0.0001
-0.1145 -0.0490 -0.8652
0.0438 0.5235 0.4676
-0.0897 -0.0131 0.6430
-0.0668 -0.4385 -0.3993
-0.1214 -0.0355 -0.3039
0.1689 -0.0829 0.0025
0.0046 0.0035 -0.3523
0.0521 0.0411 0.0432
-0.6206 0.6711 -0.2939
0.1341 0.0443 0.7650
-0.0600 -0.0747 0.0788
-0.0839 -0.1881 0.8923
0.0008 -0.0586 -0.0689
0.9646 -0.1777 -0.1622
0.0227 -0.3753 0.9184
-0.5459 -0.2511 -0.4047
-0.0074 0.0013 -0.7897
-0.5747 0.3051 -0.6576
-0.0816 0.0275 0.9807
0.2309 0.2990 0.5383
0.0154 0.0366 -0.1015
0.0481 -0.1128 0.1823
0.0562 0.3168 0.3593
0.2151 0.4396 0.1516
-0.0088 0.0774 0.2058
0.1390 -0.1043 -0.7530
-0.1796 -0.4556 -0.6409
0.1713 0.2727 0.7275
-0.7746 -0.0228 -0.2583
-0.2629 0.2662 0.7646
-0.0620 0.1407 0.3931
0.0179 0.0058 0.2484
-0.0213 -0.1672 -0.8953
-0.6486 0.0057 -0.0440
-0.4094 -0.7765 0.1243
-0.0105 0.6822 -0.2982
