-0.1924 0.3489
0.2321 0.1501
-0.2404 0.2302
-0.1439 -0.1133
0.0672 0.0095
0.8186 -0.5003
-0.2190 -0.3266
0.5478 -0.0721
-0.5040 -0.5184
-0.0154 -0.0071
-0.7983 0.4021
-0.1470 -0.0447
-0.5550 0.5005
0.1540 -0.1183
-0.1002 -0.0268
-0.1764 0.1475
-0.3362 -1.1293
0.0128 -0.3009
0.1611 -0.6185
0.6978 0.1890
-0.2899 -0.0800
-0.6829 -0.2683
0.0274 -0.1338
0.4205 -1.3074
0.6587 0.6002
-0.5256 -0.5912
0.1087 0.0083
-0.1446 0.9597
0.9801 0.0785
0.1951 0.8375
-0.0305 -0.3571
-0.7809 -0.5271
0.8695 0.0014
-0.7094 -0.2498
-0.2451 0.5042
0.1646 0.2716
-1.2142 0.6505
-0.2545 0.5481
0.0025 0.0196
-0.1282 -0.2413
-0.2821 -0.7507
0.2007 -0.4013
-0.3940 0.8840
0.3177 -0.3481
0.8000 0.2434
-0.1328 0.8070
1.1293 0.1805
-0.0139 0.0429
0.4834 0.6476
0.0921 -0.0879
2.1104 -0.1291
2.5398 0.0176
2.6021 -0.7183
2.1475 0.2702
2.4224 0.0757
2.6188 -0.2135
2.9462 -0.5836
1.2152 0.0209
2.2005 -0.2272
1.4775 -0.8222
2.2128 0.6098
2.1630 0.4835
4.0670 -0.2236
1.9307 1.0552
1.6823 -0.4656
1.1107 0.3062
2.0630 0.4306
2.9774 0.0928
2.0917 -0.4710
2.7379 0.0060
2.6528 0.0430
2.2874 -0.4906
2.4860 0.0316
2.4110 0.9057
2.6845 0.3885
2.5537 -0.4331
2.0398 0.1774
2.8792 -0.0927
2.6498 -0.2366
2.6151 -0.7422
2.7388 0.5705
2.2627 0.5051
2.6627 -0.1669
1.9143 0.5640
3.1669 -0.6731
1.8934 0.2453
2.3275 -0.1357
1.6380 0.3532
2.9556 0.6052
2.9901 -0.4331
2.8322 -0.6258
2.6433 0.2588
1.9723 0.5615
2.0278 -0.2283
2.3459 -0.6588
2.6700 -0.9453
1.7143 0.1606
2.7248 0.2598
2.7124 -1.1116
2.2751 -0.7993
