-0.4862 -0.5142
0.2596 0.0212
-0.0197 0.0717
1.1253 0.1449
-0.1187 -0.9582
-0.0954 0.0500
0.5043 1.0587
-0.0340 0.0144
-0.4794 0.4694
0.1357 0.0531
-0.0030 -0.0071
0.6252 -0.2210
0.5630 -0.7021
1.1650 0.2140
0.8737 0.7087
0.0108 -0.3361
0.1538 -0.3451
-0.3531 -1.0170
1.0983 -0.3703
-0.6389 -0.3125
0.7326 -0.3486
0.0236 -0.0262
0.2410 0.4160
1.0591 0.2104
0.5620 -0.0839
-0.9497 0.4144
0.1990 0.0345
-0.2861 -0.3132
-0.1554 0.6545
0.1628 0.5570
-0.0965 -0.1097
0.0655 -0.1634
-0.3169 -0.0988
0.4948 -0.7215
-0.1883 -0.4527
-0.7013 0.5219
1.0430 0.0903
1.0076 -0.1412
0.1014 0.1632
-0.2917 0.5133
0.0235 0.0473
0.7022 0.4340
-0.0633 0.0065
-0.1288 0.0632
-0.2854 0.2912
0.8686 -0.4633
0.0735 -0.2053
0.6638 0.1993
-0.0475 -0.3914
0.4041 0.3622
0.3226 -0.0582
0.1962 -0.7220
0.0579 -0.0565
-1.1378 -0.3328
-0.5886 -0.4980
0.6370 -0.8094
-0.0826 0.3808
-0.2148 1.0989
0.0237 -0.0054
-0.2495 0.4537
-1.0310 -0.1829
-0.2176 -0.0824
-0.3029 -0.0120
-0.1221 -1.1563
0.9310 -0.4807
-0.5383 0.4399
0.6805 -0.0133
1.0583 0.2863
-0.0613 1.1000
-0.1984 -0.2376
-0.8156 -0.7755
0.4751 0.4009
0.4769 -0.1349
0.0113 0.7130
-0.3385 -0.0622
-0.0299 -0.5284
0.8674 0.2022
0.1271 -0.0278
0.2270 0.1733
-0.1739 0.3529
0.0739 -0.0186
0.2548 -0.7984
-0.1868 0.1491
-1.1560 0.2060
-0.1532 -0.9572
-0.0411 -0.0002
-0.3787 -0.1439
0.7460 -0.0354
0.3141 0.5554
-0.4794 -0.1634
-0.1587 0.0187
0.1846 -0.5895
0.3603 0.1108
0.1279 0.3098
0.2888 0.0889
0.9122 -0.7375
0.9277 0.1655
-0.9373 -0.0843
-0.2354 0.4118
-0.2706 0.0720
0.9266 -0.3708
1.8322 -0.0576
1.6847 -0.4188
2.0978 0.2217
1.5692 -0.1405
1.1922 0.0812
1.8206 -0.2170
2.3868 0.3442
1.8328 -0.1008
2.0147 -0.5833
2.8378 -0.3701
2.0886 -0.0900
2.6777 -0.6945
2.6123 0.8200
1.2900 -0.3850
1.8501 0.0561
2.5068 -0.5991
1.9652 -0.0094
1.5863 -0.1096
2.0248 0.4438
2.0122 -0.0120
1.5029 -0.4590
2.0238 0.8444
2.1498 0.2121
1.8760 0.7054
1.3944 -0.4143
1.9478 -0.0297
1.9155 -0.4046
2.9568 0.2511
1.5664 -0.3569
1.0262 0.6456
1.7788 -0.7476
1.3727 -0.6026
2.9107 0.0314
1.9022 0.1845
1.7186 0.7676
1.4866 0.2650
1.4297 0.1479
2.0070 0.0156
1.9693 0.0023
1.7427 -0.7793
2.3389 0.5582
2.2295 -0.3948
1.5565 -0.1090
2.2238 -0.5947
1.6091 0.0669
3.1960 -0.0233
2.0316 0.0762
1.8489 0.1153
1.7668 0.0584
1.9721 0.0159
2.7563 0.6325
2.1339 -0.1480
2.4008 1.0134
1.3511 -0.7160
1.8291 -0.3781
2.6797 0.6530
2.4157 0.0144
3.0824 0.0145
2.5300 0.7361
1.9514 -0.8349
1.8664 -0.6817
1.0916 0.2595
1.7668 0.4190
1.8240 -0.5287
1.8486 -0.4621
1.9616 -0.5498
2.0283 0.4517
1.8880 -0.0587
1.4689 0.2957
1.7582 1.0974
2.7349 -0.2447
2.3469 0.5088
2.3951 -0.5360
1.8220 -0.3186
1.9624 -0.6741
1.9132 -0.1888
2.1865 -0.2480
1.4996 0.6917
1.7503 -0.4784
0.9351 0.0181
1.3057 0.2883
1.4476 0.1589
1.6267 -0.5919
1.1377 -0.0061
1.8543 -0.7104
2.3859 0.4696
2.2955 -0.8939
1.2704 0.4213
2.0884 0.1944
1.9709 0.0337
1.9647 0.0379
1.6245 0.0239
1.5255 0.5449
2.9361 0.0441
1.9185 -0.6811
1.5164 1.0913
2.2312 0.2046
2.4856 0.6446
1.9474 -0.7926
