-0.2932 0.5832 0.1756
-0.0514 -0.4200 -0.0671
-0.0577 0.0606 0.3536
0.0863 -0.0147 0.2059
0.2724 0.2541 0.2960
-0.0619 0.0447 -0.2498
0.3947 0.1737 -0.3942
0.0017 -0.0167 -0.0308
0.0440 0.1634 -0.0059
0.0495 -0.0319 -0.0015
0.0337 0.0398 -0.2106
0.0046 0.0384 0.2004
0.3186 0.1027 -0.1809
-0.3935 0.7160 0.0269
0.3687 0.8771 -0.1423
-0.1109 -0.1300 -0.0844
-0.1230 0.0207 0.0869
-1.0231 -0.8910 -1.4889
-0.4315 0.1276 0.5166
0.0470 0.0120 -0.1467
-0.0282 0.1771 0.3978
-0.0477 -0.0257 -0.1133
-0.2372 0.2528 0.1296
0.0654 -0.3429 0.8688
0.2448 0.1737 -0.2917
4.9721 -0.0714 0.1526
5.0101 0.0006 0.0034
4.9053 0.1721 0.8207
4.9455 -0.1940 0.9154
7.9583 0.3741 1.0788
4.9074 -0.1022 0.8601
5.0808 -0.0120 -0.6442
4.9799 0.0151 -0.0209
5.8344 -0.3434 -0.2978
4.5496 -0.1192 -0.8136
5.5314 0.4861 -0.1951
5.2165 0.7008 0.5014
4.9199 0.0803 -0.9577
4.8751 0.0496 -0.7300
5.4757 0.2570 -0.4036
5.0366 -0.0891 0.0551
5.7055 -0.0048 -0.0358
5.0633 0.0434 0.0615
5.5434 -0.4962 -0.6331
5.1103 0.1298 0.1590
5.0043 0.0055 0.8039
5.0372 -0.0025 -0.0685
4.9968 -0.1012 -0.3821
4.9997 -0.0099 0.0054
5.0023 0.0049 -0.9106
