-0.2142 0.3742
0.6528 -0.3051
0.6005 0.0120
-0.8223 -0.3302
0.5672 -0.2825
-0.0473 0.7886
-0.0915 -0.5895
-0.2833 0.0639
0.1664 0.0537
0.0002 -0.0002
0.5445 -0.4634
0.5067 -0.8617
-0.0105 0.1844
-0.0358 -0.1158
-0.0364 0.7977
-0.4794 0.7809
-0.7564 0.9384
0.2672 0.2644
-0.5666 -0.2801
0.2884 0.4649
-0.0768 -0.2736
-0.7751 -0.1771
0.0124 0.1434
0.8006 0.9574
-0.3785 -0.2723
0.7149 0.4917
-0.0582 -0.9857
0.8978 -0.4171
-1.4903 0.0836
0.8865 -0.3614
-0.5263 1.2502
1.3286 -1.4292
0.0811 0.2289
0.1961 -0.3443
0.4492 -0.2663
0.6901 0.3744
0.0337 -0.1444
1.3674 1.1942
0.0246 -0.2952
-0.4944 -0.6793
-0.4604 0.4652
0.0314 -0.4913
-0.7222 0.7387
0.2878 -0.8770
0.3427 0.0576
0.0517 -0.0462
-0.1948 0.0023
-0.2611 0.5172
0.0657 -0.0651
0.8732 0.1935
3.0157 0.5524
3.5427 1.2152
2.9681 1.1870
2.7257 0.3484
1.5450 0.3675
2.8626 0.1319
2.8670 -0.3082
3.4882 -0.4007
2.8131 -0.3417
3.2010 0.0101
3.0652 -0.6239
2.9026 0.7034
2.8614 0.5296
3.0277 0.0475
3.0164 -0.0811
2.7341 0.9152
2.7645 0.1796
3.2610 0.8198
3.2747 1.8308
3.5036 0.0263
2.5945 0.2578
3.0041 -0.5368
2.9064 -0.1240
2.4555 0.7765
2.3383 0.0948
2.6084 -0.5011
2.3485 -0.7999
3.0239 0.0544
3.2621 0.8096
2.7958 -0.3185
3.5083 0.2345
3.1560 0.0289
2.1440 1.4270
2.9360 0.0212
3.1244 0.7420
2.1563 0.4468
3.2231 0.0108
3.0631 -0.0873
2.6170 0.2003
3.1104 -0.0505
2.7068 0.4524
3.0092 -0.2016
2.7146 -0.3819
2.8734 -0.9050
2.6076 -0.3223
4.8021 -1.1370
2.8454 0.4229
3.2235 -0.6433
2.8424 0.4680
1.0717 0.0391
