0.3584 -0.8408 -2.5521
-0.0145 0.1265 0.7116
-0.6567 0.0244 -0.0337
-0.1557 -0.6682 -0.4802
0.6229 -0.3958 0.5969
0.0961 -0.3887 0.9038
0.2316 -0.2587 -0.1820
0.0345 -0.0157 0.1546
-0.0703 -0.0689 -0.6199
-0.0010 0.0084 -0.9615
0.1158 0.1280 -0.2137
0.1189 -0.0239 0.2821
-0.0160 0.0006 -0.5956
0.0033 -0.1008 0.8179
-0.0834 0.0034 -0.4562
-0.1673 0.0883 0.3965
0.0897 0.0091 -0.6974
0.8837 0.6489 -0.6345
0.1382 -0.3545 0.0541
0.0749 -0.0044 -0.8190
0.1015 0.1193 0.9676
0.0451 -0.0369 0.0382
0.1369 0.2513 -0.4900
-0.2911 0.2828 -0.0771
0.2710 0.3757 -0.1308
0.3489 -0.5020 -0.4096
-0.4136 -0.6328 0.1242
-0.9137 -0.2581 0.1941
-0.0107 0.0012 0.0122
0.1089 0.0548 -0.2644
0.1773 0.2234 0.4813
-0.0865 0.0308 0.2309
-0.1426 -0.4283 -0.7127
0.0237 -0.0535 0.6239
-2.0719 0.2705 -1.9365
-0.1627 -0.2472 0.0855
1.8227 0.1195 -1.3153
0.0096 -0.1659 0.3747
-0.4503 0.2709 0.5382
0.4799 0.2586 -0.7952
0.3140 -0.1043 0.0655
0.1853 0.2574 0.6989
-0.4676 0.0987 -2.2720
-0.1371 -0.1960 -0.6737
-0.4256 -0.7173 0.2723
-0.0001 -0.0005 0.0135
1.6403 -1.1163 -2.1029
-0.8405 0.1792 -1.9321
-0.4546 -0.8757 0.0884
0.6661 -0.2308 -0.5741
0.0178 0.0001 0.5310
-0.0900 0.8409 -0.1574
0.4243 0.0001 0.7194
-0.0613 -0.2707 0.2972
0.0690 -0.0462 0.0773
0.4019 -0.1987 -0.0571
-0.2368 0.8663 0.2532
-0.1670 0.0837 -0.1972
0.4413 0.0947 0.3767
0.0720 0.1527 -0.8773
-0.1944 -0.0010 0.0580
0.4468 0.2973 0.4591
-0.1956 -0.0559 0.0826
-0.0738 0.7170 0.1822
-0.1016 -0.6368 -0.3220
0.0333 -0.0414 -0.0145
0.3975 -0.6391 -0.1612
0.0143 -0.6770 -1.8425
-0.8684 -1.7742 -1.8783
0.1259 0.4944 0.7937
0.0331 -0.3451 -0.4039
-0.0840 -0.0626 0.0587
0.2504 -0.1458 -0.3899
-0.0103 0.0356 -0.2258
-0.0591 -0.0423 -0.7829
0.2422 -0.2137 -0.1486
-0.0234 0.0221 -0.0920
2.0959 0.4680 -0.0133
0.1135 0.3728 0.8790
0.5873 0.2866 -0.6901
-0.5034 -0.9036 0.2453
0.0600 -0.0279 -0.4814
-0.9142 0.0665 0.2110
-0.0707 -0.1561 0.4449
-0.4173 0.5117 -0.0892
-0.6061 0.7735 -0.0008
0.1234 -0.3783 -0.1128
-0.2039 0.0574 0.0427
-0.2644 -2.6536 -1.6738
-0.8170 -0.7126 -1.9783
-0.0656 0.0710 -0.5832
-0.0010 0.0030 0.5509
-0.4919 2.4477 -1.4801
-0.0488 -0.6565 0.2444
-0.0151 0.0279 -0.0629
0.0239 0.0040 -0.0678
0.0002 0.0003 0.3067
-0.3612 -0.2583 -0.4778
-1.9940 1.4079 -1.1227
0.1913 0.0621 0.0221
