0.0357 -0.0398 0.0281
0.5860 0.2807 0.1328
0.5095 -0.3674 -0.6394
0.6976 -0.2073 0.2248
0.2038 0.1305 -0.5596
-0.4016 -0.0433 -0.5636
0.0418 -0.0575 0.1307
0.8096 0.0757 -0.5364
0.1663 -0.7028 -0.3203
-0.2479 -0.0045 0.5850
-0.0038 -0.0088 -0.0003
0.0745 0.3253 -0.2216
-0.1841 0.1013 0.4165
0.5718 0.3176 0.7320
-0.5178 -0.3704 -0.2358
-0.0751 -0.2868 0.1457
0.6000 -0.6837 0.0636
0.2920 0.3656 0.6610
-0.0574 0.0118 -0.0535
0.4918 0.5211 -0.3626
-0.0689 0.4032 -0.1601
0.1752 0.1284 0.2684
0.0019 -0.0033 -0.0040
0.0607 -0.0678 0.0203
-0.4220 0.5575 -0.4100
0.2368 -0.1556 -0.3171
0.0760 0.3207 -0.1673
-0.2025 -0.1302 0.2938
-0.1360 -0.2477 -0.1452
0.1722 0.3540 0.5620
-0.4707 0.4922 -0.6959
0.0024 -0.0056 0.1832
0.4140 -0.3930 -0.3952
0.0833 0.0705 -0.2848
-0.0538 0.0118 0.1651
-0.0670 0.2423 0.7718
-0.1328 -0.1538 -0.0173
0.1384 0.0153 0.0166
0.1327 0.0699 -0.4638
0.0525 -0.0437 0.3441
0.0012 -0.0014 0.0005
0.2342 0.4197 -0.4589
0.1126 0.2812 -0.1887
0.5037 0.5826 0.5161
-0.0556 -0.0775 -0.1022
0.0336 -0.2196 0.2283
-0.1597 -0.0887 -0.0280
0.0271 -0.0052 -0.7136
0.3122 0.1846 -0.9099
0.0533 0.0292 -0.2726
0.2070 -0.1181 -0.0008
0.0052 -0.0203 0.0554
-0.1815 -0.2289 -0.2744
-0.2483 0.0334 -0.3792
-0.0332 0.0736 -0.8968
-0.0685 0.0273 -0.5350
0.1995 -0.0874 -0.3075
-0.7517 -0.0221 -0.5479
-0.1313 0.0609 0.3517
-0.4640 -0.5556 -0.3602
-0.0006 -0.0002 -0.0017
0.4663 -0.6750 -0.2062
-0.0245 -0.9863 -0.1345
-0.0009 0.0018 -0.4083
-0.5457 0.0232 -0.4802
-0.0116 -0.3467 -0.2121
-0.2321 0.6729 -0.5551
-0.0066 0.0275 -0.1431
0.5542 0.4240 0.1391
0.0096 0.0310 0.4444
0.0038 -0.0017 0.1838
-0.0893 0.1361 0.3131
-0.1969 0.3791 -0.6522
0.1791 -0.0084 -0.3461
0.0165 -0.0036 0.6540
0.0036 -0.0067 0.0645
-0.0184 0.0256 0.1161
0.1116 -0.1298 -0.3462
-0.0037 -0.0005 -0.0054
0.1131 0.0004 0.0446
0.0322 -0.0278 0.5236
-0.0200 0.0610 0.0450
0.5977 -0.2169 -0.2856
0.3826 -0.2141 -0.4859
-0.1870 0.5715 -0.1210
0.0073 0.0214 -0.1435
0.2454 0.1184 0.0195
-0.6068 0.5120 -0.5104
0.1210 -0.0043 0.0707
-0.1408 -0.1481 0.0915
-0.2886 0.3963 -0.6595
-0.6106 -0.1032 -0.2750
-0.0301 0.2979 -0.2394
0.0241 -0.1235 -0.1644
0.1952 -0.0049 -0.0455
0.0007 -0.0001 0.0210
-0.0032 -0.4870 0.2406
-0.1251 -0.0872 -0.0881
0.0636 0.2136 0.4990
0.1361 0.3027 -0.2770
4.7881 0.0911 0.2553
4.9713 -0.1176 -0.0514
4.9134 -0.0611 0.7552
5.2124 -0.0266 -0.0985
4.6499 0.1333 0.5104
4.8035 -0.0772 0.0514
4.9646 -0.1871 0.0941
5.3296 -0.3088 0.4024
5.4450 -0.2863 0.6711
5.3749 0.1759 0.1791
5.1319 0.0064 0.3481
4.9957 0.0771 -0.8978
4.9358 -0.0395 0.0530
5.0057 -0.1453 0.8769
5.2100 0.5817 0.1296
5.0649 0.3740 -0.3034
4.5214 -0.2193 -0.1762
5.4396 0.2423 -0.5211
4.9972 -0.0111 0.0427
4.6380 -0.2824 -0.4912
5.0049 -0.0002 -0.0038
4.7108 -0.4257 -0.1635
4.2007 -0.2086 -0.3105
5.0915 0.0640 0.6404
5.1161 -0.0453 -0.9438
4.9256 -0.5489 -0.7545
4.3276 0.3905 -0.0898
4.5369 -0.0084 0.1947
5.1616 0.2461 -0.6848
4.8978 0.0772 -0.1348
5.2820 -0.1862 -0.4909
5.1451 0.5199 0.6538
5.4681 -0.3802 -0.0889
4.5763 0.0653 -0.7559
4.9579 0.0890 -0.6079
4.8470 -0.1882 -0.3171
4.9762 -0.0241 0.2643
4.5892 -0.2010 -0.6508
5.3948 -0.2541 0.5249
4.4448 0.4462 0.6282
4.9419 0.0313 -0.0510
5.6383 0.1177 -0.0957
5.2934 -0.1456 0.1860
5.2828 0.1976 -0.3351
5.0625 0.2551 0.3101
5.0523 -0.0027 -0.1304
5.5275 0.1120 -0.6058
5.0036 -0.1929 -0.5295
4.9943 0.1271 0.3036
5.0397 -0.0104 -0.3445
4.6715 0.7508 0.4924
5.0056 -0.0364 -0.1455
5.3809 0.6283 -0.3361
4.8324 0.1257 -0.2723
5.2479 -0.0302 -0.4018
4.9623 -0.1744 -0.2445
5.2958 -0.0594 -0.4757
5.1159 0.3445 0.3724
5.0932 0.9051 0.0557
4.7201 0.2097 0.5305
4.9593 -0.0502 -0.1808
4.8361 -0.0538 -0.0929
4.9920 -0.0236 -0.1746
5.2016 0.0980 0.9177
5.1290 -0.2779 0.8484
4.8375 -0.6948 -0.0540
4.4245 0.0896 0.6041
5.0718 0.0040 -0.2657
5.0929 -0.2841 -0.8254
5.1513 -0.1156 -0.0428
4.8814 -0.4712 0.1277
4.9224 -0.1768 0.1614
5.3193 -0.2233 -0.0749
4.9588 0.7248 -0.0035
4.9272 -0.5427 -0.6854
4.9582 -0.2123 -0.9093
4.9691 -0.3552 0.6699
4.3570 0.2615 0.4825
4.1947 -0.3244 0.4307
5.1933 0.1485 -0.1145
5.0058 -0.0014 -0.0818
5.1988 -0.1791 0.1620
5.0471 0.0249 0.1149
4.8836 -0.1872 0.5511
5.1408 0.3194 -0.6665
4.8763 -0.0389 -0.5268
4.3567 0.6963 -0.2347
5.3307 0.7169 -0.1766
5.0138 0.0721 0.0599
4.7545 -0.3914 -0.1761
4.5300 -0.2773 -0.2623
5.0911 0.0310 0.0459
5.0891 -0.1438 -0.0967
4.8065 0.1280 0.8238
5.0766 -0.3710 -0.7778
5.1929 -0.1479 -0.3504
4.7436 -0.1043 0.8638
4.9672 -0.0358 -0.0428
5.1320 -0.2295 0.4007
4.9417 -0.0125 0.4568
