0.0234 0.2695 0.8253
-0.4472 -0.1291 0.5691
-0.1716 -0.2294 -0.9103
0.0302 -0.0389 1.1506
-0.5785 -0.2586 0.5761
-0.0251 0.0475 -0.4147
0.3122 -0.8289 0.4098
-0.0805 -0.0838 0.2542
0.3090 0.1058 0.1396
-0.7538 -0.2686 0.8620
0.0517 -0.0072 0.1566
-0.0841 -0.1137 0.1605
-0.1881 -0.0095 -0.2639
-0.1144 -0.3206 -0.3097
-0.3259 -0.4556 -0.4843
0.3994 -0.6287 -0.3631
1.1374 -0.5075 1.3352
0.2640 -0.1521 0.1633
0.0023 -0.1890 0.4095
-0.0329 -0.0639 0.5876
-0.1557 0.1099 -0.0417
-0.0287 0.7320 -0.6001
0.0579 0.0058 0.0094
-0.9733 -0.1039 -0.1389
-0.7467 0.2735 -0.3701
0.6853 0.1017 -0.6897
0.1874 -0.4153 -0.1382
-0.1944 0.4970 -0.0714
-0.1059 0.1537 0.5653
-0.2574 -0.6786 0.0436
0.5717 0.0646 -0.7636
0.0657 -0.0906 -0.1368
0.4666 0.2073 -0.3061
-0.7336 -0.0473 -0.2108
-0.0858 -0.1019 -0.5429
-0.0217 -0.1234 0.2012
-0.1276 0.1017 -0.5923
0.7864 -0.5741 -0.2148
1.0159 -1.3867 -0.5013
0.0287 0.0592 0.2268
-1.1596 0.5069 0.7024
0.1567 -0.0739 0.4026
-0.0746 -0.6842 -0.1476
-0.2738 -0.7028 0.6521
0.0495 -0.0281 0.0216
-0.2629 -0.4777 -0.7552
-0.0643 -0.0048 0.5968
-0.0350 0.1938 0.0491
0.8393 0.3074 0.2002
0.0869 -0.1232 -0.1666
