-0.1998 0.2359
0.2223 2.3473
0.1358 0.0214
-0.5515 0.7523
-0.2623 -0.0760
0.4924 0.1390
-2.0970 -1.3704
-0.0654 -0.1063
-0.8875 -0.0485
0.4542 -0.5916
-0.1094 -0.0362
-0.4470 0.2752
0.2367 -0.6463
-0.4212 0.3518
-0.1037 0.2542
-0.9653 -0.0769
-0.8566 -0.2703
-0.1777 -0.4644
-0.3253 0.3625
-0.4634 0.5677
-0.3470 0.5027
-0.0044 -0.0346
0.7490 -0.5052
-0.2562 0.1014
0.1436 -0.6122
-0.2465 0.0054
0.4091 -0.8883
0.0791 0.9386
-0.0628 -0.0573
-0.1407 -0.9145
0.4179 -0.8187
0.7548 0.4200
-0.0281 -0.5442
0.3021 -0.7603
-0.1968 -0.1787
1.4121 -2.2377
0.7009 -0.2053
-0.1539 0.1924
0.0749 0.4580
-0.2388 0.2985
0.0489 -0.0512
-0.5138 -0.0264
-0.1277 -0.8228
-0.4831 -0.4406
0.1439 -0.1579
-0.8408 -0.0544
-0.6555 0.1367
-0.0862 -0.0758
0.1235 -0.0103
-0.5727 -0.6855
-0.6066 -0.1361
-0.5188 -0.0402
-0.3346 0.1377
0.2871 -0.3704
0.2976 0.7835
-0.1659 0.0128
0.5177 -0.2445
-0.0841 -0.1482
0.1748 0.0700
-0.0113 0.1367
0.5825 0.6840
-0.0549 -0.0981
-0.4355 -0.0612
0.1816 0.5666
-0.5662 0.4310
0.8689 -0.1979
-0.2357 -0.7632
0.1238 -0.1743
-0.1436 -0.0006
0.1766 0.4732
0.4686 -0.0156
0.5639 -0.2407
0.3823 0.5018
0.4377 0.1324
-0.7764 -0.0015
-0.5361 0.3696
0.7233 0.1887
0.3632 0.7118
0.2932 0.4815
0.2595 0.9624
0.6558 -0.7386
-0.0588 0.0135
-0.0902 0.3801
0.2689 0.9518
0.7255 0.5468
-0.0160 -0.2758
0.0047 -0.0666
-0.8172 0.2360
0.1318 0.1924
0.7685 0.4515
-0.0287 -0.6172
-0.8666 0.3047
-0.3505 0.3965
0.0867 0.6121
-0.3446 -0.9090
-0.0857 0.9167
-0.1261 -0.9557
0.5743 -0.5303
0.0681 -0.0093
-0.1162 0.1770
0.2956 0.2938
0.2670 -0.5776
0.0894 0.6822
0.0796 0.4725
-0.6394 0.4288
-0.4471 -0.1562
0.0298 -0.0093
-0.4512 -0.5407
0.1126 -0.3077
-0.1627 -2.0608
0.7150 -0.4322
0.2978 -0.6326
0.7015 -0.3465
-0.1638 0.1251
0.0672 -0.1308
0.0645 -0.1852
0.1713 0.5504
-0.8599 -0.3798
0.0035 -0.2296
0.2203 0.3068
-0.3698 -0.3318
-0.1558 -0.2536
-0.5061 -0.4390
-0.0304 0.1426
-0.0583 0.5578
-0.0847 0.2338
0.2252 0.0093
0.1013 -0.1533
0.6166 -0.2536
-0.2984 -0.2818
0.1986 0.4550
1.7009 2.3037
0.1074 0.1192
-0.1868 0.9585
-0.0742 -0.2927
-0.5366 -0.2268
-0.7523 0.2372
-0.3492 0.7949
0.0810 -0.0732
-0.7694 0.2863
0.9579 0.1485
-0.4901 -0.1071
0.4797 0.4732
-0.1409 -0.0261
-0.0355 -0.9864
0.3237 0.0298
0.1022 0.1717
-0.0464 -0.0002
0.9627 -0.5082
0.7360 0.0583
0.0667 -0.0751
-0.0102 0.0038
-0.0155 -0.9049
0.3149 0.6031
0.3436 0.4361
0.8628 0.2336
0.7501 -0.0658
0.0370 0.0209
0.2585 0.8601
0.4588 -0.3175
0.4175 0.5539
-0.8903 0.3229
0.1304 -0.1402
-0.1873 0.1615
-0.4497 0.1147
-0.3270 0.1636
-0.4975 0.7139
-0.7065 -0.4819
0.8434 -0.1091
-0.2897 -0.3455
0.3356 0.7363
-0.0667 0.1476
-0.0847 0.1794
0.7359 -0.2071
0.7554 0.1009
0.0976 -0.0359
0.0409 0.5640
-0.2830 0.7382
-0.0011 0.0067
-0.1172 0.0251
-0.8275 -0.0143
0.1090 0.0065
0.1811 0.6424
-0.8026 -0.0551
0.0829 -0.2933
-0.1287 0.6676
0.3360 0.7555
0.0339 0.0852
0.0665 0.0353
-0.2975 -0.4071
-0.4725 -0.8345
-0.0544 -0.2591
-0.2825 0.3819
0.9131 -0.1416
0.4149 -0.1744
1.1870 0.4707
-0.0176 0.0626
-0.0828 -0.0698
0.0361 0.0333
1.8871 0.3387
-0.0898 -0.0490
-0.7125 -0.0491
0.7393 0.1971
0.1423 0.6943
-0.5852 -0.0504
-0.5024 -0.2439
0.4922 -0.1201
-0.3991 -0.3023
-0.2400 0.1955
0.5114 0.8369
-0.6496 -0.0992
0.2034 0.0014
0.2148 0.6211
0.0284 -0.0684
-0.5818 -0.2975
-0.2564 -0.9418
0.1690 0.0649
-0.0117 0.1323
0.5456 -0.2275
-0.0428 -0.0643
-0.4174 -0.7393
-0.1434 0.0783
-0.5087 0.5081
-0.0707 -0.0909
0.0855 -0.6343
0.5862 0.0160
0.3772 0.6359
0.0178 -0.8503
-0.5108 -0.2622
-0.3350 0.2432
0.2303 -0.5144
-0.8272 0.2515
-0.2421 -0.2864
-1.2891 0.2332
-0.8967 0.3405
-0.4746 0.6397
-0.9224 -0.1370
-0.0423 -0.0287
0.5947 -0.7982
0.4632 0.5585
-0.5469 0.2359
0.4931 0.2236
0.0995 -0.3337
-0.5058 0.4685
0.0820 0.2252
-0.1955 -0.6801
0.0098 -0.0090
-0.0140 -0.0219
0.5693 0.6574
0.1921 -0.5965
-0.5680 0.3343
0.1691 0.3906
0.0932 -0.5304
0.0091 0.1085
0.5040 -0.5419
-0.0538 0.0024
-0.1931 -0.1046
-0.0362 0.0548
0.0210 0.0234
0.2142 -0.0081
0.2362 -0.5770
0.5259 0.7637
-0.9068 0.3049
0.3730 -0.7477
-0.3128 -0.0280
0.1307 0.4909
-1.6407 -0.2451
0.9001 1.5836
0.1954 0.1303
0.2448 0.2831
-0.0539 -0.0757
-0.6353 -0.7715
-0.0778 -0.1923
-0.6991 -0.1263
0.4599 -0.3583
-0.1282 -0.5208
-0.8280 -0.2919
0.0824 -0.0245
-0.1581 0.9294
0.8590 0.1861
-0.0060 0.7388
-0.6841 0.5488
-0.5226 -0.4868
-0.4399 -0.2829
-0.5794 0.1782
-0.0708 0.0892
0.5269 -0.0126
-0.2540 0.5036
-0.3634 0.0402
0.0001 0.0039
-0.4375 -0.6648
-0.5952 0.2735
-0.2424 -0.8451
0.2561 -0.5193
-0.3655 0.1629
0.0154 -0.0047
-0.4906 0.3481
-1.4872 0.6797
-0.3690 0.4659
-0.4710 -0.1628
0.2127 0.0395
0.0025 0.0322
0.5446 0.2644
-0.4001 -0.3249
-0.3330 -0.5039
0.2661 -0.2940
-0.2267 0.2199
0.1849 0.0320
0.3644 0.3045
0.2892 0.3868
-0.3008 0.1299
-0.0520 -0.0881
0.3360 0.4065
-0.5086 0.1611
-0.8298 -0.2983
0.3243 -0.7103
-0.0932 -0.3456
-0.0390 -0.4476
0.2375 -0.5090
-0.5189 -0.5895
0.3403 0.1483
-0.0784 -0.1719
2.2746 -2.0343
0.7123 0.1085
0.1479 0.0855
-0.0142 0.0140
-0.0648 -0.3584
-0.2129 -0.1349
0.0844 0.1939
-0.1416 -0.1726
-0.7272 -0.0788
-0.5361 -0.1453
-0.3744 -0.6213
-0.1455 -0.4704
0.9491 -0.0979
-0.0934 -0.1235
0.1297 -0.0630
0.6816 -0.2910
-0.0367 -0.5145
-0.6797 -0.5799
0.8614 -0.1187
0.3955 -0.2644
-0.3138 -0.1616
0.0758 0.1864
-0.4032 0.0210
0.2029 -0.4700
-0.5297 0.4560
-0.0447 0.3704
0.0790 0.0996
-0.6449 -0.0385
-0.3146 0.9235
-0.0640 0.3599
-0.1370 0.0112
0.1305 -0.6619
0.3142 0.9052
-0.3093 -0.1279
0.1335 -0.6274
-0.8045 0.0477
-0.3647 0.2784
-0.9254 0.0782
0.0395 -0.0062
2.5457 0.7775
0.3214 0.6423
0.2707 -0.0722
-0.5723 0.1662
-0.1772 -0.0220
-0.2440 0.6892
-0.5086 -0.2516
0.1619 -0.8969
-0.7817 0.2892
0.3248 -0.1163
-0.8635 0.2249
-0.4068 -0.3853
-0.1431 -0.6149
0.5987 0.0614
0.0364 0.3256
-0.1997 -0.3489
0.5835 -0.2335
-0.4799 0.1056
0.8483 0.4112
0.5787 -1.8221
-0.0106 0.0416
0.0110 -0.0055
-0.1200 -0.0371
0.0819 0.7883
-0.3982 0.5201
-0.3108 -0.2304
-0.0892 -0.1098
-0.0016 -0.0210
-0.3122 0.1431
0.5228 -0.4191
0.0562 -0.2824
-0.3862 -0.7630
-0.0173 0.2934
-0.0152 -0.2110
-0.0848 -0.0759
-0.1361 0.2339
-0.1353 -0.1402
-0.2865 0.0850
0.0691 -0.1114
-0.0716 -0.2680
0.1211 -0.0270
-0.8935 -0.1536
0.7415 -0.1259
-0.1674 -0.0972
0.0528 -0.7384
-2.0750 -1.3356
0.1672 -0.2109
0.1506 0.1282
-0.2693 0.2024
0.1743 0.8592
0.8180 0.4603
-0.0745 -0.0588
-0.0283 -0.6952
-0.7910 0.3923
0.0566 -0.0371
0.0491 0.1098
-0.3411 0.5841
-0.0519 -0.6152
0.0824 -0.1511
-0.1234 -0.3966
0.2692 -0.2302
-0.1366 0.5119
-0.3192 -0.4711
0.3268 -0.3066
-0.0749 0.0369
-0.4652 -0.4676
0.0943 0.6519
-0.0889 0.1513
-0.7247 -0.0248
-0.5462 0.7830
0.1315 -0.4948
-0.2735 -0.9849
-0.0010 0.1703
0.5604 -0.0351
0.0222 -0.3110
0.6208 0.3806
-0.5712 0.7102
0.1425 -2.6317
-0.2463 -0.0716
0.6267 0.1428
-1.2656 0.0284
0.7632 0.1271
-0.8948 0.0401
-0.4088 0.3641
-0.2748 0.0132
0.4537 -0.7264
-0.2255 -0.1914
0.4607 0.4590
1.6692 -0.9206
-0.3202 0.5934
0.5217 -0.0880
-0.2945 -0.2323
-0.4370 -0.5817
0.1511 0.0431
2.4354 1.8724
-0.6513 0.7264
0.0007 -0.8073
0.4298 0.6117
0.0144 0.3149
-0.3891 -0.8970
-0.6869 0.1100
0.4058 0.3281
-0.5917 -2.2254
0.1026 -0.0210
-0.6606 -0.0949
-0.7741 -0.5989
0.0088 0.8899
0.2025 0.6042
-0.5866 1.0125
0.3193 0.5620
-0.3331 -0.4664
-0.0143 0.0040
-0.0777 0.2379
-0.6911 0.1776
-0.9484 -0.2963
-0.1988 -0.1010
0.7132 0.3933
0.2171 0.3615
-0.0265 -0.7727
0.0310 -0.0212
0.3176 -0.0770
0.4577 0.6035
0.0016 0.0126
-0.6213 0.0731
0.0583 -0.1373
0.0640 0.7421
0.1483 -0.0694
0.3623 0.2950
-0.5698 0.8194
0.1618 0.6524
-0.0060 -0.4260
0.2415 0.8792
-0.4213 0.0700
1.2622 1.3646
0.0489 -0.1634
0.0847 0.5226
1.6663 -1.3796
0.6574 0.0507
0.2890 0.0012
