-0.0084 -0.0994
0.3769 -0.3311
0.7862 -0.0723
0.3289 0.2016
1.1915 0.4449
0.1108 0.0602
-0.4907 0.4473
0.7641 0.3663
-0.9290 -0.2917
-0.1980 0.0391
-0.2764 -0.7364
0.0605 -0.0507
0.6169 -0.6470
-0.2076 -0.7697
-0.4964 -0.1510
0.4279 -0.3698
-0.1485 -0.0554
-0.2555 -0.0114
0.8177 -0.3128
-0.0299 -0.0481
0.0893 0.3106
-0.6500 -0.5528
-0.0409 0.0690
-0.0662 -0.2092
0.4308 -0.0309
-0.0029 -0.5440
0.9003 0.2913
-0.0018 -0.0030
0.0561 0.6504
0.8689 0.3337
-0.1020 -0.0039
-0.7500 0.4677
0.0749 -0.8761
0.5205 0.1839
-1.8554 1.0414
-0.6353 -0.2988
-0.2188 0.9675
0.0845 -0.1366
-0.1733 0.3462
-0.6765 -0.6612
0.5721 0.2167
-0.0606 -0.0075
0.0898 -0.5590
0.2601 -0.1795
-0.4986 1.0596
0.8491 0.0997
0.7063 0.3342
-0.1361 -0.0579
0.1200 0.0721
-0.4411 0.8223
-0.3447 -0.4879
0.4462 0.5723
-0.2745 -0.3908
-0.1968 0.6784
-0.2636 0.0027
-0.4961 -0.2575
0.0934 -0.0520
1.0165 -0.1212
-0.6076 0.4875
0.7227 -0.0571
0.0962 0.5400
-0.2066 -0.3497
-0.8784 -0.0372
0.1126 -0.7920
-0.2051 -0.1412
0.2427 -0.7321
-0.7473 0.0380
0.2638 0.0138
0.5927 -0.1820
0.3095 -0.0868
-0.0208 -0.0208
0.1290 -0.1084
0.2543 0.0428
-0.7420 0.0516
0.7521 0.3949
0.1239 0.5591
0.5350 -0.0482
0.4349 -0.3568
-0.0122 0.0360
0.0054 -0.0541
0.2741 -0.3843
0.4354 0.7220
-0.0048 0.3432
0.4988 -0.0469
0.6376 0.7046
0.0784 -0.3182
0.2933 -0.1298
0.1297 1.6721
0.7293 -0.9989
0.0004 0.0225
1.1613 -1.8432
-2.1784 -0.2151
-0.0190 -0.0555
-0.2460 -0.6788
-0.7267 -0.2262
-0.4072 0.5204
0.0569 -0.0459
0.1461 -0.0803
-0.1728 -0.1769
-0.6788 -0.1274
0.1126 -0.5976
0.0111 -0.0035
0.0753 0.2034
0.5698 -0.4053
0.2047 1.9922
0.0228 -0.0681
0.9398 -0.1045
-0.0572 0.8228
-0.2949 -0.1237
0.0193 -0.0643
0.0242 -0.2628
-0.0878 0.7626
0.5066 -0.4553
-0.0886 -0.1710
-0.6086 0.0054
-0.1780 -0.8947
-0.2576 -0.5549
0.7231 0.2509
-0.0599 0.0307
0.1271 0.6372
-0.4096 -0.0128
-0.3896 0.3010
-0.3847 0.2110
-0.1806 0.3978
-1.3473 -0.1480
-0.0213 -0.0082
-0.2641 -0.2389
0.4459 0.2659
-0.0851 0.9112
0.0294 -0.1296
-0.6812 -0.0101
0.0722 0.0336
-0.1983 -0.3872
-1.5262 -1.5689
-0.0328 -0.0251
0.0652 0.4917
-0.3365 0.2770
-0.1627 -0.0988
-0.5827 -0.3224
0.0468 0.6388
-1.9734 0.3938
-0.5132 -0.3738
-0.4533 0.3613
0.3335 0.2536
-0.0027 -0.4534
0.0300 -0.0039
-0.4362 0.2875
-1.6855 -1.4037
-0.6340 0.6592
0.5087 -0.3926
0.9837 -0.5522
0.6701 0.2475
0.3011 -0.5485
-0.4829 -0.6600
0.0621 -0.4623
1.1017 -0.9997
0.4374 0.0733
0.0475 0.1399
0.0478 0.1362
-0.2679 0.0830
-0.7749 -0.1478
0.1928 -0.4924
0.0753 0.0378
-0.1967 0.6790
0.0574 0.2056
0.6135 0.7854
-0.0055 -0.0785
0.0359 -0.5255
0.1480 0.3974
0.3965 -0.7184
-0.0236 0.8901
-0.8175 -1.1417
0.1236 0.0206
-0.1498 -0.6558
-0.7255 -0.0484
0.0020 0.3413
0.5173 0.2171
-0.2341 -0.7040
-0.0496 0.0024
-0.3868 0.1166
0.3204 -0.7001
0.5993 -0.0522
0.0544 -0.3012
0.5164 -0.8994
0.1773 -0.8132
0.0380 -0.1099
0.2637 -0.2339
-0.4895 0.5234
-0.1633 0.7228
-0.5373 0.4552
0.6332 0.1614
0.8528 0.1103
0.9638 -0.0636
0.0032 -0.0462
0.0874 0.0833
-0.5547 0.2149
0.5209 0.6183
-0.5471 -0.6609
0.0284 0.4764
-0.1835 -0.3692
-0.3826 0.2612
0.0520 -0.9687
0.0026 0.0017
-0.3750 0.3846
-0.6998 -0.0201
-0.0085 0.3771
0.2950 -0.8123
0.0890 -0.0328
-0.3299 0.7269
-0.7042 0.3453
-0.5426 0.8241
0.1271 0.7986
-0.0177 0.1905
0.4770 -0.1588
0.4496 -0.5998
-0.4404 -0.0283
-0.3219 -0.7350
0.0909 -0.0096
0.9438 1.6601
0.1152 0.0650
-0.3783 -0.7694
0.6043 2.1133
-0.0913 -0.0961
-0.5735 -0.4978
0.0142 0.0063
0.1104 -0.2737
-0.9267 -0.0117
0.2678 0.5538
-0.2332 0.2082
0.3329 0.0347
0.3495 0.0856
0.4476 -0.2937
-1.6954 1.2984
0.0421 -0.3835
-0.3526 0.9061
0.3594 -0.1264
0.1479 0.6772
0.4932 0.5888
-0.6724 -0.3697
-1.7173 1.3060
0.0421 -0.4242
0.3692 -0.3767
0.5766 -0.5125
1.0632 0.3813
0.0906 1.5516
-0.1379 -0.9412
-0.0059 0.0055
-0.3133 -0.4217
-0.0412 -0.2428
-0.1922 -1.0372
2.8016 -0.0456
2.8689 -0.0120
2.4406 -0.7452
2.9952 0.4563
2.5055 -0.7918
3.6537 0.4673
3.3394 -1.4176
3.4567 0.4821
3.0560 0.0315
3.1793 -0.2291
2.9420 0.2143
2.7822 0.0692
2.8030 0.1094
1.1535 0.9343
3.9286 -0.1989
2.5289 -1.0165
2.1704 -0.4288
3.2841 -0.2592
3.3798 0.1769
2.7173 0.4906
3.0577 0.6045
2.9271 0.5606
3.0139 -0.0782
1.2577 -0.5995
3.1627 -0.5365
3.3068 0.1061
3.0599 -0.0843
3.8967 -0.0271
2.1392 -0.3045
2.8642 0.4200
3.2539 -0.7208
2.7414 -0.2957
2.5875 0.8564
3.0638 0.7136
2.3030 0.6450
2.2394 0.4009
3.0491 0.6754
3.0392 0.0562
2.3968 0.1368
2.3633 -0.5615
2.8853 -0.5539
2.9167 -0.2242
2.7336 0.0158
2.7663 0.0985
3.3723 -0.3986
2.9476 -0.6921
2.3470 0.6468
3.1090 0.3529
2.0157 -1.9664
3.1584 0.1272
2.7254 0.2052
2.9410 0.7345
2.9984 -0.0072
3.8933 0.9827
2.3319 0.1280
2.6827 0.1556
2.4140 0.4855
3.2757 0.3684
3.9123 -0.1458
3.4894 0.1161
2.1084 0.2158
2.9448 0.1177
3.6238 0.5505
0.9884 -0.3315
2.9835 -0.7309
2.8525 0.0412
3.3856 -0.1120
2.2373 1.7329
2.8347 -0.0753
2.3343 0.1182
4.0486 0.4543
3.1252 0.1706
2.5823 0.4808
2.9177 0.0384
2.6370 -0.2749
3.0980 0.1811
3.7714 0.4533
3.1425 0.5516
3.0997 -0.0897
2.7562 -1.3094
2.4924 -1.1094
3.3250 -0.4343
3.2582 0.4718
2.6166 -0.0419
2.4550 0.6280
3.1648 0.4982
3.0126 -0.0325
2.9304 0.1314
3.1048 0.8212
1.5773 -0.5721
3.3729 0.2684
2.9941 -0.2058
3.1054 0.1734
3.0444 -0.1382
2.6989 0.0071
2.7948 -0.0115
2.1063 0.0227
3.3963 -0.0214
3.0868 0.1280
2.3033 0.5270
2.9762 -0.0227
3.1661 0.2547
3.2693 0.3204
4.4881 -1.5218
2.9683 -0.1169
3.5677 1.0275
2.9861 0.2551
3.5148 0.0564
3.6433 0.2091
3.2326 0.6404
2.8980 0.1327
2.9806 0.0031
2.3162 -0.2160
3.0532 0.0931
2.1598 0.4798
2.2532 0.5873
2.7001 -0.0689
4.6126 -0.0591
3.1371 -0.4848
3.5749 -0.5046
2.7251 -0.1703
2.9292 -0.0157
2.4526 0.4430
3.0559 0.3142
3.2196 -0.0611
2.5393 0.1821
3.1998 0.9266
3.0498 -0.0238
3.4455 -0.2459
2.8328 0.0259
3.1023 -0.0020
2.8949 -0.5009
2.7437 -0.0118
2.9885 -0.1286
2.3758 0.3591
3.1109 0.9273
2.3112 -0.7097
2.9656 -0.4347
2.6560 -0.1832
2.9982 -0.0040
3.1085 -0.8729
3.3750 0.2734
3.0308 -0.2350
3.3936 0.5300
4.5527 -0.4512
2.8133 -0.2967
3.2353 0.0749
3.0801 -0.3474
3.1983 -0.9721
3.2609 -0.3465
3.4644 0.3368
2.3574 -0.5803
3.9250 0.7186
2.2994 -0.3880
3.0049 -0.0013
2.8130 0.0881
2.9543 -0.0359
2.2694 -0.1377
3.0214 -0.2043
2.8944 -0.0511
2.5158 0.1262
3.2553 -0.9637
3.2230 1.2633
2.5407 -0.2557
3.9634 1.6585
3.8842 0.2449
2.7811 -0.2316
2.4218 0.2816
2.1222 0.1133
3.4126 -0.2083
3.4074 -0.0287
2.7674 -0.6038
1.6147 1.2080
3.1046 0.2387
2.8882 0.4820
3.2731 0.2746
2.8975 -0.3401
3.0822 0.1006
2.3599 0.3864
3.9124 0.0595
2.3370 -0.6412
3.3076 0.8338
3.0887 -0.1670
2.0369 -1.9261
2.5581 0.8587
2.6623 -0.5582
2.7223 -0.0836
3.5381 0.6600
3.0208 -0.3610
3.2577 -0.1383
3.0025 -0.9863
3.8896 0.7649
2.4457 0.3497
2.9374 -0.2203
2.1239 0.0893
2.3968 0.1914
2.4712 -0.7686
3.2041 -0.1092
2.8551 0.0360
2.9111 -0.4944
2.9551 -0.8041
2.9797 0.0846
2.5226 -0.8027
2.8459 0.4046
3.6425 0.6200
2.9255 -0.1317
2.7114 -0.3767
2.9649 0.3765
2.2614 0.5076
2.5780 0.3749
2.9111 -0.4315
2.5156 0.5687
3.5352 -0.6469
2.2803 0.5718
2.9631 0.4059
3.3953 -0.8510
2.7878 0.0564
3.5162 0.1936
2.4314 -0.1803
3.0016 0.0138
2.7158 -1.1304
2.9074 0.5052
4.1265 0.3832
2.9184 0.0775
3.6478 0.2179
3.4006 0.1001
3.2379 -0.5652
3.1323 0.7449
3.1600 0.5813
3.2626 0.0510
3.7608 -0.3697
2.2630 -0.4302
2.3862 0.4939
3.1171 0.0630
3.3397 0.0565
2.7843 -0.1447
3.2789 0.0850
2.6400 -0.4459
3.7633 -1.6478
2.1197 -1.8579
2.1583 -0.2095
3.6665 -0.3017
3.3354 0.8329
2.7545 0.0478
3.1974 0.2639
2.1126 0.1530
3.2773 -0.0098
2.1087 0.0914
2.8668 -0.1908
2.5489 -0.0829
