-0.1958 0.1793
-0.0011 -0.0003
0.6891 -0.1645
1.2790 0.2704
0.3741 0.3586
-0.0010 -0.0248
-2.7188 -2.3273
0.9249 0.3730
0.0111 0.0086
0.1784 -0.4343
-0.1590 -0.6021
0.1016 0.5789
-0.2508 -0.5166
0.5753 0.5322
-0.6990 0.1942
0.7981 0.4231
0.2246 0.1755
0.6269 -0.4363
0.1930 0.9759
0.0172 0.4905
0.0076 -0.6363
-0.3663 0.0711
3.9326 -1.0344
0.2974 0.3077
0.1226 -0.1094
5.9788 -0.0538
5.1083 -0.0781
4.1653 -0.0190
4.6464 0.1480
4.1338 -0.0002
4.9081 0.1317
4.6715 -0.2653
5.2985 2.3200
3.9992 0.9418
3.4475 -2.5246
4.8461 0.2072
4.7625 -0.0707
4.6463 -0.0844
4.9248 0.9475
5.2281 0.6167
4.9713 0.0105
5.3287 -0.6467
5.0080 0.0589
7.6928 -0.5577
5.2808 -0.1708
5.2539 0.7461
5.1922 0.2238
5.0603 -0.0338
5.0012 0.6195
5.3812 0.0300
