0.2061 -0.1147
-0.5543 0.0271
-0.5480 -0.2175
-0.1068 -0.0581
-0.6299 0.2993
0.0372 -0.0263
0.1848 0.2069
-0.0206 0.2605
0.4602 -0.4377
-0.0112 0.0001
-0.3498 -0.2249
-0.0794 -0.2636
0.0701 0.7565
0.1635 0.1760
-0.0192 0.0221
-0.1656 0.7337
-0.5720 0.0321
-0.1026 -0.5674
0.7872 -0.2084
-0.1970 0.1583
0.3342 0.1308
0.1044 -0.1950
-0.0337 0.0718
0.0964 0.0648
0.1362 -0.2512
-0.0656 -0.0317
0.2446 -0.1773
-0.0848 0.4145
0.7902 -0.5868
-0.3327 0.6271
0.3216 0.8158
0.2203 0.1404
0.5673 0.3289
0.0537 0.0169
-0.3770 -0.6525
-0.6192 -0.4460
-0.3093 0.1713
0.2077 0.1900
-0.2592 -0.4761
0.0778 0.2676
0.3944 -0.0665
0.4736 0.0090
0.3806 0.4655
-0.4436 0.0203
-0.4850 1.5038
0.1816 -0.5094
0.4617 0.1523
-0.9208 0.1109
0.3124 -0.1481
0.5680 0.5036
0.2505 -0.3275
-0.1128 0.1561
0.4565 -0.4892
0.0950 -0.9495
0.5302 -0.4388
-0.2636 0.1884
-0.1272 -0.3030
-0.9038 0.1125
0.1755 0.8448
-0.1274 -1.6359
-0.7921 0.5108
0.5114 0.4596
0.6333 -0.2790
-0.0069 -0.2556
0.0912 0.7713
0.3115 -0.0999
0.3319 0.1343
0.6189 -0.6268
1.0422 0.6398
0.0840 0.0169
-0.0162 0.3971
-0.4048 -0.7865
0.4065 -0.7093
0.2870 0.0729
0.2091 -0.5414
-0.3516 0.6195
-0.6497 0.1870
0.2781 -0.0396
-0.3229 0.0289
-0.1415 0.0914
-0.6555 -0.4679
0.3977 -0.7651
0.0251 -0.0146
-0.2593 -0.0340
0.7686 0.1120
-0.3565 0.0020
-0.0154 0.8754
0.0371 -0.4824
-0.6975 0.2496
0.5793 -0.6112
-0.0029 -0.1732
0.9211 -0.2452
-0.3976 0.0506
0.2214 -0.0184
0.0519 -0.0526
-0.8257 -0.3342
-0.4764 -0.4633
-0.1368 -0.0745
-0.0201 0.1737
-0.0257 0.0689
3.2282 0.1833
3.5087 0.0146
4.4547 0.2822
3.3899 -0.0140
3.4457 -0.0016
4.0444 -0.7771
1.4530 1.5340
3.7978 -0.2715
3.6745 0.0415
4.4986 0.0181
2.8251 -0.0555
2.9854 -0.5718
3.2964 -1.0650
3.5577 0.1427
3.1541 0.4253
3.5267 0.0584
6.1410 0.4423
4.0735 0.4340
4.2541 -0.4494
2.7111 0.5969
3.5709 -0.3166
3.6314 0.0323
3.9625 0.3329
4.3996 0.0339
4.2416 0.6612
4.0258 0.1252
2.6842 0.3621
3.8716 -0.6136
3.6072 0.0680
3.4973 0.9476
3.8342 -0.0526
2.2052 -1.9228
3.6908 -0.4435
2.6133 -0.0585
4.2307 0.2853
3.7777 1.2317
2.9797 0.4718
3.4767 -0.0011
2.9048 -0.0941
2.0216 -1.0530
3.5838 -0.8326
3.2829 -0.4147
2.0690 -0.5030
3.5894 0.0585
3.1840 0.1628
4.1868 0.0328
3.3519 -0.1480
3.3691 0.8181
4.0059 -0.5741
3.1435 -0.6654
3.8687 -0.3570
3.3856 0.0148
3.8653 0.2026
3.4429 0.5080
3.6329 0.3389
3.1456 0.6468
3.6478 -0.1717
3.9358 0.4636
3.3416 0.2786
3.8630 0.3300
3.6560 -0.1686
3.7785 0.1849
3.5357 0.0029
3.3282 0.1686
3.5441 0.0525
4.4103 -0.3575
2.9459 -0.5244
3.0225 -0.7217
3.9036 0.0368
4.1208 -0.0357
3.1557 0.1871
3.3379 0.0168
3.4052 -0.3427
3.5288 -0.1083
3.6095 -0.1351
4.0132 -0.2400
3.7162 -0.1569
3.9479 -0.5984
2.5019 -0.0208
3.8436 0.1615
2.9900 -0.2734
3.0602 0.0457
3.6380 -0.0609
3.1057 -0.2331
3.2160 -0.3330
4.3191 0.1127
3.6912 -0.9529
2.5826 -0.2509
3.0955 -0.2661
4.1337 0.2241
3.8308 0.4481
3.5114 0.0538
3.2006 -0.3024
3.4176 0.4444
4.2514 0.1866
2.6528 -0.5281
4.1931 -0.0813
2.9562 0.1621
3.6559 0.2326
3.3729 -0.7187
