-0.3835 -0.0790 -0.5666
0.0747 -0.0561 -0.1403
-0.4633 0.3142 0.0627
0.0676 -0.1061 0.0436
0.0429 0.1013 -0.0444
-0.0795 0.0638 -0.8374
0.1007 0.0595 -0.1332
-0.0687 0.4245 0.1677
0.4044 0.3622 0.1634
0.0425 -0.0085 0.3168
-0.0407 0.0339 0.0167
0.0929 0.0915 0.0525
0.1538 -0.2466 -0.2840
-0.7621 -0.5052 -0.4563
0.3011 -0.3723 0.2120
0.0025 -0.0014 -0.0051
0.0066 0.4482 0.3387
0.2182 -0.3962 0.0499
0.3283 0.2825 0.7898
-0.0097 -0.0159 0.0333
-0.7762 -0.1088 1.0900
-0.0854 0.0480 -0.7681
0.3286 -0.2571 0.0563
0.1440 0.0167 -0.2040
0.3034 -0.2231 -0.2226
0.1109 -0.1364 -0.1082
0.3822 -0.0281 0.2998
0.1292 0.0868 -0.9700
0.6992 -0.5209 -0.0791
0.0615 0.0228 -0.6357
0.0626 0.0433 -0.0363
-0.5310 -0.7155 -0.4151
0.0022 0.0019 0.0029
-0.4910 -0.0534 0.3515
-0.2887 -0.2449 -0.6128
-0.0163 -0.0386 -0.0165
0.0404 0.0818 0.0926
0.2015 0.1918 -0.8863
0.3569 0.0174 0.6999
-0.0563 -0.1978 0.2318
0.0326 0.0119 -0.2821
0.8786 0.0510 0.3088
-0.2074 0.0290 -0.6076
-0.1563 -0.2007 -0.5482
0.0194 -0.1213 -0.0988
-0.8309 -0.1275 0.0139
-0.0864 0.8221 0.3926
-0.4389 -0.0713 -0.6274
0.1017 0.0781 0.0179
0.6324 0.4945 -0.2742
0.0522 -0.0783 0.2437
-0.3781 0.3898 0.8183
-0.0138 -0.2103 -0.1488
0.2696 -0.1434 -0.4712
-0.4372 0.5499 0.3593
-0.0040 0.0150 0.0911
-0.0895 -0.1254 0.3857
0.0139 0.0511 -0.0069
-0.4031 -1.4243 -0.2501
-0.8335 -0.0391 0.0014
-0.3065 -0.1047 -1.5861
-0.0531 0.0277 0.1700
0.2342 0.4154 0.5620
-0.6354 0.0117 0.3942
-0.2405 0.7388 0.5662
-0.0449 0.0717 0.2447
-0.2170 0.0902 0.2020
0.1585 0.3933 0.2964
0.0780 -0.3005 -0.2073
-0.3793 0.3357 -0.5576
-0.3284 0.1216 -0.3166
0.9247 0.9633 0.0315
0.0221 0.1366 0.0906
0.0407 -0.0553 -0.3918
0.1861 0.0963 -0.2390
0.0959 0.0584 -0.0416
0.2513 0.1264 0.0034
-0.0016 0.1634 -0.0549
0.3989 -0.0714 0.8543
-0.5879 0.1654 -0.4832
0.0724 0.1831 0.0601
-0.1661 -0.0208 -0.3579
-0.1314 -0.8056 0.1713
0.2701 -0.4017 0.1993
-0.2150 0.4011 0.8709
-0.0468 0.2058 0.7106
-0.0471 -0.0700 -0.8402
0.0211 0.1083 -0.0371
0.0872 -0.2092 0.2210
-0.0249 0.2578 -0.8012
-0.0617 0.1503 0.9691
0.1120 0.1799 0.5531
-0.0756 -0.3578 0.0853
0.1138 0.2894 0.0426
-0.0021 -0.0052 -0.0014
-0.2492 -0.6991 0.1258
0.6453 -0.4193 0.1912
-0.2638 0.2708 -0.0343
0.4280 0.3822 -0.7205
-0.6409 -1.0561 0.3389
2.3547 0.0900 -0.7197
2.3955 0.0171 0.0596
2.3950 -0.9892 -1.1603
2.5574 -0.0320 0.3355
2.5014 -0.1249 -0.0346
2.7074 0.1330 -0.2045
2.5513 -0.0013 -0.0186
2.5177 -0.1558 0.0161
2.5426 -0.0650 -0.0381
2.4965 0.0092 -0.4776
2.8231 -0.3503 0.1193
2.8536 -0.0625 0.4751
2.6454 -0.4446 -0.0676
2.5563 -0.0056 0.1052
2.5809 0.0631 -0.0142
2.2794 -0.0128 0.0167
2.5809 -0.0078 -1.6266
1.7170 -0.5470 -0.0034
2.6432 -0.0852 0.8045
2.7844 -0.1830 0.0145
2.2607 0.2880 0.8391
2.6835 0.1146 0.7374
2.2807 -0.0828 0.4865
2.2267 0.1169 -0.5959
2.3184 -0.1871 0.5428
1.7188 0.2117 0.3838
2.4204 0.1771 -0.2484
2.6765 0.4447 -0.3959
2.4965 0.0029 -0.1293
2.4069 0.3838 0.2912
2.6268 -0.0678 0.0860
2.4008 0.1319 -0.2404
2.4394 -0.1371 -0.1151
2.1544 0.5769 -0.3130
2.6560 -0.1640 -0.2801
2.1269 0.0974 0.2166
2.5018 -0.1074 0.8294
2.4665 -0.0128 0.8289
2.5027 -0.0016 0.0046
2.2727 0.0981 -0.3608
2.5353 -0.4912 -0.0864
2.4970 0.0051 -0.5598
2.5541 0.3350 0.2098
2.3558 0.1056 0.5325
2.7973 -0.3315 0.2313
2.5602 0.9725 -0.0908
2.5000 -0.0222 -0.2115
2.6913 -0.0451 0.8041
2.5091 -0.0140 0.0076
2.1409 -0.0926 0.0847
2.5911 -0.1687 -0.0194
2.1821 0.5511 0.2843
2.2375 -0.2881 0.5198
2.4550 0.2135 0.3168
2.6274 -0.1378 0.4766
1.3506 0.3328 -0.4144
2.6504 -0.3841 -0.6417
2.8062 -0.1470 -0.5178
2.6384 -0.1447 0.7606
2.4852 -0.0685 0.0223
2.8821 -0.5622 -0.1794
2.8538 -0.0867 -0.7901
2.6490 -0.5677 -0.0415
1.8875 0.2161 -0.1422
3.1162 -0.1696 0.1491
2.2001 -0.0665 -0.1596
2.2471 -0.5193 -0.0739
2.6207 0.2648 0.3113
2.2961 -0.0956 0.1306
2.6374 0.3504 0.1256
2.5585 0.0937 -0.0647
2.1924 -0.5491 -0.0547
2.4296 -0.1283 -0.3003
1.9621 -0.2107 -0.2941
2.3746 0.6859 -0.1885
2.6774 -0.6821 0.2119
2.2045 0.0787 -0.3144
2.5641 0.3521 0.2749
2.5072 0.0475 -0.0512
2.4903 0.2780 -0.2696
3.5534 0.3519 -0.3974
3.0078 0.6679 0.4982
2.4199 -0.0188 0.1447
2.6359 -0.0867 0.4271
2.2621 0.4171 -0.3870
2.7370 0.3603 -0.3965
2.5497 0.0740 0.0128
1.9101 0.2511 -0.5103
1.7635 -0.1525 0.0721
3.1466 -0.2276 0.4287
2.5551 0.1530 -0.0598
2.2966 0.3985 0.4511
2.5086 0.0624 -0.3203
2.9489 0.3006 -0.2356
2.8249 -0.3053 -0.0316
2.3947 0.0345 -0.1929
1.7966 0.0691 0.2346
2.4628 0.0472 -0.6537
2.0779 -0.1036 0.2193
2.5023 0.2867 -0.2447
