0.1464 0.1052
-0.6547 -0.7548
-0.0981 0.5419
0.1746 0.5371
-0.7843 1.3786
-0.0144 0.0351
-0.8561 -1.1507
0.7265 0.1400
0.0327 0.1481
-0.1702 0.4674
0.1377 -0.2092
0.8476 -0.2424
-0.0001 -0.3504
-0.1424 0.4709
0.0745 0.8391
-0.0074 -0.0009
0.8649 0.3259
-0.3664 0.3484
0.0112 0.0232
1.5511 -1.9531
0.7492 -0.4480
0.6962 -0.3490
0.1135 -0.2978
-1.7345 -1.2650
-0.4006 0.8045
0.3972 -0.1377
-0.7302 -0.0298
0.8587 0.1297
0.2712 3.2716
0.2872 -1.1680
2.2794 -1.7378
-0.0661 0.9859
-0.0675 0.4509
0.0220 0.0167
-0.2059 -0.0568
-0.6027 -0.5472
0.0564 -0.0262
0.8544 0.3330
-2.0997 -2.3722
-0.6923 -0.1596
-0.3250 0.4541
0.3170 0.2313
-0.2331 0.4088
0.0586 0.3244
-0.1094 -0.1522
-0.1953 0.4006
0.0983 -0.7048
-0.1290 0.3420
-0.2303 -0.0092
0.2685 -0.6346
4.7404 -0.2036
5.3635 0.2987
4.7214 -0.6757
4.6240 0.4730
4.3114 0.7437
4.5289 -0.7663
4.6456 0.5274
2.7015 0.0508
5.2324 2.2158
4.5295 -1.3628
4.3577 0.1151
3.7178 -0.5138
4.8732 -0.1442
6.2447 -0.5499
5.1705 -0.1263
4.8569 0.2452
5.5753 -1.8279
4.7936 0.7547
4.2307 0.6491
4.4548 -0.1265
4.5607 -0.1693
4.3252 -0.1418
4.3479 0.7102
3.9412 0.5381
4.5021 0.0038
4.4584 -0.1380
4.1960 0.4540
4.8765 -0.3230
4.8499 0.8161
3.5362 -0.1106
4.8825 0.2264
4.4637 -0.5561
4.7096 0.2245
4.6215 0.1089
4.5387 -0.0035
4.7030 -0.9196
5.4001 -0.3443
4.5141 0.0344
4.3896 0.5364
4.4997 -0.5540
4.2616 0.4679
4.5516 0.2859
5.4294 0.2836
5.1292 0.8677
4.5304 0.2451
5.3436 -0.5016
5.0397 -0.6404
4.6027 0.2543
4.8515 -0.8340
3.8811 2.2813
