-0.0576 -0.0245 -0.8773
-0.1652 -0.1453 0.3265
0.1172 -0.1260 -0.1230
0.3779 -0.2856 -0.1622
-0.0011 0.0917 -1.1414
-0.0414 0.2621 -0.1534
0.1884 -0.3519 -0.3217
0.2581 0.2697 0.0222
-0.1308 0.2282 -0.1434
0.3399 0.3864 0.5472
0.1020 0.2320 -0.3800
0.0380 -0.0351 -0.1218
-0.2618 -0.3433 -0.4403
0.8083 -0.3695 0.0368
-0.2451 -0.6613 -0.5130
-0.0098 0.1043 -0.0540
-0.0240 0.1379 -0.1137
0.0280 0.1262 -0.0517
0.3278 0.4141 -0.0825
-0.0910 -0.0934 0.5501
-0.1783 -0.0571 0.0720
0.3196 -0.5617 -0.7597
0.4620 0.0227 -0.5192
0.1950 0.6811 0.1781
0.3013 -0.1863 0.9750
-0.3027 0.6437 -0.8156
0.2290 0.0197 0.0209
0.0591 0.7462 -0.3290
0.0313 0.0554 -0.8306
0.0046 0.1608 -0.1591
0.1968 0.0973 -0.5144
0.2114 -0.2290 0.2716
-0.1366 -0.0338 0.0115
-0.0285 0.0415 0.1443
-0.1081 -0.2900 -0.4693
0.2953 -0.1190 0.0362
0.4560 0.1965 -0.2963
0.1851 -0.2508 -0.1007
0.1191 -0.3631 0.3245
-0.3325 -0.1331 0.2795
-0.2256 0.1037 0.0597
0.0452 -0.6182 -0.2957
0.4967 -0.2275 -0.7813
0.6918 -0.0028 0.2240
0.1484 0.2351 0.6371
-0.0270 -0.0757 -0.0039
0.5645 1.1807 0.2874
0.0849 0.2275 0.4638
-0.5192 0.2880 -0.1241
0.0688 -0.1599 -0.0651
0.0043 -0.0229 0.3499
-0.4854 -0.4122 -0.0387
-0.1589 0.6425 0.2082
-0.4056 0.1831 0.5056
-0.0682 -0.0643 0.2684
-0.0951 0.0961 0.0359
-0.0720 -0.3412 -0.3882
-0.0407 0.0638 0.6603
-0.4469 0.0674 -0.3052
-0.2301 -0.4229 -0.0887
-0.3688 -0.2267 1.3500
0.1837 -0.4924 1.6018
0.1668 0.2788 -0.0282
-0.1247 -0.2533 0.0219
-0.0420 -0.4954 0.7479
0.1083 0.0228 0.9404
0.3201 -0.1711 0.0408
-0.2552 -0.0136 -0.6465
-0.0060 0.0008 0.8405
0.1080 -0.8106 -0.4219
0.3816 -0.1583 0.4737
0.0552 0.1220 -0.1667
-0.8628 0.6658 -1.0137
0.7620 0.3423 0.2889
-0.6231 0.1187 0.5120
-0.0442 -0.0236 -0.4861
0.4583 -0.5389 0.3243
0.1854 -0.0238 0.4867
0.0723 0.3909 -0.2980
0.0217 -0.0118 0.0861
-0.3626 -0.0725 -0.0981
0.1877 -0.4608 -0.9752
-0.0236 0.0373 -0.0780
-0.2907 -0.2647 -0.7955
-0.0692 -0.0916 -0.1524
-0.1140 -0.2299 0.0676
0.4165 -0.1522 -0.2905
1.0781 0.9321 -0.6032
0.0540 -0.0252 -0.0228
0.2379 -0.0886 0.0455
-0.2976 0.6216 0.1720
0.4904 -0.5518 0.3969
0.6193 0.3018 -0.3082
-0.1829 0.1274 0.2324
-0.2262 -0.1786 0.0398
-0.1219 0.4551 0.6098
0.1155 -0.0199 -0.2654
-0.0643 -0.0001 0.2451
-0.3671 -0.8874 1.3220
0.0230 0.0803 0.0087
