-0.2909 0.0343
0.2278 0.3705
-0.5670 0.1431
0.9013 0.0705
-0.3560 -0.0466
-0.6031 0.3450
-0.0343 0.1967
-0.8623 -0.3379
0.4307 -0.6168
-0.1526 0.0418
0.3820 -0.1409
0.2364 0.9693
-0.1059 -0.5943
-0.4059 0.2160
0.3867 0.0063
0.1364 -0.1721
0.0678 -0.6102
-0.0014 -0.1186
-0.0007 -0.0880
-0.2695 0.2008
0.7669 -0.2711
-0.6373 0.5717
0.0503 -0.3789
-0.5868 0.1216
0.0273 -0.0033
-0.7946 -0.5085
-0.1847 -0.1968
0.0948 0.6884
-0.0579 -0.5590
-0.4492 0.5415
-0.8955 -0.1748
-0.0156 0.0276
-0.9217 0.1933
-0.0009 -0.0010
-0.3784 -0.9198
0.0060 -0.2879
0.1398 -0.2787
-0.2157 0.0420
-0.4588 -0.4694
-0.0123 0.1231
0.2259 0.3027
-0.6002 0.5901
0.8574 -0.1922
0.1668 -0.0400
0.2572 0.5171
1.9597 -2.3429
2.0582 -0.7251
-0.1061 0.5384
-0.7650 0.1140
-0.3662 -0.9281
0.2539 0.4154
-0.3977 -0.7399
0.1886 -0.1905
-0.3989 0.0050
0.4389 0.7906
-0.0054 -0.0406
0.0345 0.0669
-1.0347 -0.0325
0.6179 0.2700
0.4004 -0.4517
0.4325 -0.2765
-0.8047 0.5451
-0.0238 0.0007
0.4122 0.9025
0.2900 0.6582
-0.0446 0.1967
0.9063 0.2824
0.7210 0.2420
-0.3370 0.4863
-0.0968 0.4404
0.0237 0.3924
0.0680 0.1414
-0.8532 0.0716
0.1013 -0.1210
0.0085 -0.0166
0.5197 0.6040
-0.0838 -0.1018
-0.8048 -0.2621
0.0694 0.1344
0.0174 -0.0173
0.2000 -0.9184
-0.0355 -0.0216
0.9272 -0.0019
-0.1796 -0.1349
-0.4146 0.7584
0.2943 0.3558
0.0191 0.0186
0.3743 0.7065
0.2619 -0.2698
-1.7699 -2.5212
0.1562 -0.0556
-0.0304 0.1759
-0.4214 0.2254
0.5423 0.7071
-0.0597 -0.0347
-0.1916 -0.0269
0.0994 -0.1192
0.6820 -0.0159
-1.4457 -1.1376
0.0047 -0.8184
