0.3843 0.3342 -0.7900
0.1393 0.0930 0.1639
-0.4205 -0.2353 0.7146
0.3198 0.4510 -0.4147
-0.1422 0.0909 0.3780
0.0331 -0.0016 -0.5785
0.4936 -1.1133 0.4258
0.1519 -0.0409 0.0028
-0.1910 0.1930 -0.8938
-0.7116 0.5023 -0.3784
-0.3151 0.3930 -0.1877
0.2228 0.0012 0.5871
0.1045 -0.0298 -0.4699
0.0187 0.0065 0.1238
-0.0562 -0.0457 -0.0621
-0.3389 0.2413 -0.6599
-0.0341 0.0382 0.0384
-0.1796 -0.0810 0.2735
0.0811 0.0289 0.9365
-0.0677 -0.2496 1.2593
-0.0817 0.0419 -0.0659
0.0020 0.0920 -0.1988
0.5657 -0.7358 2.0357
0.1533 -0.1222 -0.1983
1.0894 -0.1961 0.0019
3.6742 -0.1935 -0.8738
3.8906 -0.1834 0.9098
3.7891 -0.0232 -0.5916
4.3039 -0.7529 -0.1514
4.7383 -0.4061 0.2755
4.6242 0.0780 0.9112
3.7988 -0.3247 0.1201
4.0036 0.0528 -0.0908
4.0479 0.0060 -0.0590
3.9866 0.0084 -0.2862
3.8255 -0.3641 -0.1371
3.9907 0.0463 0.0273
3.9161 -0.6115 0.4980
4.2861 0.0252 0.4349
4.2450 0.0496 0.7604
4.0929 -0.0629 -1.2020
3.7800 -0.1789 -0.1816
4.4509 -0.1886 -0.1734
3.9649 -0.1871 -0.0824
4.5310 0.0368 0.4210
4.7285 0.5698 0.2891
6.0415 0.0221 -0.6505
3.3749 0.5305 -0.1542
4.0004 -0.0480 0.0322
4.3240 0.3700 -0.3368
