0.4282 -0.7559
0.1285 0.8894
-0.2054 0.0981
0.0068 0.0118
0.3849 0.7010
0.1933 -0.8315
0.3060 -0.0191
-0.0496 -0.2029
0.5106 -0.1681
0.0814 -0.0692
-0.0022 -0.0032
-0.1932 0.2008
-0.6782 -0.5513
0.1538 -0.2001
0.4021 0.0914
0.0908 0.1387
-0.2298 -0.1447
-0.3803 -0.1916
0.8551 -0.4537
0.8128 0.0403
2.1248 0.0490
2.2067 0.2583
1.6253 0.1402
1.5652 0.4046
1.5761 -0.6400
1.2755 0.6889
2.3516 -0.2069
1.6596 -0.0316
1.8660 -0.0081
1.7225 0.6734
1.6895 0.0188
1.8840 0.0797
2.4717 -0.3189
1.9909 -0.0083
2.7538 -0.5640
1.7041 -0.3797
1.4333 0.1840
2.1169 -0.0128
2.0620 0.0268
2.6888 -0.1584
