-0.0049 -0.0027 0.0245
0.0945 -0.0772 0.0378
-0.0461 -0.0566 0.8218
0.0175 0.0589 -0.0125
-0.0206 -0.3235 -0.1501
0.0521 -0.1794 -0.0659
-0.3022 -0.3844 0.3146
-0.1861 -0.0043 0.0912
-0.1481 0.5888 0.1998
-0.0784 -0.0805 0.3052
0.4485 0.4495 -0.0354
0.0603 0.0344 -0.0592
0.4117 -0.1272 0.3583
0.0678 0.1506 -0.6964
0.1252 0.2235 0.4722
0.0345 -0.0080 0.4284
0.1341 0.0678 0.6150
-0.1423 0.4935 0.5596
0.7656 0.4061 -0.0572
0.2081 -0.0091 0.4437
-0.7526 0.1439 -0.2578
-0.2028 0.9031 0.0626
-0.7039 -0.4347 -0.2324
0.2673 -0.1239 0.5551
-0.3846 -0.4695 -0.0921
0.1314 0.2852 1.0278
0.2059 -0.0127 0.0995
-0.0514 -0.0379 -0.0480
-0.0131 0.0776 -0.0304
-0.0447 0.0797 -0.0524
-0.0552 -0.0328 -0.1476
0.0772 -0.0597 -0.1420
-0.4883 -0.2167 -0.3916
-0.1781 -0.8672 0.5059
-0.6731 0.6158 0.3245
0.0119 0.0512 -0.0700
-0.1518 0.0713 -0.2304
-0.0603 -0.0683 -0.6223
-0.1819 -0.1504 -0.1886
0.5214 -0.5178 -0.1050
-0.9546 0.4078 0.1887
-0.4088 -0.1115 0.4205
-0.2798 0.0888 0.1678
0.0132 -0.0243 0.0276
-0.0702 0.1030 -0.0662
-0.8055 -0.0274 0.8474
-0.1364 0.0558 0.1418
0.0260 -0.0101 0.4827
0.0307 0.0171 -0.0105
-0.1940 -0.0199 -0.0394
-0.0635 -0.0006 -0.0334
-0.6786 -0.1712 -0.5730
-0.6495 -0.1224 -0.0200
-0.1065 0.1188 0.6886
-0.3952 -0.2664 0.1696
-0.1978 -0.2391 -0.2173
0.2260 0.3707 0.4047
0.1659 -0.1347 0.0797
0.3843 0.5191 -0.1053
0.1137 0.4159 0.1015
0.4266 0.1057 -0.5191
-0.2243 0.2993 0.5691
0.1318 -0.1275 -0.6366
0.0059 0.0317 -0.3639
-0.2316 1.0980 -0.1989
-0.2771 -0.0639 -0.1952
0.3918 -0.3613 -0.4854
-0.0108 -0.5978 -0.4539
-0.0136 -0.3326 -0.3474
-0.3181 0.0112 0.0831
0.0216 -0.5050 -0.7213
-0.1343 0.0612 0.1569
0.1368 -0.1396 1.1337
0.0001 -0.0069 -0.0126
0.0264 -0.0387 0.0024
-0.4987 -0.2816 -0.9241
-0.5288 -0.4640 0.2059
-0.1524 0.2099 -0.1623
-0.0530 0.1399 -0.5625
-0.0506 -0.2178 1.0255
0.2340 -0.1225 0.1695
-0.0011 0.0001 0.1442
-0.0106 -0.0115 -0.1035
-0.2124 0.4757 -0.5180
0.1900 -0.0999 0.1050
-0.0394 -0.0254 0.9122
-0.2236 -0.2042 0.0940
0.0181 0.0153 0.1902
0.0368 -0.1304 0.8384
0.2252 -0.1319 -0.4596
0.2027 0.1592 -0.2121
0.0018 -0.0011 0.2329
0.1352 0.0720 -0.9365
0.7917 0.0560 -0.5430
-0.0133 -0.0820 -0.1657
0.0349 0.1564 0.2822
-0.0026 -0.0138 -0.2451
-0.6988 0.2188 -0.8160
0.0501 0.1505 1.1467
-0.1666 -0.0459 0.2053
