-0.1939 0.0397 0.6641
-0.0620 0.5862 -0.2149
0.0687 -0.0021 0.2159
-0.1943 -0.1205 0.1693
0.1609 0.2460 -0.5422
0.4098 0.1249 0.5296
0.3245 -0.5466 0.1214
0.7433 0.2813 0.0005
0.3069 -0.3856 -0.7428
0.0361 0.1711 0.1507
0.1039 0.0413 0.3089
-0.2812 0.1385 0.2873
0.6948 0.7884 0.0234
-0.0201 -0.0290 -0.0256
-0.0040 0.1162 -2.5276
-0.7712 0.3433 0.3602
0.2675 -0.1130 0.6546
0.4354 -0.1592 -0.5530
-0.0370 0.0664 0.1123
-0.2770 -0.0005 0.3252
-0.4686 -0.3103 -0.6058
-0.1788 0.1476 -0.0236
0.3928 -0.0092 -0.2620
0.1477 -0.3459 -0.7675
0.3710 0.9044 -0.0326
0.1221 0.4470 0.1942
-0.1219 -0.0238 -0.1218
0.0989 0.2924 0.8187
0.0757 0.0847 0.6165
-2.8304 -2.2626 -2.0274
0.0639 0.0359 -0.6580
-0.2060 2.2425 3.2713
0.3858 -0.4392 1.0309
0.0051 -0.0037 0.0005
0.4027 -0.1584 0.0657
-0.1041 -0.1253 -0.0278
-0.2044 0.0826 -0.2758
0.0996 0.2242 0.6369
0.0203 -0.1655 0.0398
0.0030 0.0023 -0.8716
-0.0483 0.2620 0.0201
0.6700 -0.4766 0.3441
0.1628 -0.0453 0.9644
0.1213 0.1446 0.1517
2.1793 2.5542 0.6609
-0.0901 0.3136 -0.1170
0.4232 0.1308 0.9251
0.3655 -0.0741 0.0880
0.0463 -0.0399 0.0351
0.4782 0.0479 -0.7419
-0.0043 -0.2218 0.3613
-0.2588 0.0326 0.0773
-0.0429 0.0519 0.8288
0.0223 0.3742 -0.7328
0.2692 -0.0306 -0.8798
0.4851 -0.1415 0.5139
-0.0227 0.1100 0.9450
0.0212 -0.0067 -0.1172
-2.6710 1.9208 0.0355
-0.8937 0.0263 -2.4592
0.1100 0.4952 0.3238
0.2582 0.2005 0.2694
-1.8934 -1.2873 -2.3614
-0.5588 2.2683 -0.7704
-0.0590 0.0850 -0.0237
0.0020 0.0051 -0.4186
0.1616 -0.1392 0.7131
-0.5767 -0.5795 0.3579
-0.0602 0.0727 -0.1977
0.0528 -0.1346 -0.1187
0.6779 -3.3642 1.3132
2.8285 -0.4359 -1.0892
0.0224 -0.1182 -0.0515
0.0539 -0.1099 -0.1172
0.3114 0.6720 -0.3771
0.0080 -0.0031 -3.3011
0.0964 0.5138 -0.4944
0.0580 0.0046 0.2458
0.2699 0.5887 0.0981
-0.0126 0.1244 -0.0282
0.0465 0.0237 0.1959
-1.1795 0.1098 2.0159
-0.0145 -0.0046 -0.7914
0.0828 0.0532 -0.2714
0.3340 0.3739 -0.4973
0.3608 -0.2557 0.1078
0.3517 0.5378 0.4532
0.1514 0.1283 -0.1321
0.0276 0.8174 -0.4145
0.0047 -0.0645 -0.5192
0.5953 1.2855 -0.5080
0.0105 0.0371 0.2897
-0.2567 -0.4171 -0.4313
1.0137 -0.1555 -3.3434
0.0010 0.0014 0.0139
0.2017 -0.2886 -0.3790
-0.1276 0.4552 -0.6351
-0.1672 0.0671 0.4961
-0.4863 -0.0376 0.4032
0.0951 -0.1334 -0.2966
0.3904 -0.3048 0.2217
-0.0218 0.4269 -0.4635
-0.1337 0.1089 -1.8615
0.0686 -0.1289 0.0377
0.0699 0.2434 0.2379
1.9174 -0.5196 2.1775
-0.0100 0.0516 0.0100
-0.0995 0.1699 -0.2033
-0.5797 2.5436 -0.2471
-0.0880 -0.2862 0.4177
-0.4228 -0.3815 -0.0925
-0.2621 0.1167 0.6351
0.3546 -0.6676 0.4150
-0.0162 0.0037 -0.0200
-0.0948 0.1178 0.5271
-0.0582 0.1156 0.0317
-0.1916 -0.0979 0.2006
-0.0352 -0.1071 -0.0922
-1.7987 1.1634 -0.0551
0.4468 -0.0223 -0.5828
0.0346 -0.0556 -0.0975
-0.3503 -0.2732 0.1612
0.2288 0.0530 -0.2679
0.0414 -0.1038 -0.0445
0.1645 0.0992 -0.6235
0.0275 -0.1754 -0.3455
0.1777 -0.4671 -0.7470
-0.0575 -0.0029 0.0988
0.1807 0.0655 -0.0100
-0.0180 -0.0126 0.0057
0.3853 0.7543 0.3100
0.1757 -0.3004 0.7276
0.1030 0.6577 -0.2148
0.3497 0.7212 -0.0058
0.2744 -0.4128 -0.6504
-0.2567 -0.6593 -0.2619
-0.0210 -0.0430 -0.5820
0.0090 -0.5249 -0.0976
-0.1067 0.0822 0.0377
0.0106 0.0340 0.0763
-0.3111 0.0971 -0.1524
0.7959 0.0636 0.0955
-0.8375 0.1294 -0.4440
-0.0313 0.0795 -0.0822
0.0376 0.0429 -0.1120
-0.0074 0.0023 -0.0352
0.0910 -0.2218 -0.1622
-0.0336 -0.1585 0.0235
0.3582 0.5148 0.3512
-1.1465 0.1295 -0.9111
0.7356 0.1182 -0.0437
-0.0619 -0.0765 -0.2527
0.2952 -0.0702 -0.2394
0.2373 -0.1296 -0.7197
-0.0420 0.0158 0.1909
2.1571 -0.7628 -1.3269
-0.0519 -0.3165 0.1942
0.3969 0.1587 0.2718
0.4352 0.4268 0.2927
0.4563 0.4529 0.3448
0.0304 0.0232 0.0071
-0.0283 0.0628 -1.2513
-0.3882 0.2565 0.4895
0.1182 -0.1816 0.0348
-0.2025 0.3240 0.3464
-0.1256 0.1610 0.0830
0.1233 -0.2485 0.5597
0.4627 -0.7850 0.0666
-0.3168 0.1678 -0.1881
-0.1900 -0.1108 0.1181
-0.2439 0.1598 -0.2842
-0.0977 0.0562 -0.1413
-0.1280 0.1990 -0.3193
0.1682 -0.4870 -0.0408
0.0148 0.0361 0.1112
0.1207 -0.3697 0.1280
0.2512 -0.0056 -0.8300
-0.1170 -1.1695 2.5034
-0.9251 -0.2572 0.1099
0.0711 0.0073 0.0350
-0.2452 0.0632 -0.4685
0.8212 0.2139 -0.4588
0.4025 0.3305 0.5133
0.1825 -0.2018 -0.1223
-0.0090 -0.0129 2.8508
-0.4527 -0.3442 -0.2050
-0.9357 -1.2809 3.8797
0.3615 -0.0487 -0.9006
0.1527 0.3895 0.2697
-0.1966 -0.0214 -0.1281
-1.1132 -2.3467 -2.0034
0.0281 -0.1435 -0.0160
-0.0099 0.0006 0.3319
0.0259 -0.2655 -0.0239
0.6083 -3.0942 -2.2269
0.7416 0.5384 -0.3946
-0.2058 0.6692 1.4408
-0.1089 0.0752 -0.0338
-0.4749 0.3757 0.5612
0.4326 0.6821 -0.5330
