-0.0975 -0.7695 -0.0892
-0.0054 0.0285 0.3586
-0.8989 -0.1933 0.3510
0.7537 0.0412 0.5560
0.1710 0.1048 0.3137
0.2735 0.1318 -0.2853
0.0824 -0.0044 -0.3095
-0.6511 0.4803 0.2731
-0.2552 -0.0519 -0.1912
0.4503 -0.2430 0.2285
0.0114 -0.0710 -0.3122
0.0746 -0.0958 -0.5161
-1.3192 1.9923 0.9479
-0.7684 -0.1710 -0.2859
0.0257 -0.2505 -0.4489
0.2325 -0.1213 0.8021
-0.0107 -0.0148 0.0857
0.5257 0.3422 -0.0960
0.0102 -0.0339 -0.2090
-1.1638 -1.8377 1.5057
0.0162 -0.2857 2.3077
0.3427 -0.4101 0.3625
-0.3163 -0.1986 -0.1052
-0.3679 0.2519 -0.1111
-0.0199 -0.0542 -0.0557
4.0110 -0.7069 -0.1945
4.7999 -0.0119 -0.4112
6.2647 -1.4029 -1.4020
4.7238 -0.4260 -0.2945
3.9700 -0.7142 0.5111
4.6352 0.1804 -0.0233
4.4405 -0.3745 0.1259
4.4483 -0.1190 -0.0195
4.8963 0.0552 0.7486
4.5152 -0.0280 -0.1476
4.5214 -0.0606 -0.0267
4.4360 0.1619 -0.3658
5.1087 -0.4203 0.1830
4.5525 -0.0338 -0.2540
4.4862 0.0285 0.1399
4.3476 0.0930 0.2677
4.7912 -0.5273 0.7838
4.6889 0.2105 0.3706
4.4703 -0.6286 -0.1801
4.5052 0.1445 0.0408
4.5183 0.0090 0.2719
5.7962 2.3303 -0.2676
4.1113 -0.4727 0.5768
5.3131 -1.7172 2.6227
4.4346 0.0114 0.1511
