-0.1210 -0.2293 0.8477
-0.1752 0.1007 0.1442
-0.7457 -0.5991 -0.0597
0.0103 -0.0296 0.0047
0.7319 -0.3574 0.4494
-0.2144 -0.1200 0.4711
0.6994 -0.3934 -0.5727
-0.0093 0.3906 0.6273
0.5192 -0.0913 -0.7320
-0.4562 0.1435 -0.2399
0.0665 -0.1389 0.8931
-0.0212 0.2746 0.6743
0.0457 0.0117 -0.3318
-0.0038 -0.0087 -0.0561
0.4252 0.2305 -0.2414
-0.4846 -0.1197 -0.4841
0.0003 -0.0009 -0.0005
0.6069 0.4344 0.4475
-0.2579 -0.0253 0.0146
0.1498 -0.1296 -0.8869
-0.1859 -0.1479 -0.2805
-0.0230 0.1106 -0.2278
0.0195 -0.1059 0.4001
0.5627 -0.1754 0.6746
0.2171 -0.5605 0.0542
-0.1943 0.0731 -0.3901
0.2117 -0.1801 -0.3524
-0.3371 -0.2203 -0.0660
0.0490 0.0254 -0.0447
-0.3404 -0.2038 -0.5774
-0.4542 -0.7956 -0.1379
0.1223 0.2150 -0.4966
0.3430 0.2974 0.6575
0.3653 0.2274 -0.4631
0.1090 -0.0593 -0.1141
0.1662 -0.0403 0.0183
0.1662 -0.1978 0.2500
0.0817 0.4982 0.5761
-0.0035 -0.0058 0.2368
0.3584 0.0943 0.3431
-0.0415 0.0924 -0.6186
0.0328 0.0131 -0.3431
-0.0005 -0.0022 0.4636
-0.3795 -0.2901 0.6448
-0.1070 0.1712 -0.2910
0.1802 -0.0934 0.9276
0.3026 -0.1981 -0.7049
0.2636 -0.3023 -0.6248
-0.3893 0.5180 0.3337
0.0000 0.0089 0.0977
0.2221 0.0778 0.1514
-0.0187 -0.0118 0.9696
0.3395 0.1226 -0.9097
-0.0849 -0.5854 -0.3352
0.0016 -0.0028 0.0101
0.5977 0.2715 -0.0464
0.0499 -0.4555 0.4799
0.4417 0.2050 -0.6967
-0.6271 0.1963 0.5788
0.0095 -0.0080 0.0317
0.0818 -0.0173 0.3149
-0.6627 -0.6714 -0.0190
0.0631 0.1661 0.3173
-0.0852 -0.2860 -0.2871
0.3380 -0.2681 0.0371
-0.0464 -0.3245 0.3043
-0.0435 0.0845 0.0611
0.1743 -0.1401 0.9474
-0.0231 0.1370 -0.0166
-0.0381 0.1051 0.3791
0.0855 0.0640 0.0099
-0.0056 0.8049 0.2628
-0.0595 -0.0032 0.1460
0.0519 0.0877 0.0346
0.1362 0.0317 -0.0177
0.1298 -0.0284 -0.0977
-0.2968 -0.8079 -0.4346
-0.2216 -0.0330 -0.6926
-0.0397 0.0237 -0.6722
-0.0167 0.0449 0.0459
-0.4141 0.2019 -0.7667
-0.2712 -0.4805 -0.3129
0.6548 0.0190 0.6183
0.2032 0.1063 0.2785
0.0644 0.0144 -0.0149
0.4388 0.0603 0.2982
-0.4364 -0.1250 0.2017
-0.0606 -0.0881 0.0224
-0.4867 -0.3955 -0.2330
-0.2697 0.3828 -0.2132
-0.0134 0.0634 0.0940
0.0860 0.7256 -0.0700
0.0624 -0.1814 0.1237
-0.0343 -0.1043 0.0080
-0.0168 0.0152 0.2832
0.7177 -0.0709 0.0197
0.0483 -0.0296 -0.0530
-0.3916 -0.5343 0.4390
-0.0010 0.0009 0.0027
-0.3936 -0.0677 0.2460
-0.0688 0.0288 0.0342
-0.2588 0.6161 -0.1462
-0.2331 0.0707 -0.3324
0.6952 0.3927 -0.0845
0.3222 -0.0512 0.3029
-0.0185 -0.0026 -0.7940
0.1497 -0.0961 0.1380
0.1391 -0.1429 -0.6027
0.7587 0.4375 0.0104
0.3768 0.2403 0.6121
0.3841 -0.1633 0.5000
0.3524 -0.5392 0.3979
0.4138 -0.2436 0.1237
0.2413 -0.0678 -0.8256
-0.0054 -0.0048 -0.0488
0.6565 -0.4197 -0.3737
-0.2522 0.1200 0.0153
-0.3890 0.5412 -0.4139
-0.0006 0.0037 0.0021
0.2146 -0.0327 -0.2199
0.6909 0.0051 0.6941
-0.1130 -0.5141 -0.3334
-0.0693 -0.5482 -0.0029
-0.0292 -0.0461 0.0032
-0.1869 -0.2410 0.3503
-0.1517 -0.3066 0.5758
-0.0858 -0.1092 -0.2683
-0.3962 -0.6186 0.1718
-0.1481 0.0010 -0.5387
-0.0816 -0.1265 -0.2015
0.4038 0.2438 -0.4892
0.1780 0.3028 0.1302
-0.2323 -0.2201 0.4306
-0.0170 -0.0000 0.2893
-0.8539 -0.1107 -0.3101
0.0825 -0.0876 -0.7624
0.0859 0.0237 -0.9267
0.0188 -0.4369 -0.7356
0.3092 0.0731 0.0638
0.0718 -0.0168 -0.3925
-0.6748 -0.3272 -0.5064
-0.3337 0.0224 -0.0613
-0.4365 -0.1879 0.7467
0.0148 0.3612 0.1486
0.0319 -0.7700 -0.0974
0.2751 0.5892 -0.2047
-0.1031 0.0727 0.0177
0.0897 -0.0443 0.0274
-0.1079 -0.0446 0.7921
0.0224 0.0004 -0.0069
-0.0839 0.4720 -0.7213
-0.0021 0.0024 -0.6709
-0.0791 -0.2119 -0.3013
-0.1360 0.1590 0.3277
0.1546 0.1132 0.0922
0.2942 -0.1334 0.0101
-0.0530 -0.1226 0.1094
-0.3191 -0.1675 0.0960
-0.0604 -0.0657 -0.2418
-0.0036 -0.0169 -0.0820
-0.0288 0.2281 -0.2151
0.3570 -0.8774 0.2054
-0.0061 -0.0004 0.3774
0.1778 -0.1375 -0.7817
-0.1081 -0.6573 -0.2723
0.0200 -0.0000 -0.0950
-0.1361 0.3882 0.0682
0.0071 -0.0079 -0.1072
0.5463 -0.5496 0.4461
-0.1687 0.3533 -0.5088
0.2614 -0.1554 0.0953
0.5978 -0.3279 -0.2279
0.0397 0.0179 0.9094
-0.0910 -0.4322 -0.3107
-0.3520 0.0610 0.3156
0.1116 0.2074 0.3472
-0.1263 -0.2784 0.4372
-0.3169 -0.3493 0.3396
0.0633 -0.3585 -0.1679
0.1934 0.2346 -0.1928
0.0590 0.0952 -0.8357
-0.0211 -0.0339 0.1940
-0.3650 -0.3705 -0.2720
0.0013 0.0117 0.0100
-0.6077 -0.3810 0.1071
-0.0687 0.0273 0.1004
0.1547 -0.0854 -0.5423
-0.0089 -0.2277 -0.7745
0.2530 0.0414 0.2984
0.2498 -0.2301 0.6338
0.3134 0.8779 -0.1637
0.1124 0.7861 -0.3385
-0.0591 0.0155 0.7007
-0.1621 0.4472 0.6745
0.1529 -0.0517 -0.6494
-0.2422 0.2323 -0.1516
-0.0581 0.1389 -0.0794
0.4797 -0.0613 -0.5888
-0.0945 -0.0355 0.3311
0.0219 -0.1391 -0.3072
-0.5184 -0.4606 0.6604
-0.7814 -0.3703 -0.2916
-0.1775 -0.0667 -0.7504
0.1092 0.1074 0.2281
0.0816 -0.1969 0.4764
0.0019 -0.0079 0.1532
0.0208 -0.0419 -0.0801
0.0570 0.0720 0.5979
0.1367 -0.0582 0.4226
0.7604 0.4004 -0.3706
0.2902 -0.5542 -0.1433
-0.0246 -0.0062 -0.4567
-0.0993 0.0247 -0.0881
0.3626 -0.1405 0.0797
0.1859 -0.0050 -0.8364
0.2915 0.5880 0.1751
0.1714 -0.0203 -0.4318
-0.3890 0.0222 0.4536
-0.1095 0.0989 -0.1002
0.1710 0.5328 0.2483
-0.8037 0.3585 0.0908
0.1070 0.0325 -0.0032
0.1053 0.0693 -0.4976
0.1654 0.1106 -0.0682
0.3611 0.4789 -0.0858
0.1513 -0.0756 -0.0524
-0.0059 0.0301 0.0408
0.0490 0.2492 -0.3305
-0.0025 -0.0062 -0.0724
0.1272 -0.1709 0.5125
0.0833 0.1115 -0.1062
-0.0402 -0.0729 0.0205
0.0199 0.1518 0.2805
0.4246 0.5108 0.5970
-0.4359 0.2543 0.1605
-0.2830 0.1149 0.1525
-0.0176 -0.0142 0.4412
0.0461 0.0475 -0.0854
0.3435 0.4296 -0.2825
-0.0015 0.0129 -0.0189
-0.3054 -0.4638 -0.2193
0.0291 0.5355 -0.5378
-0.3996 0.2201 -0.5380
-0.0201 -0.1925 -0.0898
-0.0357 -0.2283 -0.9698
-0.0501 -0.1646 -0.3978
0.0311 0.0112 0.0088
-0.0033 -0.0009 -0.0185
0.1281 -0.8646 0.0971
-0.1314 0.3196 -0.4628
2.4739 0.1857 0.3489
2.5509 0.4665 0.2356
3.3131 -0.1420 -0.3475
2.0845 0.2145 -0.3083
3.1060 0.0550 -0.2803
3.3514 -0.1665 -0.8735
3.1977 0.2692 0.0816
2.5403 -0.1910 0.7593
2.5831 0.0702 -0.3175
3.6606 0.4085 0.0058
3.0422 0.1280 -0.0770
3.1048 -0.0548 -0.0559
3.0945 0.0962 0.7754
2.5772 -0.2217 -0.3169
2.7787 -0.7163 0.0591
2.9739 0.0018 0.2895
2.5746 0.0150 0.3618
3.9398 0.1520 0.2816
3.0455 -0.0294 -0.5495
3.1397 -0.0400 -0.1037
3.1544 -0.5450 -0.1238
2.9258 0.0755 -0.3239
3.0365 0.0542 -0.8975
2.3985 -0.1917 -0.3543
3.0652 0.2015 -0.0742
2.8582 0.1998 0.3302
2.6698 0.0691 -0.0071
3.0341 0.0444 -0.0460
2.8782 -0.0888 0.3163
3.2392 0.3731 0.2601
3.1004 0.0826 0.2338
2.6672 0.5351 0.7250
3.3849 0.5465 0.5993
3.0078 0.2192 -0.2908
2.7352 -0.0945 0.1291
2.8937 0.0453 -0.1057
3.0131 0.0135 -0.7692
3.1613 0.1162 -0.2490
2.6530 -0.2927 -0.2013
3.0286 -0.0573 0.0042
3.1314 -0.0956 0.0578
2.0540 0.1935 0.1454
3.0064 -0.0277 -0.1137
3.0555 0.1009 0.1152
3.3377 -0.0237 -0.1311
3.6458 0.3393 0.0213
2.9875 -0.0723 -0.2918
2.6030 0.0514 -0.8491
2.9181 0.0292 0.9721
2.5369 -0.0073 0.3150
3.1475 -0.1127 -0.1357
3.1332 0.3353 0.2144
2.9065 -0.0083 0.5653
2.6484 -0.1364 0.1679
3.6945 0.1546 -0.0161
3.1914 -0.2145 -0.1828
2.3560 0.1803 0.1722
2.9118 0.0201 0.2278
3.2236 0.7061 -0.2183
2.9906 0.0135 -0.0215
3.1170 0.7757 0.3822
3.0263 0.0374 0.0084
3.3120 -0.1238 -0.1290
3.0218 -0.0031 -0.3808
3.0591 0.2617 -0.2334
2.9283 0.1932 0.1733
3.0178 -0.0022 0.0803
2.9572 -0.2594 -0.6873
3.1317 0.0754 -0.8492
2.8559 0.1000 -0.6337
2.9195 -0.7263 -0.3430
3.7189 -0.2027 -0.4315
2.7966 0.1820 0.8814
3.2407 -0.1817 0.4470
3.0482 0.1647 0.2178
2.9938 -0.0179 0.0760
2.4676 -0.6040 0.2060
3.6518 -0.1982 -0.0893
2.8732 -0.0577 0.1823
2.8307 0.0563 0.2794
3.2995 0.2277 -0.5919
3.0834 0.6461 0.1510
3.0003 -0.0030 0.0199
3.0155 0.1443 -0.9758
3.0000 -0.0259 -0.0213
3.0957 0.0231 0.0607
3.1240 0.3463 -0.3835
2.9690 0.3469 0.1026
2.9070 0.3908 0.1448
3.0719 0.0119 0.1164
2.1877 -0.2178 0.0405
2.6397 -0.0716 0.0930
2.9185 -0.0349 -0.0299
3.0563 -0.1837 -0.1871
2.9652 0.6010 0.6486
3.4571 -0.0617 -0.1262
3.2922 -0.2227 -0.0824
2.6435 -0.0357 -0.2138
2.7048 -0.7394 0.5638
2.9718 0.0157 0.1771
3.2194 0.5206 0.1953
3.1613 0.5255 0.6179
3.0291 0.0988 0.6205
2.8011 0.0649 0.5599
3.1170 -0.1821 0.3764
2.9912 0.2967 0.0870
2.8805 0.0314 0.1468
2.9486 -0.2284 0.6963
3.0597 0.0655 -0.0176
3.0709 -0.0331 -0.2018
2.2533 0.5183 -0.3017
2.9758 0.0612 -0.5139
3.6944 -0.0660 0.2764
2.6260 -0.2925 -0.8121
2.9660 0.0078 -0.0698
3.5407 0.2147 0.4234
3.3522 0.0201 0.1254
2.9990 0.0003 0.6897
3.1400 0.1166 0.6994
3.0582 0.0307 -0.5875
3.3543 -0.0003 -0.0202
2.9100 -0.0910 0.0543
3.0985 -0.0553 0.2257
2.9706 -0.0029 0.2255
2.9976 0.1074 -0.2047
3.1123 0.3211 -0.8032
3.0256 0.0080 0.0507
3.0039 -0.0020 0.0126
2.3896 0.1822 -0.5785
3.0080 -0.0022 0.8675
2.8737 0.0323 -0.1298
3.0009 0.0002 0.0156
3.5906 -0.1561 0.5908
3.3215 0.0692 -0.8957
3.0166 -0.0183 0.0554
3.0256 0.1016 -0.1615
2.9921 -0.0024 0.0477
2.8818 -0.1679 -0.1964
2.7383 -0.1866 -0.1469
2.7081 -0.4452 -0.8103
2.7418 0.1177 -0.7026
3.3096 0.5346 -0.5263
2.9820 -0.0100 -0.3594
2.6249 -0.1961 -0.8461
3.0850 -0.2843 -0.6463
2.6764 0.2432 -0.2324
2.2275 -0.4947 -0.2543
3.0204 -0.0135 0.7077
2.0154 0.1381 -0.0347
3.4588 0.2265 -0.7307
3.6350 0.1554 0.5104
2.8659 0.0256 -0.3261
2.8121 0.2132 -0.8457
2.8999 -0.0201 -0.0162
3.1298 0.0548 0.6392
3.1206 -0.0299 -0.0102
3.2098 -0.0672 -0.3607
2.8583 0.3595 -0.8802
3.0250 -0.1888 -0.3316
2.8006 -0.0640 -0.4227
3.2032 -0.0521 -0.0292
3.3404 -0.1659 0.8434
3.4552 0.7240 -0.1147
3.0224 -0.0785 -0.0428
3.0225 -0.0057 0.1253
3.2392 -0.1495 0.5107
2.5457 0.1375 0.4482
3.8455 -0.1117 -0.0905
2.9385 -0.0483 0.9925
2.2411 0.2098 0.2496
3.2565 -0.4054 -0.1393
3.2152 -0.5659 0.2196
2.1253 -0.0566 0.2792
2.6697 -0.0011 0.2781
3.1095 0.0028 -0.4286
3.0001 -0.0039 -0.0010
3.1857 0.2022 -0.0962
3.1962 0.8623 0.2653
2.8756 -0.0693 -0.3276
3.0342 -0.0147 0.0382
2.6860 -0.6066 -0.0567
2.7665 -0.2025 0.2564
3.1935 0.3627 -0.9073
2.5770 -0.7000 -0.2410
2.9175 0.2378 0.2785
3.0619 -0.5170 -0.6759
3.1112 0.0679 0.1801
2.9270 0.2679 0.1577
3.0227 0.0071 -0.0968
3.5530 0.1030 -0.4765
2.8564 -0.1744 0.1271
2.5330 0.6413 0.0041
2.7469 0.3936 0.2047
3.0814 -0.0474 -0.2301
3.5254 -0.1775 0.2913
2.7654 -0.4210 -0.4332
3.1251 0.3129 0.0125
2.9935 -0.0067 -0.0353
2.8162 0.3158 -0.0911
3.0289 -0.0376 0.0292
2.1716 0.3534 -0.0369
2.9276 0.0918 -0.0543
2.9705 0.0236 -0.0556
2.9009 0.0888 -0.2327
3.1464 0.1383 -0.2116
3.8687 -0.3030 0.1473
2.9953 0.0180 0.0572
2.9857 -0.0266 -0.0886
2.7795 -0.1785 0.5559
2.7994 -0.1343 -0.3508
2.2249 -0.1395 -0.5083
3.3732 0.1983 -0.6531
2.9497 0.1070 0.0071
2.8836 0.2771 -0.1144
3.0999 0.0512 -0.6465
3.0000 0.2082 -0.0167
2.4832 -0.3878 -0.5993
2.9610 0.1680 -0.2588
2.6031 0.7397 -0.5141
3.0518 -0.2338 0.2359
2.9286 -0.0282 0.6571
2.9382 0.1210 -0.3103
3.0497 -0.0088 -0.1108
3.1010 0.2854 0.7069
3.0171 -0.0102 0.0034
3.1893 -0.5162 -0.2169
3.1420 0.1172 0.4780
3.0046 0.0196 0.0139
3.1406 0.1442 -0.1843
2.9297 0.1405 -0.1730
3.2354 0.0720 0.6034
3.4733 -0.2998 0.1649
3.2055 0.0792 0.8403
3.1973 0.0547 0.0141
2.4191 0.1037 -0.3921
3.2439 0.1312 0.3289
2.9631 0.0151 -0.1652
2.4555 0.4481 0.5192
2.5939 -0.1485 0.1689
3.2367 -0.1561 0.1833
3.1007 -0.4794 0.8218
3.0710 0.0392 -0.5258
3.0494 -0.0018 0.2939
2.8553 0.1286 -0.1069
3.4960 0.1634 0.1598
2.7526 -0.2041 0.7937
2.8593 -0.0006 -0.2173
3.2016 -0.1026 0.1164
2.7187 0.4088 0.4493
3.0165 0.7888 -0.5467
