0.0143 0.0062 -0.1562
0.0009 0.0011 -0.0110
-0.1201 -0.0369 0.8720
0.0252 0.0182 -0.0280
-0.0947 0.2325 0.5839
-0.0178 0.0979 0.0494
0.0273 0.0163 -0.2718
0.1905 0.5994 -0.2158
-0.4653 -0.5116 -0.0296
0.3903 0.2988 -0.0571
0.1574 0.7608 0.3045
0.0919 -0.5406 -0.2368
0.5987 -0.1605 -0.2868
0.1127 0.8195 0.4809
0.0121 0.3349 1.5253
0.2234 -0.2590 -0.2825
0.0049 0.0120 0.0013
0.1084 0.0985 -0.2474
0.2371 0.1227 0.3674
-0.0733 -0.2611 0.1521
-0.3637 0.6527 0.6269
0.1682 -1.1455 0.7012
-0.0548 0.0448 0.4276
0.0928 -0.2124 -0.2210
-0.0512 0.0521 -0.7606
0.3718 0.1786 0.6076
-0.5944 1.2042 -0.8045
-0.0128 -0.0591 -0.1244
0.0913 -0.0989 -0.2294
-0.0268 0.0975 -0.4498
