0.4841 -0.2082
0.8816 0.2936
-0.1112 -0.6119
0.4412 -0.5867
0.1576 0.0537
-0.3714 0.1521
-0.6569 -0.1599
0.1236 -0.2718
0.2899 -0.1269
0.8023 0.4684
0.7411 0.3935
-0.1935 0.2799
-0.2609 0.5520
0.0500 0.0456
-1.1582 1.3363
0.8396 0.4654
-0.0305 0.0417
-0.1326 -0.3431
-0.7457 0.6346
0.0006 0.0096
-1.0862 1.8305
0.6353 0.0919
-0.7107 0.2621
0.4095 -0.6377
0.1438 0.6739
-0.8361 -2.7581
-0.6169 0.5604
0.3131 -0.2220
-0.2290 0.4143
-0.0695 -0.2879
-0.5270 -0.2173
-0.6222 0.5780
-0.4115 -0.5983
2.1157 -3.5496
-0.5232 0.8360
0.6248 -0.0077
-0.1651 0.4688
-0.0964 -0.6303
-0.0100 0.6487
0.6535 -0.7490
3.2711 1.5986
-0.7657 0.5973
-1.4365 1.2567
0.2318 -0.2504
-1.3727 -0.7160
-0.2149 0.1273
-0.4448 -0.1014
0.0178 -0.3950
-0.4837 -0.3455
-1.6950 -1.6619
-2.5033 -0.6129
0.7919 0.0030
0.8413 -0.1798
0.8110 0.4773
0.0243 -0.0745
-0.2310 -0.1485
-0.2181 0.0916
-0.4743 0.6381
0.1264 0.2200
0.6146 -0.7458
0.9079 -0.3020
-0.7439 -0.1035
-0.2497 0.3765
0.4400 0.3905
0.0280 0.4953
-0.0550 0.9178
0.6451 0.4934
-3.8411 -1.2037
0.1242 -0.2151
-0.1095 -0.0255
-0.9529 -0.1393
0.0312 -0.0304
-0.2849 0.6063
0.5872 -0.1458
-0.0535 0.1687
0.9353 -0.0325
-0.4769 0.1991
-0.1947 -0.1510
0.0356 0.2181
-0.0718 0.1850
-0.1807 -0.2799
0.4132 0.5470
2.0983 1.6092
0.0988 -0.2765
0.0779 0.6547
-0.2923 0.0864
0.4650 0.0176
0.7732 0.1134
2.7286 1.1187
0.1272 -0.7894
-0.4109 0.6310
0.3567 -0.2378
0.0291 0.1940
1.0788 -0.2834
0.2318 0.0521
0.3800 -0.4026
-0.8342 0.1749
-0.7728 -0.4873
-0.2179 -0.6770
0.3965 -0.7689
-0.1755 0.1364
0.0780 0.3644
-0.2416 0.1549
-0.0414 0.0143
-0.4706 -0.2329
-0.1686 0.0113
0.4310 -0.7726
-0.4448 0.6022
-0.1378 0.3911
-0.1393 -0.9252
0.6619 -0.1842
-0.0077 -0.3707
0.7881 -0.5302
-0.4085 -0.8283
-0.2747 0.1405
-0.3717 0.0215
-0.3370 0.1159
-0.0332 -0.0479
-0.7290 0.2518
2.3015 -0.0506
0.2375 -0.1044
-0.3201 0.0474
-0.1878 -0.2631
-0.0369 0.0067
-0.1248 0.0092
-0.1934 0.7560
-0.4589 -0.0871
0.2057 0.5067
-0.1434 -0.1406
0.0172 0.0435
-0.0422 0.1771
0.6668 0.3759
-0.2137 -0.8797
0.3404 -0.4167
0.3433 0.3972
0.0535 -0.2824
-0.0034 0.0162
0.4875 -0.3452
-0.0574 -0.2455
-0.2479 0.1775
-0.0251 -0.1138
-0.3271 -0.0262
-0.0109 -0.0017
0.6099 0.5972
-0.3920 -0.3771
-3.1546 0.5182
0.2664 0.9544
-0.6811 0.5764
-0.3115 -0.4493
-0.2475 0.2304
0.6305 -0.1849
0.8130 0.0069
0.0156 -0.0284
0.0539 -0.2572
-0.4327 -0.2667
0.6402 -0.4545
0.9915 0.0126
0.7470 0.6228
0.0668 0.4677
-0.0113 -0.0036
-0.4874 -0.2180
-0.8863 -0.1220
-0.2760 -0.4139
2.4018 0.7934
0.6628 -0.3503
3.1071 0.2245
-0.1088 0.1777
-0.8109 -0.2019
-0.0816 0.2660
0.5877 -0.0070
3.7090 -0.1345
-0.4585 0.2093
0.1618 -0.8923
-0.5836 0.1027
0.2709 -0.1455
0.0474 0.1106
0.5814 0.1592
0.0196 0.2942
0.5547 -0.2741
-0.8160 0.3728
0.0160 -0.5457
-0.1096 0.5789
0.4366 0.2951
-0.3942 -0.5111
-0.8843 0.0198
-0.1384 0.1116
-2.5809 2.7476
0.2001 0.0136
-0.0422 -0.2063
0.9162 -0.2358
0.0002 -0.0484
-0.0009 0.2447
0.4921 -0.4509
0.1394 -0.1825
-0.2672 -0.9298
3.1482 -0.2776
-0.2235 0.4786
0.5230 -0.1806
-0.7443 -0.1787
0.0086 0.7732
0.6436 0.4854
-0.2688 -0.0613
-0.4479 -0.0857
0.7864 -0.5079
0.7554 0.2081
0.2872 0.3497
-0.0706 -0.1150
0.2611 -0.1302
-0.4608 0.0911
-0.1430 0.5784
-0.2628 0.0237
-0.2997 -0.5288
0.3247 -0.7509
-0.9105 -0.3753
0.4354 0.2334
0.6462 -0.0656
0.3637 0.0928
-0.3910 0.1697
-0.1726 -0.1053
-0.7039 0.0888
0.2354 -0.3945
-0.8915 -0.3097
-0.6765 -0.5868
0.6365 0.3305
0.1815 0.1699
-0.0161 -0.0027
-0.3033 0.2088
-0.0607 -0.0056
0.1401 0.1734
0.2898 -0.3478
0.3116 -0.3469
-0.0419 -0.3658
-0.3612 0.3852
0.1849 -0.4310
-0.1642 -0.0627
-0.0924 0.0066
-0.0028 0.8000
0.3616 0.3891
-0.0627 -0.0507
0.1534 0.4727
-0.2771 -0.0227
-0.4539 -0.8449
0.1605 0.3787
-1.6556 -0.5483
-0.2710 0.4456
0.6877 -0.0092
0.2924 -0.4255
-0.2979 0.0499
-0.0002 -0.2896
0.5780 -0.3911
-0.7684 -0.5217
-0.3163 0.6161
0.6767 -0.0911
0.5570 -0.5603
-0.2139 0.4719
0.5453 -0.2916
0.9795 -0.1630
-0.0457 0.4047
0.0737 0.1896
-0.8013 -0.2642
-0.0944 -0.2182
-0.5225 -0.4847
-0.4126 0.0670
-0.7944 0.1899
0.1150 0.0299
0.1615 -0.5293
-0.2789 0.7078
0.4548 -0.1427
0.0637 0.4734
-0.2134 -0.3594
0.7978 0.2801
0.0555 -0.0836
-0.4093 0.3177
0.1153 0.0371
0.6860 0.1294
-0.5715 -3.9788
-0.0191 0.9527
-0.3172 -0.8935
-0.0197 -0.1262
-0.2597 -0.4860
-0.2556 -0.4446
-0.4361 -0.0480
0.8286 0.2157
0.8001 -0.1140
-0.0188 0.1398
0.1546 0.0902
0.5481 -0.2102
-0.2554 0.1372
1.0754 -2.0578
0.0662 0.0339
-0.2722 0.8235
0.6585 0.4116
-0.3107 0.5298
-3.1538 -2.3621
-0.1447 0.2566
0.3320 -0.1235
-0.0940 0.7683
0.4793 0.6197
1.0548 3.0608
-0.1921 -0.6793
-1.0519 -1.6400
-0.0550 -0.0182
-0.0363 0.3980
-0.6551 0.0203
0.5444 -0.1950
-0.1968 -0.0080
0.5074 0.6412
0.0357 0.6171
0.1856 0.1816
-0.7980 -0.4320
0.2289 0.2518
0.1827 0.7973
0.2033 0.0286
0.1154 -0.0379
0.7569 -0.6257
0.4326 -0.5037
-0.0971 0.4912
1.7534 -1.3344
0.8536 -0.8581
2.6923 0.3746
-0.0205 0.5578
-0.7853 -0.2084
-0.8633 -0.6001
-0.0021 0.0051
0.2131 0.0136
-0.1188 0.4962
-0.0219 -0.4408
-0.0303 -0.1818
-0.1714 0.4586
0.0301 0.0881
-0.7728 -0.1524
0.0374 -0.2717
-0.2381 -0.2004
0.0380 0.0150
0.4140 -0.0658
0.2302 -0.1139
-0.6285 -0.0578
-0.8119 -0.1191
0.6766 -0.1967
-0.8592 0.0036
-0.3220 2.0996
-0.6510 -0.6532
0.1262 -0.6363
-0.2618 -0.7462
-0.4820 0.5802
-0.5919 -0.3227
-0.2546 -0.6947
0.4185 -0.5378
0.1190 0.0893
0.5400 0.2349
-0.2878 -0.2792
-0.0237 0.0280
0.8170 -0.0686
0.3276 -0.5812
0.4116 -0.8692
0.2878 0.0725
-0.1416 0.1089
-0.1799 -0.3002
-0.3981 0.3690
-0.3917 -0.5787
-0.7900 0.0811
0.0534 0.0301
-0.1045 0.3615
-0.4506 -0.6510
0.2685 -0.2468
-0.6788 0.4809
-0.2978 0.3333
-0.1254 0.4908
-0.3122 -0.0255
-0.2864 -0.7360
-0.7839 0.4896
0.0037 0.0231
-0.6568 0.2292
-0.6775 -0.3865
-0.7238 -0.6729
-0.1107 -0.6534
0.3368 0.2371
0.2969 0.3393
0.0829 -0.5820
-0.1035 -0.1066
0.4623 0.5943
-0.1447 -0.2045
-0.3209 -0.2588
0.1175 -0.5303
-0.1857 -0.7343
-1.7327 -2.0580
0.1209 -0.6660
0.7140 -0.5764
0.1881 -0.3518
1.8827 1.0359
0.6060 -0.7181
3.2358 0.0173
0.6917 0.3410
-0.7086 -0.5205
-0.2075 -0.2263
0.3497 0.0508
-0.1991 0.1807
2.6542 -1.2004
-0.4401 0.3045
-2.8411 -2.0835
-0.4727 0.7941
-0.5054 0.7954
-0.3793 -0.7197
0.0328 0.0002
2.6294 -0.6138
-0.6352 0.6606
-3.6066 -0.5257
-0.1196 -0.2409
-0.0904 0.0152
-1.2062 -0.6878
-0.0277 -0.4572
-0.1601 -0.2840
-0.4507 0.6321
0.0135 0.0178
-0.0459 0.4686
-0.0275 -0.1114
0.1152 0.7214
0.5400 0.5857
0.6544 -0.0272
0.0734 0.0828
-0.0027 0.0119
-0.3082 0.1523
0.1147 -0.9388
-0.5506 0.4390
0.3449 0.6674
-0.1837 -0.4485
-0.9772 -3.2345
-2.6272 -2.4825
0.1756 0.1185
-0.1128 -0.2665
0.6799 0.6540
-0.0027 0.0354
-1.5957 1.5367
0.0204 -0.4409
0.5269 0.4733
0.1834 0.3668
0.0728 0.7389
0.0009 -0.6463
0.4912 0.3180
-0.1182 0.7994
0.0568 2.5341
-0.4865 0.1259
0.5791 0.5358
0.9012 -0.9440
0.7228 0.0157
-0.1696 0.6052
0.3107 -0.7951
0.1275 0.9832
-0.5095 0.5269
0.0260 0.0361
0.5020 -0.8597
-0.7887 2.3837
0.3539 -0.0698
0.0146 0.2829
-0.2847 0.2174
-0.1076 0.3761
0.1280 0.4276
0.5069 -0.8346
0.5348 2.4148
-0.0983 -0.1895
0.0528 0.3557
-1.4630 1.8892
0.2956 0.2152
-0.6348 0.3336
-0.4370 0.1144
0.6188 -0.2212
0.0682 -0.4174
0.0457 -0.0785
-0.1084 0.0322
0.5708 -0.2216
0.4692 -0.2303
-0.3195 1.7949
-0.1156 -0.1412
-0.1964 0.3869
0.2443 -0.3641
0.1196 0.0777
-0.4589 -0.8773
-0.0442 -0.0202
0.5247 -0.6976
-0.0627 -0.6484
-0.6798 -0.2901
0.2658 -0.1294
-0.5033 0.5188
-0.1146 0.0344
-0.2134 0.5213
1.8727 -1.2372
0.3663 0.3461
-0.1014 -0.1561
0.1372 0.4096
0.0624 0.1149
-0.0507 0.0858
-0.0017 -0.0028
-0.4326 0.2152
0.5486 0.5998
0.1712 0.0293
0.0688 0.2010
-0.0909 0.2698
-0.0714 0.5109
-1.2761 1.6687
0.0617 0.0642
