-0.1286 0.2680 0.1705
0.0042 -0.1327 -0.0254
-0.0012 0.0067 -0.0103
-0.0685 -0.1678 -0.8966
-0.0470 -0.2843 -0.1375
0.0885 -0.0679 -0.1534
-0.2651 -0.2386 0.6696
0.3758 -0.3794 -0.2483
-0.0801 -0.4499 -0.5124
-0.0091 -0.0114 0.0180
0.0366 -0.4120 -0.0996
0.7069 0.9333 0.7723
0.0158 0.0516 -0.0669
-0.0016 0.0021 -0.6863
0.2645 0.3096 0.4727
-0.1370 0.4239 0.2470
0.4713 0.4111 -0.7544
-0.0415 0.0623 -0.0351
0.0077 0.0120 0.0109
-0.0029 -0.0640 0.9710
-0.0947 0.4625 -0.1710
-0.0916 0.1417 -0.0297
0.6086 0.6246 0.0337
-0.0301 -0.0478 0.3472
0.1430 -0.0556 -0.1913
-0.4838 0.6477 -0.0983
0.1349 0.1187 -0.2655
0.3884 0.2682 0.1963
-0.0297 -0.0369 -0.1346
0.1253 -0.1127 -0.0687
-0.1540 -1.4301 -0.3895
0.3582 0.3466 -0.3761
-0.0393 0.0158 0.1069
0.4041 0.4399 0.4240
-0.0121 0.0398 -0.2617
0.0016 0.0713 0.3839
-0.1250 -0.7211 -0.3971
-0.7321 -0.1776 -0.4212
0.1646 -0.4215 -0.3798
0.0354 0.0982 0.2507
