-0.0668 0.0899
0.3022 -0.2783
0.0036 -0.0161
-0.0132 0.0132
0.1179 -0.6366
-0.1317 0.0884
0.0293 -0.0482
0.2259 -0.0049
-0.2594 0.3678
-0.1169 -0.0478
0.4943 -0.1669
0.0394 0.0899
-0.2179 -0.1676
-0.4103 0.5917
0.3177 0.4133
0.0302 -0.0046
-0.9087 0.0832
0.0763 0.0056
0.5329 -0.4987
-0.2499 -0.9156
3.9347 -1.2762
2.8948 0.0795
3.3864 0.0779
3.5688 -0.1147
2.7649 0.4625
2.7030 -0.1222
4.1921 -0.0321
2.8502 -0.3652
3.9961 0.6352
3.3617 0.7711
1.9520 0.7571
3.2845 0.3622
3.5985 0.1005
3.4669 -0.1319
3.3327 -0.8004
3.1770 -0.4968
2.9042 0.3953
3.7746 0.1346
3.9975 -0.0984
3.4920 -0.0056
