0.1796 0.5108
0.4396 -0.2996
-0.8081 0.1987
-0.1993 0.4975
0.4417 0.7087
-0.3714 -0.3873
-2.3156 0.0468
-0.3649 0.9579
-0.5482 0.3442
-0.4664 0.6588
0.1063 -1.1523
0.4699 -0.5263
-0.5757 -0.1984
0.0968 0.1967
0.7086 -0.1085
0.0937 -0.2382
-0.4867 -0.1638
0.0759 -0.3870
-0.6934 0.2587
-1.7247 -2.3057
4.9279 -0.3117
4.1498 -0.1691
3.8398 0.0653
4.0382 -0.0062
4.0221 -0.0332
4.2124 -0.6170
3.7626 0.2398
3.7682 -0.2751
3.0255 0.1343
3.8482 -0.5900
3.6167 0.5489
4.0767 -0.0961
4.2721 0.1719
3.5409 0.0709
4.1097 0.9350
3.9744 -0.1936
2.0573 -1.9786
4.2003 0.2558
4.4404 1.8879
4.3252 -0.9273
