0.0494 -0.7733
-0.3459 0.2323
-0.0219 0.0145
0.6443 0.5095
0.6492 -0.2471
0.5737 -0.5907
-0.6943 -0.5907
0.2517 0.2773
0.5921 0.1464
-0.0454 -0.0616
-0.5464 -0.0361
0.2590 -0.1209
-0.0865 0.0379
0.4905 0.5484
0.0701 0.7794
-0.8473 -0.1729
-0.3512 -0.8051
-0.0028 -0.3327
0.1122 -0.0112
-0.3955 -0.4953
0.3942 0.0665
0.1943 -0.0936
-0.0251 -0.0277
0.1261 0.0446
-0.0416 0.2023
-0.1363 -0.0224
-0.0784 0.0177
-0.3701 0.5620
0.6442 -0.3027
-0.0624 -0.1424
0.6518 -0.4485
0.2182 0.4827
-0.0578 -0.1261
-0.2037 0.2662
0.4596 -0.4329
-0.0366 0.0475
-0.2988 -0.7331
-0.4908 0.3222
-0.6714 -0.6343
-0.5679 -0.0398
0.1387 -0.6267
0.1727 -0.7591
-0.3832 -0.3355
0.7724 0.1257
-0.1987 -0.4295
0.6266 -0.5517
0.0272 0.0713
0.0613 -0.2242
-0.6495 -0.4126
0.1648 0.0006
0.0516 -0.4564
-0.6682 -0.1579
-0.1220 0.4653
0.0420 -0.7873
0.1487 -0.0800
-0.6960 0.3781
-0.1559 0.1391
-0.5496 0.4299
-0.0136 0.0147
-0.0101 0.0089
-0.4513 0.0867
-0.3532 -0.5171
0.2940 0.4166
-0.0118 0.0084
0.3519 -0.0826
0.4888 0.4198
-0.0842 0.3758
-0.4631 -0.3430
-0.3369 -0.3876
-0.0429 0.8146
-0.7603 -0.0690
-0.2106 -0.7567
0.1849 -0.0534
0.6434 0.1277
0.2085 -0.7229
0.6344 0.1358
0.2988 -0.0816
-0.1563 -0.2721
0.0617 0.2823
0.0623 0.4131
-0.4639 -0.3161
-0.0097 -0.0139
-0.5666 -0.4627
0.3926 0.0250
-0.0370 -0.6859
0.0047 -0.0043
0.4666 -0.0247
0.0165 -0.8344
-0.1207 0.9158
-0.1041 0.1896
-0.2254 0.2156
-0.0253 -0.8976
0.2758 -0.0311
0.5194 -0.3400
0.2867 0.0159
0.8634 -0.5034
-0.0235 -0.0892
-0.5424 -0.2654
-0.0129 0.5171
0.5957 0.4628
-0.1160 0.8641
0.2469 0.2448
-0.1771 -0.1930
0.2667 0.2378
-0.1839 0.5541
0.0496 0.9833
-0.4821 0.1020
-0.6159 -0.6967
0.8044 0.3576
0.6747 0.5229
0.2928 0.4881
0.7714 -0.2895
-0.0534 0.0084
0.0009 0.0022
0.0208 0.3068
0.0660 0.5407
0.1018 -0.4179
-0.5467 0.0248
0.9578 -0.1473
-0.9184 -0.1260
-0.0832 -0.0442
0.0047 -0.0373
-0.1659 0.0657
-0.3479 -0.0688
0.8664 0.3595
0.0406 0.7907
0.2325 0.6832
-0.7932 -0.1928
0.7448 0.1674
0.7201 -0.2801
-0.3150 0.3838
-0.2664 0.2325
-0.5189 -0.5393
0.1942 0.5100
-0.1512 -0.2630
-0.1741 0.0487
-0.2338 0.3472
-0.9173 -0.2912
0.1522 -0.2286
0.0159 -0.2853
-0.0388 0.0215
-0.9707 -0.0678
-0.6040 -0.6331
-0.0163 0.3034
0.4042 0.6894
0.6708 0.3542
-0.6319 -0.7272
-0.5478 0.7220
-0.0862 0.0611
-0.0659 -0.2659
0.3043 0.3017
-0.0010 0.2782
-0.5531 0.2277
-0.5139 -0.6093
0.4060 0.5442
-0.2783 -0.2177
-0.2843 0.4863
-0.0281 0.0820
-0.3084 0.2470
0.5443 -0.8296
-0.8202 -0.1045
0.2063 0.0264
0.4377 0.4394
-0.7632 0.1284
0.5536 0.1751
0.0831 -0.8670
0.0063 -0.5141
0.1995 0.6118
0.5563 0.1517
-0.1385 -0.1932
0.1406 0.2185
0.5671 -0.1079
0.3618 0.4583
0.8159 -0.3414
0.0081 0.0497
-0.3047 0.4667
0.3411 0.6312
-0.2814 -0.4189
-0.3193 0.0930
0.6525 0.0180
-0.0069 0.0907
0.4975 0.5972
-0.6311 -0.6762
-0.0379 0.3599
-0.4699 -0.8543
-0.1037 -0.0481
-0.0856 0.5588
0.2458 0.0927
0.5970 -0.3807
-0.4179 0.6855
-0.1569 -0.3784
-0.4916 0.1524
-0.2653 -0.4925
0.1671 -0.5741
-0.0898 0.8973
-0.4838 0.3134
-0.6005 0.1716
0.3960 0.2057
-0.3854 -0.0949
0.3839 0.0434
-0.2461 0.5764
-0.7702 0.0920
-0.0457 -0.2067
-0.8178 -0.5588
-0.7798 -0.2034
-0.1034 0.4409
0.1152 -0.3409
-0.3853 0.1436
0.0006 0.0012
0.0245 -0.1247
-0.5782 0.2956
0.8182 -0.3801
0.2450 -0.5233
-0.3937 -0.5622
0.0347 0.3051
-0.3174 -0.0826
0.4124 0.2665
0.1252 0.8995
-0.5103 -0.7818
-0.0106 0.1255
0.8078 0.3113
-0.4900 0.1363
-0.0275 0.5693
0.0739 -0.6647
0.4712 0.3686
-0.0044 0.3116
0.2214 0.8378
0.4578 -0.1651
-0.2954 -0.7364
-0.1596 0.1179
0.2476 0.9298
-0.0185 -0.0233
0.2074 0.2315
0.4415 -0.1984
-0.5044 -0.6198
0.0908 0.5687
-0.1755 0.6765
-0.8162 0.4852
0.0859 -0.4426
-0.5821 -0.3309
0.5841 0.0598
0.1154 -0.0979
0.0313 0.0817
0.0818 -0.1226
0.4883 -0.5912
-0.3536 0.1810
0.6347 0.6002
-0.6221 0.5397
0.0912 -0.0652
-0.1270 0.1757
4.8541 0.9851
5.3885 0.6204
5.4926 0.5121
4.9938 0.0035
5.6473 -0.1565
4.8094 0.6939
4.4977 0.6119
4.9948 0.0061
5.1536 -0.1381
5.2980 0.1190
5.4442 -0.6228
4.6780 -0.3908
5.0154 0.3851
5.0804 -0.1361
5.2199 0.0371
5.3617 0.4640
4.9993 -0.0921
4.8644 -0.3306
4.9568 0.0429
5.0545 0.5511
4.7738 0.5526
4.2758 -0.2218
4.9968 -0.0188
4.5499 -0.2600
5.1210 -0.0114
4.9565 0.7513
4.6310 -0.0127
4.8596 -0.0642
4.8133 0.0417
5.2231 -0.7282
5.1033 -0.0312
5.8483 -0.1114
5.3868 -0.2887
5.4173 -0.1797
5.9601 0.0824
5.3309 -0.7603
5.5610 -0.2364
4.7806 0.7327
4.3832 0.6227
4.7763 0.3621
4.2072 0.1011
5.3365 -0.7683
5.0171 -0.0181
5.0582 0.1281
4.9876 0.0495
5.7711 -0.3888
4.3870 -0.0372
5.3475 0.0470
5.5265 0.0893
4.7072 0.1713
5.2387 0.5120
5.1288 -0.0184
4.1997 0.0174
4.3407 0.1044
5.0438 -0.7009
5.0205 0.1146
5.1874 -0.6349
4.7159 -0.7942
5.9905 0.0528
4.9968 -0.5018
4.8810 0.2307
4.9258 -0.6293
5.0086 0.0158
5.8673 0.4649
4.5242 0.3485
5.2200 0.6879
5.3205 -0.1604
4.9991 0.1885
4.9887 -0.1894
4.7242 -0.8197
4.6020 -0.3090
5.1018 -0.7031
5.2459 -0.4857
5.1526 0.6319
4.7146 -0.5313
4.6933 -0.8150
5.0374 -0.0388
4.4277 -0.2737
4.6856 -0.7217
4.9010 0.0810
5.1275 0.1141
5.2454 -0.3670
4.7063 -0.1161
4.5762 -0.3554
5.0213 -0.6088
5.7152 0.0457
4.7552 -0.0635
5.2015 -0.0791
4.2573 -0.2781
4.8423 0.6347
5.8117 -0.2742
5.5641 0.2734
4.8668 0.1857
5.0059 0.5161
4.9891 0.8682
4.6308 -0.5806
4.7506 0.8644
5.5027 0.0279
4.1263 -0.3761
4.3705 -0.6969
5.3784 0.3454
4.9290 0.3604
4.6019 -0.6831
5.4704 -0.1447
4.7059 0.5481
5.1102 -0.3690
5.0235 0.1556
5.3172 -0.6907
5.2328 0.6836
5.2182 0.0485
4.2544 -0.4555
4.8652 -0.0277
5.1534 -0.9676
5.2066 0.1339
4.9753 0.1806
5.0151 -0.0306
5.3418 -0.4764
4.1826 -0.5749
4.8842 -0.6171
5.1332 -0.7481
5.0622 0.5590
4.6046 0.0888
4.9619 0.1362
4.9864 -0.0133
5.5591 -0.0966
5.1135 -0.2048
4.9819 0.2873
4.9462 -0.0925
5.0005 -0.0000
4.9544 0.4219
5.9140 -0.0907
4.5616 0.5180
5.1614 0.6596
5.4810 -0.0850
5.6084 0.0528
5.0175 -0.0363
4.8590 0.1439
5.0728 0.1793
4.3962 0.0843
4.9146 0.0642
4.7584 0.1902
5.7341 0.0375
5.0327 0.0999
4.9389 0.3368
4.8190 -0.1002
4.9720 0.1131
5.1287 0.1680
5.4551 0.5371
4.2371 -0.0088
5.2006 0.3235
4.3633 -0.2562
5.0783 -0.3670
5.1006 -0.6612
4.4796 0.0443
5.5129 -0.0120
5.0647 -0.6797
4.7472 0.3011
5.1981 -0.4608
4.9516 -0.0126
5.0623 -0.3268
5.1825 0.1511
5.0573 -0.3089
5.3095 0.9403
5.3772 -0.1496
4.9853 0.4905
4.9180 -0.9907
4.8651 -0.2854
5.2773 -0.1226
4.5426 0.0741
4.8514 -0.8330
4.2421 0.5099
5.2447 -0.3474
4.6197 0.3378
5.7352 0.1309
5.8376 0.0498
4.4881 0.3691
4.8054 0.4560
5.3749 0.4973
4.9614 -0.1740
4.7448 0.3366
5.5370 0.4426
4.6972 -0.3579
4.2809 -0.4355
4.8631 -0.7230
4.7205 0.2597
4.6031 0.6288
4.9675 0.0084
4.6010 -0.1924
4.9282 0.0287
5.1207 0.2578
5.3740 0.3746
4.7235 -0.6384
5.5001 0.4345
5.0092 0.0075
4.4981 0.0595
4.9568 0.0776
5.7081 0.1194
4.1572 0.2960
5.8827 -0.3519
5.0002 0.3745
4.2604 0.5245
4.9057 0.1744
4.8278 -0.0621
5.1722 0.5711
4.6961 0.6202
5.1455 0.0139
5.5912 -0.5559
5.1182 -0.4526
5.1683 0.2706
4.8011 -0.1162
4.7898 0.4389
4.7960 0.3280
4.8796 0.1257
4.9094 0.0326
5.3591 -0.4833
4.8951 0.6144
4.4494 0.6851
5.8254 -0.2741
5.2295 -0.2591
4.6608 -0.3188
4.1137 0.0623
4.9814 -0.0779
5.5957 -0.4341
4.9224 -0.6892
5.2036 -0.0301
4.2409 -0.3284
5.2106 0.1429
5.0002 -0.0262
4.6652 0.1793
4.7930 0.4952
4.5758 -0.7319
5.2446 0.6864
4.4487 -0.1279
4.1079 0.4081
5.0290 -0.0179
4.6318 0.3166
5.5911 0.4852
5.1042 -0.1269
4.7085 0.3202
4.1648 -0.2122
4.5097 -0.1254
4.9960 -0.0134
5.4567 -0.2929
5.4096 0.0061
5.0420 -0.2670
5.0868 0.0196
4.7769 -0.3789
5.1575 -0.3361
5.0178 -0.0272
4.4151 -0.1770
