-0.5151 0.5584
-0.9673 -0.2352
-2.5341 -0.3284
-0.0623 -0.0550
0.9125 0.2359
0.9605 -0.1324
-0.6738 -1.8772
0.4389 0.0304
-0.7009 -0.5582
-0.2720 -0.5060
0.2703 -0.2209
-0.7122 -0.5856
0.0102 -0.3743
-1.9541 0.7812
-0.0032 -0.2339
-0.4545 1.8839
-0.0208 -0.0094
1.4081 3.4807
-0.2027 2.1469
-0.0084 -0.0004
-0.1311 -0.2602
0.9418 1.8411
0.2465 -0.0419
-0.1667 0.1916
0.1562 -0.6283
-0.4006 -0.6229
0.1576 0.7264
0.5214 -0.6127
0.5119 -0.0749
0.4321 -0.4225
-0.0774 0.4520
-0.2487 -0.0119
-0.0124 -0.7432
-0.2116 0.7625
0.1970 0.0678
-0.4935 -0.0287
0.0219 -0.3346
0.3256 -0.6076
-0.3697 -0.3431
-0.1533 -0.0630
0.0207 -0.2849
0.2792 0.2235
-0.3200 0.3614
-0.0332 0.0800
-0.9516 -0.0091
-0.8293 -0.2078
-0.3649 0.3140
0.4136 0.7470
-0.7374 0.2658
0.3026 -0.1483
