0.0209 0.1831
-0.2661 0.1099
-0.5892 0.4637
-0.0105 0.2639
0.1702 0.8847
0.2352 -0.4153
-0.3886 -0.2047
0.9191 0.2499
0.0089 -0.2190
-0.5157 -0.1032
0.0452 -0.3389
0.5710 -0.5793
-0.7511 0.3043
0.7210 0.4936
-0.2473 0.0994
0.1779 -0.0768
-0.6786 0.2686
-0.2342 -0.5074
0.3052 -0.3864
0.3487 0.8881
0.0817 -0.9144
0.0621 -0.2803
0.2628 0.8594
-0.5325 -0.5939
-0.7340 -0.2643
-0.0223 -0.2327
-0.0828 -0.0796
0.4314 0.4078
0.0618 0.1450
0.1177 0.3872
-0.6568 -0.0856
-0.5987 -0.0728
-0.0636 -0.4652
-0.2946 -0.4581
0.3629 -0.2280
-0.1364 -0.3751
0.7025 0.2313
0.3314 -0.5282
-0.4204 0.1771
-0.5336 -0.1709
0.1437 -0.9294
-0.0542 -0.1781
-0.3228 0.4552
0.6869 -0.1831
0.1163 -0.1758
0.1638 0.0712
0.7024 0.2042
0.5264 -0.7840
0.2776 0.2804
-0.0993 0.1140
0.4044 -0.1213
0.4142 -0.3000
-0.0546 -0.7155
-0.6127 -0.3616
-0.2631 -0.0007
-0.9948 0.0530
-0.3937 -0.0533
-0.0102 0.3479
-0.6680 -0.1921
-0.0607 0.1206
-0.8323 -0.2975
-0.5861 -0.1755
0.4958 0.6719
0.8804 0.2097
0.3631 0.3170
0.3260 0.2243
-0.0796 -0.3495
-0.2216 0.6560
0.2229 -0.2135
0.2467 -0.6243
-0.0033 0.1598
-0.3133 -0.0338
0.1033 0.6454
0.6243 -0.0890
-0.0665 -0.0639
-0.2561 -0.2274
0.1025 0.4635
-0.0120 0.4374
0.6691 -0.3390
0.0910 -0.0534
0.1735 0.5137
-0.3486 -0.2768
-0.0497 -0.1224
-0.0848 0.9337
-0.7401 0.2545
-0.4623 0.1470
0.3225 -0.4222
-0.5364 0.3205
0.9024 0.3894
-0.3185 -0.0631
-0.0978 0.0036
0.5404 -0.0039
0.0646 -0.0461
0.2674 0.1150
0.5881 -0.1953
-0.5684 0.7103
-0.0307 0.0302
-0.0535 -0.0201
0.4486 0.1182
0.2844 0.5562
2.5336 0.0498
2.2386 -0.2419
2.4789 0.4987
2.7501 -0.8606
3.0809 0.3152
2.6966 0.7836
2.1982 0.9111
2.5736 -0.0630
2.8431 0.1092
2.9939 0.4454
3.3894 0.1671
2.0334 -0.8363
2.5350 0.1923
2.2783 0.2447
2.4397 -0.1851
2.6980 0.1486
2.4828 -0.0071
1.9843 0.6320
3.3390 0.3096
2.7226 -0.0182
2.2159 0.1314
2.4346 -0.1013
3.3439 0.1701
2.1105 0.6839
2.1813 -0.0501
2.6423 0.3880
3.2518 0.3672
2.3899 -0.4363
2.0281 -0.2530
2.7180 0.8525
2.2063 -0.8842
2.3222 0.0789
2.1944 -0.0071
2.4397 0.9435
2.2492 0.3716
2.7868 -0.8618
2.3059 -0.8460
1.7577 0.1339
3.1668 0.6223
1.9232 0.0784
1.9998 -0.8005
2.6734 0.4340
1.7895 0.3387
2.8360 -0.2896
2.8980 0.5162
2.8251 -0.0580
2.5230 -0.0189
2.5151 0.0149
1.8606 -0.4502
3.0469 0.6371
2.4443 -0.0463
3.1439 0.4663
1.9462 -0.4587
2.2393 0.5520
2.7877 0.6185
1.7526 0.5575
2.3512 -0.3970
1.9059 0.0606
2.7227 0.4749
2.1589 0.0143
2.1276 0.1484
2.4961 0.0093
2.9545 0.1714
2.2648 -0.7936
2.4878 -0.0092
2.4741 -0.0371
2.6749 0.4468
2.6330 0.0588
2.4525 0.1558
2.5196 0.4261
2.3535 -0.2886
3.3326 -0.3383
3.0158 -0.2274
2.9248 -0.4229
1.7079 0.0092
3.3046 -0.3490
2.5678 0.3753
1.7219 0.3160
2.8998 -0.2036
2.6098 0.2359
2.3310 0.0439
2.3256 -0.4591
2.3430 -0.4166
2.6264 -0.8607
2.5965 -0.1612
2.8473 0.1117
2.4726 -0.0018
2.0355 -0.8510
2.3114 0.0372
2.9368 -0.7151
2.9762 -0.3472
3.1456 -0.2688
3.2681 0.2316
2.6871 -0.2323
2.3695 0.8447
2.8858 -0.0622
2.3322 -0.2899
1.6686 0.2616
2.1002 -0.7488
2.5365 -0.1326
