0.1978 0.3182 -0.3457
-1.6784 0.2113 -0.3500
0.0103 0.1094 -0.1717
-0.2137 0.5510 -0.2310
0.0819 -0.2839 -0.1168
-0.7014 0.3387 -0.4613
-0.0090 -0.0100 -0.0558
1.3515 -0.2350 1.2360
0.3130 -0.3847 0.3442
0.4689 -0.5132 0.5278
0.4057 -0.2671 -0.5301
-0.3540 -0.2117 -0.0112
-0.0108 0.0083 -0.0667
-0.0011 0.0015 0.0153
-1.1611 0.1805 0.5217
2.7810 -0.2201 -0.4688
2.9997 0.0001 -0.0006
3.0841 -0.0963 0.2831
1.2232 -0.7364 -0.1977
3.4321 0.0878 0.1156
3.3172 0.3812 0.4302
2.8937 0.0088 0.2894
3.0889 -0.1075 -0.0597
3.7258 0.0288 0.3329
3.4342 0.1742 -0.6901
2.9621 0.1896 0.0853
2.4898 -0.1326 -0.1878
3.0426 0.0305 0.3608
3.0034 0.0508 0.0290
2.9660 0.0349 0.0048
