-0.0064 0.0843 -0.1054
-0.2231 0.2605 0.9275
0.1026 -0.1076 1.0154
0.0545 -0.0848 0.2490
0.0147 -0.0643 -0.4450
0.0607 -0.0419 0.9172
0.3746 0.0036 0.4985
-0.0538 -0.2373 -1.0836
-0.0005 -0.0034 0.1100
0.2810 -0.7199 -0.9082
-0.1753 -0.0090 -0.1783
-0.1802 0.2255 -0.0396
-0.1831 -0.0231 0.1611
-0.0898 0.1906 0.6667
-0.2302 -0.2946 -0.0930
0.3840 0.5809 -0.5770
-0.0266 0.7421 -0.1478
0.4211 -0.8306 -0.2106
0.1140 0.2520 0.2510
0.9225 -0.3564 -0.0649
0.0027 -0.0858 0.0984
-0.0066 0.0033 0.0051
0.1253 -0.6211 0.7875
-0.7466 -0.0364 -0.0509
-0.4999 -0.2441 0.0961
-0.6090 -0.0880 0.3745
-0.0680 0.0283 0.2369
0.1441 0.1856 -0.0645
0.1005 -0.7385 0.1204
-0.0352 -0.3278 0.6862
-0.1110 0.0480 0.0852
-0.0018 0.0455 0.2228
-0.4059 -0.2788 -0.3549
-0.0314 0.0283 0.2556
-0.1169 0.1144 -0.2353
-0.0160 -0.0070 0.4388
-0.3812 -0.0513 -0.5221
0.3998 0.1361 -0.6322
-0.2118 -0.8164 0.2706
-0.0619 -0.0179 0.4700
0.1044 0.0552 -0.8213
0.1249 0.1094 -0.8013
-0.0917 0.0225 -0.3665
-0.1806 0.7278 -0.2487
0.4153 0.0406 0.1736
-0.2982 0.2520 0.9772
0.1172 -0.3286 0.1222
-0.6829 0.4605 0.6379
0.6762 -0.4604 0.4013
0.7641 0.6826 0.4027
