0.2973 -0.0000
-0.2862 -0.6112
0.5474 -0.6881
0.1011 0.1264
0.1408 -0.5186
0.1462 0.0671
0.0208 -0.0435
0.3284 0.6164
-0.9019 -0.2895
0.3551 -0.2252
-0.1364 -0.5276
-0.2797 0.6558
0.8297 0.5219
-0.5431 -0.7129
0.0997 0.2056
0.2493 -0.3304
0.2680 0.2917
-0.8907 -0.3906
0.2583 0.0382
0.6363 -0.9375
2.4978 0.0044
1.5988 -0.1713
2.5186 -0.1760
2.5355 -0.0137
2.3723 0.7443
2.1760 0.2232
2.5030 -0.0071
2.7891 0.5231
2.6179 -0.9003
3.0082 0.3275
2.5192 -0.0725
2.8817 0.8853
2.3960 0.0956
2.6778 -0.0953
2.3936 0.1995
3.0763 -0.0645
2.8337 -1.4031
3.2448 -0.0727
2.1887 -0.7361
2.7148 0.4482
