-2.979383426734274684e-02 3.698364539080873509e-02
6.342792729514168393e-01 4.374563724976732182e-01
-1.576841050847098968e-01 -1.513687610769353098e-01
3.948642534182566499e-01 -8.498141469779869617e-01
-1.288879090813424208e-02 -4.143307633275180452e-02
-2.655889739479602718e-01 -9.338220423629076117e-02
1.934424579312183645e-01 -1.691976165246074637e-01
-5.889610643835293535e-01 -3.350047372022009196e-01
-3.365825848434120249e-01 2.302521587678463544e-01
-4.828930007903797228e-01 7.101008180058479557e-02
-7.416800986743089796e-02 -6.009495943131671833e-03
-2.619767143759295647e-01 1.382070122225484976e-01
-6.711657517456088851e-01 6.561698124974888469e-01
3.627363729314043161e-01 -8.698105780308162949e-01
-3.746845322150436086e-01 -2.768626422516323737e-01
9.244901028943922072e-02 -1.169801787668482140e-01
-1.126029119391932197e-02 6.693004775870359246e-02
-2.604867806437550781e-01 -1.431291085190214696e-01
-3.225578041053559497e-01 7.176582993237725638e-01
5.018072662578436649e-01 7.736151178425986208e-01
-9.210675193155903884e-01 -3.542438179580639224e-01
1.527407535338990430e-01 8.964314307014269456e-01
-1.165475749431117286e-01 -7.195931324190164569e-01
-5.787804430160160551e-01 5.464275979975181663e-01
-2.382747328321261071e-01 3.754318161986967550e-01
4.771807778954854917e-02 2.917994606337435265e-02
7.553927223826019111e-01 -8.745964305533013294e-02
2.281865041904493629e-01 8.469878039743229670e-02
-2.796873852590599507e-01 2.138902728890602345e-01
4.828439257817540575e-01 -9.087043297255437135e-02
4.567064777959873867e-01 7.896415112783650159e-01
-1.568221492273157202e-03 1.317605327076540600e-01
-3.634480546874835349e-01 6.078216712993389503e-01
-5.129086933849872354e-01 -7.918999211757172807e-01
-1.079410012745153219e-01 9.269558992387220975e-02
2.497436662399342977e-01 -2.496369911054170665e-02
3.738385762927318723e-01 1.755418406346833937e-01
1.250540162377954470e-02 -6.386707404939177823e-02
-1.474947531708781234e-01 8.672197981630834773e-01
1.495798290245898277e-01 -6.361877050955166979e-01
1.846294313417268518e-01 1.920339680632171253e-01
-6.778673509527632923e-02 -1.289144347916764410e-01
-1.713530507146248383e-01 -1.233288898594112198e-01
2.371221011429925155e-02 6.888805799228571447e-02
-8.306399916291766772e-01 4.220451386260430926e-01
-4.774336758474621578e-01 4.389280232565394985e-02
-1.313062092616119614e-01 1.234906960287757982e-01
5.471954165617193278e-02 -2.306653803600343111e-01
6.306309931375017053e-01 1.067554374440423531e-01
7.346215457898509493e-01 -5.242087470614876371e-02
4.120695482231452544e+00 -6.036124513376491842e-03
4.720911256031722125e+00 8.584864082950727227e-01
4.953134668254324247e+00 3.885862162168978173e-01
4.629663311947308735e+00 -8.954915296170620070e-03
3.801700833768179688e+00 1.861191141403572280e-01
4.519808815183366413e+00 5.447993620009079496e-01
4.274293349223740712e+00 3.900545201748044088e-01
4.338411395337612220e+00 -3.914153307934339909e-01
3.802501228152981305e+00 -5.923590006829456689e-01
3.694539669891700573e+00 2.352633314313408441e-01
4.890036243126512083e+00 -9.351092924435598641e-02
4.111650877166213469e+00 1.017099146879573979e-01
4.462275001403476438e+00 1.695163053067921533e-01
4.723121756048926478e+00 9.878490390912708641e-02
3.852234953969751352e+00 1.526521981503541903e-01
4.207162863581261902e+00 1.090406351886751522e-02
4.112684554390942715e+00 -1.892444905910574959e-01
5.057965974027116118e+00 3.324875209908206841e-02
4.295587771805205790e+00 1.062274477715661331e-02
4.417783576188532457e+00 -3.633590528338518505e-02
4.540053422084197265e+00 4.942950953576235595e-01
4.026926425245386909e+00 6.156462477821577073e-01
4.778274397428097231e+00 -3.568953795510304006e-01
3.848761354794298484e+00 3.651664785436314897e-01
4.978383557215249056e+00 2.431051176144630177e-01
3.922283870441225062e+00 4.349155040258189109e-01
4.469680667696196430e+00 -1.313843824210135236e-01
4.680764421043677181e+00 1.120790324334778737e-01
4.230795769263349548e+00 9.575163082754092336e-01
4.502839362147154745e+00 -1.068938894911452414e-02
4.669589655914743176e+00 -7.046648468208801530e-01
4.430351203249801806e+00 -1.424153593309210875e-01
4.934448032622934299e+00 5.406473757008952719e-01
5.358221238080846938e+00 3.167821995577838057e-01
3.901458558960638090e+00 2.985928435268777603e-01
4.791392810947649572e+00 4.376263800314979246e-02
4.506940847825672947e+00 -1.422332872040040332e-03
4.337759655737817077e+00 6.889553324237378540e-01
5.153385118123591013e+00 6.559784667194991092e-01
3.661407160318741916e+00 -3.505062359134764050e-01
4.129934584549149079e+00 -1.022363632744923284e-01
3.925566226783548274e+00 9.705408603274050250e-02
3.691122562097687965e+00 2.280141807655704511e-01
4.121297972881168725e+00 -4.193208278581226911e-01
4.756183977096936744e+00 3.139463052670452003e-01
4.849738031419601469e+00 8.684390816085622022e-01
4.614599957147328624e+00 9.119569319039216859e-01
5.245316244099497816e+00 4.041780457557330175e-01
4.916216952367366666e+00 -7.143570604598521445e-01
4.907623795145358514e+00 -8.525890351890965668e-01
