-0.0211 -0.0056 0.0402
0.0219 -0.1693 0.2635
-0.0828 -0.8253 0.3885
-0.4020 0.4025 0.0135
0.0866 -0.0641 0.7768
-0.0279 -0.0523 -0.0143
0.3865 0.0771 -0.6923
0.5774 -0.3443 0.1424
0.4201 -0.3248 -0.0467
0.0022 -0.0063 0.4219
0.2234 -0.2878 0.5165
-0.2150 0.1571 -0.3490
0.1106 0.5715 -0.4793
-0.0328 0.0493 0.0744
-0.3102 -0.6250 -0.2665
0.1223 0.0674 -0.5890
0.0882 -0.1755 -0.0047
0.2959 -0.2482 0.0838
-0.2450 0.2162 0.7139
0.7513 0.5128 0.0009
0.1551 0.1352 -0.9739
-0.1975 0.6411 0.0775
0.0084 -0.1205 -0.6024
0.0814 -0.2462 -0.7822
-0.4424 -0.4533 -0.2391
2.1175 -0.3201 0.4106
2.1023 -0.6742 -0.0543
1.3748 0.3642 0.2502
1.7609 0.2556 1.0252
1.9396 -0.4498 0.4488
2.0324 0.0569 0.0815
1.9997 0.0008 -0.0077
2.0496 -0.3383 1.0973
1.9780 0.0759 0.1151
1.7506 -0.1145 -0.7794
1.4513 0.0011 -0.3666
1.9305 0.0534 -0.5755
1.9660 -0.0443 -0.0100
1.9989 -0.0027 0.0059
2.4313 -0.4237 0.3104
1.8310 -0.1030 0.2559
1.9346 -0.0103 -0.2564
1.9879 -0.0532 -0.0042
2.1731 0.3550 0.1110
2.0325 0.0425 0.5683
2.1984 -0.1553 0.1289
2.0143 0.0099 -0.0254
2.0099 0.1078 0.0506
1.4432 0.1045 0.0953
1.9388 0.0429 -0.0340
