0.3233 0.1806
0.3402 0.7772
-0.7525 -0.5170
0.1423 -0.5114
0.0727 -0.1011
-0.5909 0.3082
-0.8828 -0.1899
-0.7809 -0.0469
0.4378 -0.2998
-0.0500 -0.0407
0.3121 0.2416
-0.4825 -0.1123
-0.1680 -0.7834
-0.0109 0.1449
0.5110 -0.3196
0.0158 0.6134
0.5258 0.7915
-0.0736 0.3242
0.7090 0.1977
0.1215 0.5651
-0.2311 0.7626
-0.0093 0.2043
0.7878 0.1258
-0.6507 0.6927
-0.5786 0.2753
-0.3568 -0.0909
-0.3620 0.1727
0.2147 0.5878
0.4315 0.3421
-0.0667 0.1841
-0.0947 0.6598
0.0023 -0.0009
-0.1083 0.1864
0.1678 -0.5284
0.1642 0.2461
0.0968 0.2422
0.2620 -0.4588
-0.4474 -0.7821
-0.1787 -0.6254
0.1172 -0.7266
-0.0006 -0.2249
-0.2944 -0.4773
-0.4811 -0.0674
0.0796 0.0076
0.6935 -0.4372
-0.0308 -0.0245
-0.1375 0.4388
0.4029 0.6040
-0.7217 0.0654
-0.0932 -0.7837
0.2556 -0.4768
0.8381 -0.4733
-0.5360 -0.6310
-0.1089 -0.0701
-0.0944 -0.6855
-0.1602 -0.5396
0.1698 0.0084
0.3894 -0.3036
-0.1900 0.8552
-0.0332 -0.0868
0.7360 0.3122
-0.2487 0.2411
0.7787 -0.4234
-0.0003 -0.0018
0.4887 -0.4793
-0.1797 -0.1158
0.1236 -0.1288
-0.2888 -0.7261
0.2550 -0.2917
-0.6620 0.6384
-0.2471 -0.4459
0.1233 0.0924
0.1078 0.1368
-0.0396 -0.0500
-0.2050 0.0576
-0.0442 0.3704
-0.6339 0.1709
0.2336 0.3992
0.0521 0.4971
-0.1832 0.3232
0.1960 0.5797
0.2754 -0.1203
0.3174 0.3022
-0.0423 0.6606
-0.0764 -0.6569
0.6503 -0.3670
-0.4298 0.1655
0.5515 0.7365
-0.9274 -0.3364
0.7332 0.0621
0.3993 0.0581
0.0378 -0.2022
0.1600 0.6434
-0.4474 0.3362
-0.3441 0.5157
0.0546 0.0080
-0.9231 0.3516
0.4326 0.6280
-0.2683 -0.0240
-0.2101 -0.6248
