-0.0309 -0.0585 0.4342
0.4996 0.2040 0.4783
-0.1501 -0.8535 -0.2754
-0.0390 0.2772 0.2841
-0.3596 0.1951 0.6874
0.1159 -0.0936 -0.3021
-0.3319 0.1724 -0.0811
0.5405 -0.1517 -0.7757
-0.0119 -0.3258 0.2710
-0.0190 -0.0019 0.5117
-0.0285 -0.0334 0.3920
-0.0150 -0.0546 0.1081
-0.4838 -0.2615 -0.6790
0.2107 -0.0719 -0.0881
0.0034 -0.0033 -0.0178
3.2061 -0.2474 -0.4152
3.2573 -0.1446 -0.4695
3.6988 0.1576 -0.5036
3.4963 0.0031 -0.0254
3.2910 1.5038 -1.7027
3.3675 0.0166 -0.0404
4.1988 0.0451 0.6935
3.2887 0.1007 0.2805
3.5519 -0.1419 0.0690
3.4234 0.0388 0.7348
3.7362 -0.3566 -0.0693
3.6389 -0.0783 -0.0075
3.9657 -0.3475 -0.1634
3.8588 -0.0813 -0.5908
3.3331 -0.1453 0.6213
