0.7240 -0.0977 0.4227
-0.4793 0.1699 0.2300
0.0189 0.1450 0.1299
-0.1545 0.0661 -0.0948
-0.0407 0.0403 -0.0712
-0.0022 0.0001 -0.0095
-0.4763 0.3402 0.2726
0.0138 0.0029 0.0164
-0.3991 -0.1949 0.7747
-0.3714 0.5335 0.0265
0.0156 -0.0056 -0.0722
-0.5868 0.2871 -0.1488
1.3443 0.1277 2.7826
-0.1376 -0.1599 0.5834
-0.2495 -0.4346 0.6867
0.0035 -0.0313 0.8958
-0.0064 -0.0035 0.0094
-0.1842 0.2373 -0.3107
-0.5693 -0.1036 0.0748
0.0889 0.0457 0.0958
-0.1166 0.0334 0.0429
-0.0159 -0.0655 -0.1457
-0.1849 0.4970 0.4091
0.0517 0.0340 0.5007
-0.6335 0.0049 -0.0563
0.1581 0.1767 -0.2825
-0.0997 0.0181 0.0519
-0.0106 -0.0231 0.0527
0.0044 -0.0015 0.0258
-0.1207 0.0676 -0.1166
-0.4026 -0.3315 -0.1634
0.0422 0.1330 -0.3870
-0.0736 0.0301 -0.8514
-0.3949 0.1616 0.1610
0.4526 -0.0186 0.0116
0.3339 0.5042 -0.6574
0.6361 0.4494 -0.3786
-0.0042 -0.3954 0.0001
-0.0888 0.4018 -0.7961
-0.0310 0.1973 -0.4382
-0.3715 -0.0255 -0.5820
0.0130 0.0445 -0.0416
-0.0603 -0.1007 -0.6172
0.6852 -0.2781 0.2481
-0.3463 -0.0338 -0.0103
-0.0302 -0.5860 0.6574
0.0344 -0.0255 -0.1404
-0.4485 -0.4334 0.2358
1.1176 0.7108 2.3466
-0.0495 0.0218 0.0972
-0.0523 -0.3489 -0.4482
-0.2270 -0.1794 0.8541
0.1972 0.0702 -0.3806
-0.0103 0.0023 0.0613
-1.5117 -1.9935 1.4389
-0.0564 0.1902 0.2315
0.9911 -1.6789 0.0503
0.1207 -0.0011 -0.3052
-0.2679 0.1489 -0.3901
-0.1934 0.4178 0.5592
0.0738 0.3288 -0.0361
-0.0437 -0.0231 -0.0082
0.2602 0.0960 -0.9570
0.6088 -0.3293 0.0022
-0.1211 -0.1704 0.0790
-0.2920 -0.2500 -0.4678
-0.4358 0.3966 -0.3370
-0.0736 0.1145 -0.5569
0.1971 -0.1202 -0.8475
0.3354 -0.4129 0.1565
0.2623 -0.5420 0.5611
-0.4581 0.1042 0.0190
0.0829 -0.1807 -0.7236
-0.5620 -0.0243 0.3502
-0.0754 -0.0171 0.0825
-0.2063 -0.0130 -0.5399
-0.0378 0.1480 -0.3773
0.0123 -0.0015 -0.0100
-0.2105 -0.1209 0.4207
0.2706 -0.0903 -0.1118
-0.0687 0.7213 -3.1083
0.3378 0.1315 0.9087
-0.3755 -0.2768 0.7287
-0.3816 -0.1642 -0.0963
0.4619 0.2497 0.1015
-0.0033 0.3032 -0.3797
-0.7090 -0.2805 -0.1183
0.3358 -0.0612 -0.8987
-0.0997 -0.0114 -0.1077
0.5957 0.3079 -0.1041
-0.0674 -0.0023 -0.0531
-0.1541 -0.0159 0.0226
-0.0020 0.0031 -0.0161
-0.1739 0.0688 0.1439
0.3433 -0.0785 0.7912
0.4364 0.2275 -0.1075
-0.0306 -0.0136 -0.0634
0.4484 0.5310 0.1400
-0.6759 0.1263 -0.3016
-0.1971 0.4018 0.3107
4.4964 -0.0022 0.0014
3.9613 0.6853 -0.2857
4.3765 -0.0267 0.2700
4.7419 -0.3211 -0.2961
4.7314 0.0614 -0.7236
4.6460 0.3824 0.5171
4.5933 -0.6810 0.1564
5.3608 0.0462 0.3100
4.4370 -0.0012 0.2003
4.5453 -0.0412 0.8447
4.0815 -0.7522 0.1650
4.4600 0.1181 -0.3147
4.5486 0.4751 -0.3588
5.0285 -0.3882 0.0662
4.9249 -0.0872 0.6298
4.5839 0.1445 0.6394
4.4530 0.0009 -0.1920
4.4995 -0.0912 0.0871
4.5216 -0.1558 -0.0781
5.0533 -0.1646 0.1351
4.8258 -0.2978 0.4656
4.4397 -0.0066 0.8704
4.5260 0.0195 -0.5851
4.9720 -0.2644 0.2448
4.9508 -0.0827 0.1672
4.5423 0.1799 -0.0833
4.6354 0.0130 -0.3841
5.0752 0.1230 -0.7466
4.7767 -0.1515 0.0430
4.8173 -0.5498 0.0666
4.4599 0.3971 0.2144
4.7631 0.5651 -0.2687
4.5151 0.1364 -0.4258
3.6692 -0.3555 -0.1855
4.7362 0.2156 -0.3090
4.2694 0.1108 -0.1455
4.6509 -0.2443 -0.3394
4.6653 0.2510 -0.6735
4.9422 -0.0613 0.4026
4.5401 0.0485 -0.9965
4.6393 -0.0215 0.0191
2.7589 0.9722 1.1907
4.9218 -0.7562 0.2119
4.2661 0.2049 -0.7032
4.4906 -0.0114 0.0744
4.6204 -0.4742 -0.3749
4.4936 -0.0050 0.0399
4.8126 -0.0678 -0.5409
4.4975 0.1457 0.8675
4.3628 -0.1390 -0.0122
4.3814 -0.0309 0.0991
4.8245 -2.5039 2.4044
4.3943 -0.5020 0.5810
4.5036 0.0015 -0.0015
4.5153 0.0106 0.1251
6.4499 0.2906 1.8953
3.7806 -0.2958 -1.6996
4.5337 -0.0092 0.5572
5.3117 -0.1058 0.4802
4.4165 0.2705 0.0059
4.5029 0.0028 -0.0120
4.9847 0.5421 -0.2778
4.7267 0.0774 0.8386
4.5299 -0.0724 0.7036
4.1123 -0.5375 -0.3482
4.2515 -0.1529 -0.8566
4.0037 0.2276 0.4727
5.0481 -0.4999 -0.0353
4.5771 -0.0935 -0.1364
4.9992 0.2643 -0.3405
4.7380 -0.1456 -0.1265
4.5256 -0.0595 -0.2064
4.1367 -0.3750 0.2404
4.4998 -0.0003 -0.0122
5.3638 -0.4462 0.1872
4.8166 0.4072 -0.0760
4.7034 -0.0906 -0.8454
4.1449 0.3745 0.7170
4.8758 0.5818 0.3934
4.1113 0.2648 0.4252
3.3949 0.8853 0.1608
4.5277 -0.2307 0.0552
4.4623 -0.0269 0.1756
4.4629 -0.0007 0.0360
4.2345 0.2418 0.8238
3.9856 0.0470 -0.1521
4.5645 -0.0841 0.5708
4.3809 -0.0849 -0.1772
4.4156 0.1179 -0.7018
4.4440 0.0216 -0.4487
4.4658 0.0140 -0.9047
4.4028 -0.0980 0.5963
4.0367 -0.1712 -0.0873
4.3786 -0.0586 -0.4146
3.9317 0.2326 0.6359
4.4143 0.0677 0.4459
4.6700 0.0036 0.1818
4.5111 -0.0053 0.0054
4.8470 -0.5631 0.2121
4.8855 0.2185 0.1611
