0.5056 0.4574
1.0926 -0.1219
-0.3108 -0.5987
-0.0356 -0.5172
0.7427 -0.2596
0.6392 -0.5259
0.4977 1.0095
-0.1173 -0.1440
-0.4612 -0.6979
0.9276 0.5207
0.5559 0.7710
0.8756 0.0296
-0.2854 0.3688
0.1415 0.3574
1.1357 -0.3265
0.4052 -0.4211
0.7950 0.0967
0.1404 0.2280
-0.0155 -0.0727
-0.3093 0.7325
0.8058 -0.7123
0.3788 -0.7724
0.3157 -0.8180
0.0542 -1.0752
0.3969 0.2283
-0.5450 0.2667
0.6752 0.6110
-0.2931 0.1713
-0.0564 -0.0443
0.6569 0.1542
0.0090 0.0085
-0.7519 0.9238
0.1272 -0.1820
0.1873 0.2780
-0.5197 0.6586
-0.1460 0.0521
-0.2009 -0.3527
0.0431 -0.0059
0.3467 0.0692
-0.3515 0.1002
0.3879 -0.2189
-0.0929 -0.1696
-0.3729 0.0954
0.1368 0.5008
0.3018 0.4300
0.3495 -0.2132
0.2079 0.1015
0.2316 0.5405
0.1644 0.3669
0.6688 -0.1530
0.6117 -0.4630
-0.8620 0.3655
-0.7026 0.5329
0.0350 -0.8295
-0.6859 -0.1036
-0.8389 0.6564
0.0100 0.4049
0.0063 0.6399
-0.5320 -0.2287
-0.4781 0.8510
-0.1402 0.7791
-0.0029 1.1484
-0.0435 -0.2246
0.2645 0.1260
-0.0542 0.2713
0.0200 0.1011
0.2509 -0.7508
0.3419 0.0919
0.1562 -0.5573
0.2312 -0.9358
-0.4471 0.1856
-0.3181 -0.3541
0.5682 0.6735
-0.6580 0.5265
-1.1871 -0.0299
0.1508 -0.2267
-0.8256 -0.3432
0.1648 -0.5542
-0.7140 -0.3161
0.5029 -0.3352
0.6947 0.6283
0.0416 1.1546
0.3814 -0.6882
1.0631 -0.2071
-1.0568 -0.4726
-0.4621 -0.5828
-0.3663 0.1554
-0.3811 0.6219
0.3138 -0.9365
-0.4055 0.3972
-0.3778 -0.6069
0.2049 -0.3836
-0.4039 0.8359
0.6308 0.7699
0.0212 -0.1135
0.3162 -0.5265
0.3770 0.0156
-0.0068 0.9714
0.1533 0.2032
-0.9146 0.2981
-0.7674 -0.7218
0.0527 0.1600
-0.4005 0.2363
0.7129 0.1340
0.0034 0.0985
-0.3821 -1.1099
-0.0604 0.3402
0.5453 0.1956
-0.4216 1.0239
-0.2647 -0.1196
-0.8841 0.7906
-0.2955 -0.9697
-0.7535 0.4314
0.4362 -0.6323
0.1163 -0.5830
0.8311 0.1203
-0.1158 0.0607
-0.8154 0.2268
-0.9283 0.0297
-0.5881 -0.7800
-0.0271 -0.0023
0.7304 0.4844
-0.3851 0.8302
-0.0861 -0.1608
-0.0795 0.2039
-0.1697 -0.2929
0.2473 -0.5444
0.7552 -0.3497
-0.0546 -0.0242
-0.7051 0.7145
-0.6749 0.2756
-0.2007 0.0475
-1.0726 -0.4090
-0.8062 -0.5547
0.6950 -0.0504
-0.0778 0.0521
-0.1064 -1.0651
-0.6781 0.9310
-0.2607 0.5376
-1.0507 -0.1350
-1.1118 -0.3164
-0.1345 -0.6958
-0.0752 -0.3774
0.3485 0.3209
0.2138 -0.8436
0.0681 0.8150
-0.9723 -0.1782
-0.3163 -0.2359
-0.0699 -0.6091
0.5716 -0.1718
-0.3372 0.4262
-0.5455 -1.0523
0.0172 0.0169
-0.4649 -0.4563
0.0142 0.0399
-0.4840 -0.1531
-0.6226 0.2456
0.6898 -0.0603
-0.7606 0.3578
-0.5421 0.2495
0.9640 -0.6593
-0.2720 -0.4567
0.7300 -0.6945
0.1315 0.1837
-0.1221 0.0368
0.6231 0.8131
0.3606 0.0879
-0.6086 -0.8141
0.3930 0.1035
-0.1835 0.0705
0.6566 0.2539
-0.1312 -0.1808
-0.8103 0.3024
0.4462 0.4490
0.3736 0.4894
-0.0963 0.4647
-0.4402 0.2374
-0.8905 -0.2346
-0.0856 -0.4748
0.2355 -1.1698
-0.0777 -0.0296
0.2017 -0.0441
-0.0585 -0.0962
0.6565 0.1363
0.2362 0.1738
-0.2084 0.5972
0.6124 0.2860
-0.3011 -0.5761
0.5160 0.6238
-0.0443 -0.1026
0.2525 -0.7679
-0.1106 0.0401
0.3695 0.2690
-0.0772 -0.3674
-0.4698 -0.1181
0.8343 0.5589
0.0779 -0.5912
-0.8646 0.1679
-0.1323 0.2988
-0.0644 -0.9933
0.3841 -0.2208
-0.1523 0.0131
0.9438 0.6069
-0.6936 0.3423
-0.4871 -0.7519
0.4879 0.2395
0.2489 -0.4405
0.1811 -0.1645
-0.9109 0.1695
-0.3756 0.5321
-0.3187 0.1739
-0.2245 0.1319
-0.0193 0.0391
0.0104 0.7236
0.3121 0.0394
-0.1732 -0.1637
-0.0161 -0.1287
-0.5433 0.4716
0.0356 -0.0297
0.8582 0.2678
-0.1847 1.1415
-0.2533 0.0125
-0.5589 0.8138
-1.0134 -0.0570
-0.4474 -0.0747
-0.9951 -0.3073
-0.1308 0.0031
0.5927 -0.5542
0.6478 -0.5911
0.0813 0.5779
-0.0536 -0.1769
0.3157 0.6167
-0.1102 -1.0449
0.8198 -0.6437
0.3495 -0.5644
0.1719 -0.2253
-0.0668 1.1463
-0.7178 0.8132
0.2694 -0.3947
-0.3512 0.8049
0.5182 0.3066
1.1461 0.2379
0.7205 0.6173
-0.6540 -0.4844
0.0877 -0.2425
1.0537 0.2896
0.1565 -0.1129
-0.5138 0.3026
0.9776 -0.5153
0.0268 -0.3482
-0.4394 0.3007
-0.8212 0.3277
0.6442 0.7633
0.5018 0.1737
0.2079 -0.6499
0.8848 0.6217
-0.0105 0.5024
-0.1657 -0.3865
0.1404 0.1264
-0.0467 -0.0601
-0.2231 0.0825
-1.0478 -0.3760
-0.3070 -0.9361
0.7150 0.0091
0.8399 0.2577
0.6542 0.6926
-0.6977 0.5277
-0.0222 0.1561
0.0855 0.0859
-0.4069 0.7809
-0.6224 -0.1507
0.0370 0.0993
0.6967 -0.3834
-0.8654 -0.3986
0.8057 -0.0018
-0.1103 -0.3214
0.1443 -0.1835
-0.0313 0.0182
-1.1756 -0.1005
-1.0463 -0.3317
0.2427 0.9783
-0.2358 0.8722
0.0950 0.2681
0.1615 0.3022
-0.2013 -1.0759
0.2641 -0.6028
-0.6851 -0.9373
-0.5196 -0.2973
0.0909 -0.5860
0.1723 0.1855
0.0008 -0.0000
-0.3453 -0.2909
0.0836 0.2056
-0.2831 0.6144
-0.0664 0.2814
-0.1044 0.0803
0.1394 0.1588
0.0725 0.4204
-0.1802 0.5151
0.0558 0.0038
-0.0778 -0.2789
1.0824 0.1884
0.0868 0.3296
0.1916 -0.3561
-0.0039 -0.9820
0.5126 0.0639
0.3596 0.3859
-0.1927 0.3395
-0.2480 -0.6436
-0.0569 0.5040
0.3855 -0.3152
-0.8280 0.0719
0.9277 -0.1420
-0.3908 0.6634
0.1628 -0.1300
0.1582 -0.0412
-0.5263 0.3502
-0.5659 0.0166
-0.3535 -0.4408
-0.7330 0.5730
0.5744 -0.1576
0.5149 0.4722
-0.0472 -0.6358
0.1860 -0.8967
-0.7406 -0.3776
-0.6252 -0.2934
-0.3325 -0.4746
0.6375 -0.1553
-0.0386 -0.7747
0.4961 -0.6779
0.0711 0.8759
-0.2326 0.6854
-1.1663 -0.0965
-0.7238 -0.5290
0.1964 -0.7544
-0.0178 0.7422
0.6077 0.8650
1.0614 0.1537
0.0521 0.1109
0.1087 0.0953
-0.5159 0.9575
0.0138 -0.0152
0.6748 0.7563
-0.0695 0.1594
0.7679 -0.0935
-0.5368 0.0331
-0.4394 0.1774
0.7893 0.0005
-0.0523 -0.1016
0.1245 -0.4979
-0.3246 -0.3568
0.7179 -0.1776
-0.0477 -0.0280
0.4219 0.0621
0.5891 0.9094
0.4128 -0.1400
-0.6077 0.6125
0.0019 0.0259
-0.0883 0.1901
0.2731 -0.6838
-0.0720 0.2601
-0.0481 -0.3750
-0.4055 -0.2775
-0.9933 -0.2665
-0.3415 0.1102
0.0523 0.5799
-0.6560 -0.0289
0.2789 1.0544
-0.6790 0.1009
-0.1195 0.3297
0.0860 -0.3025
0.0285 -1.0340
-0.1329 0.0813
-1.1320 0.1781
0.3517 -0.1409
0.3473 0.5027
0.1675 -0.2049
-0.0234 -0.0640
-0.4386 -0.1041
1.0857 -0.1362
0.0731 0.2372
-0.7055 0.4447
0.3365 0.3543
0.5218 -0.2628
1.0103 0.2410
0.4508 0.1181
0.6630 0.1148
0.3854 -0.0090
0.1821 -0.0769
0.0485 -0.5703
-0.7074 0.0934
-0.1821 0.0496
0.4203 0.0964
0.4873 -0.3190
0.0470 0.0387
-0.2742 0.0485
-0.6608 -0.9057
0.2090 0.5041
0.8471 -0.2405
1.1007 -0.2949
0.2215 -0.4862
0.1820 0.0946
-0.4906 -0.5990
0.9228 -0.5447
0.0746 -0.0516
-0.5383 0.0253
-0.0836 -0.3797
0.4187 0.0640
-0.0524 0.4065
-0.0224 -0.5955
0.5911 0.1183
-0.8485 0.2115
0.0185 0.0007
0.6481 -0.4106
-0.0221 0.0066
-0.4587 0.8380
0.8231 0.7818
0.2399 0.0493
-0.2085 -0.1319
-0.6373 0.0350
0.5295 0.4686
-0.5994 0.6247
-0.6169 0.0794
0.5137 -0.0509
0.0103 0.0907
1.0226 -0.5245
0.5588 0.3455
0.1269 -0.2695
0.0575 -0.1380
0.1119 0.0809
0.3665 -0.1451
0.8331 -0.4761
-0.2818 -0.4113
0.2204 -0.8156
-0.1761 -0.1453
0.6033 -0.5262
0.0496 -0.0616
0.1320 0.0807
0.5079 -0.3739
-0.3795 0.2490
-0.4373 -0.0110
1.0363 0.0704
-0.1398 -0.4697
-0.4021 0.9674
0.3838 0.3889
-0.7403 -0.0395
-0.3621 0.0660
0.0438 -1.1126
-0.1484 0.1506
-0.1988 -0.0825
-0.0710 0.2621
0.3273 0.2255
0.5089 -0.6822
-0.9725 -0.1018
0.3730 1.1382
0.2400 -0.0171
0.2139 -0.0731
0.2779 0.4210
-0.9553 0.6039
-0.6067 0.1449
-0.0500 -0.0893
-0.0668 -0.6098
0.0838 -0.0909
-0.6335 0.4279
0.0957 -0.0309
-0.2901 -0.8944
-0.0343 0.0760
0.2340 0.0803
0.2691 -0.5878
0.2457 0.6396
0.3898 0.0893
-0.9835 0.0831
-0.8826 0.6957
0.0307 0.2140
0.9976 0.0526
-0.1458 0.0825
-0.0068 -0.0273
-0.1873 0.5922
0.0088 0.4410
-0.0025 -0.0069
0.2063 -0.9401
0.8823 0.3964
0.8407 -0.7549
0.5528 0.2942
0.1126 -0.7916
0.0601 -0.0077
-0.2162 -0.6378
0.2923 -0.1986
-0.0349 -0.1664
0.3832 0.1095
0.0066 0.0017
0.1161 -0.2354
0.7653 0.6760
0.8213 0.2109
0.7064 0.3093
0.4360 0.0808
-0.0111 0.7319
0.7469 -0.5824
-0.1691 -0.0670
-0.1728 -0.1194
