0.0000 0.0084 0.0329
-0.3312 -0.2992 0.8697
-0.0974 0.1926 0.3118
-0.0879 0.0566 -0.4933
-0.1197 0.1224 -0.0192
0.0091 -0.0005 0.2333
-1.1474 -0.3617 1.1338
-0.4161 1.3393 -0.4853
0.0054 0.0332 -0.2190
-0.0025 0.0069 -0.5149
-0.5903 0.2435 0.4123
-0.0467 -0.0190 -0.7369
-0.8771 -0.2014 -0.4102
0.0209 0.0441 -0.0518
0.4550 -1.2676 1.0373
0.0829 0.1889 -0.2882
0.1866 -0.0526 -0.2322
-0.1593 -0.0426 -0.2535
-0.8494 -0.5026 0.1266
0.2039 -0.1564 -0.9092
-0.3203 -0.7591 -0.4748
-0.0300 0.0180 -0.6791
-0.0087 0.0082 0.0740
-0.0555 -0.0975 -0.3699
0.0523 0.0839 -0.0045
0.0198 -0.1098 0.0313
0.1344 -0.1325 -0.3497
0.3285 0.0265 -1.0396
0.0349 -0.0216 -0.2734
-0.1592 0.4757 0.3860
