0.0055 0.0549 0.1032
-0.0258 -0.0043 -0.0886
0.0807 0.0905 -0.7667
0.0769 -0.2981 -0.0993
-0.0679 0.7119 -0.4017
0.0942 -0.0401 -0.2257
0.1403 -0.2374 -0.7271
-0.3206 0.1476 0.9837
-0.1817 0.2247 0.0123
0.0005 -0.0015 -0.0295
0.1308 0.6630 -0.5722
-0.0625 0.1193 -0.9169
-0.3242 0.0765 -0.0604
0.5726 0.0825 -0.2499
-0.2897 -0.1826 0.2729
0.7441 -0.1496 0.4105
0.3671 0.0127 0.3154
-0.0019 -0.0011 0.0142
-0.0641 0.0575 0.2984
-0.0207 0.0082 -0.0105
0.0059 0.0092 -0.8006
-0.0583 -0.0062 -0.2030
-0.6902 0.1326 -0.1318
0.2197 0.0368 -0.4553
0.0262 -0.1367 -0.4742
-0.8076 0.3738 0.3719
-0.2297 0.0747 -0.5407
-0.0638 -0.1065 -0.5030
0.2206 0.1063 0.9199
0.5106 0.4905 0.4938
0.2605 -0.3523 0.2845
0.2051 -0.2771 0.1182
0.0196 0.0201 -0.3967
0.0155 -0.0059 -0.0619
-0.4478 -0.3562 -0.2180
0.0001 -0.0156 0.0496
-0.0362 -0.0255 -0.0404
0.1753 0.1835 -0.2714
0.3912 0.0448 0.4049
-0.1912 0.3263 -0.1722
-0.1513 0.0027 -0.4611
0.2420 -0.0769 -0.5734
0.0231 0.0492 -0.1401
-0.0550 0.0117 0.0163
0.1020 -0.0572 0.7885
0.0056 0.0102 -0.0722
-0.2037 0.7366 0.2453
0.5523 -0.5682 0.0732
-0.2189 -0.3197 0.5375
0.5274 -0.1552 -0.2782
0.1293 0.8997 0.1145
-0.0965 0.4855 -0.4057
-0.4328 0.2375 0.4409
0.7069 0.5410 0.3138
0.1122 0.0645 -0.1841
-0.1564 -0.0294 -0.6274
-0.0057 -0.0121 -0.0982
-0.2209 0.4510 0.4408
0.6706 -0.0143 -0.3380
0.1002 0.6870 -0.0499
0.1236 0.0415 -0.1110
0.6895 -0.1017 -0.8207
-0.0082 -0.0157 0.0310
0.4284 0.6196 -0.0793
-0.0645 0.0108 -0.0550
0.3637 -0.3231 0.5285
-0.0177 -0.1147 -0.0516
-0.0554 0.5456 -0.5332
-0.0317 -0.0447 -0.0393
-0.0047 -0.0779 0.0901
0.0539 -0.2023 0.7097
-0.5598 0.2193 0.5142
-0.0046 -0.0015 -0.7188
-0.1722 0.1493 0.7194
-0.3940 0.4317 0.1307
-0.2073 -0.7765 -0.0452
-0.0093 -0.0015 -0.8643
-0.1812 0.0256 -0.0004
-0.3551 0.5967 0.3815
0.0449 0.0199 0.2721
0.2508 0.7387 -0.1110
-0.0452 -0.0165 0.1110
0.1221 -0.0010 -0.4076
-0.2914 0.6937 0.4931
-0.0781 -0.0404 -0.0396
-0.3952 0.3340 0.4949
-0.2462 0.2678 -0.0246
-0.1916 0.0572 0.3521
0.3659 0.2640 0.0614
-0.2195 -0.2665 0.9050
-0.3661 -0.3676 0.5433
0.0027 -0.0500 0.1442
-0.5524 0.9184 -0.5036
-0.2509 0.1220 -0.7198
0.0901 -0.0867 0.2088
-0.0410 0.2757 -1.1483
0.2114 -0.0062 0.2272
0.1052 -0.2548 0.5089
-0.1590 0.3384 0.5747
-0.4428 0.6414 -0.4864
1.9963 0.0030 0.7940
2.1074 -0.4755 -0.2034
1.9866 -0.0696 -0.8278
1.7179 -0.0435 0.8461
2.0392 -0.0176 -0.2840
2.0854 0.4390 -1.1115
2.0740 -0.7345 0.2076
1.8985 0.0092 0.9077
1.8008 -0.0897 -0.1769
2.1081 -0.2870 -0.2084
2.4049 0.2849 -0.1235
1.9756 0.1406 -0.1431
1.9645 0.0009 0.2068
2.1161 -0.1620 0.8262
1.4649 0.3275 0.4411
2.8144 -0.3121 -0.1574
1.8106 0.0563 -0.4179
2.1449 -0.2686 0.1209
1.5370 -0.3200 -0.2763
2.5369 0.5603 -0.2448
2.2224 0.2542 -1.0280
1.5884 0.1132 -0.1933
2.1385 0.1455 -0.6282
1.8970 0.0209 -0.2376
2.1023 0.0141 0.0599
1.9023 -0.0732 -0.0316
2.6998 -0.6867 -0.3156
2.2235 0.1361 -0.6328
1.9887 -0.0731 0.0855
2.1697 -0.4331 0.2400
2.1060 -0.2098 -0.5825
2.3960 0.5199 -0.4217
1.9727 -0.2976 0.0832
1.6790 -0.0038 0.6701
1.9567 0.4727 -0.0385
1.9516 0.6990 -0.5377
2.9041 -0.3274 -0.0087
1.9186 0.0435 0.0738
1.8358 -0.2615 -0.3670
2.7038 0.3389 -0.3300
2.0149 -0.0177 0.3937
1.9998 0.0065 0.0486
1.8090 -0.3211 0.5323
1.9950 0.0249 -0.0139
1.9216 -0.0641 0.6344
2.3029 -0.2764 -0.2505
1.6941 0.0030 -0.8848
2.4078 -0.0339 0.5906
2.0837 -0.0795 0.4482
2.0205 -0.0687 -0.3349
2.1560 -0.0549 0.0533
2.1672 -0.2673 0.1398
1.9309 0.0255 -0.5339
2.3703 -0.6252 -0.5437
2.1992 -0.5984 0.6977
1.9441 0.2823 0.9240
2.0110 -0.8162 0.3064
2.0024 -0.0621 -0.1714
1.8932 -0.0116 0.2244
2.3663 0.2363 -0.5749
2.0202 0.0930 0.1726
1.3092 0.9470 -0.0449
1.8419 -0.2540 -0.5955
1.8324 0.0116 -0.3177
2.0584 0.0894 -0.2737
1.5347 0.2575 -0.5501
1.3841 0.4179 0.5761
2.0410 -0.0209 0.7972
2.0134 0.0050 0.0780
2.0299 -0.0247 -0.1029
2.1425 -0.8510 0.0669
2.2751 -0.2461 -0.5734
1.9834 0.0022 -0.0874
1.9734 0.0575 0.1370
2.7935 0.7215 0.4154
2.4506 -0.4423 -0.7140
1.6760 -0.1454 -0.1116
2.7302 0.3907 0.3998
2.1240 0.1167 0.6974
1.9992 -0.0068 0.0156
1.2504 0.6395 0.2252
2.1776 0.2516 -0.8014
1.9729 -0.0248 0.1798
1.8450 0.0272 -0.4797
2.2664 0.0159 0.0981
2.4821 -0.3496 0.3441
2.4006 -0.5649 -0.1667
1.8375 -0.0609 -0.1950
2.0084 -0.1172 0.0114
2.3436 0.5419 -0.0612
1.1753 0.0574 -0.2398
2.5362 0.7765 -0.1046
2.4330 0.0972 0.3511
2.1092 0.1351 0.0630
1.5345 -0.1243 -0.1294
2.2686 -0.0475 -0.8818
1.9407 -0.3552 -0.4533
1.8782 0.0417 0.4422
2.6631 -0.1142 0.6253
2.0293 0.0188 0.0067
