0.0942 0.6865
0.5778 -0.6763
0.3526 -0.4846
0.4449 -0.1219
-0.7964 -0.5613
-0.2243 0.9014
0.8277 0.2981
-0.0566 -0.0997
-0.1537 0.1358
-0.2155 0.6545
0.5454 0.4176
0.9520 2.9419
-0.6245 -0.2336
0.3157 -0.4925
-0.1333 0.5835
0.1168 -0.0070
-0.0120 0.1009
-0.4279 -0.6526
-0.4721 0.2113
-0.5475 -0.1922
0.4202 -0.5950
0.9192 -0.2423
-0.0164 -0.0373
0.1077 -0.7788
0.4339 0.4614
-0.4414 -0.0610
-0.0823 -0.0561
0.3034 0.0556
0.5487 0.8088
0.5597 0.3399
0.3129 0.1406
0.4333 0.2166
0.4287 0.5554
0.4055 0.0557
0.0302 0.8287
1.1524 -0.3046
-0.1051 0.0112
-2.6541 -1.1545
-0.3317 -0.2791
0.0268 -0.0173
-0.0398 0.9618
-0.2025 -0.3108
3.0886 0.3414
0.1205 -0.1508
0.3914 0.5501
-0.0330 0.0368
-0.1789 0.0285
-0.9051 -0.0447
-0.6120 0.4675
-0.2819 0.2377
0.0616 -0.1912
-0.5427 0.0585
-0.1609 -0.5629
0.1590 -0.9736
-0.0845 0.1501
-0.0584 -0.1451
-0.6496 -0.0915
-0.1474 0.1385
-0.3152 -0.6149
0.3996 0.1857
-1.4069 3.6661
0.1779 -0.4105
-2.1526 -0.9388
-0.0445 -0.7595
0.0215 -0.3883
-0.4721 -0.2907
0.1122 0.6034
-0.7115 0.5885
-0.1004 0.0426
-0.4802 0.6482
-0.4406 -0.1327
1.7201 0.3125
0.3965 1.6477
0.4447 0.3291
0.3994 0.4941
-0.8697 0.4692
0.8611 -0.1069
-0.0900 0.1179
-0.3262 -0.4077
0.3000 -0.1010
-0.3481 0.7772
-0.8484 -0.2695
0.4247 0.5469
0.0223 0.0129
-0.0546 -0.0425
-0.4395 0.5083
-0.3250 -0.1795
0.0204 0.0199
0.1565 2.2636
-0.2064 -0.3629
0.1449 0.2230
0.5132 0.3009
-0.7267 -0.5545
0.1495 -0.0426
-0.0054 -0.0052
2.6762 1.0066
0.0031 -0.0004
-0.3480 0.3668
0.1581 0.1144
0.0375 -0.0566
