-0.0962 -0.1013 -0.1464
-0.2658 0.2245 -0.2315
-0.1138 -0.3144 -0.1580
0.2990 0.1828 0.3685
0.0700 0.2584 0.0254
-0.2947 -0.9128 0.2480
0.0846 0.1263 0.1810
-0.2051 -0.0732 0.6259
-0.7330 0.5080 -0.4116
1.0846 1.7754 3.0734
0.1888 0.1785 -0.6101
0.0405 -0.1429 -0.9140
-1.1784 -2.8278 -2.6955
-0.4628 -0.5567 -0.0213
-0.1403 -0.1723 0.0364
-1.6244 0.7196 -2.1661
0.0519 -0.1303 -0.0478
-0.0004 0.0063 0.0263
0.0070 -0.0381 0.9061
0.0337 -0.0313 0.0869
-0.4036 0.2461 -0.5751
-0.0679 0.0118 0.2847
-0.6080 -0.5949 -0.4566
0.4996 0.2849 -0.2765
0.4879 -0.0740 -0.1949
-0.0431 -0.0592 0.1340
-0.1138 0.4229 -0.3796
-0.0624 0.0043 -0.7919
-0.6166 -2.4339 0.5913
-0.2459 -1.3458 1.9186
0.3690 -0.4058 -0.5246
0.0002 -0.0067 0.0266
-0.0904 0.1573 0.4865
0.0394 -0.0429 0.3169
-0.1967 0.0381 -0.1163
-0.0214 -0.0097 0.2048
0.0271 -0.1291 0.0026
0.0145 -0.1936 0.3364
0.8720 -2.0055 2.3500
0.0083 0.0005 -0.7237
0.3579 -0.1979 -0.0545
0.4563 -0.3858 0.3001
-0.0515 -0.0167 -0.0249
-0.4872 0.8422 -0.0070
-0.5066 0.2185 0.0800
-0.0452 -0.0675 -0.2560
-0.1817 0.1043 -0.0340
0.5606 0.0984 0.1800
-0.0161 0.0026 -0.0232
-0.0027 0.0055 -0.0325
-1.3650 0.3041 -1.5045
0.0015 -0.0059 -0.1688
-0.0150 0.0285 -0.0501
1.0286 3.6963 0.3321
-0.2468 0.0889 0.6967
-0.3477 -0.1233 -0.8569
-0.2564 0.1313 0.1723
0.0120 -0.0369 -0.8333
0.0728 -0.0769 -0.2903
0.2141 -0.1409 0.7589
-0.1215 0.6198 -0.1117
0.4880 0.3322 0.3907
-0.0038 -0.0240 -0.0538
0.7973 0.3800 0.1529
0.1860 -0.3754 -0.6986
0.0064 -0.0529 -0.5639
0.0835 -0.0385 -1.1564
0.9047 -0.0493 -0.3188
-0.0499 0.0834 -0.6078
0.4917 -0.0860 0.6655
0.0263 -0.3275 0.0451
0.1165 0.1496 0.0051
0.1558 -0.3415 -0.3314
-0.0271 -0.1013 -0.0583
0.3078 -0.3776 -0.4306
0.0144 0.0001 0.3222
0.4000 -0.3462 0.2311
0.2426 -0.0197 0.1225
0.0849 0.1018 0.4192
0.5449 0.0514 0.6193
-0.0086 0.0035 0.4864
-0.0302 0.0873 -0.6669
-0.0558 -0.5198 0.3988
0.1131 -0.3408 -0.0600
-0.3798 -0.4970 -0.1631
-0.0565 0.8471 -0.4940
-0.0441 -0.0669 0.0171
-0.1080 0.1357 -0.6898
-0.2258 0.1330 -0.4043
0.0081 0.0110 0.5126
0.0035 -0.0093 -0.9155
0.4494 -0.2775 -0.4340
0.2839 0.4117 -0.7388
-0.0704 0.0992 0.1803
-0.3498 -0.0454 -0.3759
-0.2044 -0.1195 -3.0346
-0.3002 -0.7814 -0.2115
-0.2460 -0.2731 -0.8280
0.6629 -0.4847 -0.3521
-0.5218 -0.2805 0.0521
-0.7182 0.9338 2.7794
0.0591 0.6757 -0.1133
0.0212 0.0218 -0.9562
0.3282 0.1447 -0.6383
0.0115 0.1421 0.0895
0.6370 0.2995 0.4557
0.4241 -0.3669 0.3502
-0.3671 -0.1332 0.1493
0.0962 0.0188 -0.8872
-0.8411 -0.2053 0.2556
-0.0464 0.0303 -0.2193
0.4905 -0.2530 3.8917
0.0393 0.3895 -0.2171
0.0346 -0.0552 0.0425
-0.1409 0.0846 -0.0976
-0.0701 0.2654 0.2547
-0.0954 -0.0878 -0.5744
0.0902 0.1630 -0.3752
0.0036 -0.0006 -0.0081
-0.1860 0.1529 0.0629
0.5262 0.2588 -0.1312
-0.2805 0.8929 0.2620
0.0531 0.0088 0.1280
-0.1917 0.3331 -0.1270
0.8029 0.3714 0.0849
0.3547 -0.0578 0.1306
0.0416 0.1072 -0.9290
-0.0710 0.0896 1.4895
0.9879 3.0384 -0.5927
0.2727 0.0339 0.7019
0.1813 -0.1477 -0.5486
0.1497 -0.1966 0.0564
0.1425 -0.1472 0.4729
0.0001 0.0003 -0.0950
-0.0211 -0.0236 -0.1130
0.1577 -0.0020 -0.0246
0.2263 0.6106 0.5585
-0.3835 0.0717 -0.7883
-0.0773 0.0384 -0.1418
0.5851 -0.2682 0.5579
0.0046 -0.0170 -0.0004
0.1508 0.3852 -0.3901
-0.7419 -0.1822 0.5581
-0.0089 -0.0120 0.0189
0.3433 0.4014 0.1142
0.2426 0.0262 0.4886
0.0816 0.1381 -0.1226
0.1773 0.2858 0.8803
0.4088 0.3078 -0.0760
0.4052 0.2759 0.1755
-0.0561 0.0198 0.6559
-0.7696 0.5344 0.0671
0.6748 0.0580 0.5291
0.4072 -0.3872 0.0517
-0.0343 0.0014 -0.2875
0.5247 0.3045 -0.3967
0.3873 0.2183 0.7954
0.1397 -0.1243 -0.2524
-0.0631 0.0473 0.0388
0.5685 0.5358 0.0673
-0.0194 0.0570 0.0018
0.3976 -0.2335 -0.1925
0.3361 0.1926 -0.2442
-0.1527 0.0080 0.8514
0.9223 0.3292 0.0096
0.2474 0.0482 0.3155
-0.1495 -0.0380 0.4887
0.0546 0.4574 -0.8640
1.3642 -0.4086 0.2574
0.2336 0.3852 0.7908
0.1111 -0.4868 -0.2686
-0.1343 -0.2556 0.2836
0.0036 0.0050 0.0193
0.4583 -0.2111 0.2856
0.0512 0.2999 0.3749
-0.3759 -0.0663 0.2698
0.1611 0.2048 0.1034
3.8545 -0.9868 -0.6817
0.1269 0.1182 1.3481
-0.0398 -0.4984 -0.0348
-0.0934 -0.0685 0.0873
-0.6182 -0.4614 0.2848
-0.1775 0.2181 -0.4400
-0.1700 0.2360 0.1397
-1.3699 0.9445 -1.4007
0.3742 -0.2166 -0.0682
-2.3113 -0.9296 1.6331
0.6527 -0.3012 -0.0120
0.0232 0.0327 0.4940
-0.4034 0.1120 1.8402
-0.0168 0.0372 0.9108
-0.7629 0.1824 0.2360
-0.1097 0.1783 0.1391
0.2605 0.7160 3.5485
0.0303 0.0255 -0.3273
0.0902 -0.0062 0.0580
0.4006 0.4898 0.3229
0.0705 -0.0367 0.0720
-2.5757 2.7601 1.5570
-0.0587 0.3992 -0.0286
0.1524 -0.5163 0.3901
-0.1111 0.4058 -0.7786
-0.2649 0.0475 -0.6566
-0.6877 -0.1891 -0.0785
-0.7928 0.1490 -0.0888
-1.9341 0.0974 2.0409
0.6357 0.0324 -0.6174
0.0271 0.0959 -0.1375
0.0440 -0.0490 -0.2495
-0.0281 0.2602 -0.3399
0.0629 0.0944 0.4189
0.6445 -0.3446 1.2382
-0.3823 0.2801 -0.0276
0.4154 -0.2832 0.0790
0.0003 0.0414 0.2885
-0.0306 0.4140 -0.0244
0.0461 0.0689 -0.1234
-0.0384 0.0239 -0.8256
0.0677 -0.0313 -0.0249
1.6893 0.0494 2.0524
-0.3935 -1.3476 -2.6359
-0.3716 0.0776 -0.7850
0.2458 -0.2337 0.3905
0.8424 -0.2236 -0.0367
-0.0114 0.0550 -0.0428
0.6152 -0.4033 -0.0137
0.0220 -0.0248 -0.0911
-0.2251 0.1674 -0.0113
-0.4146 -0.4037 0.5886
-0.0273 0.0522 0.1411
1.1808 3.6916 -0.8694
0.6205 -0.1277 0.2900
0.3143 -0.6389 0.6376
0.0676 -0.2720 0.6035
-1.3568 -0.2002 1.2002
0.0166 0.0122 0.0071
-0.0880 -0.0370 -0.1429
0.0212 -0.0004 0.0302
0.1068 0.1832 -0.2015
-0.0863 0.0069 0.1639
0.2086 0.1284 0.1849
0.0457 -0.0126 -0.0787
-0.5367 -0.4653 2.9890
-0.2927 -0.0962 -0.2220
0.0045 0.0081 0.0018
1.0550 1.3559 -1.8759
-0.3335 -0.2050 -0.2034
0.2438 0.0589 -0.4874
-0.0583 0.0768 0.8179
0.0110 0.0232 0.1823
5.0301 0.0348 -0.0847
5.3112 0.4582 -0.6958
5.3801 -0.2607 0.3967
5.0994 0.3191 -1.4751
5.2085 0.2518 -0.4586
5.4536 -0.4692 -0.0287
5.4566 0.2873 0.6513
5.0388 -0.1594 0.0080
4.6228 0.8683 -0.7179
5.3124 0.3639 0.3009
4.5711 -0.4228 -0.7075
5.1254 -0.0716 -0.6219
5.3345 -0.2792 0.1358
6.3608 1.6286 2.2634
4.5889 0.1589 0.5072
5.1587 -0.0540 0.3266
4.4481 -0.4581 -0.4635
5.2184 0.3101 2.4814
4.6902 -0.1366 0.3641
4.7466 -0.3287 0.5702
5.1439 -1.4647 -2.1745
5.1629 -0.7552 -0.1270
5.2104 -0.0713 -0.1602
5.4042 0.0905 -0.3649
5.0914 0.9776 -0.0893
5.0766 -0.1911 -1.1641
4.9988 0.0001 0.0809
4.3725 -0.1498 -0.7326
5.2733 -2.5418 -1.4044
4.9930 0.0017 0.0595
5.0087 0.0063 0.5353
5.6759 -0.2313 -0.0503
4.6610 -0.0133 -0.3909
4.9239 -0.1612 -0.6135
5.1164 -0.2949 0.1178
5.4460 -0.3632 0.5550
3.0311 -2.6000 1.9164
5.4493 0.2575 -0.7493
4.9287 -0.0383 -0.6593
4.7215 -0.4802 -0.6906
7.9782 -1.5470 -1.0753
4.8626 -0.8037 -0.0638
4.7382 0.0305 0.0544
5.0393 0.0465 0.1621
5.0123 -0.0630 0.1523
2.6661 -0.5512 -0.0094
5.5797 0.3384 0.7116
4.5038 0.3418 2.8174
5.2675 0.3938 -0.0012
5.1199 -0.1318 -0.4147
5.2558 -0.1150 -0.5215
4.9765 -0.0463 -0.0283
7.7647 0.4792 -0.4157
5.0447 -0.2879 -0.1509
4.4020 0.4748 0.6249
5.1924 0.0242 -0.9740
5.5639 -0.5010 0.0670
4.6652 -0.0054 -0.6945
5.2246 -0.0971 -0.4289
4.8911 -0.0901 -0.3720
5.0188 0.0195 -0.4187
4.8851 0.3213 0.6919
4.4215 0.1454 -0.3293
4.5049 -0.0246 -0.5934
5.0228 -0.0015 0.1378
4.9737 -0.1417 -0.0401
4.6062 -0.5441 -0.0801
5.1784 0.0094 -0.6033
4.7694 -0.2397 0.0186
4.1008 -2.2776 2.7297
4.8498 0.1106 0.4795
5.4959 0.5342 -0.2190
4.9981 0.0020 -0.0186
4.9298 -0.0532 0.6846
5.1164 0.0852 -0.1732
5.0475 -0.0107 0.2968
5.1306 0.2795 -0.0958
4.9909 -0.0017 0.0440
5.0026 -0.0003 0.0019
5.0606 -0.0117 0.0110
5.1057 -0.1055 -0.0263
4.9347 0.1400 3.9164
5.2718 0.0286 -0.0472
4.9674 -0.0296 0.1979
4.8782 0.0472 0.0677
5.0019 0.0008 -0.0250
4.6633 0.3766 0.7581
4.9541 -0.0631 -0.4016
4.7031 -0.2419 -0.2634
5.3129 0.4568 -0.6540
4.9600 0.3036 0.3144
5.8886 0.1692 -0.4109
4.7379 -0.0686 -0.9235
5.6547 -0.5386 0.5085
4.7093 0.1622 0.2586
5.0427 0.4450 -0.5957
4.9971 -0.0096 0.4040
4.6263 -0.2070 -0.1586
4.9285 0.0119 0.6460
4.8706 -0.0135 -0.0485
5.0969 -0.3691 0.1294
5.0013 -0.0011 0.0035
4.9984 -0.0002 0.5250
5.0991 0.0252 -0.3781
3.0210 -0.4827 1.5365
5.3127 0.7913 0.3468
4.9995 0.0134 0.0248
5.4185 2.0227 -1.5133
5.1265 0.1914 -0.0659
4.6793 -0.0373 -0.3596
4.5906 -0.8633 -0.0055
4.9632 0.0010 0.0012
5.3571 -0.4159 2.5482
4.9998 1.9819 -2.1625
4.9990 0.0099 0.2012
5.0332 0.2003 0.4157
5.0025 0.0057 0.0220
5.1157 0.0317 0.1005
4.8791 0.1819 -0.8021
5.2479 -0.1176 -0.5231
4.0650 -0.2444 0.8910
4.8598 -0.0782 0.3891
4.4722 -0.5237 0.6045
5.0777 0.0132 -0.1725
4.6473 -0.1203 0.5695
4.9113 -0.1725 -0.0646
4.5425 0.1726 -0.1770
4.9928 0.0313 0.2888
4.9988 -0.0625 -0.4756
5.0237 0.4988 -0.0434
5.1569 -0.1809 0.0650
5.1216 -0.8864 -0.2778
5.2930 -0.3521 0.4812
7.1417 1.7881 0.4052
5.2811 -0.6542 -0.1936
5.1168 -0.2189 0.2576
5.0669 0.1958 -0.2892
4.9040 -0.0694 -0.3386
5.1663 0.8281 -0.4202
4.6461 0.4909 0.5709
4.4054 0.2752 -0.6489
5.1084 -1.0135 2.3397
4.4396 0.2096 -0.2873
4.3801 1.6633 0.4881
4.6273 -0.3334 -0.2404
4.8159 -0.2001 0.2466
5.0344 -0.0018 -0.2111
7.3850 -1.2967 1.3032
5.0551 -0.0776 0.0401
4.9948 0.0362 0.0555
5.0183 -0.1149 -0.2323
2.6642 2.7402 0.6308
4.5940 -1.5072 1.1394
5.0250 -0.0542 0.0193
5.0000 0.0001 0.0034
5.7589 0.4223 0.0774
4.9575 0.1148 0.2648
4.5862 0.0879 0.9303
4.9636 0.0245 -1.4632
3.6266 -0.0631 -0.4002
4.9970 0.0156 0.0416
5.6708 1.1281 -0.6980
4.8959 0.3249 -0.6689
4.3498 -0.1294 0.2308
4.9669 0.4435 -0.4665
5.0333 -0.0119 -0.1178
5.0750 0.0369 0.5852
5.4755 -0.0743 -0.6211
5.0103 -0.0326 -0.9169
5.2081 -0.3453 -0.0104
4.3542 0.3530 0.1585
4.9040 0.1531 -0.8332
4.2326 -0.4016 -0.1492
6.6176 -0.8742 -1.3168
5.2369 0.1811 -0.8504
5.8832 -1.0698 -0.6087
4.9737 0.3302 1.7705
4.9487 0.4358 0.5829
5.0183 0.1001 -0.9500
5.1945 0.1353 -1.2004
4.2572 0.0066 1.4102
4.4236 0.5029 0.0721
4.9544 -0.0748 -0.0841
4.5843 0.2488 -0.6685
4.9236 0.1472 -0.1504
5.7737 -0.2567 0.3893
5.0083 0.1340 -0.1417
4.6532 0.6846 1.2770
4.9591 0.2980 0.0352
4.1476 2.6865 0.1185
5.4662 0.0361 -0.4026
5.4171 -0.0821 -0.6719
4.9149 0.1653 -1.6203
5.0418 1.1959 0.6989
4.8919 0.0573 -0.3967
4.4598 0.2570 -0.3075
4.8317 -0.1655 0.1825
4.8059 0.0050 -0.0085
4.4956 0.3198 -0.1654
5.8825 0.3228 -0.1980
5.0770 0.0649 0.8927
2.8876 -0.8220 -1.5008
5.0414 0.0226 0.1278
5.1899 0.0477 0.3177
4.9953 0.0688 -0.0728
4.8988 0.0315 -0.0264
5.2041 -0.0978 -0.0818
5.0027 -0.0069 -0.2217
5.0737 0.2928 -0.5515
5.1695 0.1281 -0.4838
5.2033 -0.4342 -0.2035
5.0701 0.1146 0.7912
4.9855 -0.0163 0.2623
4.9986 0.0010 0.0051
5.0232 -0.0111 -0.0486
5.6270 -1.6572 0.2112
5.0908 0.0651 -0.1340
5.0834 0.0775 0.0858
4.1903 0.6760 -2.4777
4.9833 -0.0926 0.8952
5.0196 0.3881 0.5783
4.9273 -0.0797 0.4065
1.2560 -1.7544 -0.3488
4.9408 0.5843 0.2245
3.1021 1.3509 -0.6141
4.8058 -0.3467 -0.5358
5.1903 0.0275 -0.0761
4.3399 -0.1199 -0.1559
5.0359 -0.1662 -0.0320
5.2897 -1.3329 -0.3574
4.6849 -0.4213 0.2119
4.5035 0.3949 0.0635
5.0157 -0.0466 0.9267
5.5862 -0.1347 0.1377
5.0156 0.0463 0.0272
5.0708 0.0033 -0.1765
5.0218 0.0272 0.0147
4.5957 0.4708 -0.1089
5.0163 -0.0145 -0.3208
4.7940 -0.2461 0.1563
4.9757 -0.2594 -0.0908
5.2509 -0.1585 0.2852
5.0305 0.0212 0.1098
3.3223 1.1824 3.4593
4.7707 -0.1983 0.1709
5.2259 -0.4551 -0.7466
4.9489 0.1555 -0.0416
5.0832 -0.0376 0.1328
4.7088 -0.1752 -0.0305
4.9916 -0.0050 0.0026
