-0.4756 0.3226 0.5947
0.1107 0.2631 0.1934
0.0053 -0.0035 -0.0645
0.0997 0.4072 -0.6572
-0.0198 -0.0147 -0.4187
-0.0085 0.0217 0.0415
-0.0241 -0.1858 -0.3533
0.2704 0.0735 0.5302
0.0513 0.1078 0.2030
0.1526 -2.2847 1.3644
0.5892 -0.3227 0.7240
0.5214 -0.1789 0.0743
0.0138 0.0016 0.0903
1.2977 0.6902 0.1558
0.1521 -2.5523 1.8993
0.0300 -0.1440 -0.3910
0.2007 0.2675 0.9313
0.4875 -0.1886 0.6089
-0.6420 0.6074 0.4280
-0.3936 0.5584 0.6050
0.1053 -0.2280 -0.7335
-0.1929 -0.1400 -0.2461
0.1982 0.0320 -0.5942
0.3945 -0.0701 0.2152
0.7041 2.6526 -1.3431
0.0338 0.1284 0.3423
0.0124 -0.0236 0.5095
-0.0474 -0.0522 0.0126
-0.2479 0.1355 0.2034
-0.2003 -0.3363 0.5377
0.0141 0.0054 0.0169
-0.0800 -0.1318 0.1046
0.0396 0.0513 -0.5302
0.3530 0.3092 0.2643
0.2440 -0.4791 -1.1713
-0.3202 0.3921 0.8387
0.0042 0.0015 -0.0096
0.0564 -0.1762 0.0258
-0.4097 -0.1427 0.4496
0.1524 -0.0972 0.1741
0.2186 -1.0021 2.9503
-0.0578 -0.6349 -0.1199
-0.1209 -0.5517 0.4356
-0.4266 0.5398 -1.0285
-0.2318 -0.3342 -0.1677
-0.0443 -0.0681 -0.0654
0.3714 -0.0699 -0.5639
-0.0111 -0.0500 -0.3968
0.0416 -0.1906 -0.0824
0.1488 -0.1738 -0.3440
-0.0000 0.0260 -0.4737
0.4415 0.1434 0.8711
0.5200 0.0300 -0.5307
-0.3250 -0.0629 0.6238
-0.0353 0.1735 0.0457
0.0867 -0.7947 0.1915
-0.4130 0.1779 -2.3047
0.1855 0.2552 -0.1405
0.5361 1.9897 0.8467
0.0582 0.0861 -0.0906
0.2218 -0.1326 0.0740
0.0916 0.5505 -0.6945
-0.1356 -0.1583 -0.0322
0.8479 -0.0297 -0.1607
-0.7512 0.2667 0.1326
0.1413 0.0281 0.1317
0.2564 0.2500 -0.2464
0.1617 -0.3048 -0.3754
-0.4320 -0.0970 -0.5496
0.2566 0.0604 -0.1435
0.0451 0.0052 0.0090
-0.6047 0.4696 0.6081
-0.3064 -0.0604 0.0966
0.2069 0.2374 0.8029
-0.3235 0.7693 -0.2189
-0.4600 -0.4927 0.7742
0.2885 0.5263 0.1353
2.0450 0.5211 -0.2891
0.0646 -0.0886 -0.0366
0.0071 -0.0683 -0.0190
0.2547 -0.0941 -0.3471
0.1840 0.1564 -0.2707
-0.7437 0.3062 0.5359
0.6422 -0.0165 0.4573
0.2106 -0.6155 0.3670
-0.2241 -0.3167 -2.8065
-0.5114 0.8188 0.4399
-1.4659 -2.1855 0.6006
-0.3202 0.3230 0.8631
0.0690 0.0545 0.1803
0.2439 -0.0029 -0.2915
0.3673 -0.0061 -0.1780
0.0349 0.0021 0.1915
0.1579 -0.0365 0.1546
-0.3701 0.2645 0.0842
-0.0010 0.0017 0.0001
-1.5767 -1.9485 0.0020
0.0176 -0.0893 -0.0644
-0.3221 0.1036 0.1145
0.3374 -0.1311 -0.6004
