-0.2632 -0.1738
0.2076 -0.0517
-0.2728 -0.1952
0.0818 0.6135
-0.5333 -0.2996
0.4046 -0.0980
0.0464 0.2267
-0.1525 -0.2926
0.0122 0.0860
0.1154 2.1263
0.0597 0.3585
-0.6254 0.5204
0.0325 0.1417
-0.4148 0.5277
0.8159 -1.3310
-0.1429 -0.4687
-0.3887 -0.1473
-0.1650 -0.3015
-0.3259 0.1031
0.1150 0.0853
1.5690 0.2022
0.4438 0.6668
-0.2872 0.3876
-0.0132 -0.0479
-0.2593 -0.7791
-0.3479 -0.0510
0.3865 -0.7257
-0.1602 0.9163
0.0792 -0.1336
0.0767 0.0282
-0.2489 -0.2674
1.7940 -0.6708
0.5014 -0.2473
-0.6939 0.1989
0.4947 -0.8466
0.7337 1.6222
0.0015 0.0049
-0.6292 0.0210
1.2207 -0.8134
-0.0731 -0.0562
-0.9287 -0.3481
0.6637 0.4814
-0.6184 -0.2431
-0.2167 0.1991
-0.5260 -0.1263
-0.1703 0.1809
-0.3975 0.0018
-0.4292 0.6228
2.3654 1.1635
-0.0387 0.0331
1.3119 -1.2542
-0.3993 -0.4410
0.4769 -0.0304
0.0096 -0.0631
0.9249 0.4579
-0.0038 -0.6453
-0.0038 0.3618
-1.8781 0.6576
0.6400 -2.0878
0.8793 -0.2200
-0.0518 -0.2850
0.0333 0.2082
-0.3269 -0.1717
-0.1497 -0.2308
0.4835 0.0532
-0.0238 -0.3934
-0.0692 -0.6770
-0.1542 -0.2300
-0.2362 -0.9263
-0.2190 -0.4911
-0.3368 -0.1514
-0.2984 -0.1702
-0.8814 0.3223
0.3939 -0.8983
-0.0032 -0.0387
-0.8344 -2.3127
0.6687 -0.2816
0.1995 0.0014
0.4183 -0.4573
0.5149 0.0958
-0.0147 0.2535
-0.2678 -0.0286
0.4779 0.3028
-0.0576 -0.0773
0.0510 0.1230
0.3419 -0.8013
-0.9701 -0.1349
-0.2428 0.8877
-0.2322 -0.0408
-1.1402 0.1624
-0.4726 -0.3927
0.4373 -0.8607
0.9802 0.4377
-0.6077 0.0096
-0.0076 0.0180
-0.1244 0.9578
0.0690 0.2105
0.7613 -0.3708
0.9509 -1.0329
-0.3752 0.4337
