0.0942 0.6865
0.5778 -0.6763
0.3526 -0.4846
0.4449 -0.1219
-0.7964 -0.5613
-0.2243 0.9014
0.8277 0.2981
-0.0566 -0.0997
-0.1537 0.1358
-0.2155 0.6545
0.5454 0.4176
0.2344 0.7242
-0.6245 -0.2336
0.3157 -0.4925
-0.1333 0.5835
0.1168 -0.0070
-0.0120 0.1009
-0.4279 -0.6526
-0.4721 0.2113
-2.9117 -1.0219
1.3206 -1.8699
0.9192 -0.2423
-0.8644 -1.9634
0.1077 -0.7788
0.4339 0.4614
-0.4414 -0.0610
-0.0823 -0.0561
0.3034 0.0556
0.5487 0.8088
0.5597 0.3399
0.3129 0.1406
0.4333 0.2166
0.4287 0.5554
0.4055 0.0557
0.0302 0.8287
0.1124 -0.0297
-0.1051 0.0112
-0.1407 -0.0612
-1.4566 -1.2257
0.0268 -0.0173
-0.0398 0.9618
-0.2025 -0.3108
0.0334 0.0037
0.1205 -0.1508
0.3914 0.5501
-0.0330 0.0368
-0.1789 0.0285
-0.9051 -0.0447
-0.6120 0.4675
-0.2819 0.2377
0.0616 -0.1912
-0.5427 0.0585
-1.1422 -3.9957
0.1590 -0.9736
-0.0845 0.1501
-0.0584 -0.1451
-0.6496 -0.0915
-0.1474 0.1385
-0.3152 -0.6149
0.3996 0.1857
-0.2762 0.7197
0.8671 -2.0005
-1.3244 -0.5776
-0.0445 -0.7595
0.0215 -0.3883
-1.5335 -0.9444
0.1122 0.6034
-0.7115 0.5885
-2.2035 0.9354
-1.2210 1.6483
-0.4406 -0.1327
0.9385 0.1705
0.1866 0.7755
0.4447 0.3291
0.3994 0.4941
-0.8697 0.4692
0.8611 -0.1069
-1.0614 1.3902
-0.3262 -0.4077
0.3000 -0.1010
-0.3481 0.7772
-1.8216 -0.5787
0.4247 0.5469
0.0223 0.0129
-0.0546 -0.0425
-2.0795 2.4051
-0.3250 -0.1795
0.0204 0.0199
0.1575 2.2782
-0.2064 -0.3629
0.1449 0.2230
0.5132 0.3009
-0.7267 -0.5545
0.1495 -0.0426
-0.0054 -0.0052
2.6816 1.0087
0.0031 -0.0004
-0.3480 0.3668
0.1581 0.1144
0.0375 -0.0566
