-0.2228 -0.0068
0.1978 -0.0896
-0.8971 -0.3466
-0.0316 -0.6717
-0.0340 -0.1412
-0.0131 -0.0495
0.3955 -0.3952
0.1546 0.5687
-0.5732 -0.6797
-0.0509 0.0147
-0.0283 -0.0057
0.0410 -0.1140
-0.0715 -0.2034
0.9358 -0.0769
-0.0290 -0.1382
-0.5653 0.0036
-0.4522 -0.2635
-0.4169 -0.0954
-0.0126 -0.1207
0.0771 0.0488
-0.4258 -0.5373
-0.1756 -0.2491
0.4910 0.1096
0.5844 -0.6511
0.5343 -0.6989
2.4345 -0.1118
3.2516 -0.4201
2.4808 0.7890
3.0266 0.4234
1.9534 0.3073
1.8443 0.1356
2.5732 0.0341
2.4359 -0.1232
2.6185 -0.0693
3.0356 -0.8009
2.7618 0.5749
2.5645 -0.0748
2.4526 0.3681
1.6773 -0.5588
2.3711 0.0443
3.1891 -0.4374
2.4287 0.0636
2.6869 -0.0589
2.5463 -0.0569
2.8213 0.4746
2.6084 -0.0555
2.3105 0.6115
2.5339 0.3439
2.4781 0.7317
2.4069 -0.0623
