-0.3511 -0.1631
0.1899 -0.2530
0.2778 -0.3370
-0.6242 -0.1274
0.8450 -0.3717
0.3999 0.6121
-0.1098 -0.1879
-0.7933 -0.4289
-0.5007 0.4475
0.0183 0.0485
-0.0243 -0.0788
0.0577 0.1387
-0.4498 -0.2930
0.0971 -0.3409
-0.8069 1.1322
0.2718 -0.3779
-0.1580 -0.0265
0.4481 0.5423
0.0335 0.0050
-0.9756 -0.0095
-0.8181 -0.0373
0.1871 -0.1556
0.0504 0.0200
-0.7778 0.6059
0.0196 0.0081
0.2867 -0.2466
0.0045 -0.0078
-0.4086 0.6286
0.0988 -0.2773
0.5176 0.3946
-0.3895 0.1519
-0.3548 -0.0695
-0.6288 1.1481
0.1678 0.0945
-0.2232 0.4231
0.8496 -1.1517
-0.2312 0.0517
-0.0563 0.1118
-0.6129 0.2955
-0.8297 0.7538
-0.5118 -0.4319
-0.5812 0.1748
0.1953 0.4828
0.0980 0.2073
-0.6816 -0.3006
0.5753 0.5633
0.0765 -0.1971
-0.8403 0.7707
0.0120 -0.4814
0.9991 -0.0334
-0.8495 -0.1756
0.0620 -0.2442
0.1300 -0.6457
-0.3306 0.0732
0.7741 0.5705
-0.0701 -1.1132
-0.2099 1.4262
-0.6305 -0.1947
0.8858 0.4342
0.5298 -0.6702
1.4669 0.3435
0.4586 -0.0403
0.0172 0.8492
0.6120 0.4164
0.2903 -0.2013
-0.6093 0.5677
-0.0879 0.2991
-0.2520 -0.6244
-0.9216 0.0876
-0.1829 0.4614
0.4912 1.3698
0.3573 0.3758
-0.8464 -0.2206
0.6153 0.4686
0.0937 -0.9734
-0.0940 -0.2247
0.9656 0.0390
0.8280 0.3262
-0.3283 0.0771
0.5495 -0.7041
0.2970 0.2443
-0.5761 0.5618
-0.3457 -0.3035
0.4427 0.3054
0.0880 -1.5838
-0.1040 0.2288
0.0154 -0.0043
-0.0004 0.6846
0.2294 -0.7720
0.7089 -0.0418
0.1113 -0.3655
-0.0051 -0.0406
-0.0067 -0.1188
-0.0334 0.1278
0.0853 0.1679
0.3840 0.5298
0.7981 -0.1438
-0.1669 0.4231
0.2159 0.3125
0.4423 -0.1453
-0.1140 -0.2596
0.0492 0.5507
0.7670 0.3863
0.0905 -0.4911
0.5250 0.2076
-0.4021 -0.0323
0.0074 -0.0025
-0.3285 0.2107
-0.8891 -0.9116
-0.0544 -0.1970
0.4668 0.1807
0.0407 0.0837
0.4614 0.6012
0.5071 -0.2530
0.0264 0.0244
0.0311 0.0976
0.1443 -0.4234
0.5675 0.2370
0.3356 -0.2884
-0.7879 -0.4948
0.6296 0.6381
0.0915 -0.6027
-0.7142 -0.5317
0.0487 0.0369
0.0970 0.0001
-1.3584 0.0781
-0.2418 -0.4442
-0.0025 0.4203
0.0274 0.0023
-0.0966 -0.4546
0.1614 0.8718
0.1687 0.1040
-0.0226 -0.1217
-0.1382 -0.1131
0.4430 -0.1330
-0.1564 0.2288
0.9246 -0.7393
0.5436 -0.7739
-0.0595 -0.3492
0.6331 -0.2338
-0.2759 -0.5543
0.6828 -0.5975
-0.0449 0.5280
-0.3172 0.3195
0.2953 -0.5647
-0.3476 0.6774
-0.4379 0.7194
-0.8448 0.0105
0.4850 0.4543
0.1823 -0.1248
-0.0981 -0.5872
0.0113 -0.0010
-0.4450 -0.4448
0.5005 0.1613
-0.7617 -0.0856
0.4358 0.5297
-0.2849 0.7560
-0.6127 -0.5770
0.5916 -0.5147
-0.2785 -0.0403
-0.7067 0.5853
-1.4775 -0.6472
-0.0180 0.0142
-0.0344 0.3772
0.0122 0.3747
-0.1641 -0.8082
-0.1560 -0.3334
0.4094 -1.4528
0.1545 -0.3159
0.0064 0.1225
-0.0553 0.5708
0.1448 -0.0565
0.2048 0.8003
0.4056 -1.5957
-0.7257 -0.6269
-0.5647 -0.1222
-0.1632 0.2227
-0.0352 -0.7311
-0.0030 0.0067
0.6455 -0.5263
0.0911 0.8128
-0.5320 0.4252
-0.2864 -0.1207
0.2727 0.0274
-0.5984 -0.2529
0.1062 -0.1793
-0.1898 -0.6591
0.3503 -0.2019
-0.1354 0.5545
0.3912 0.5806
-0.0309 -0.7454
-0.4503 -1.1806
0.2926 1.4114
-0.2372 -0.2153
-0.1002 -0.7410
0.4045 0.1733
0.8361 1.4555
-1.3875 0.5729
-0.0539 0.0420
-0.1795 0.8235
