-0.4077 -0.0324 -0.3122
0.0829 -0.3384 -0.1448
-0.0889 0.2805 0.6010
0.6088 -0.6056 -0.3013
0.0848 0.0229 -0.0739
0.7328 0.8332 -1.7938
-0.0462 0.0117 0.0924
0.0596 -0.4010 0.8962
-0.0180 -0.0206 -0.0159
0.0648 0.0107 -0.8317
0.0045 0.0017 -1.4264
0.5141 0.0161 0.6484
-0.4075 1.0888 -1.3206
-0.1279 -0.0010 -0.5743
0.8100 -1.8051 -1.6395
0.3799 0.0802 0.1236
0.9186 0.0263 0.3107
-0.4248 0.0609 -0.0480
0.0887 -0.1416 0.1438
0.1402 -0.2503 -0.0711
0.0142 -0.5104 0.2562
-0.0822 0.2665 -0.5653
-0.3400 -0.4484 0.7175
1.1191 0.2041 1.4807
-0.0020 0.0008 0.6602
0.6613 -0.0318 0.5327
-0.0422 0.0024 -0.0290
-0.0546 0.3659 -0.6210
-0.0012 0.0290 -2.2006
-0.1519 0.0059 -0.0634
0.3245 0.4265 0.3269
-0.1582 0.0408 -1.8904
0.4472 0.1535 0.7671
0.2235 -0.1157 0.9339
0.6171 -0.0458 -0.1471
0.0513 -0.2008 0.0111
0.0896 0.0270 -0.7787
0.0012 0.0007 0.0070
-0.5092 -0.6010 -0.1443
-0.2114 -0.5389 -1.5394
-1.3311 0.8267 -0.3162
-0.0390 -0.0619 0.6929
-0.0736 -0.0028 0.0306
0.0308 -0.0133 -0.5552
-0.8192 -0.1578 0.2202
-0.1710 0.1355 0.1805
0.1856 -0.0957 -0.3104
-0.0124 -0.0203 -0.0801
-0.5142 -0.7517 -0.9620
-0.2463 -0.4419 -0.2369
-0.0002 0.0005 -0.0713
0.0154 -0.0163 -0.0392
-0.3204 -0.2569 -0.0875
-1.2811 -1.3519 -0.0620
-0.4081 0.4506 -0.6711
-0.2964 0.8133 -2.5564
-0.0094 -0.0195 0.0217
0.1397 0.0688 -0.0309
-0.0604 -0.0198 0.0678
-0.2897 0.1792 -0.6555
-0.1469 -0.0847 0.0371
-0.1323 -0.3856 -0.5560
-0.1265 -0.0428 0.1301
-0.2327 0.0250 -0.9642
-0.0007 -0.0002 -0.0417
-0.2464 0.6816 -0.0408
-0.4325 -0.5324 -2.1969
-0.3643 -0.4040 -0.6444
0.0324 -0.0258 0.1482
-0.0164 -0.0460 0.2265
-0.4519 -0.5625 0.5688
-0.6715 0.3996 1.6850
0.5293 -1.5582 -0.7588
0.0165 -0.0181 -0.3413
0.0940 -0.2954 0.4820
0.3935 -0.2521 -0.1246
-0.0020 0.0004 0.0006
-0.5373 -0.0736 -0.0153
0.1012 0.1752 0.5252
-0.1781 0.0010 -0.3346
0.0028 0.0001 0.0127
-0.1083 -0.1064 0.9059
-0.0266 -0.6207 0.4362
0.0695 0.0081 0.9882
0.5682 -0.0879 0.1241
0.1190 0.0244 -0.3756
0.1292 -0.6981 0.0082
-0.3317 0.4381 -0.1920
-0.4165 -0.3663 -0.7785
-0.0500 0.4135 -0.0083
-0.2382 -0.1257 -0.0436
-0.3086 -0.1820 -0.5363
-0.0336 0.0089 0.4165
-0.0099 -0.0573 -0.0094
-0.3222 0.0710 -0.0048
-1.4448 1.4106 -1.0367
0.8584 -1.4852 -1.0004
-0.5939 -0.0442 0.0444
-0.6483 0.6100 -0.3186
-0.4058 -0.1066 -0.6594
3.7683 0.3309 0.3325
3.4535 0.2603 0.4635
3.8947 -0.1365 1.3363
3.7000 1.4382 -0.0942
3.9817 0.0421 -0.1555
2.7330 -0.1129 -0.1263
3.9080 0.0601 -0.2449
3.8871 0.0766 0.3644
2.8338 -0.3334 0.4443
3.4177 -0.1550 0.1354
3.4951 0.0212 -0.0043
3.3854 -0.0131 0.0115
3.3175 -0.1322 0.8969
3.5011 0.0104 0.0189
3.3980 -0.1765 -0.0715
3.5477 0.0132 -0.0547
3.3436 -0.4526 -0.0477
3.2499 0.3582 0.2927
3.0762 0.4774 -0.6414
3.4428 -0.4070 0.8412
3.2770 0.8987 -1.2481
3.0508 0.6417 -0.4261
3.4989 0.0740 0.3477
3.6125 -0.1044 -0.1277
3.5188 -0.0408 -0.5818
3.6748 -0.1067 -1.0898
1.5929 -0.1469 -1.8896
3.5586 -0.0223 -0.0034
3.6974 -0.3142 -0.8395
3.2609 -0.0138 -0.5777
3.4834 -0.1512 0.4395
3.3094 -0.0481 0.0264
3.4522 -0.3486 0.1098
3.4731 0.0245 -0.0281
3.5463 0.0059 -0.0553
4.1098 1.7039 -0.8140
3.3498 -0.1972 -0.1598
3.4033 -0.1168 -0.0079
3.1197 0.2025 0.2025
3.4453 0.1459 0.2924
3.9906 -0.7718 -0.1826
3.0732 -0.5933 -0.1285
3.4384 -0.0196 -0.1188
4.1106 0.7979 0.7380
4.0711 0.5750 0.5913
3.6794 -0.2587 -0.6987
3.4208 0.0154 0.0591
4.3059 -0.5215 2.1863
3.6398 0.5162 -0.0977
3.0444 -0.0853 0.4778
3.4508 -0.3023 -0.5460
3.5572 0.3722 -0.0940
3.5040 0.0079 -0.1282
2.9665 0.3287 0.2017
3.4474 -0.0076 -0.1901
2.6789 -0.2167 0.0133
3.4368 0.6043 -0.2909
3.4140 0.0003 -0.0844
3.4359 0.1985 -0.1783
3.5550 0.1573 -0.3536
3.3421 0.2172 -0.2352
3.5828 -0.0200 0.2856
3.5362 0.0490 0.8382
3.2191 -0.0016 -0.5977
3.5386 -0.2121 0.0363
3.3139 0.3124 0.4700
3.8325 0.4768 1.1611
1.9597 0.3514 -1.9932
3.8806 0.1053 -0.3486
3.0440 0.1722 0.0508
3.2108 -0.5844 -0.1794
3.5447 -0.2500 0.2487
3.1493 -0.2826 0.7434
3.7297 0.0362 0.9601
3.2833 -0.6209 0.1101
3.0162 0.2334 0.5132
5.4141 1.2956 -0.6308
3.6164 0.0607 -0.0150
4.1699 0.3363 0.3483
3.0675 -0.4599 0.5193
3.4106 0.2439 0.2900
3.3970 0.2256 -0.6283
3.4894 -0.0076 0.0412
4.8776 1.3848 1.1539
3.6785 -0.2397 -0.4164
3.5405 -0.0656 -0.1404
3.3555 0.0309 0.0512
3.4964 0.1219 0.1812
3.4634 0.0319 -0.9773
3.1613 0.2114 -0.0363
3.4398 0.1176 0.1217
3.8592 0.1399 0.6142
3.4888 -0.1004 0.5632
2.8921 -0.3000 -0.5835
3.2369 0.0368 0.2911
3.6029 0.0155 -0.0082
3.3295 0.1448 -0.4695
3.2289 -0.4115 -0.3826
3.6214 -0.2008 -0.8476
3.4422 0.0773 -0.0193
