-0.0645 -0.0077 -0.5316
0.3713 -0.5055 -0.7582
0.1859 -0.3642 -0.4261
0.4268 -0.2495 -0.0339
0.0599 -0.0806 -0.3344
0.1037 0.0067 -0.2039
0.0110 -0.0435 -0.5563
-0.0841 0.0438 0.1374
-0.6370 0.1654 -0.3466
0.6579 0.6625 0.0277
0.6435 -0.0943 -0.6130
-0.1186 0.5513 -0.3457
0.0127 0.0715 -0.1437
-0.1203 -0.4629 -0.2071
-0.7664 0.3424 -0.3174
-0.1515 -0.1014 -0.1423
0.0249 0.1744 -0.2561
0.2948 -0.4731 -0.6734
0.3777 0.0591 0.1378
0.0220 -0.2147 -0.4945
0.2494 -0.1981 -0.4220
0.1394 0.3404 -0.1188
0.3769 0.7237 -0.3840
0.1064 -0.0428 0.7417
-0.0291 0.1604 0.0750
0.3409 -0.3712 0.3216
0.2250 -0.0817 -0.1072
0.0690 -0.0103 0.0209
0.1333 0.2340 0.1183
-0.0751 0.2064 -0.1920
-0.0618 0.7002 -0.4509
-0.0630 0.1442 0.0615
0.0863 0.0966 -0.3981
-0.1407 0.0213 0.1736
-0.6936 -0.3267 0.1744
0.6788 -0.1511 -0.4450
-0.5039 -0.4463 -0.2152
-0.0000 -0.0014 -0.2655
-0.0324 0.0009 -0.1357
0.0980 -0.0256 -0.1776
-0.0002 0.0016 -0.1383
0.0720 -0.0006 0.4864
-0.2316 0.3350 -0.1595
-0.0179 -0.0138 -0.4028
-0.4083 -0.3845 -0.5737
-0.0276 -0.0052 -0.0276
0.0203 -0.1302 0.3337
0.3101 0.3920 -0.0723
-0.3074 -0.6873 -0.6442
0.0254 0.0225 0.2388
-0.1070 -0.5396 -0.1818
0.1614 0.1047 -0.3229
0.1366 -0.0969 -0.0318
0.1383 -0.0575 -0.2773
-0.2658 0.0171 -0.0882
0.0018 0.0265 0.2724
-0.2823 -0.2124 -0.4930
-0.0003 0.0060 0.0025
0.5103 0.1320 -0.1004
-0.1082 0.2331 -0.1989
-0.0243 -0.0278 0.4857
0.1675 0.1337 0.1733
0.4240 0.1225 0.5854
0.3879 0.0780 0.1627
0.0448 0.0261 -0.2177
-0.0236 -0.0259 -0.0088
0.0081 -0.0003 0.0400
0.3877 0.1133 -0.1350
-0.1071 -0.0339 -0.5891
-0.0790 0.0671 -0.0928
-0.0452 0.5694 0.0538
0.0736 0.2063 0.2614
0.0757 0.4841 -0.1434
-0.1571 -0.0823 0.3622
0.0440 -0.0227 0.1419
-0.0055 0.0332 0.1512
-0.1212 -0.5623 0.0645
0.0756 -0.0347 0.0668
0.6637 -0.4988 0.3079
-0.1949 -0.2400 0.4203
-0.0174 0.0434 0.9975
0.0867 0.6847 0.4463
-0.0190 0.1346 -0.2795
0.0243 -0.0108 0.0694
-0.0037 -0.0225 -0.6349
0.2884 0.5153 -0.6625
0.0916 -0.0439 0.4139
-0.3596 0.1300 0.0314
0.0757 0.1338 -0.0538
0.6500 -0.2070 -0.3330
-0.6002 -0.0717 -0.3545
0.3348 -0.1541 0.5005
0.7621 0.0509 -0.3749
0.0393 -0.0112 0.0035
0.0075 0.0037 -0.0051
-0.0319 -0.0170 -0.0169
-0.0842 -0.2764 -0.3733
0.3837 0.0016 0.7604
0.2491 0.1269 0.1484
0.0067 -0.0009 0.0301
-0.0153 0.1316 -0.4317
0.0400 0.1953 0.2766
0.0686 -0.2410 -0.0534
-0.5320 0.0708 0.2120
-0.4560 0.7025 0.1624
-0.0157 -0.0073 -0.0104
0.5727 0.0942 -0.1356
-0.3531 0.1135 0.6458
0.1897 0.0931 -0.8202
0.0590 0.0526 0.7067
0.2202 0.4790 -0.8107
-0.4709 -0.1841 -0.4422
-0.7058 -0.6969 -0.0976
-0.1724 -0.0065 -0.0339
-0.0234 0.0179 -0.1049
0.2131 -0.5205 0.2614
-0.1370 -0.2863 -0.0368
0.4590 0.5162 0.3130
0.0706 -0.3080 0.0171
-0.0559 -0.0317 -0.2536
-0.1599 -0.6421 -0.2332
0.3273 -0.0353 0.9266
0.0272 0.3181 0.0760
-0.1739 0.6157 0.5002
0.0884 -0.0405 0.6249
0.2780 -0.2477 0.8620
-0.2073 -0.0479 -0.8405
-0.1331 0.5881 -0.4873
-0.6336 0.0334 0.1923
0.0447 0.0037 -0.5303
0.0259 -0.2000 0.9533
0.0409 0.1524 -0.0835
0.8481 0.0093 -0.1858
0.3448 -0.3101 0.8858
-0.4908 0.1669 -0.8277
0.0190 -0.1729 -0.0974
-0.3140 -0.2222 -0.3429
0.0020 -0.0004 0.0001
0.0323 -0.0316 -0.0425
0.0021 -0.0017 0.1080
0.0075 -0.0049 -0.0806
-0.5581 -0.2211 0.3364
-0.0593 0.0683 -0.3266
-0.1287 0.2429 -0.4519
-0.1716 -0.0426 -0.7289
-0.3382 0.4290 -0.3516
0.1764 0.0259 0.9206
0.0834 0.0470 -0.1222
0.1666 -0.0822 -0.5224
0.0417 -0.0611 0.4503
-0.1737 0.0731 0.9776
0.0534 -0.0953 0.5803
0.1969 -0.8352 -0.0782
-0.2002 0.2636 0.6733
0.1618 -0.0852 0.2410
0.8601 0.2692 0.3560
-0.0047 0.0549 0.7715
0.1692 -0.1392 0.4497
-0.2638 0.4050 -0.7648
-0.0364 0.0049 0.0017
-0.5266 -0.1420 -0.7428
0.0675 -0.1208 0.1550
0.0292 0.7427 0.0556
-0.3629 0.0557 0.2321
-0.3170 0.0394 0.0908
0.0008 0.0003 0.0108
0.1618 -0.6177 -0.4689
0.0269 0.2857 -0.9116
-0.1328 0.2128 0.7961
-0.1564 -0.4541 -0.3876
0.0116 -0.0240 0.2561
0.1202 -0.0730 0.1205
0.0376 -0.0272 -0.7447
-0.1728 0.4078 0.1542
-0.0302 -0.0670 -0.5339
-0.2470 0.1151 -0.5858
-0.2207 0.2661 0.0736
0.0053 0.0228 0.0179
0.0234 0.0242 -0.0274
0.1719 0.3320 0.2035
-0.0224 -0.0344 -0.0180
0.3564 0.5492 0.3097
-0.0881 -0.1500 -0.1795
-0.0358 0.1697 -0.3988
-0.0098 -0.1483 0.1559
-0.0946 0.1505 -0.7652
0.1358 0.2786 -0.6225
-0.0041 -0.0081 -0.1732
0.0630 -0.5163 0.4791
0.1521 0.1883 0.4282
-0.0201 0.1392 0.0853
0.0093 -0.3186 -0.0546
-0.0334 0.0862 -0.8059
0.0555 -0.0026 -0.4505
-0.3000 0.5222 0.5249
0.2971 -0.1271 -0.0264
-0.2573 -0.3369 0.0947
-0.0890 -0.1392 0.4862
-0.0147 -0.0165 -0.0628
-0.1021 -0.3341 -0.6777
