-0.2272 0.4915 0.3882
0.0310 -0.0200 -0.1962
-0.2595 -0.1890 0.4931
0.1228 -0.0235 1.1874
0.1135 -0.2818 0.7716
0.7202 -0.0011 -0.5862
0.0688 0.0075 0.0237
0.0717 0.0648 -0.8514
-0.3074 0.6310 0.0700
0.2244 -0.0387 -0.5390
-0.1391 -0.7460 -0.6331
-0.2021 0.1309 -0.4566
-0.0128 -0.0284 -0.8254
-0.0191 0.1085 -0.7452
-0.6759 -0.3031 -0.0307
0.1150 -0.1234 -0.0332
0.1679 0.3251 -0.7327
-0.3635 -0.1031 -0.2756
-0.2587 -0.6207 -1.1539
0.2338 0.4311 -0.6222
0.1075 -0.1926 -0.1166
0.3545 -0.0819 -0.1437
-0.1986 0.2828 0.4772
-0.1251 -0.1997 0.1647
0.1052 -0.3711 0.6726
0.2396 0.8047 -0.3592
0.1591 -0.0117 -0.1498
-0.0784 -0.0232 -0.6770
-0.2720 -0.4324 0.1150
0.6781 0.1470 -0.8282
