0.1996 0.7348
-0.0836 0.0487
-0.0239 1.1252
-0.6182 -0.3827
0.2154 0.2197
0.0031 0.0158
0.4552 0.4434
-0.2617 -1.4762
-0.1561 -0.1800
-0.4245 0.7389
0.0207 -0.0705
-0.0875 0.6283
-0.1176 -0.0161
0.0307 0.0023
-0.2449 0.0605
-0.0644 0.4010
0.3086 -0.6739
0.4838 -0.2238
0.0370 -0.7462
-0.3598 0.1807
2.2087 0.7423
2.1620 -0.1062
2.6576 0.8987
2.1786 -0.2839
2.4639 -0.1131
3.3407 -0.4600
2.9420 -0.0783
2.5206 -0.2702
3.1990 -0.3712
2.2941 -0.7071
1.9317 0.6724
2.8889 0.1807
2.2327 -0.7874
3.1339 -0.3994
2.6356 0.5610
2.5302 -0.0737
2.7006 -0.1090
2.4457 -0.2621
2.3008 0.7367
2.9363 0.5773
