0.0648 -0.6059 0.4040
-0.0020 0.0011 0.0039
-0.4029 0.2527 0.5216
0.0896 0.0828 -0.5391
-0.4716 0.2927 0.4426
0.0426 -0.0681 0.5117
0.3292 -0.1473 0.1231
0.0822 0.1062 -0.1608
-0.0782 0.7903 -0.2550
0.0705 0.0851 -0.5512
0.3096 -0.5069 -0.7246
0.4065 0.5486 0.6969
-0.0862 0.2378 0.6694
-0.4241 -0.0070 0.7547
-0.0262 -0.0147 0.0467
0.5253 0.3599 -0.0775
-0.6286 -0.6092 0.2675
-0.5801 -0.1931 0.1833
0.4825 -0.2822 -0.6749
-0.2808 0.4180 -0.7830
-0.0645 -0.0281 -0.0753
0.2667 -0.1912 -0.5959
-0.0401 -0.0034 -0.8884
-0.3192 0.8714 -0.1428
-0.0904 -0.0412 -0.8779
-0.0609 -0.0498 -0.0702
-0.0499 -0.2287 -0.5033
-0.5044 0.2658 0.7466
0.1919 -0.2125 0.7730
0.1876 -0.0730 -0.0637
0.1527 0.2278 0.7093
-0.1536 0.3891 -0.5306
-0.0369 -0.0337 -0.3557
0.1236 -0.0243 0.1942
0.6840 0.4360 0.5283
-0.0420 -0.8124 -0.2085
0.9908 0.0455 0.0573
-0.2744 0.0837 -0.1091
-0.0476 0.0418 0.0443
-0.1409 -0.4332 -0.8256
-0.0450 -0.8380 0.0069
-0.4014 0.0908 0.1667
0.3869 -0.3291 -0.5159
0.1333 -0.0968 0.4521
-0.0327 0.1465 0.2645
-0.1223 0.2986 -0.2924
-0.4907 0.1942 -0.5972
-0.0967 0.1484 -0.2117
0.6901 0.4100 -0.4489
0.0794 -0.0177 -0.0542
0.2640 -0.1658 -0.0297
-0.1798 0.7689 -0.2278
-0.0038 0.0445 0.6360
0.2073 0.1095 0.0712
0.1840 0.2777 0.3567
-0.0419 -0.0848 0.2244
-0.0744 0.1676 0.3036
0.0625 0.1061 -0.7386
0.1248 0.0526 0.3258
0.0080 -0.1092 0.4349
0.4267 -0.4801 0.0263
0.0007 0.0076 0.9951
0.1462 -0.2404 -0.4931
0.8802 -0.2177 0.3628
-0.0610 -0.1664 -0.4714
-0.5999 -0.2587 -0.3277
0.0053 0.0792 -0.2135
0.2504 0.0435 0.3224
0.1834 -0.1828 0.4137
-0.0054 -0.3914 -0.2050
-0.0749 -0.0219 0.1710
0.0597 -0.0271 0.0759
0.3818 0.2443 -0.7030
0.4584 0.0030 -0.0918
-0.0454 -0.0523 -0.0318
-0.1061 -0.0764 -0.9436
-0.0206 0.0174 0.2855
0.5940 -0.2119 0.3683
-0.0223 -0.3438 0.1104
-0.2646 -0.3242 0.4628
0.0030 -0.0013 -0.3078
0.2868 -0.2422 0.2377
-0.0170 0.0039 0.3443
-0.0281 -0.0003 0.0305
0.0916 0.1255 0.0868
0.0821 0.2240 0.0575
-0.1207 -0.2117 0.5169
-0.3463 0.5040 0.5022
0.1777 -0.7514 0.2357
0.2030 -0.0439 0.0906
-0.0092 -0.0562 -0.3662
0.4009 0.3977 -0.4746
0.0529 -0.5392 -0.6568
-0.2359 0.1711 0.1242
0.0340 0.0004 0.0973
0.0692 -0.4011 0.1966
-0.1379 -0.0003 -0.0535
0.1181 0.2511 -0.4865
0.0586 0.4992 -0.2972
-0.1401 0.1252 -0.7514
-0.0711 -0.3686 0.1342
-0.0022 0.0052 0.0090
0.0076 0.0207 0.0538
0.1242 0.0643 0.3544
0.1669 0.3894 -0.6312
-0.5001 -0.0338 0.0596
0.2434 -0.1633 0.1511
-0.5366 0.3030 0.4259
0.0640 -0.0290 0.0221
-0.3359 0.3933 0.3908
-0.2477 0.4366 0.0322
-0.1626 -0.2230 -0.3110
-0.2771 0.1320 0.2243
-0.0017 0.0070 -0.2505
-0.4662 -0.8163 -0.2935
0.7268 -0.2751 -0.2869
-0.2789 0.7471 -0.0303
0.0255 0.0158 0.4478
0.3239 -0.3753 -0.5896
-0.0157 0.2679 -0.1113
0.0025 0.0192 0.2582
0.0780 -0.0142 -0.1179
-0.2342 -0.0292 0.4446
-0.0192 -0.2666 0.1315
-0.0117 0.0188 0.0869
-0.1846 0.4019 0.0845
-0.0072 -0.0041 -0.2212
0.0733 -0.0230 -0.0068
0.1471 0.2918 -0.4615
-0.2254 -0.2865 0.7014
0.0045 -0.0020 -0.0122
-0.1096 0.1746 0.0623
0.2406 -0.4272 0.4245
-0.0071 0.0052 0.0169
-0.1417 0.2522 -0.2198
0.1270 0.0862 0.0082
0.2548 -0.4189 0.8370
-0.0848 -0.2394 0.3015
0.0365 0.0303 -0.2944
-0.0115 0.0019 -0.4716
0.1014 -0.5583 0.4807
-0.2699 -0.1883 -0.5464
-0.3894 0.5291 0.3584
-0.0032 0.0869 0.1143
0.1713 -0.1667 0.5340
-0.1054 -0.0620 -0.3620
0.2608 -0.0568 0.3628
0.0195 0.0268 0.1177
-0.0811 0.1444 -0.3545
0.0451 0.0233 0.6786
0.1085 -0.0083 0.1485
0.0021 -0.0006 -0.0102
0.1067 -0.0287 -0.9154
0.3994 0.1700 -0.3530
-0.5922 -0.1462 -0.1587
-0.1149 -0.1194 -0.6036
-0.0039 0.1644 0.3006
0.4189 -0.2914 0.3936
0.0190 0.6070 0.2320
-0.1788 -0.2234 0.4394
-0.0919 0.0632 -0.2651
-0.6371 0.0830 -0.7277
0.3681 -0.0781 0.5978
0.0838 0.0200 -0.3008
-0.0242 -0.0009 0.5585
-0.2244 0.1086 0.0458
-0.1603 -0.4426 0.1027
-0.0013 -0.0210 -0.0085
0.0094 -0.0568 -0.1219
-0.1488 0.4422 0.1467
-0.7044 0.3510 0.2572
-0.1798 0.3959 0.6395
-0.2023 0.5523 0.2488
-0.2813 -0.0490 0.4838
-0.7714 -0.5168 -0.1856
0.0205 0.8159 0.2660
0.1096 0.1802 0.4760
-0.0719 -0.4299 0.2051
-0.4513 0.4112 -0.4065
-0.1191 0.0696 0.0638
-0.2124 -0.1118 -0.1406
-0.3281 0.1948 -0.1574
-0.1570 -0.1176 0.0675
0.0838 0.5587 -0.3679
0.3824 0.0626 0.0454
-0.0265 0.4732 0.1340
-0.3363 0.1124 -0.1708
-0.0313 -0.0052 0.2760
0.0002 0.0002 -0.0268
0.3434 0.0246 -0.2180
0.1014 0.3673 -0.3993
0.1796 0.3126 0.3987
-0.2205 0.4067 0.6650
0.2643 0.3415 0.0733
0.2699 0.3853 -0.6712
0.6673 -0.1704 -0.4127
-0.4935 0.3012 0.3738
-0.5568 -0.2458 0.0204
0.5235 0.0453 -0.6865
0.0064 -0.0215 0.0222
