-0.4675 0.6190
-0.2095 0.2160
0.2163 0.2605
-0.2760 0.0868
0.5885 -0.2822
0.1974 0.0532
0.0519 0.0620
0.6020 -0.8795
0.0624 -0.0145
-0.1536 -0.1277
-0.1970 -0.4740
0.1161 0.8882
-0.0218 0.1822
-0.4425 -0.1136
-0.0284 -0.2099
-0.3767 0.1751
-0.4759 -0.6613
0.3033 0.3670
-0.0011 -0.0017
-0.4326 0.5374
0.0237 0.0150
-0.6828 -0.4613
-0.1158 0.4079
0.8310 -0.0427
0.1382 -0.0955
-0.5458 0.3801
1.4438 -0.1888
0.1360 0.2749
-0.2320 1.7252
0.3492 -0.1848
0.0266 0.0130
-0.0241 0.1915
-0.5701 -0.3323
0.3031 0.6775
0.0393 0.0327
-0.1634 -0.0927
0.0183 -0.0249
-0.1054 0.1690
0.5859 0.5077
-0.5053 0.1230
-0.5652 0.3556
0.9242 -0.3493
0.0953 0.1722
-0.5767 -0.0175
-0.1224 -0.4617
-1.6012 1.1379
0.6803 -0.0682
-0.7532 0.1021
-0.0744 0.0474
0.0705 -0.6363
2.9196 -0.0898
3.3912 -0.0255
3.0325 -0.0240
4.1997 -0.6137
3.5990 0.3904
2.9733 -0.0381
3.5100 0.0294
3.7967 -0.5078
3.4310 0.0094
3.7406 -0.4022
3.9737 0.0479
3.7357 -0.2320
3.5354 0.9268
2.9395 0.1871
2.5859 0.1966
3.1533 0.2687
5.3934 1.1224
3.4934 -0.1263
3.2755 0.3718
3.6158 -0.7545
3.6210 0.0618
3.7028 0.1129
2.7102 0.2897
3.1313 -0.3292
3.5290 -0.1050
3.6290 0.9729
3.4879 0.0029
3.5308 -0.0072
3.1973 0.3200
3.4904 0.0119
3.5277 0.1005
3.5183 -0.0058
3.4423 -0.6056
3.4382 0.1485
3.4626 -0.0708
3.5642 -0.3392
3.2315 0.0317
3.9949 -0.2476
4.0747 -0.1747
3.0485 0.1888
3.2790 -0.8478
3.2837 -0.0796
2.6831 -0.3331
3.4495 -0.0613
3.7820 0.0156
3.3805 -0.2177
3.6615 0.5473
3.1133 0.2330
4.2173 0.5207
3.6156 -0.0474
