0.2519 0.0134 -0.9477
0.4299 -0.4845 1.5020
0.6643 -0.0041 0.0112
-0.4688 -0.1297 -0.3595
0.0775 0.1890 0.1432
-0.0104 0.1655 -0.1200
0.1379 -0.1889 -1.0338
0.8847 -0.2638 -0.0029
-0.7837 1.8876 0.3060
0.0104 -0.0104 -0.2117
0.6238 0.4082 -0.4067
-0.0741 0.3184 0.3643
-0.4578 0.2803 -0.3020
-0.1219 -0.7031 0.6224
-0.6198 0.4682 0.3516
-0.0452 0.0457 -0.2030
0.0710 -0.0667 -0.1266
0.1721 -0.3314 -0.1285
-0.7047 0.0127 0.0960
0.4125 0.2396 -0.0701
-0.1627 -0.5879 -0.0379
-0.7776 -0.6635 -0.0487
-0.0584 -0.0900 0.1326
0.1012 0.2054 -0.7127
0.0992 -0.3744 -0.1851
-0.5858 -0.6550 -0.1684
0.1379 -0.2072 -0.8687
0.0480 0.1749 -0.0120
1.2676 0.2784 -0.7443
0.0839 0.3189 -0.2870
-0.1008 0.0155 -0.8862
0.0183 -0.0096 0.2384
-0.1144 -0.1081 -1.8989
-0.0012 0.0017 -0.0490
0.4928 0.1499 0.3219
0.4809 -0.2971 -0.0064
-0.2219 -0.0809 0.2687
-0.4851 0.3799 -0.5462
0.7879 -0.1644 -0.2308
0.0051 0.0526 -0.1277
