0.0326 -1.2106 -0.0311
0.0046 -0.1236 -0.3270
0.0659 -0.0179 0.9145
0.0899 0.1536 -0.8936
0.1877 0.2048 -0.0328
0.1996 -0.5290 0.4751
0.0423 -0.1333 0.1732
-0.2847 -0.7762 -0.6394
-0.0434 0.0162 -0.9592
-0.0684 -0.0020 0.2106
0.0734 -0.0189 0.1256
-0.0108 -0.0333 -0.0101
0.2467 0.2403 -0.2671
0.2325 0.0138 0.1670
-0.1601 -0.0929 -0.4019
0.3262 2.1526 0.2147
-0.0116 -0.0051 0.1766
-0.2679 0.1948 0.8745
0.0327 -0.2584 0.2157
-0.7431 -0.3337 0.1776
2.4212 -0.3923 1.1018
2.6593 0.0568 0.3742
2.3106 0.5574 -0.2154
2.9727 0.1045 0.3751
2.8871 0.1822 0.0691
3.0264 -1.1630 -0.1317
2.9907 -0.2085 0.3250
3.4135 -0.1254 0.7766
3.4360 0.0583 -0.7356
3.0085 0.0301 0.0018
3.0098 0.0362 -0.2371
2.1927 -0.4508 -0.2293
2.1499 -0.5064 0.4666
3.0358 -0.0238 -0.0214
2.7531 -0.2740 0.1951
2.8453 0.1302 0.4131
3.0353 -0.0743 -0.6014
2.7356 -0.3041 0.0641
2.8764 -0.3076 0.6394
3.1266 -0.2135 -0.8531
