-0.0439 -0.0294
0.7184 0.5447
0.5111 -0.7041
1.6596 -2.2834
0.2166 -0.0452
0.0601 -0.8121
1.4136 -0.1561
-0.7685 -0.3679
0.2960 -0.3682
-0.1081 0.1511
0.5360 0.0737
2.2190 -0.0638
0.7914 0.1337
-0.0044 -0.0202
-0.2233 -0.6057
2.1344 -0.3433
0.4945 -0.1797
0.0925 0.3151
-0.5403 0.4490
-2.8316 1.4214
0.0520 0.0302
0.0302 -0.4850
-0.2871 -0.1300
0.5932 0.0739
0.1330 -0.2110
-0.2264 0.1090
0.0589 -0.0098
0.0514 -0.3537
0.0118 -0.1954
-0.7312 0.0974
0.1786 0.1524
0.0591 -0.0414
-0.5531 0.1907
0.1939 -0.2152
0.3143 -0.4390
0.2571 -0.6478
0.3463 -0.4488
0.6511 -0.5804
0.4408 0.0834
-2.9817 0.0054
0.6113 -0.2206
-0.2288 1.2276
1.9038 -0.3242
-0.1062 0.4020
2.2062 -0.3615
-0.5206 -0.8421
-0.1502 -0.5780
-0.6287 -0.5536
0.0934 -0.3231
-0.0794 -0.3549
-0.5645 -0.5513
-2.4262 1.8078
-0.7604 0.2876
0.0867 -0.1478
-0.3551 1.2354
0.1164 -0.1668
0.0369 -0.7146
-1.6273 0.1856
-0.7849 -0.2275
-0.0065 0.4918
-0.0704 0.3031
-0.8242 0.3087
-0.0672 0.3483
-0.1227 -0.6408
0.2282 0.1821
0.2371 0.7058
0.8340 0.5372
1.7327 -0.1589
-0.0659 0.0438
-0.0320 -0.1714
0.5936 0.6394
0.4419 -0.2062
-0.3883 0.0866
0.0922 0.0923
-0.5054 0.3956
-0.1599 0.1675
0.5185 -0.4221
0.0012 0.0383
-0.4492 0.4492
0.0284 -0.2119
-0.0620 0.2836
-0.7003 0.2541
2.2014 -0.6081
0.0366 0.2892
-0.1709 0.9249
-0.2109 0.0033
-0.1013 -0.0214
-0.5057 0.0714
-0.5116 0.7576
-0.0528 0.3298
-0.3824 -0.2431
0.4092 0.0105
-0.0673 0.1428
0.0638 -0.0421
-0.2166 -0.7577
-0.3205 0.1371
0.8004 -0.4175
0.7157 0.5545
2.1813 -0.1422
-0.5857 0.0104
