-0.3958 -0.7118
0.1463 -0.0312
-0.2218 -0.1123
-0.6857 -0.1160
-0.8955 -0.3647
-0.4747 -0.0358
0.1566 -0.0107
0.3672 0.1856
-0.2234 -0.4722
0.5343 -0.4297
-0.3858 -0.4440
-0.1844 -0.0754
-0.0001 0.0006
0.5664 -0.1783
-0.4431 0.8714
0.2999 0.0825
0.4913 -0.7018
0.6258 0.6281
-0.3796 -0.0388
-0.2928 0.7096
-0.2133 0.3015
0.0263 -0.6544
-0.4033 -0.3262
-0.0169 -0.4034
-0.1890 0.7942
-0.3005 0.4222
0.5381 0.3615
-0.1448 -0.5678
-0.2757 0.0134
0.0195 0.0046
-0.2614 0.8124
-0.0933 0.9250
-0.8015 0.0971
0.9067 -0.3007
0.0206 0.6441
0.3212 -0.7248
-0.6208 0.6627
-0.1642 0.0115
-0.4191 0.2694
-0.4508 -0.0571
0.0258 -0.4796
0.5138 0.8254
0.8236 0.3907
-0.3878 -0.7526
0.1610 0.2752
-0.6986 0.2017
0.3962 -0.8724
0.7916 -0.3737
0.6880 -0.3232
-0.7300 -0.2935
2.2946 0.3056
3.2283 0.1437
3.0161 0.0881
2.6494 -0.3932
2.9514 -0.1158
3.2963 -0.0897
2.9511 -0.0416
3.0207 -0.0189
2.2076 -0.2529
3.1916 0.6716
2.9874 -0.0281
3.5439 -0.8043
3.6528 0.5757
2.7749 0.3754
3.3613 0.7195
3.3207 -0.6850
2.9633 -0.9516
2.8629 0.0047
3.0815 -0.1321
2.9996 0.0003
2.6090 0.8300
2.4826 -0.2881
3.0340 0.6734
2.9659 -0.0185
2.1641 -0.2271
3.7372 -0.3504
2.1258 -0.0091
2.9015 -0.1008
3.1629 -0.8769
2.9629 0.0028
2.8318 -0.0915
3.2059 -0.2289
3.0576 0.7716
3.2184 -0.2897
3.4721 0.3352
2.1841 -0.1477
2.7537 0.3822
2.7678 0.2044
2.6266 0.1191
2.9755 -0.1791
2.1932 0.0662
2.9262 -0.8684
3.4734 0.5502
3.1782 0.3810
3.2564 -0.3677
2.7675 -0.2974
2.3592 0.6867
2.6674 0.0578
2.5931 -0.1101
2.5860 -0.6814
