-0.4218 0.1003 -0.6047
-0.2480 0.0133 -0.8420
0.1233 -0.6262 0.3374
-0.6183 0.1717 0.1027
-0.0167 -0.0122 0.1752
0.2625 -0.0368 0.2442
-0.0058 -0.0426 -0.4235
0.1513 0.1463 0.1396
0.1692 0.0819 -0.2797
0.0539 0.0106 -0.6132
-0.0641 0.0765 0.2051
0.1326 -0.7597 -0.1860
-0.0241 0.3049 -0.6472
0.2075 0.2381 0.1609
-0.4221 0.4866 -0.4195
-0.0021 0.0143 -0.3021
-0.0270 -0.0084 0.1489
-0.1144 -0.1613 0.0499
0.0989 0.8627 0.0618
-0.0977 0.4021 0.0522
-0.0108 -0.0111 -1.1500
-0.0096 -0.1264 0.1264
0.0274 -0.0647 0.6139
0.2489 0.2376 0.4558
0.1217 0.0367 -0.2131
-0.0898 -0.0268 -0.0176
0.6570 1.0779 -0.1172
-0.6527 0.0128 -0.6308
0.0017 -0.0024 -0.7585
-0.0532 -0.0120 -0.0298
0.8773 -0.0148 0.4466
0.1447 0.8041 -0.5359
0.0330 -0.2941 -0.0982
-0.2871 -0.0399 0.6380
-0.0071 -0.0068 -0.9423
0.2206 0.0506 0.4134
0.3154 -0.4926 -0.1855
0.1553 0.1210 0.0553
-0.0507 0.1004 -0.3746
-0.0578 -0.3345 0.8693
0.5295 0.1414 0.8096
0.0142 -0.0390 -0.0172
0.9300 0.8520 0.2999
0.1038 0.2620 -0.0698
-0.0085 0.0341 0.5908
-0.7647 0.1196 -0.4850
-0.1709 -0.0944 0.6809
-0.1705 -0.1998 -0.6779
0.0269 0.1153 0.0440
0.1151 -0.4190 0.4357
2.2688 -0.2487 0.4536
2.0211 0.4985 0.3358
2.4070 -0.0552 0.2538
3.0918 -0.3327 0.2117
2.4945 0.0076 0.1538
2.5751 -0.3973 0.2287
2.1602 0.2673 0.0564
2.5168 0.0398 -0.0081
2.2868 -0.2402 -0.6099
2.1709 -0.3503 0.1630
2.4931 0.0105 -0.5354
2.3167 0.7787 -0.2620
2.4466 -0.0317 0.1494
2.8404 -0.0012 0.5864
2.6203 0.4162 0.4517
2.3915 -0.2305 -0.1309
2.5337 0.0357 0.0333
2.2868 0.0871 -0.5014
2.4091 -0.0860 0.4093
3.0481 0.0081 0.7089
1.9244 -0.2055 -0.0446
2.5028 -0.0025 -0.0081
2.4540 0.4903 0.4019
1.5258 -0.0054 0.0392
2.5821 0.2363 0.3117
2.7931 -0.2310 -0.8235
2.2709 -0.1560 0.5423
1.4137 -0.7884 0.9501
2.5931 0.3194 -0.0229
2.7034 0.2611 -0.8904
1.8926 -0.1287 -0.2485
2.3889 -0.1587 -0.9470
2.7043 -0.1009 -0.7219
2.5788 0.1192 -0.8419
2.6193 0.0863 -0.5612
2.1817 -0.2847 -0.0066
2.5244 -0.0602 0.6713
2.4889 0.0094 -0.0722
2.5018 -0.0036 -0.0108
2.7105 0.0558 0.1074
2.6507 0.0823 -1.2418
2.7238 0.1872 0.7944
2.5644 0.3252 0.0428
1.8745 0.3662 0.4731
2.3623 0.0325 0.2520
3.1117 0.3623 -0.1019
2.6689 -0.1521 0.4378
2.0584 0.1606 0.2655
2.1034 0.2156 -0.8509
2.5966 -0.1623 -0.1432
