-0.8483 0.3503
-0.3949 0.2568
-0.0847 0.7175
0.5163 -0.1075
-1.0133 -0.5235
-0.8850 0.3616
0.1623 -0.6369
0.0981 0.0736
0.2259 1.1710
-0.2401 -0.3112
0.8286 0.0251
0.3140 0.2354
0.8644 -1.1271
0.0984 0.1864
-0.0509 0.3599
0.5706 0.5594
-0.2075 0.5902
1.0328 -0.5719
-0.3361 0.7146
0.0457 0.1004
-0.0358 1.5103
0.5537 0.6534
-0.0291 0.1631
-0.6328 0.6494
-0.1958 -0.9394
-0.1142 0.0957
0.7056 0.4765
-0.0018 0.2384
-0.3911 -0.6699
-0.2912 0.2236
0.6173 -1.1053
0.6194 -0.5584
-0.5570 0.0700
-0.2471 0.9145
-0.0244 0.0120
-0.2401 -0.5707
0.8912 0.2019
0.2731 0.6638
-0.1102 0.1743
0.9764 -0.0658
-0.0052 -0.0037
-0.3987 0.6472
0.2583 -0.8288
0.0063 0.0131
0.1519 -0.0525
-0.7028 -0.8043
0.3155 -0.2400
-0.0074 -0.9043
-0.2088 0.4485
-0.0401 -0.0337
-0.7270 -0.4368
-0.1742 -0.4554
0.1782 -0.1228
-0.3597 -0.6796
-0.2012 0.3594
0.1547 0.4816
-1.1067 1.0936
0.6518 0.8951
0.0871 0.6301
-0.4369 0.1414
0.1742 0.2367
-0.0007 -0.4387
0.3779 -0.1384
0.1846 -0.3376
-0.4428 0.5922
-0.1058 -0.2612
0.2343 -0.1987
0.9606 -0.1125
-0.0201 0.0765
0.0400 0.0522
-0.1625 -0.4341
-0.4492 -0.3713
0.1309 -0.8255
0.7928 -0.5288
-0.2555 -0.9469
-0.2644 -0.1116
1.6011 0.0075
0.6405 0.2801
0.1879 -0.6979
-0.0338 -0.1829
-0.3624 0.0721
0.0565 0.5270
0.3668 0.3414
-0.0382 0.8762
-0.0170 -0.0415
-0.0494 -0.4644
-0.4900 -0.2399
0.1595 0.0432
0.0393 0.6332
-0.0006 -0.0002
0.7410 -0.3932
-0.1910 0.1029
0.0094 0.9920
0.4173 0.1727
0.2660 -0.2952
0.2280 0.0798
0.3999 -0.4948
-0.0575 0.0572
-0.3813 -0.3809
0.2253 0.3663
1.5622 -0.0019
1.9855 -1.1728
2.8383 0.7017
3.3621 -1.1669
2.7156 -0.0077
2.5108 0.0580
2.4661 -0.0594
1.9790 -1.3155
2.3950 0.7988
2.8615 -0.2049
2.4066 0.0836
3.1319 0.6903
1.8996 0.2189
2.7366 -0.4680
1.9872 0.0925
1.7228 0.4477
2.1703 -0.2766
3.2992 0.3106
2.5464 -0.9961
2.3744 -0.0100
1.6053 -0.2994
1.9814 -1.3676
2.3291 -0.3197
1.6325 0.2411
1.7137 -0.0845
3.0135 0.3064
2.0794 0.0627
2.4043 -0.6928
3.2278 0.5974
2.4400 0.2050
2.3051 -0.3663
2.1444 -0.2450
2.9595 0.4507
2.4709 0.0129
2.6879 0.0674
2.6651 0.8016
2.1552 -0.3140
1.6312 -0.4228
2.9329 -0.5887
2.8161 0.1228
2.4719 0.1302
2.6983 0.1645
2.5085 -0.0552
2.5338 -0.0336
2.3825 -0.2662
3.7306 -0.1125
2.0110 -0.0363
2.2354 -0.2393
2.3824 -0.0920
2.8907 -0.7878
2.4712 0.1436
2.9410 -0.5509
2.5381 0.4263
2.9247 0.1498
2.8505 0.1765
2.6649 1.1593
2.8291 0.4015
2.1957 -0.0374
2.6602 -0.2343
0.9063 -0.2028
2.1353 -0.5912
2.5300 0.2479
2.1990 -0.3077
2.2225 -0.7530
1.8888 -0.7195
2.2772 0.5534
2.7243 0.3181
2.0642 0.0085
2.7372 -0.7007
3.1359 -0.6360
2.4814 0.0472
2.6360 0.9708
2.3663 -0.3286
2.6915 0.3832
2.4749 -0.0403
2.5434 -0.3859
2.4849 0.1598
1.3342 0.0723
3.1286 0.3261
2.3271 -0.4960
3.2307 -0.0501
3.0858 -1.3308
2.7671 -0.2605
2.4328 -0.2498
2.0937 -0.7624
2.8724 -0.2945
1.2098 -1.0195
2.4682 -0.0229
3.0206 -0.8312
2.4989 0.0296
2.5072 0.0299
2.5770 0.2217
2.2780 0.6003
3.1809 -0.4314
1.9350 0.1149
2.5246 0.1301
2.3102 0.4073
2.5882 -0.8253
2.3966 0.0691
2.6292 -0.1765
