0.3843 0.3342 -0.7900
0.1393 0.0930 0.1639
-0.4205 -0.2353 0.7146
0.3198 0.4510 -0.4147
-0.1422 0.0909 0.3780
0.0331 -0.0016 -0.5785
0.2665 -0.6011 0.2299
0.1519 -0.0409 0.0028
-0.1910 0.1930 -0.8938
-1.5612 1.1020 -0.8303
-0.3151 0.3930 -0.1877
0.2228 0.0012 0.5871
0.4865 -0.1389 -2.1866
0.3121 0.1085 2.0642
-0.0562 -0.0457 -0.0621
-0.3389 0.2413 -0.6599
-0.0341 0.0382 0.0384
-0.1796 -0.0810 0.2735
0.0811 0.0289 0.9365
-0.0304 -0.1120 0.5651
-0.0817 0.0419 -0.0659
0.0020 0.0920 -0.1988
0.0228 -0.0297 0.0821
0.1533 -0.1222 -0.1983
0.8467 -0.1524 0.0015
3.6742 -0.1935 -0.8738
3.8906 -0.1834 0.9098
3.7891 -0.0232 -0.5916
4.3039 -0.7529 -0.1514
4.7383 -0.4061 0.2755
4.6794 0.0849 0.9917
3.7988 -0.3247 0.1201
4.0036 0.0528 -0.0908
4.0479 0.0060 -0.0590
3.9866 0.0084 -0.2862
3.8255 -0.3641 -0.1371
3.9907 0.0463 0.0273
3.9161 -0.6115 0.4980
4.2861 0.0252 0.4349
4.2450 0.0496 0.7604
4.0676 -0.0457 -0.8742
3.7800 -0.1789 -0.1816
4.4509 -0.1886 -0.1734
3.9649 -0.1871 -0.0824
4.5310 0.0368 0.4210
4.7285 0.5698 0.2891
5.6081 0.0174 -0.5124
3.3749 0.5305 -0.1542
4.0004 -0.0480 0.0322
4.3240 0.3700 -0.3368
