0.5560 -2.0451 -0.4232
-0.8983 -0.0625 0.0514
0.1972 0.0871 0.1972
-0.0876 -0.1588 0.1317
0.6480 -0.2667 -0.2301
-0.5656 0.4878 0.0264
0.0043 -0.0123 -0.2157
-0.3749 -1.0400 -0.4190
-0.1703 0.5061 0.3624
0.2862 0.2293 0.5341
0.6200 0.6246 -0.0138
-0.2891 -0.1281 0.6764
-0.3000 -0.0356 0.4281
0.5306 -0.5653 -0.5971
-0.5221 -0.6334 0.2043
-0.6228 0.2354 -0.3605
0.2066 0.0406 0.2234
-0.7962 -0.3630 0.0097
0.1171 0.5827 0.5475
-0.0284 -0.1154 -0.5833
0.6136 -0.6620 -1.5111
0.2753 -0.1395 -0.2891
0.8095 -2.2359 -1.9323
0.2458 0.1321 0.1055
0.0594 -0.0223 0.7033
-0.2500 0.4460 -0.3241
-0.8882 -0.2079 -0.0424
0.0161 -0.0069 0.0204
-0.1892 0.1599 0.2988
0.0557 -0.0368 0.0843
0.0585 0.0119 0.8425
0.1977 -0.1864 0.7484
0.0157 -0.0172 0.1002
-0.6851 -0.1872 -0.2377
-0.0101 0.0252 0.0253
0.4979 0.3363 -0.1189
0.1025 -0.1082 0.0666
-0.1561 -0.0516 -0.6486
0.0344 0.0599 -0.2147
0.2423 0.1716 -3.1601
-0.0028 -0.0267 -0.0334
-0.0176 -0.0094 -0.0017
-0.2986 -0.0364 -0.3008
0.1364 -0.0511 0.0912
-0.3065 -0.3400 0.2087
-0.0259 0.0768 0.1801
0.0775 0.0814 -0.3851
-0.7411 -0.2949 -0.0901
0.3580 0.1380 0.1073
-0.0640 0.0378 -0.2011
