-0.0135 -0.1882 0.8094
-0.0966 -0.0893 -0.1187
-0.2701 0.1833 1.7543
-0.3622 0.6041 0.1725
-0.0599 0.8522 0.1692
0.0758 -0.0244 -0.0463
0.0323 -0.0079 -0.0354
-0.0046 -0.0101 0.2598
1.3364 0.4507 0.6321
0.0856 -0.0050 0.0124
0.3528 -0.3500 -0.0637
0.1899 0.3957 -0.3883
0.0247 0.0575 -0.0670
-0.0761 0.0514 0.9434
0.5236 -0.2672 -0.0390
-0.2498 -0.0239 0.4483
0.8792 -0.3641 0.2578
-0.4747 -0.1933 -0.1381
0.0841 0.0999 0.0071
0.0363 -0.8248 -0.1607
-0.0994 0.0317 0.1968
0.0297 -0.0048 0.0634
0.0077 0.0120 -0.0245
0.4629 0.4716 1.7967
0.1524 0.0828 0.1564
-0.0529 -0.0181 0.5016
0.5480 -0.3724 -0.1919
-0.3842 1.7538 -0.8767
-0.2155 0.1527 -0.6692
0.8419 -0.0102 0.0614
-0.4942 0.2613 0.6551
0.4467 0.5842 -0.3074
0.4766 0.1159 0.5900
0.0787 0.2640 -0.5493
-0.1599 0.2029 0.4310
0.2850 0.1361 -0.2130
-0.0376 0.0671 -0.0867
-0.0083 0.0008 0.3278
0.0314 0.0743 0.4220
1.5638 0.0379 -0.0667
-0.1175 0.1402 0.6088
0.4425 -0.0838 0.3716
-0.2075 -0.0563 0.7463
0.1215 0.4880 -0.4947
-0.1296 -0.8705 0.2956
-0.2386 0.4310 0.7182
-0.0186 0.5536 -0.2174
-0.0160 -0.1490 0.8846
-0.0140 0.0187 -0.6912
-0.1753 0.1117 0.9620
-0.5786 -0.0653 0.2621
-0.0157 -0.0094 -0.2669
-0.3349 -0.1521 0.5853
-0.5428 -0.3669 0.7402
0.9833 0.2634 -1.3433
0.5661 0.5988 0.4191
0.0858 0.0026 0.9434
0.1021 0.0825 0.4003
1.7664 0.2130 0.0178
0.1945 -0.2811 -1.2318
0.8647 1.1488 -0.4533
0.0124 -0.0049 0.0016
-0.1356 0.2076 -0.6436
0.5286 -0.2620 0.2768
-0.2504 -0.9658 1.4923
0.0244 0.0859 0.2723
0.2259 -0.0427 -0.1333
-0.2081 0.5785 -0.2178
0.4738 0.8728 0.0961
0.2087 -0.1320 0.0331
-0.3852 1.1780 0.1973
0.5739 -0.0767 0.8045
0.2373 -0.1879 0.8388
-0.5850 -0.1884 0.4808
0.0115 -0.0123 0.0510
0.4946 0.1766 0.0655
-0.3658 -0.0937 -0.4522
0.7560 -0.2869 -0.4112
-0.1508 -0.1283 0.0679
0.5635 0.4011 1.4415
-0.0139 -0.2568 0.0863
-0.2806 -0.1270 -1.2890
0.0116 0.0254 -0.0268
0.1438 -0.0038 0.2818
0.0087 0.0345 -0.4983
-0.0222 0.0407 -0.6988
0.1347 -0.1686 -0.5676
0.0071 0.0104 -0.0167
-0.0661 0.1284 0.8093
0.0942 0.0292 0.4938
-0.1867 0.1798 0.0740
0.4912 0.0535 -0.3131
0.1360 0.2865 0.0537
0.0191 -0.0360 0.7001
0.0164 -0.0556 0.0690
0.4091 0.3484 -0.6390
0.0086 -0.0098 -0.8897
-0.1160 -0.1397 0.4570
0.2501 -0.1642 0.1989
0.3469 0.0804 0.7125
-0.0192 0.0312 0.0918
0.0179 0.0560 0.9829
0.8228 -0.0017 -0.3725
-0.0571 -0.0316 -0.4595
0.1257 -0.1001 -0.0670
0.2512 -0.3799 0.2133
-0.5250 0.0139 0.3888
-0.0490 0.0214 0.3799
0.5643 -0.3718 0.5740
-0.2582 0.7155 -0.4991
0.3151 0.3004 1.8533
-0.0498 0.0195 -0.7226
0.0095 0.1450 -0.6446
0.0287 -0.0218 -0.2154
0.1349 0.2330 0.5856
0.1197 -0.2279 -0.7143
-0.1594 0.4724 -0.4598
0.0943 0.1091 0.0111
-0.6057 0.5196 0.5465
0.0003 0.1245 -0.2363
-0.5344 0.2070 -0.1378
-0.1210 0.2462 0.1964
-0.0354 -0.0337 0.0887
0.0107 -0.0506 -0.2361
-0.2144 0.6700 -0.3183
-0.0471 0.3290 -0.7661
0.0318 -0.1155 0.0259
0.1004 0.5491 0.4887
-0.0403 -0.1191 -0.7543
0.3550 0.4895 -0.3017
-0.2406 -0.2538 0.3229
-0.7938 0.1300 0.4261
0.2651 -0.0100 0.1838
0.0168 0.0188 -0.4978
-0.1799 0.0587 -0.2423
0.0170 0.5082 0.2561
0.7526 -1.5328 0.1946
0.3513 -0.1697 0.5243
0.0560 0.0723 0.5453
-0.0206 -0.0811 0.0440
-0.1823 0.0961 0.4983
0.3706 -0.2733 0.7271
-0.0282 0.0197 0.0304
-0.2466 0.1198 0.6615
0.1558 -0.0284 0.0281
0.4335 -0.0912 -0.1546
0.5470 -0.3736 0.2254
-0.2406 -0.0028 -1.0759
0.0732 0.1139 0.4257
0.2457 0.1614 -0.6682
-0.0357 0.2957 0.5367
-0.0313 0.0344 -0.0271
-0.2036 -0.0783 -0.1985
0.1063 0.0821 -0.3148
0.6062 -0.7178 0.1633
-0.0006 -0.0029 0.0966
0.1747 -0.3787 0.1158
-0.2374 -0.0992 -0.8876
-0.7030 0.1272 0.1156
0.6337 -0.1101 -0.1056
-0.0168 0.0242 0.0301
-0.2446 -0.1717 0.2183
0.0254 -0.0044 0.0243
0.1713 0.4141 0.1855
-0.0124 -0.2180 -0.2985
-0.0048 0.0372 -0.0089
0.4342 0.0684 -0.8293
0.0518 -0.1438 0.7923
-0.0100 0.0028 -0.0150
0.0584 -0.0810 -0.0397
0.6223 -0.0972 0.6535
0.0756 -0.0577 -0.6799
-0.1374 -0.0665 0.6957
0.1070 0.1400 0.6599
0.0014 0.0103 0.0327
0.5292 -0.6391 0.8625
-0.0361 0.2328 -0.3380
-1.1512 1.2273 0.4649
-0.2301 -0.0664 0.1500
-0.3474 -0.4251 -0.2109
0.3759 0.0852 0.1339
0.7735 0.1202 -0.0802
0.4022 0.8338 -0.1312
-0.1028 0.3076 0.5174
0.0734 -0.0671 -0.5910
-0.0345 -0.0114 -0.4999
-0.1229 -0.0089 -0.0212
-0.0701 -0.0459 0.5812
-0.0003 0.0163 0.2278
0.2470 -0.1040 0.0241
-0.0440 -0.0664 -0.6187
-0.1415 0.1972 0.0768
0.0440 -0.0306 0.8988
0.0003 -0.0004 0.0051
0.0753 0.0705 0.0678
0.1045 -0.2496 -0.1083
-0.5833 1.0497 0.1085
-0.1485 0.1413 0.0910
-0.4036 0.0395 -1.4658
-0.2090 -0.0144 0.2337
