0.1928 -0.2385 0.2415
-0.0054 -0.0249 -0.0079
-0.0626 -0.0433 -0.0323
-0.0060 0.0662 0.0276
0.1700 -0.9782 -0.0544
-0.4347 -0.3104 -0.6526
-0.6424 0.4072 0.0286
-0.3092 0.0167 0.5211
0.1282 -0.3738 0.5534
-0.1126 0.0236 -0.1300
-0.0264 0.0301 0.0249
-0.1030 0.3332 0.3101
0.5435 0.0499 0.7240
-0.1288 -0.2025 0.5791
-0.7277 0.0272 -0.4820
0.0519 -0.0293 -0.0848
-0.1777 -0.5405 -0.0939
0.0847 -0.3007 -0.2470
-0.2021 0.5430 0.1466
-0.0351 -0.2893 0.8470
0.0245 0.0067 -0.0614
0.0349 -0.2304 0.7224
0.2275 0.1099 -0.7192
0.5700 0.6686 0.0483
0.1010 -0.0330 0.4527
-0.2977 0.0780 -0.4986
-0.0255 0.0748 -0.0336
-0.2880 0.1924 0.6585
0.2074 -0.1168 -0.7026
-0.0136 0.0145 0.0476
-0.1620 0.0249 0.1330
0.4995 0.2888 0.1779
0.0811 0.2742 -0.3841
-0.1574 -0.4663 -0.4114
-0.0139 -0.0004 0.0637
-0.1139 -0.0854 -0.2852
0.1337 0.1180 0.4227
-0.3284 0.0338 0.7229
-0.2085 0.5946 0.6402
-0.1883 -0.1317 -0.5534
0.3072 0.2128 0.1557
-0.6357 0.1728 -0.2879
-0.3038 0.0238 0.3118
-0.0062 -0.1365 -0.2153
-0.0257 0.0840 0.8727
-0.2401 -0.0776 0.8544
0.1757 0.2969 0.1591
0.2119 -0.0079 0.0669
-0.0454 0.0320 -0.1318
0.3766 -0.0440 0.3198
0.0235 -0.1897 0.1818
-0.0124 0.0177 0.5660
0.1094 -0.0316 -0.2530
-0.0283 0.0867 -0.0661
0.2956 0.5327 -0.6629
-0.0441 -0.3040 -0.2314
-0.1347 0.3992 0.1162
0.5648 -0.0460 -0.7376
0.2997 0.0920 0.8129
0.0217 0.0066 -0.0532
0.3394 0.8831 0.1889
-0.7655 -0.4855 -0.1025
-0.2984 0.5818 0.3616
-0.0675 -0.0926 0.1364
-0.1667 0.1043 0.3214
-0.1827 0.0116 0.6734
0.0455 -0.0453 -0.2352
0.4054 -0.0995 0.8183
0.6135 0.4952 0.4103
0.1015 0.0534 0.0410
0.0515 -0.0189 0.4432
-0.0094 -0.0085 -0.5411
-0.2090 0.0883 -0.4428
0.0293 -0.0707 -0.4541
-0.3599 0.0017 0.7349
-0.0646 -0.1027 -0.3481
-0.0996 -0.2749 0.2269
-0.1019 0.6285 -0.3905
-0.0394 0.0350 -0.4116
0.3370 -0.2135 0.0374
0.2445 0.1196 -0.0623
-0.0345 0.0114 -0.0544
0.0145 -0.0145 -0.2507
-0.4340 0.2536 -0.3630
0.5426 0.2682 -0.3759
-0.0627 -0.3611 -0.3074
-0.0579 -0.2248 0.8513
-0.6272 -0.5016 0.0716
0.0013 0.0001 -0.0016
-0.2237 -0.3875 -0.4797
0.5948 -0.2253 -0.6000
-0.0966 -0.1814 0.1467
-0.0067 -0.0003 -0.8885
0.0704 0.0165 0.1307
-0.0060 -0.0797 0.0970
-0.2969 0.3114 -0.2474
0.1620 0.6175 0.0880
0.2238 0.1580 -0.1247
0.0920 -0.3240 0.8348
0.2622 0.4632 0.7783
0.6296 -0.6353 0.1172
-0.1628 -0.1714 -0.3880
0.0189 0.0006 -0.0558
-0.0243 0.0082 0.0023
0.1179 0.2226 0.1857
0.3385 -0.2269 -0.2222
0.2115 -0.4897 -0.4029
-0.7458 0.3028 0.3435
0.0423 0.7258 0.3961
-0.3636 0.0210 -0.2008
-0.0310 -0.0573 0.0761
-0.1684 -0.6627 0.1840
-0.1305 0.0166 -0.9576
-0.2137 0.0829 -0.1492
0.1581 0.2407 -0.2159
-0.0042 -0.0939 0.0538
-0.4089 0.4711 0.6568
-0.0258 -0.0265 -0.0766
0.0623 -0.0645 0.6130
0.1420 -0.1191 -0.0885
-0.2331 0.2796 0.6086
0.0330 0.1456 0.0909
-0.1604 0.4655 0.7605
0.0062 0.0361 -0.0039
-0.6530 0.0568 0.3920
0.0001 -0.0010 0.0000
-0.0410 0.0564 -0.0673
0.0045 -0.0248 0.0325
0.3666 0.0930 -0.2103
-0.0607 0.0006 -0.0392
0.0681 -0.0244 -0.5529
-0.1487 -0.0234 0.6158
0.4126 0.2718 -0.2562
0.0319 0.1064 0.1779
0.0757 0.0262 0.1852
-0.0203 -0.0429 -0.1156
-0.1214 0.8625 -0.1035
-0.4222 0.2635 0.4778
0.0922 0.0816 -0.0527
-0.2266 0.0823 0.6991
-0.0018 -0.0064 -0.0221
0.2622 -0.4500 0.0195
0.4461 -0.3814 0.7853
0.2069 -0.2138 -0.9293
-0.0783 -0.0623 0.0596
-0.0030 0.0021 0.0278
-0.2539 0.1852 -0.2161
0.3415 0.3877 -0.7493
-0.2680 0.3962 0.2140
-0.4283 -0.7754 0.1214
-0.1738 0.0100 0.2329
0.0062 -0.0057 0.8781
-0.8276 -0.4113 -0.0711
-0.1262 0.6156 -0.5357
0.0273 0.0041 0.1293
-0.4743 0.5308 0.3846
-0.3910 -0.0999 -0.8907
0.4389 -0.0480 0.5673
-0.2286 0.0658 0.2942
0.0723 0.0103 -0.2304
0.1405 0.2712 -0.5473
-0.2819 0.1694 -0.0719
0.0045 0.0321 -0.9350
0.1172 -0.8035 -0.4647
0.3428 -0.2497 -0.5159
0.0209 -0.1320 -0.2891
0.0126 -0.0111 0.4117
-0.1630 -0.3990 -0.4645
-0.4112 -0.3228 -0.6855
-0.2927 0.5275 -0.2120
0.2567 0.2243 0.4681
0.3182 -0.2356 0.4473
0.2029 -0.4284 -0.1932
0.4471 0.0247 0.2672
-0.2626 0.4444 0.0843
0.1681 -0.1019 -0.3905
0.6734 -0.1829 -0.3860
0.3741 0.2095 -0.4843
0.1045 -0.1975 0.3071
-0.1412 -0.0035 -0.4135
0.0599 -0.4759 0.2902
0.2818 -0.0814 -0.5472
-0.0600 -0.0011 0.0143
0.0505 -0.1219 0.7744
0.1280 0.0358 0.5609
-0.1617 0.0939 0.5453
-0.6140 0.1202 0.6514
-0.1548 0.5048 0.0705
-0.0572 0.2154 0.8553
0.0478 0.2163 0.1260
0.3742 0.5510 0.3908
-0.0161 0.1184 0.1468
-0.0506 0.8731 -0.1733
0.0202 -0.0797 -0.4227
-0.2774 -0.0395 -0.8945
0.0155 -0.0516 -0.0231
-0.2295 0.9520 0.0802
-0.1585 -0.1592 -0.2746
0.0478 -0.0219 -0.0183
0.0020 -0.0173 -0.7859
-0.0999 0.5046 -0.1491
0.0094 0.0069 -0.0181
-0.2317 0.5450 0.2748
-0.3117 0.2994 -0.2482
0.1377 -0.3505 0.3154
0.1363 -0.1265 -0.7146
0.0000 -0.0001 0.0296
0.0560 0.1164 -0.0035
-0.0562 -0.0262 -0.2207
0.0449 0.0291 0.2172
-0.1015 -0.0477 0.1061
-0.2290 0.5285 0.3829
0.1407 -0.2644 -0.5967
0.0085 -0.0002 0.1065
0.0212 -0.0052 -0.4708
-0.0724 0.0012 -0.0230
-0.0736 -0.1770 0.0130
-0.0601 -0.2178 -0.0015
0.1291 -0.3471 0.1653
0.2481 -0.5206 0.0068
-0.5141 0.0093 0.0302
0.0330 0.0433 0.0698
0.0740 -0.2820 0.4126
0.0167 -0.0070 -0.1523
-0.4853 0.3626 0.1494
-0.0297 -0.0037 -0.0089
0.0749 0.1411 0.6646
-0.0298 0.0368 -0.2651
-0.1703 -0.0661 0.2597
-0.1366 0.0893 0.0331
-0.0119 -0.0046 -0.0630
0.0039 -0.1047 -0.6807
-0.0000 -0.0581 -0.4341
0.0492 -0.0267 0.0526
0.2875 -0.3241 -0.0823
0.0316 0.1247 0.0554
-0.1486 0.0602 0.2281
-0.3357 0.5378 -0.6156
0.0069 0.0910 -0.5176
-0.0564 0.0069 0.0334
0.1132 0.6028 -0.4794
0.0504 0.1634 -0.0037
0.0071 0.0320 0.0361
-0.3071 -0.0386 0.6821
0.4721 -0.3518 0.7806
-0.4554 -0.1841 0.0032
0.0759 0.0357 -0.4751
-0.1139 -0.0002 -0.5123
0.0262 -0.0218 0.6357
-0.0715 -0.1714 -0.0152
1.9073 0.6041 -0.3882
1.7991 -0.1543 -0.0337
2.0038 -0.0033 0.0366
2.0000 -0.0004 0.0083
2.2977 0.3667 0.6875
2.0854 0.2077 -0.2832
1.4958 0.1773 -0.1557
1.4148 -0.0467 0.4755
1.7704 -0.3890 0.5030
2.0006 0.0025 0.0070
2.5331 -0.4460 -0.5296
1.4873 0.2782 0.2172
1.3829 0.3208 -0.4816
2.4260 0.4569 -0.2714
2.8546 -0.0678 -0.0269
2.1078 0.2412 0.0031
2.0059 0.0054 -0.0591
1.0808 -0.1263 0.0223
2.0080 -0.0126 -0.1570
1.8113 0.3797 -0.4828
2.0013 0.0000 -0.1278
1.9240 -0.2440 0.5557
2.0010 -0.2081 0.3120
1.5334 0.2907 0.2039
1.7947 0.1568 0.2150
2.1974 0.0807 -0.1324
1.5243 -0.1563 -0.4888
2.0987 0.2025 0.4216
2.1024 -0.7461 -0.5751
2.1779 -0.0759 -0.1837
2.1443 -0.0981 0.0317
1.0436 0.0817 -0.1849
2.5059 -0.2731 0.5055
1.9880 0.0024 -0.0274
2.1385 0.4080 -0.0832
2.0015 0.0010 0.9626
1.9471 -0.0085 0.0030
1.5540 0.2362 -0.2512
2.0107 0.0068 0.0225
1.9525 -0.0215 -0.0102
1.7819 -0.6341 -0.4790
1.8522 0.5085 0.0985
1.9681 0.0077 -0.2255
2.1991 0.2319 -0.5346
2.1412 -0.3925 -0.5588
2.0229 0.8517 -0.0259
1.8304 -0.1506 -0.0329
1.5495 0.2143 0.5057
2.1931 0.1248 -0.0102
1.8516 -0.2100 0.2890
1.6602 -0.5848 0.7169
2.5665 -0.6419 -0.0020
1.8144 -0.5739 -0.7261
2.1585 0.3970 0.4645
1.7842 0.0939 -0.3550
1.6788 -0.5276 0.3822
1.9449 -0.1827 -0.7943
1.5307 0.3444 -0.1708
1.1239 0.0440 -0.0658
2.0901 0.4047 0.7168
1.8672 -0.1144 -0.1236
2.2847 0.0527 0.3334
2.2669 -0.0892 0.0141
1.9937 -0.0001 -0.2285
2.1111 0.0508 0.0199
2.2697 0.2148 0.1948
1.9569 -0.4927 0.0007
1.9440 0.0133 0.4495
2.1331 0.1684 0.1727
2.1158 0.0006 -0.6565
1.9991 -0.0166 -0.2147
1.7062 -0.1285 -0.1548
2.4211 0.4214 -0.1615
2.6998 -0.2420 0.2053
2.7001 -0.0165 0.0122
2.0155 -0.3032 0.8669
2.0248 -0.0220 0.0503
1.4408 -0.4345 0.6735
2.4926 0.5706 0.0526
2.0102 0.2640 0.2221
2.0274 0.0321 -0.7203
1.4208 0.5043 0.3737
2.0751 -0.1072 -0.4982
2.3418 0.7324 -0.0558
1.3956 0.4284 0.0227
2.6505 0.2421 0.1414
2.0130 0.0125 0.0995
2.1928 -0.1029 -0.9463
1.9986 -0.0026 0.0337
2.2108 -0.0409 -0.1717
1.7736 -0.0890 -0.5546
1.3033 0.2643 -0.1345
1.9213 -0.3473 -0.9249
1.9593 -0.0457 -0.0831
1.4088 -0.6021 0.4739
2.0027 -0.1534 -0.4406
1.9482 0.0982 -0.2057
1.5499 -0.0929 0.1908
2.5246 0.1386 0.3791
2.0727 0.0501 -0.8481
1.7705 0.9256 -0.1463
1.6747 -0.6852 0.1982
1.7707 -0.2981 -0.8493
2.1569 0.4307 -0.4562
2.1607 -0.4349 -0.3144
1.9754 -0.0561 -0.8295
1.7979 0.3875 -0.5555
2.1370 0.1521 -0.1965
2.1078 0.1088 0.8217
1.8350 -0.7001 -0.1817
2.0335 -0.0232 0.0205
1.8279 -0.1955 -0.2289
1.8402 0.0883 -0.6662
1.3747 0.2390 0.1741
2.0066 -0.0129 -0.0904
1.9638 -0.2620 -0.0725
2.1759 0.1465 0.1681
2.0003 -0.0004 -0.5534
2.3033 0.1954 -0.6304
2.1855 -0.1732 -0.1480
2.3857 0.1421 0.8187
2.2173 -0.1876 -0.5967
2.7849 0.0511 0.1222
1.3958 0.7152 -0.3189
2.2783 0.4103 0.6896
2.0959 -0.3643 -0.4382
1.7502 -0.0392 0.1589
1.7601 -0.6143 -0.4738
2.0004 -0.0010 0.0988
2.0033 -0.0366 -0.0265
2.2921 0.1432 0.3135
2.1048 -0.6352 -0.6617
2.0003 -0.3540 -0.5077
2.0528 0.1682 0.7186
1.9303 -0.2603 0.2543
2.2929 0.0477 0.6555
2.0643 -0.3500 0.3142
2.0015 0.0019 -0.0786
2.0589 0.1640 -0.7210
2.5947 0.2928 0.0125
1.8534 0.0671 -0.4867
1.6402 -0.0532 -0.5729
1.4901 0.2008 -0.7650
1.9622 0.1751 -0.8394
1.6986 0.2476 -0.0232
1.7836 -0.2393 0.1488
2.3125 -0.0472 0.2207
1.4217 0.2705 0.5107
2.0832 0.3830 0.1162
1.9172 -0.0413 0.3219
2.0770 -0.0685 -0.2642
2.0113 0.0017 0.0853
1.9847 0.0265 -0.0293
2.1137 0.0112 -0.0230
1.7180 0.2312 -0.0468
1.9287 -0.0513 0.4431
2.2217 0.1115 0.8762
2.0546 0.0631 -0.1463
1.9125 0.1043 0.4096
1.9109 0.0995 0.0366
1.8654 0.0941 0.1150
2.6944 0.0896 0.0805
1.8345 0.0502 0.2039
1.5102 -0.3769 0.7169
2.2877 -0.3985 -0.4492
2.6189 -0.4537 0.5503
2.1010 0.6983 0.0460
1.5178 -0.4395 0.5058
1.4540 0.0156 -0.2492
1.8541 -0.0376 0.4822
1.9265 0.1809 0.3294
1.9138 -0.5103 -0.8492
2.1678 0.6001 -0.5332
1.9543 0.0797 0.2663
2.1179 0.0772 0.0146
1.9944 -0.0575 0.0114
1.9588 0.0113 0.1586
1.1321 0.0901 -0.3798
2.0276 0.0181 -0.2112
1.9981 -0.0007 -0.1493
2.0167 -0.1781 0.1455
2.0084 0.1953 0.1698
2.0399 0.0890 0.0356
2.2087 -0.2989 0.8200
2.2668 0.1999 -0.0624
2.0567 0.3730 -0.0406
1.9977 0.0016 0.0375
1.9612 0.1521 0.2704
2.3552 -0.0403 0.9166
1.3941 0.1521 0.0220
1.7671 -0.1775 0.8174
1.8584 -0.1243 0.2461
2.1234 -0.1743 -0.3373
1.3298 -0.1678 -0.0695
1.6668 0.6217 0.0733
1.4002 -0.0769 -0.5225
2.4366 -0.0454 -0.2739
2.1551 -0.1326 -0.0077
1.9787 0.1157 0.2667
2.0147 -0.0882 -0.3374
1.9151 -0.1549 0.1818
1.9148 0.1402 0.1976
1.8514 -0.4244 -0.5030
2.8098 0.3958 -0.3672
2.3064 0.3895 0.3354
2.0728 -0.4080 -0.4860
1.7950 -0.4086 0.1397
1.8793 -0.2854 -0.1730
1.4274 0.1306 -0.2671
2.5026 0.0562 0.2058
2.0080 0.0324 0.4629
1.8325 -0.0761 -0.1627
2.0448 -0.2767 0.0484
1.3729 0.5307 0.4928
2.3163 -0.5469 -0.5758
2.7545 0.1472 0.4102
2.1335 -0.0067 -0.0666
2.1833 0.0681 -0.6191
2.0729 -0.0619 0.2361
2.0061 -0.0042 -0.0398
1.9265 -0.0013 0.2062
2.4755 0.2580 0.8350
2.0974 0.1416 -0.1578
1.8629 0.3992 -0.1365
1.9659 -0.0705 -0.4220
1.4056 -0.3033 -0.6915
1.9961 -0.0660 -0.0237
1.6918 -0.1580 -0.3535
1.9972 0.0172 0.4599
1.9991 -0.0024 -0.2908
2.0117 0.0869 -0.3451
1.9381 -0.0603 0.2902
1.9170 0.1078 0.2566
1.6912 0.2790 -0.6210
2.0162 -0.3089 -0.5422
2.0412 0.0242 -0.0004
2.0303 0.0107 -0.2493
1.9678 0.6167 -0.1516
1.9152 -0.0525 0.2943
1.9720 0.0632 -0.4149
2.0418 0.0262 0.2419
2.1089 0.5599 -0.2660
2.0192 0.0018 0.4536
1.8718 0.0149 0.3404
2.0502 -0.0959 -0.0303
1.9932 -0.0338 0.0006
1.8250 -0.7093 0.0802
2.0790 0.2178 0.8315
2.0671 -0.5505 0.2795
1.7392 -0.5741 0.2570
