-0.3712 0.0222
0.0497 0.0318
0.9008 -0.4339
0.0564 0.0914
0.3177 -0.5134
0.2141 -0.1112
0.3364 -0.7546
0.3299 0.2762
-0.0298 -0.0002
0.2879 0.3577
0.3896 -0.2584
0.2363 -0.6190
0.6096 -0.3393
0.0940 0.0839
0.6725 0.0814
-3.1310 -0.9367
0.2686 0.8187
-0.0608 0.1930
-0.0223 0.0825
0.4153 0.4683
0.1068 -0.0692
-0.8948 0.1946
0.4732 0.3610
-0.2444 -0.2550
0.3351 0.6126
-0.0721 -0.6095
0.7156 -0.1326
-0.0181 0.0243
0.5276 -0.4896
0.2420 -0.3676
-0.0526 -0.2613
0.9551 0.0474
0.8733 -0.0504
-0.4200 -0.1615
-0.4023 -0.4136
0.0081 -0.0015
0.0092 -0.1993
-0.2694 -0.0515
-0.1772 0.9455
0.8375 0.1544
0.2042 -0.0392
-0.2250 -0.5927
-0.4376 0.7560
0.3569 0.5557
0.1829 -0.2174
0.1316 -0.5915
0.0850 0.0197
0.3956 0.4494
-0.5059 -0.5645
0.2855 -0.6130
-0.4191 0.0292
-0.2273 0.8437
-0.1905 0.1083
-0.3066 -0.1688
-0.5172 0.8228
0.0622 -0.5876
0.3010 0.4087
0.4712 -0.7332
0.5158 0.2617
0.4025 0.1460
-0.0971 0.4938
-0.0447 -0.0009
-0.0479 0.0047
0.3082 0.6774
0.8945 0.3072
-2.0119 -0.2935
-0.3580 0.0672
0.2053 -0.8596
0.3857 0.7435
-0.3596 -0.7427
-0.5560 -0.7359
-0.4712 0.3441
-0.0496 0.1046
0.2862 0.6094
-0.3584 0.8264
-2.1534 0.3204
-0.5308 -0.2880
-0.0000 0.9495
-0.1095 0.9657
0.1119 -0.6391
0.2741 0.7804
0.1605 0.4369
0.0079 0.0595
-0.2492 0.6331
-2.7159 1.9732
0.1636 -0.1561
0.1516 0.1343
-0.2299 0.1346
0.0672 -1.1554
1.2481 -0.5692
0.2802 -0.3079
0.1649 0.3013
-0.1067 -0.0117
0.4671 0.6074
2.2660 2.6251
-0.0951 0.4568
0.0149 -0.1351
-0.0928 -0.0129
-0.1043 -0.0982
0.0146 0.0364
0.2650 0.0612
-0.2855 -0.0034
-0.0747 -0.8074
0.0221 -0.0334
0.9178 0.0709
0.3854 0.7881
0.2435 -0.4411
0.9508 -0.0170
0.0764 -0.0134
0.2095 -0.7694
-0.3265 -0.1657
0.9362 -0.1584
-0.4871 -0.0140
0.0523 0.0157
0.2133 0.1920
0.0317 -0.3439
-0.6386 -0.5026
0.3481 0.6938
-0.0476 -0.3163
-0.5093 2.5165
0.1673 0.4999
-0.5194 -0.2945
-0.6000 0.7692
0.0117 -0.4166
1.0209 1.0334
0.7058 -0.4413
-0.0870 0.3962
0.0393 0.0808
0.8539 0.3839
-0.1367 0.1692
0.5425 0.1107
0.0930 0.0561
-0.5193 -0.1805
2.1006 1.9673
-0.2007 0.0012
0.0554 0.0441
-0.5939 0.2023
-0.0477 0.5647
-2.3116 3.0996
0.0229 -0.1025
-0.6858 -0.3217
-0.0673 -0.9779
0.2491 0.0036
-0.0487 -0.0892
0.5459 0.6767
-0.0950 -0.0131
0.6650 -0.0782
0.4489 1.1026
-0.4632 -0.3027
0.1993 0.7050
0.1016 0.2603
0.0537 -0.1778
0.8147 -0.0695
0.3725 -0.5782
-0.6502 3.0880
0.5010 0.0216
-1.8456 2.3108
-0.1311 0.7338
-0.2177 -0.0629
-0.2486 0.1190
-0.8125 -0.1177
0.4462 -0.8640
0.1419 0.1937
0.5858 -0.5622
-0.4555 -0.0149
0.7794 0.0218
-0.0163 0.0116
-0.4659 0.6032
1.5937 1.0664
0.0056 -0.0321
0.1243 0.8506
-0.0118 -0.8734
-0.3126 0.1050
0.0164 0.0978
-0.5117 -0.1445
-3.8379 -1.4618
0.6207 -0.2324
-0.3557 0.5951
-2.3970 0.9072
-0.0026 -0.3959
0.5475 -0.1597
0.1106 0.6055
-0.0530 0.6259
0.1047 0.0492
0.1091 -0.0154
-0.7721 0.3835
0.4297 1.6274
-0.8460 0.3263
0.4533 -0.4125
-2.7414 -2.7593
-0.1954 -0.2093
0.0582 -0.0457
-0.1803 -0.0933
0.0008 0.0153
-1.5464 -0.6760
0.1759 -0.2952
0.0176 -0.8530
0.5671 0.1178
-0.2288 -0.2798
-0.6093 0.1619
-0.1784 -0.3076
2.3316 -1.9696
-0.2760 -0.6733
-0.7188 0.1823
-0.1921 -0.7147
0.2083 0.1050
0.1862 -0.0031
0.4573 -0.5124
0.0408 -0.1068
0.2558 0.6604
0.5537 -0.4550
0.3104 -0.0365
0.1014 -0.1220
0.0688 0.7675
0.0473 0.2496
0.5112 0.0817
-0.2437 0.1771
0.3148 -0.0229
-0.3447 0.9091
0.1667 0.0740
-0.1126 -0.0963
1.5324 0.0035
0.2697 0.7383
0.1275 0.8247
0.6513 0.6973
-0.0594 0.0411
0.0037 0.0162
0.7968 0.5552
-0.3133 0.0388
-1.1789 -0.3592
-0.1003 0.0780
-0.3976 0.0591
0.0694 0.5535
-0.0408 -0.0165
0.4667 0.1255
0.4610 0.4311
-0.0868 -0.3515
-0.6195 -0.0586
-0.3590 0.0738
-0.1273 0.1133
-0.3156 -0.7425
3.5912 0.6960
0.6699 0.5755
0.0458 0.4399
0.4779 -0.5472
0.5792 -0.6269
-0.2343 0.3440
0.0743 -0.0507
-0.7103 -0.4599
-0.4879 -0.1814
0.1959 -0.1553
0.7569 -1.8298
3.9353 -1.4643
0.2226 -0.0435
-0.1577 -0.3230
-0.0299 0.0084
0.2330 0.5429
2.1873 -0.4129
-0.4413 2.0068
0.7173 0.4546
-0.2170 0.0547
0.7591 0.5308
0.1780 0.1496
-0.0064 -0.0032
0.0295 0.0718
-0.0907 -0.5062
0.7627 2.0397
-0.3342 0.4463
-0.1749 0.1208
0.2654 -0.2216
0.1497 -0.1829
0.0039 0.5840
-0.5051 0.4065
-0.5507 -0.5649
-0.2704 -0.0169
3.0639 -0.8451
0.0429 -0.3513
-0.1239 -0.0806
-0.0827 -0.2274
-0.0403 -0.3590
-0.5851 0.4126
0.6972 -0.4413
0.7476 -0.5916
0.1176 -0.0760
-0.4419 -0.3668
0.3010 -0.7994
-0.8873 0.0467
0.0206 0.1085
-0.1777 -0.5873
0.6909 0.1326
-0.0089 0.0230
0.0370 -0.0734
-0.5434 -0.0580
-0.2725 -0.0960
-0.3570 -0.2179
0.5818 2.4248
0.0208 0.4045
-0.2179 -0.6240
-0.8752 0.0229
-0.2526 0.3330
-0.0215 0.8158
-0.2113 -0.2338
-0.0909 -0.0107
-0.4429 -0.4747
-0.8848 0.3044
-0.7785 -0.4210
1.8669 -0.5530
-0.1927 4.0556
0.6415 -0.3931
-0.8683 0.3143
0.2194 0.0690
-0.0278 0.3637
0.6338 0.4487
-0.5903 -0.2048
-1.2904 2.0901
0.0313 0.1446
-0.3028 0.1869
-0.0878 0.5529
-0.3326 -0.6720
-0.8301 -0.1868
0.4989 0.8440
-0.6309 0.4647
-0.0899 0.1108
-0.3414 -0.3124
-0.0912 -0.8587
0.0324 -0.0127
-0.6993 -0.3476
0.0278 0.3298
0.0650 -0.8814
-0.3985 -2.3410
0.1545 0.5766
-0.6311 -0.6151
0.6983 0.1617
-0.1634 0.1224
-0.2364 -0.4513
0.0447 -0.1534
-0.4414 -0.0424
-0.0601 -0.1232
0.1080 -0.0026
-0.4577 -0.2858
0.2113 0.2360
-0.1851 0.9656
-0.1109 0.5345
-0.0621 -0.0298
-0.0531 -0.9555
-0.9186 -0.5725
0.0393 -0.1310
0.3964 -0.3909
-0.1129 0.1051
0.0180 -0.3550
-0.0332 -0.0141
-0.0072 0.0587
0.0181 -0.0946
-0.1739 0.1124
0.2989 -0.4651
0.1113 0.1484
-0.0411 0.0571
-0.0016 0.0400
0.6850 -0.3913
-0.6325 0.0836
0.2702 -0.0520
-2.1255 -2.0420
0.1079 0.0047
-0.0309 -0.2014
-0.0526 1.5385
-0.5637 -0.4390
-0.2307 -0.2188
-0.8586 -0.1571
0.9639 -1.4197
-0.6323 0.2843
-0.1120 -0.0113
-1.3806 -2.1960
-0.4800 -0.3359
-0.3444 -0.0721
-0.7138 2.8938
0.6185 -0.4728
0.3918 0.0274
0.6984 -0.3182
-0.6340 0.3447
-0.8623 -0.1547
-0.1574 0.3132
0.0825 0.8665
-0.5305 -0.6784
0.1606 -0.1332
0.0278 0.0508
-0.5478 0.2479
0.1207 -0.1324
0.8551 0.1261
-0.1007 -0.0788
0.0973 0.1534
-0.1580 -0.1574
0.3461 0.5483
0.1421 -0.3871
0.4596 0.4346
0.0872 -0.6025
0.1822 0.0555
0.0152 0.3946
-0.3950 0.0232
0.8558 -0.2647
0.0174 -0.0033
-0.1430 -0.8984
0.0678 0.0371
-0.0642 0.1324
0.4715 -0.8611
0.1499 0.1146
0.4558 0.7995
0.6557 0.6940
-0.0480 -0.1784
-0.2780 0.4049
0.5368 0.2333
0.1695 0.0119
-0.0540 0.3873
0.1301 -0.2212
-0.6907 0.5348
0.8639 0.3236
-3.8059 0.5439
0.5428 0.3768
0.3053 -0.1420
0.8764 -0.1322
-0.0722 -0.2588
-0.3816 0.7425
0.3697 0.0506
0.0483 0.0128
-0.0722 -0.7778
0.0287 -2.2786
0.0920 0.3358
0.2418 -0.0846
-0.2777 0.9372
-0.0850 0.0214
-0.1136 0.4006
-0.4309 0.2981
0.0149 -0.0363
0.1443 0.0585
-0.1194 -0.5560
0.2603 0.5281
0.1562 -0.1304
0.1078 -0.6739
0.4233 -0.8814
-0.2436 -0.2239
0.1470 -0.0413
-0.3632 -0.3718
-0.3514 -0.0665
0.1142 0.3361
0.2338 0.0395
-1.0527 0.8881
0.0589 -0.1420
0.1622 0.1478
-0.4568 -0.8026
-0.0439 0.0697
-0.2736 -0.6951
-0.0040 -0.4422
3.4611 0.8342
0.8099 0.2610
-0.9218 -0.1990
0.0467 -0.0208
-0.0425 -0.0478
0.7934 0.0641
0.2347 -0.5465
-0.5454 -2.7699
0.2524 0.6650
0.2864 -0.1701
0.8673 0.1584
0.2752 0.4022
-0.1760 -0.5201
0.0402 0.1508
1.8409 -0.5554
0.3046 0.1899
0.0015 0.0015
1.1713 -2.6456
0.4764 0.0590
0.3592 -0.4019
-0.6683 -0.5051
-0.5962 -0.4468
0.4404 -0.0881
0.2955 0.5547
-0.8498 2.3734
0.1270 -0.1689
-0.1832 -0.3766
-0.0119 -0.0171
0.9569 0.0729
0.1955 -0.7423
-0.7897 0.4386
-0.3450 -0.6940
0.3339 0.3671
-0.0569 -0.0955
0.1364 0.7734
0.9137 -0.2021
0.1343 -0.1296
2.0851 -0.1306
-0.6212 -0.2052
-0.5673 -0.4816
-0.3036 0.3879
-0.0137 0.1310
-0.4700 0.1100
0.2217 0.1276
0.6969 0.2330
-0.6177 -0.6820
0.0508 -0.0190
-0.3714 0.4760
-0.8246 0.0581
