0.0885 -0.5598
0.2474 0.5325
0.8186 0.1291
1.0821 -0.1338
0.7534 -0.7038
0.8229 -0.1767
0.1168 -0.2896
0.6784 0.4322
-0.2292 -0.3999
0.0195 0.1881
-0.0690 -0.9370
-1.8810 -0.5225
0.0986 0.8486
0.1706 -0.0361
-0.2965 0.7823
1.0395 0.9523
-0.0439 0.0170
0.3350 -0.1928
0.0034 0.0225
-0.0923 0.0929
-0.1199 -0.0373
0.0945 0.1099
0.1210 -0.1056
0.3510 0.2953
0.5333 -0.8349
1.8447 -0.8860
-0.3145 -0.5741
-0.1401 0.1623
0.7279 -0.1591
0.0516 -0.0028
0.6051 -0.3112
0.0035 0.0412
-0.4261 -0.0210
-0.1382 -0.5177
0.1333 0.0463
-0.8346 0.0440
0.4115 -0.6000
0.1365 -0.0209
-0.5683 -0.1759
-1.1318 0.3595
0.6073 0.5618
1.4260 -1.3898
0.7698 -0.8188
0.8253 -0.1674
-0.4562 0.1770
1.6853 0.2658
0.1272 0.1522
-0.3459 -1.5323
-0.5618 0.2470
1.4455 1.0517
0.4437 -0.2857
0.7990 -0.4801
0.6320 0.3143
0.1334 -0.2183
-0.7641 0.5567
1.3802 -0.6444
0.2205 -0.9298
0.1099 -0.2495
-0.2629 0.5607
-0.6659 -0.3694
-0.0885 0.1854
-1.8987 -0.3718
0.9448 0.0762
-0.0805 -0.1686
0.6225 0.5180
-0.2310 -0.4151
-0.1325 0.1174
0.0770 0.7876
-0.3413 -0.1916
-0.1568 0.2213
-0.0493 0.1912
0.1911 0.1633
0.4381 0.6519
0.2618 -0.0262
0.7092 -0.4059
-0.2467 0.0392
0.8236 -1.0585
0.1415 -0.4596
-0.3760 -0.3598
0.5439 -0.2815
-0.5976 0.6554
0.1736 -0.4071
-0.1538 -0.5127
-0.1785 0.9583
-1.4048 0.1496
0.0005 -0.0007
0.6553 0.3831
-0.0822 -0.7011
1.2997 -1.1206
-0.2477 -0.5505
-0.7291 -1.0618
-0.0275 -0.0809
-0.2344 -0.2366
1.7740 -0.4840
-0.5666 0.2428
-0.3443 -0.4831
-0.6494 -0.4013
-2.1879 -0.1552
-0.9438 0.2885
-0.0753 0.6005
-0.6468 -0.3231
-0.4653 -0.6916
-0.4346 -0.2905
0.8162 -0.1177
0.5390 2.0203
0.5616 -0.8161
0.2083 0.2199
-0.0576 -0.5309
-0.0958 -0.0925
0.8656 0.4117
0.2164 -0.1066
0.9868 0.1566
-0.1021 0.1584
-0.0506 -0.0057
-0.2164 0.0815
-0.9441 -0.3061
-0.2086 0.2520
0.0574 -0.6905
-0.2061 0.0424
0.4424 -0.5640
0.0021 0.0833
0.3822 1.3834
0.3642 0.1175
-0.0979 0.4894
0.3760 1.9424
-0.2343 0.1455
-0.5355 0.1713
0.5584 -0.7939
0.7101 -0.6975
-0.1698 0.9252
-1.2881 0.5257
-0.7735 0.2695
-1.6222 1.3168
-0.1504 0.0184
-0.0596 -0.2353
-0.0971 0.4070
0.2445 0.1438
0.6103 -0.7785
0.2837 0.2236
-0.0592 0.0357
0.1282 -0.2052
-0.2431 -0.5044
0.0741 -0.2303
0.5038 0.1265
-0.6862 0.2371
0.4498 -0.4525
0.8847 -0.2573
0.0171 -0.1768
-0.7935 -0.5527
-0.9444 1.0139
-0.0019 -0.0074
-0.1679 0.5038
-0.8655 -0.2812
-0.6886 -0.5374
-0.6706 -0.6425
0.0463 0.0949
-0.2536 0.1945
-0.4650 0.4619
-0.2756 -0.3164
-0.6006 0.6339
-0.1348 0.0569
-0.0948 0.6916
-0.5238 0.6583
1.4915 0.3096
-0.0518 1.7291
-0.1217 0.1161
-0.3778 0.3496
-0.0307 0.0051
0.1982 -0.1975
-0.4910 0.1607
0.5915 0.6609
-0.1555 0.3158
-0.0406 -0.4789
-1.2792 0.7989
-0.1852 0.6755
-0.0273 -0.4119
0.0952 0.0563
-0.2560 -0.0117
0.5136 0.8124
-0.5350 -0.9481
-0.1340 -0.4591
0.3246 0.0603
-0.3701 0.0207
0.8607 1.7642
-0.1912 -0.0999
0.7054 -0.6272
-0.0798 0.1670
0.8238 -1.0091
-0.3330 -0.1624
0.0196 -0.0100
-0.1800 0.9143
0.8601 -0.0835
0.2286 0.0070
-0.1969 -0.0886
-0.6928 0.0639
0.0723 -0.2716
0.0530 0.0336
-0.5187 -0.7768
0.0655 0.3132
0.4441 -0.8291
-0.6160 -0.6442
-0.4798 0.1394
-1.4086 0.6509
-0.4719 -0.6532
0.1952 0.8025
-0.0124 0.9763
-0.4622 0.0675
0.1889 0.0607
0.0009 -0.4376
-0.9351 0.7100
-0.3844 -0.0046
0.0361 0.0170
0.1724 0.6218
-0.0146 0.0601
-0.0178 0.0153
0.0277 0.0199
-0.6176 0.3071
-0.3400 0.5638
-1.0972 -1.0747
-0.3181 -0.2976
-0.4068 -0.2782
-0.0072 0.0723
0.7913 1.2264
0.1486 0.1198
0.5626 -0.2851
-0.3737 -0.1840
0.0056 -0.8544
-0.3288 0.2933
0.4603 0.4177
0.6922 -0.5866
-0.4525 0.0250
-0.3055 1.7899
-0.6167 0.4124
-0.0576 -0.2777
-0.0133 -0.1496
0.2854 1.6449
-0.0081 -0.2690
-0.0601 0.4247
-0.2506 -0.0338
0.8893 -0.1834
-0.1322 0.5058
-0.2878 0.0879
0.6293 0.3864
0.4009 0.7496
0.3247 0.5741
-1.6660 0.8575
0.1916 -0.5316
-0.1111 2.0825
0.9315 -1.4502
-0.4145 -0.7563
0.5112 0.2877
-0.0285 0.0428
0.6885 0.1030
-0.1164 -0.0774
0.8149 0.1265
-0.0983 0.0302
0.9486 -0.0078
1.1203 -0.3423
-0.4902 1.7092
0.0766 -0.1700
0.1261 0.1072
0.4540 -0.4982
-0.5020 -0.5626
-0.0953 0.0327
-0.2154 -0.2673
-1.9422 -0.6699
0.1815 -0.2970
1.1145 -0.8670
-0.1259 -0.2072
-0.5042 0.1339
-1.0301 -0.7766
0.6851 0.6590
-0.6137 0.2906
0.8471 -0.3541
0.2812 -0.5552
-0.0156 -0.1028
0.0024 -0.0698
0.2507 -0.5422
-0.7204 0.7731
0.5357 -0.1277
-0.2354 0.6261
-0.0231 -0.7243
-0.1193 -0.0206
0.0917 -0.3159
-0.1483 -0.4216
0.7529 -0.1784
0.1290 0.0434
-0.3824 -0.0626
0.0570 0.0850
0.6526 -0.5662
0.2434 -0.4843
0.6815 -0.4931
-0.9442 0.1859
0.0048 -0.0000
0.3107 0.4195
0.5732 0.0365
0.1290 0.3092
-0.1560 0.3371
-0.0914 0.1134
-1.9568 0.2061
-0.6113 0.2065
-0.0661 -0.4267
0.1240 0.0932
0.7046 -0.5460
-0.0945 -0.0169
-0.0158 0.1091
0.0435 0.0106
-0.4211 0.7925
-0.7026 0.4935
0.4103 -0.8976
-0.3652 -0.1206
-0.7638 0.0608
0.3411 0.3279
1.3110 1.1151
0.8373 -0.1970
-0.4812 -0.4203
0.2320 0.0589
-0.4240 0.2579
0.2305 0.0430
-1.7072 -0.8419
-0.3548 0.3954
0.0306 0.0214
-0.2905 -0.3786
-0.1246 0.7403
-0.7741 0.0157
0.0879 0.8800
0.8967 -0.4704
0.3350 -0.1221
-0.7030 0.7049
0.1951 -0.0973
0.0491 0.1129
-0.0221 0.2292
-0.4310 0.1520
1.0762 1.8194
-1.5073 0.8833
-0.5066 -0.0296
0.6146 -0.7470
-0.5218 -0.8659
1.7395 -0.4055
-0.2749 -0.1209
0.0106 -0.2964
0.3005 -0.5493
0.0105 0.5035
-0.0121 -0.0328
0.4894 0.6448
-0.3454 0.6289
-0.1296 0.0650
0.2458 0.1247
0.2178 0.2221
0.0944 -0.1132
-0.0490 0.4342
0.2736 0.7407
0.4175 0.1749
-0.3872 0.1317
0.4971 -0.7174
0.4160 -0.4689
-0.8256 0.0329
0.1016 0.1079
0.2943 0.2765
1.0670 0.7747
0.0455 0.1481
0.1138 -0.0800
0.2567 -0.3603
0.1849 0.0302
-0.0193 -0.6859
-0.4436 0.0013
0.4649 -0.0721
1.1990 0.2415
0.2717 -0.5853
0.3748 -0.8944
1.7632 -0.4050
0.7949 1.5280
0.1290 -0.6651
0.0900 0.3085
-0.0396 -0.0163
-0.1103 -0.6160
-1.3371 0.1800
1.0160 -0.1255
0.4324 -1.7784
-0.3619 -0.8407
-0.6217 0.4796
0.4225 0.3237
0.3019 0.0988
1.1986 -1.0576
-0.1646 -0.1108
0.0748 0.1267
0.0525 0.1457
0.1485 -0.8058
-0.5147 0.0206
1.4551 0.4534
0.0622 -0.4700
0.1811 0.4106
-0.0004 -0.0093
0.1762 -0.2048
0.2311 0.4273
-0.2390 1.0163
-0.1071 -0.4375
0.7546 -0.4661
0.0531 0.0675
-0.2655 0.6473
-0.1406 0.4837
-0.3633 -0.3173
-0.1472 0.2170
0.2378 0.4080
0.0061 -0.1332
0.1906 0.1832
-0.7717 -0.1508
-0.3208 0.0057
0.3821 -0.5628
0.8802 -0.4940
-0.2646 -0.5627
-0.7172 0.1028
1.6869 -1.0256
0.1892 -0.3382
0.2600 0.2558
-0.4497 0.4981
-0.2096 0.3504
-0.0096 0.0810
0.3482 -0.3272
0.6656 0.3750
0.3495 0.1257
-0.0831 -0.0531
0.1714 0.0167
0.0421 0.2313
-0.0528 -0.3673
-1.0086 -0.0178
0.0278 0.1393
-0.2790 -0.0774
-0.1493 -0.6273
0.0762 0.5928
1.7086 0.3258
1.2247 1.7517
0.7013 -0.6412
-0.0937 -0.4080
-0.5154 0.0312
-0.5001 0.0968
-0.6384 -0.4600
0.9290 -0.0490
-0.4396 0.1357
-0.7344 0.1130
0.1986 -0.0488
-1.0493 0.0455
0.2571 -0.2723
0.5223 0.6726
-0.0163 0.0518
0.0825 0.4164
0.7309 -0.0862
0.4399 -0.7013
0.2081 0.5541
0.2006 0.8171
-0.6403 -0.4198
-0.0170 0.0261
0.0100 -0.0094
1.9380 -0.8212
-0.0898 -0.1294
-0.0659 -0.0910
-0.0748 0.3085
0.3101 0.5852
0.7643 0.5378
0.0705 0.0031
-0.4111 -0.0621
-0.6209 -0.4548
-0.2876 -1.9512
-0.1595 0.7688
-0.2424 0.0346
-0.1285 0.1432
0.0788 -0.6208
-0.7513 -0.5093
-0.5516 -0.0313
0.6322 0.1673
0.0383 0.0700
-0.6023 0.0867
-0.2982 -0.7130
-0.0604 0.4233
-0.0082 0.7016
-0.2782 -0.0277
-0.0443 0.0777
-0.5060 0.1452
-1.0261 -0.5689
-0.7679 0.2748
-0.2523 -0.2763
0.3575 -2.1595
-0.8387 -0.2581
0.0203 -0.0232
0.2707 -0.2411
-0.0777 0.1404
-0.0644 -0.2272
-0.5659 -0.3772
0.3448 0.1175
-0.3319 -0.5898
0.3936 -0.0243
-0.1784 0.9335
-0.0184 0.7794
-0.0811 -0.0676
1.1703 0.4139
-0.2158 -0.5858
0.1346 0.5795
-0.0751 0.0975
-0.2901 0.2017
0.2499 0.7385
