-0.1732 0.1313 -0.1370
-1.0385 -1.6537 -0.0623
-0.4170 -0.3182 -0.0413
0.5527 -0.7109 -0.1049
-0.0230 0.0194 -0.0714
-0.0240 0.0386 -0.7362
0.0265 0.0046 -0.0326
0.0011 -0.0130 0.0402
0.5168 -0.7698 -0.2900
1.8700 -1.4807 0.4689
0.0678 0.0641 -0.0003
0.2137 -0.0397 0.5292
-0.0631 0.0387 0.0150
0.0103 0.2287 0.3440
0.0363 0.0921 0.0549
0.0686 0.3008 0.4536
-0.0356 -0.0279 0.1472
-0.3958 0.1427 0.7921
-0.0234 0.0343 0.4216
0.0152 0.1025 -0.1525
-0.2513 -0.1197 -0.3955
0.0311 0.0867 -0.7111
-0.6175 0.0357 0.4370
-0.8428 -2.1364 -0.3825
-0.0001 0.6139 -0.2097
-0.1447 0.4189 0.2843
0.0782 -0.2874 1.5157
0.1790 0.1766 0.0100
0.1843 0.0104 -0.6372
0.9006 1.1232 -0.2088
0.0397 0.0836 -0.0034
-0.1298 -0.1913 -0.6296
-0.0815 0.0639 -0.2029
0.0006 -0.0065 0.1049
-0.7701 -0.1513 0.1244
0.5291 -0.5595 0.6259
0.0498 0.0338 0.1189
-0.0185 -0.0839 -0.3691
-1.4820 0.7401 1.0189
0.8889 0.3529 -0.1597
0.2709 -0.4373 -0.1405
-0.1165 0.1409 -0.3898
-0.0526 -0.0723 -0.3882
0.1351 -0.8656 0.4010
-0.2550 -0.4087 -0.3412
-0.0517 0.1473 0.2300
-0.0578 -0.3619 -0.1156
-0.0894 -0.3772 -0.7253
0.5863 -0.5431 1.8533
0.0712 -0.1412 0.1827
0.1960 -0.4307 -0.4694
0.0807 -0.0437 -0.3092
-0.0096 0.2772 0.4045
0.4430 0.3327 0.3143
1.8702 0.4137 -0.5135
-0.3178 -0.3033 0.5496
0.1828 -0.0038 0.4789
0.1094 -0.1897 -0.0429
-0.1309 0.2493 0.7401
-0.0274 -0.1007 -0.8257
0.1217 0.1049 -0.9013
0.0468 0.0184 -0.1070
0.0270 0.0313 -0.0362
-0.2534 -1.7322 0.0680
0.0014 -0.0005 -0.0437
0.0602 0.1183 0.1199
-0.3196 -0.2576 -0.1553
0.7393 -1.4669 -0.4693
0.1668 -0.3076 -0.2964
0.0067 0.0082 0.0474
0.0886 -0.1546 0.2274
-0.2880 0.2947 -0.2531
-0.3910 -0.6377 -0.2344
-0.6313 -0.2244 0.1316
-0.3811 -0.2226 0.2167
-2.2845 0.2037 0.1204
-0.2855 0.0573 0.4837
-1.2501 -1.0208 -0.3432
-0.4092 0.3505 0.0146
0.7693 -0.0411 0.1993
-0.9040 -0.7871 -0.2290
-0.0747 -0.0894 -0.5338
0.0525 -0.2520 0.5565
-0.3302 -0.0527 0.2327
0.1016 0.0859 -0.0404
-0.0839 -0.3102 -0.3443
-0.7927 0.4754 -0.2229
0.3054 -0.1675 0.2066
0.0104 -0.0499 0.1189
-0.3230 0.0424 0.5470
-0.0219 0.1947 0.9761
0.0382 0.1243 0.1600
-0.6427 -1.5712 1.4193
-0.5226 0.1937 -0.1523
0.0367 -0.7153 -0.6308
-0.0338 -0.3641 0.6284
-0.1221 0.3067 0.1291
-0.3115 -0.0626 -0.8508
-0.0202 -0.4317 -0.1507
-0.7579 -0.6052 2.1320
0.3612 0.5166 0.5073
-0.0017 -0.0017 -0.0207
-0.3045 -0.0275 -0.1647
0.2686 -0.3755 -0.1241
-0.3419 -0.2646 1.4813
0.1300 0.5991 0.3183
0.1113 0.0204 0.3081
0.3448 -0.0530 -0.1800
-0.0512 -0.0253 -0.0187
-0.4245 0.7251 0.2861
-0.6020 -0.7583 0.1356
1.5344 1.2326 1.8242
-0.0088 -0.0070 0.0274
0.0397 -0.5367 -0.4527
0.5807 -0.9841 0.2661
-0.4248 0.2587 -0.3349
0.5505 0.1017 -0.2239
0.0747 0.0221 0.0084
0.2443 0.0858 -0.7197
-0.8919 0.6085 -1.7185
0.0536 -0.0100 -0.1918
-0.2761 0.1589 0.0680
0.0763 0.1475 -0.4162
-0.2075 0.3310 -0.1340
-0.0450 0.0027 0.3366
-0.0330 0.0234 0.0109
0.3514 -0.1445 0.1920
0.4758 0.5016 0.6170
-0.2874 -0.1405 -0.3747
0.6864 -0.1076 0.6865
-0.1344 -0.1079 0.0560
0.1212 -0.6170 2.4599
-0.3799 -0.1505 0.8922
-0.6395 -0.1194 1.8128
-0.1842 -0.0251 -0.1022
0.1736 -0.2976 0.2273
-0.5932 -0.1418 -1.1604
-0.7316 -0.1798 0.5398
-0.1004 0.2634 -0.0268
0.1514 0.0431 -0.0470
0.1603 0.1015 0.8837
-0.0844 0.3695 0.1030
-0.8272 -0.3427 0.0955
-0.2671 0.3105 -0.3099
0.2394 0.1156 -0.5543
-0.0284 -0.2149 -0.8162
0.9393 0.6278 -2.4361
-0.2641 2.4337 0.0080
-0.0131 -0.0118 -0.0573
1.8989 -0.0112 -0.3653
0.3841 0.1875 -0.3944
0.3429 -0.0031 -0.3935
-0.6141 0.3018 -0.1780
-0.0046 0.0016 -0.4238
0.0562 0.7442 -0.4537
-0.4816 -0.2614 0.4402
0.3565 -0.3250 -0.6423
0.0947 -0.0181 0.2207
0.0781 -0.4006 0.0043
0.0937 -0.0259 -0.0968
-0.1404 0.1458 -0.3174
0.4818 0.9808 1.3274
-0.0422 0.4797 0.5650
-0.0547 0.0646 0.0283
-0.0350 -0.6329 0.4916
0.6297 0.6479 0.2294
0.4493 -0.7250 1.4757
0.4083 0.6814 -0.4315
0.1805 0.1628 -0.8889
0.7796 -0.3096 -0.6274
-0.6027 -0.0767 0.0470
-0.0040 -0.0019 0.3257
0.2271 -0.4583 -0.5488
-0.6635 -0.1930 0.4582
-0.4515 -0.6319 0.5400
0.5502 0.1290 0.8224
0.4990 -1.5978 -0.8552
0.2662 0.4924 0.5555
-0.0286 -0.2795 -0.9086
-0.0702 -0.4030 0.0237
0.3946 0.0689 -0.0269
0.2943 0.0588 -0.0888
0.1012 0.0167 0.0574
-0.1761 -0.1358 0.7081
-0.0208 0.0089 -0.0329
0.0034 0.1108 0.9584
0.1686 0.5819 -0.0316
-0.4126 0.3389 -0.3210
0.4898 0.4567 0.0131
0.0102 0.0883 -0.3149
1.8777 0.0455 0.3579
-0.7573 -0.3566 0.1687
-0.1706 -0.1256 -0.2116
0.4272 -0.0163 0.1357
0.5658 0.2947 0.0068
-0.2481 0.1341 -0.7477
0.0206 0.1913 0.0070
-0.4465 -0.1017 -0.3461
-0.0948 0.4140 -0.8626
0.0414 -0.0880 -0.3931
