-0.0456 0.0063 0.1052
-0.3237 -0.4167 -0.2706
-0.2282 0.0753 0.0974
1.2678 0.6431 -3.3250
1.7958 1.8351 -1.5232
0.2343 -0.2055 1.4867
0.6797 -2.3805 0.0162
0.6656 -1.1009 3.2945
-0.0628 -0.1730 -0.3599
0.3314 0.0675 0.7337
2.1621 -0.1821 0.1113
-0.3491 0.0324 0.2666
0.0892 -0.1100 0.2454
0.2367 -0.3693 0.4360
0.0911 0.1054 0.0108
0.0312 -0.0617 -0.0678
-0.1601 -0.1864 -0.4312
0.2011 -0.8594 0.2744
0.1075 -0.6619 -0.3666
-0.1585 -0.0337 -0.4016
-0.0629 -0.0380 0.1257
-0.8645 0.9136 -3.4610
-0.0228 0.0036 -0.1035
-0.1293 0.0563 0.2976
0.1469 0.4355 -0.2141
0.1891 -0.0283 0.9057
0.0230 -0.0405 0.2657
-0.0565 -0.1032 -0.6072
0.3294 0.0583 -0.7595
-0.1227 0.1888 -0.0055
0.5284 -0.4536 -0.5070
0.1653 -0.0677 0.0490
0.0145 0.0030 -1.7388
-0.6827 -0.2067 0.0523
-0.5551 0.3185 0.4927
0.0356 0.0097 -0.0083
0.6103 0.5687 -0.5671
-0.0745 -0.0541 -0.0785
0.1396 0.0983 -0.9652
-0.8232 -0.4611 -1.7761
-0.0012 -0.0075 -0.0632
0.4321 0.2996 0.3730
0.0814 -0.0898 -0.3491
-0.0157 0.0037 -0.1449
-0.0130 -0.1218 0.5467
0.0544 0.2174 0.8313
-0.1313 0.0240 -0.3359
-0.2596 0.0200 0.9506
0.1100 -0.0646 0.4670
0.0860 0.4142 0.7077
0.0018 -0.8412 -0.2068
2.8416 -1.9341 0.9390
-0.0770 -0.0156 0.3424
0.1189 -0.0780 -0.8279
0.0044 0.0012 0.3568
-0.0340 0.1739 0.0520
0.0162 0.0474 0.9298
0.0545 -0.0458 0.4125
-0.0126 0.0055 -0.0672
0.1889 -0.1240 0.0236
0.2298 -0.3232 0.2713
0.0662 0.0407 -0.5042
-0.6256 2.0082 -0.8702
-0.4762 -0.0983 -0.8671
-0.1490 -0.2080 0.8652
0.2533 -0.4158 -0.8837
-0.2736 0.2750 0.3207
1.7313 -0.0947 -2.0571
-0.0880 0.1153 -0.0776
0.3741 -0.0295 -0.3011
-2.4492 -0.4397 -1.4115
0.3446 0.0842 -0.3059
0.3048 0.0678 -0.8477
0.2898 -0.2743 0.1646
-0.1721 -0.0214 -0.6627
-0.4161 0.5612 0.1978
-0.2157 2.9570 0.4616
-0.0570 -0.0460 -0.8803
0.0588 -0.1978 0.2473
0.1026 -0.0292 -0.5651
0.5559 0.7631 -0.0882
-0.2629 -0.7802 0.0538
-0.5491 1.4009 0.7289
-0.0800 -0.1993 -0.0758
-0.0805 -0.0413 -0.2160
0.0608 0.0984 -0.2347
-0.0072 0.0004 -1.1212
0.3790 -0.5259 0.6906
0.1949 0.1546 0.1109
0.0010 -0.0084 -0.0136
0.0417 0.1753 0.7103
-0.0013 0.0023 -0.0538
-0.0747 0.0330 -0.0811
0.1220 0.2866 0.3068
0.5879 -0.0882 -0.3291
0.2281 0.0529 0.7559
0.6242 0.1625 -0.6550
0.4998 0.7292 0.3159
0.1850 -0.3037 -0.0022
-1.0539 0.1407 -1.6565
-1.7268 0.0768 0.2262
-0.0403 -0.0013 0.1690
-0.1068 -0.7557 -0.4957
0.5559 0.6380 -0.0863
0.1900 -0.5145 -0.3789
0.0419 0.1978 -0.0766
-0.0308 0.0497 -0.1686
0.0377 0.1123 -0.7871
-0.2163 -0.0722 -0.3505
0.0945 -0.5678 0.2025
0.4524 -0.1507 0.2931
-0.5032 -0.1131 0.2161
-0.0368 0.5891 -0.2989
0.0172 0.0090 -0.0491
0.1449 0.0716 -0.8842
0.2500 -0.0004 -0.0627
-0.0208 -0.0151 -0.5185
0.6457 -0.2272 -0.0759
0.0017 -0.0047 0.1561
0.0959 -0.0977 0.2470
0.1182 0.2165 0.6610
0.1949 0.0704 0.1616
0.0186 0.0587 0.1601
-0.3703 -0.2490 0.5997
0.1887 0.5499 0.1586
0.5508 0.3643 0.3150
-0.0033 -0.0057 0.0048
-0.3603 0.3126 0.2404
0.1177 0.2720 -0.3053
-0.1371 -0.4469 0.5382
0.0448 -0.5784 3.0485
0.0183 -0.1191 0.6623
-0.3579 0.2151 0.3678
0.0198 0.1818 0.1616
-0.0133 -0.0586 0.6528
-0.2012 0.3502 -0.1741
0.0218 -0.0585 -0.0115
0.1880 0.1241 -0.2190
-0.2245 0.1739 0.0502
0.1916 -0.8626 -0.1519
0.1607 -0.3501 -0.3277
0.0540 0.2361 0.0367
0.2942 0.1957 0.4285
-0.1607 0.6363 -0.3472
0.3360 0.3120 0.3617
-0.0961 -0.1627 0.0635
-0.2130 -0.1304 -0.1444
-1.2307 -1.2512 1.6410
0.0908 2.0353 1.2968
0.1878 0.1273 0.0391
0.1010 0.2092 0.3098
2.0770 0.0181 0.9526
-0.8788 0.1315 -0.1252
-1.7662 -1.3266 2.3501
-0.0671 -0.1135 0.1308
0.0014 -0.0032 0.0025
1.3251 -0.3234 -2.2080
0.1058 -0.1507 0.0676
0.3341 0.4853 -0.1332
-0.0496 -0.2315 -0.0204
-0.1016 0.0522 -0.0675
0.3642 0.1423 -0.5636
-0.2145 0.1746 0.4325
0.1292 -0.0969 -0.5934
0.0031 0.0029 0.0873
0.6622 -0.1294 1.4034
-0.0658 -0.1595 -0.3337
0.2590 -0.3403 0.3489
0.1060 -0.0493 0.8021
0.1224 0.0862 0.0064
-0.2425 -0.5995 0.0082
0.0677 -0.3932 0.4986
0.3841 -0.5548 -0.1886
-0.0072 -0.0407 0.8413
0.1523 0.7204 0.3671
0.0673 0.0616 0.5510
0.2986 0.4367 0.2921
-0.0228 0.0116 -0.0306
0.1321 0.2586 -0.9390
-0.0741 -0.5606 0.0210
-0.2795 -2.3908 -1.0008
0.0442 -0.1524 -0.0275
-0.5562 0.0398 -0.0959
-0.0065 0.0450 -0.0150
-0.0040 0.2100 -0.0316
0.1664 -0.2840 0.2604
-0.0391 -0.1512 0.0598
0.0203 0.0686 -0.8139
-0.2831 -0.5911 -0.2830
0.0111 -0.0179 -0.2568
-0.3145 0.7036 0.0204
-0.2529 0.0703 0.1425
-0.1243 0.0631 0.2012
0.0531 0.0245 -0.2565
0.2168 0.0330 0.0219
-0.1065 -0.0283 -0.7057
-1.1034 -1.5994 -1.3500
0.1835 0.2542 -0.1546
-0.0042 -0.0011 -0.0895
-0.0677 -0.0513 0.6902
0.4672 -0.3633 0.0167
-0.0040 0.2574 -0.6899
-0.5469 -0.1153 -0.5124
0.0115 0.4053 -0.2562
-0.1963 0.0606 0.0933
-0.0339 -0.0799 -0.0611
-0.2225 0.0782 -0.7971
-0.0161 -0.0949 0.2116
-1.9512 1.1678 -2.7377
-0.1695 -0.3133 0.6891
-0.2082 -1.9395 1.4566
-0.0969 -0.1280 -0.2782
-0.1135 -0.0473 0.7998
-1.2921 1.7276 -0.2693
1.1176 0.0974 -2.5475
0.0337 0.1759 -0.8044
-0.3802 0.6924 0.1469
0.7898 1.1990 -2.4033
-0.3971 0.7348 -0.3816
1.8518 -0.0567 0.9647
0.2052 0.0038 -0.1940
0.2017 -0.0594 -0.2860
-0.2956 0.0551 0.1428
-0.0830 -0.0843 0.1421
-0.5450 0.2759 -0.7422
0.1729 0.1561 0.3330
-0.1470 -0.1611 0.6864
-0.0640 -0.0487 -0.5278
0.5853 -0.0644 -0.2193
-0.4813 -0.3876 0.0238
-0.1813 -0.1287 0.0947
0.6907 -0.0978 0.4297
0.0029 -0.0084 0.4510
0.2479 -0.4777 0.7818
-2.3611 -2.5913 0.8471
-0.4252 0.4248 0.2314
0.4981 -0.2931 -0.7485
0.0330 -0.0121 -0.0756
-0.0382 -0.0275 0.1162
0.8189 -0.0768 -0.2860
0.1238 -0.3793 -0.5569
-0.5865 0.3452 -0.5771
-0.2229 -0.1141 -0.2214
0.0362 0.0127 -0.0274
0.0052 -0.0624 0.8858
0.2852 0.1084 0.0360
-0.9697 -0.0057 -0.2228
-0.8165 0.2631 -2.0415
-0.4560 0.4163 0.7309
0.1764 0.0455 -0.1347
1.3683 0.6390 1.7590
0.3267 -0.0133 -0.8090
0.0298 0.0060 0.0498
-0.7519 0.1930 -0.1820
-0.0013 0.0037 -0.0073
0.3093 0.6637 -0.7018
-0.3493 0.1013 0.6234
0.0160 0.0050 0.2944
-1.0216 -1.3355 1.2783
-0.0201 -0.0611 0.2540
-0.0001 0.0003 0.0001
-0.3227 0.5594 -0.0177
0.0679 0.0224 -0.5666
2.1152 0.3859 -0.1149
0.0512 -0.5891 0.4105
0.2215 -0.0152 -0.4329
0.0543 0.7874 -1.6241
0.0225 0.0322 0.6712
-0.4706 -0.4031 0.0440
0.5721 -0.0437 0.4209
-0.4445 -0.5442 -0.0836
0.0417 -0.0447 -0.0140
-0.5833 0.0691 -0.6623
0.2543 -0.1553 -0.8619
0.0001 0.0004 0.0010
-0.2525 0.1757 0.0934
0.0818 -0.0508 -0.1659
-0.4398 0.4523 0.7548
-0.0895 0.1148 2.3238
0.3464 0.6100 0.5423
-0.0901 -0.1496 -0.4077
1.0857 -1.1076 0.4938
-0.2375 0.3385 -0.1161
0.5857 -0.3560 -0.2101
0.0195 -0.2550 0.0571
0.0993 -0.0650 -0.9616
-0.0416 0.1242 -0.6015
0.0215 -0.0076 -0.0899
-0.2349 0.5898 -0.5290
0.4957 -0.3246 -0.3321
-0.0874 0.0128 -0.1066
1.9499 0.3128 -0.1514
0.4578 -0.2633 0.3088
-0.0884 -0.3050 0.2768
-0.1150 0.5228 -0.2982
0.3006 0.7971 0.0020
-0.7551 0.1358 0.5021
0.5833 -0.1053 0.0619
0.1041 0.2390 -0.0794
-0.2283 -0.8079 -0.4467
0.3265 -0.6459 0.0918
-0.0664 -0.0770 -0.3523
-0.4954 0.2675 0.5545
0.0435 -0.0466 0.7041
0.0223 0.1021 -0.0331
0.0894 0.7673 0.3473
0.7949 0.3296 0.0816
-0.3349 -0.5307 -0.0196
-0.1265 0.0327 -0.8162
0.0056 -0.0153 0.0902
0.0177 0.0008 0.0852
-0.1924 -0.2840 -0.2069
-0.0169 0.0077 -0.0442
-0.8186 2.8856 -1.3766
1.0408 1.0151 1.1964
0.1852 0.3442 0.4107
0.6835 0.1322 -0.1685
-0.1058 0.2015 0.2434
-0.4418 -0.1509 -0.4690
2.9188 0.1180 0.0221
0.3355 0.0486 -0.0242
0.0167 -0.0022 0.1443
-0.0513 0.0362 -0.8550
0.0195 0.0501 0.7384
-0.8529 0.3630 -0.0065
-0.1695 0.5536 -0.0480
0.1918 -0.4390 0.1997
-0.5367 0.7641 3.3435
0.4632 -0.4891 -0.6770
0.1982 -0.2527 -0.0915
-2.0063 0.9061 1.4551
1.6876 -0.4683 0.5207
-0.5146 0.5080 -0.0743
-0.3941 -0.1840 -0.1759
-0.9498 0.1247 0.1984
-0.0017 0.0011 0.0010
-0.2121 0.2318 0.8341
0.6405 -0.7316 0.0809
0.1516 -0.3293 -0.1620
-0.0600 0.0008 0.3337
0.0162 0.0161 -0.0993
0.0277 -0.1294 -0.7085
0.1256 0.0689 0.2828
0.0465 -0.0417 -0.0837
0.0817 0.3500 -0.8603
-0.4945 -0.2037 0.3367
0.1044 -0.1289 -0.0477
-0.1115 0.0401 0.0777
0.2682 -0.1773 0.0611
-0.1560 0.2628 -0.2413
-0.0910 0.0177 -0.2783
0.0171 -0.3441 0.6232
-0.3584 0.0306 -0.1777
-0.4843 -0.9543 -3.2780
-0.4112 -0.1693 -0.1274
-0.1132 0.1619 -0.1744
-0.1038 0.6913 -0.4723
-0.2019 0.4259 0.1627
0.2413 -0.1941 0.0773
-0.1921 -0.6245 -0.7066
0.0389 0.0942 0.0738
0.0051 -0.1076 0.0783
-0.2329 -0.5065 -0.3799
0.0042 -0.0006 0.0022
0.0096 0.0176 -0.4668
-0.0285 -0.1326 -0.5337
0.0225 0.0258 -0.0326
-0.0886 0.0579 -0.0699
0.4154 0.4080 -0.7684
-0.0598 -0.1433 -0.0016
-0.0838 0.0281 -0.2298
-0.5320 0.9908 2.5255
-0.0367 0.0134 0.0621
0.1091 -0.0226 0.0391
0.0115 0.0074 -0.2470
-1.1637 -0.6555 1.6908
0.3987 -0.3216 0.2587
0.0918 0.2454 -0.4811
-0.1910 0.4445 0.1814
-0.6830 0.3575 -2.2183
-0.1815 -0.1653 -0.7508
0.3051 0.1363 -2.0939
-0.0623 -0.1781 0.6431
-0.1497 0.6349 0.6268
-0.0073 -0.0182 -0.0458
-0.5044 0.2996 0.7440
1.1689 1.1053 1.1324
-0.3288 0.3380 0.2924
0.0369 0.4964 -0.3636
-0.3121 -0.2242 0.9081
0.0539 0.0796 0.2980
-0.0748 0.0633 -0.0125
-0.0102 0.1649 0.5272
-0.0363 -0.3445 0.3526
0.0071 -0.0573 0.6846
0.0644 -0.0611 0.2812
0.3259 -0.1295 -0.1736
-0.3443 -0.2732 0.1957
-0.5432 0.4204 0.3145
0.0399 -0.3442 0.4953
0.2213 0.0934 0.0470
0.0002 0.0037 0.0573
-0.7691 -0.0439 0.6238
-0.2040 -0.1223 -0.1529
0.2069 0.0221 0.3156
-0.0804 0.1073 -0.2440
1.5886 -0.4681 -0.6618
-0.1437 0.0327 0.3705
-0.0220 -0.1274 -0.2324
-0.0600 0.7627 0.6365
0.1833 -0.1908 -0.4946
-0.1236 0.3716 -3.6504
0.3759 0.7362 0.3310
-0.5331 -0.2322 -0.0032
-0.0717 0.0500 -0.2475
-2.3984 1.7120 -2.0384
0.0245 -0.0451 -0.1321
-0.8170 -1.1762 0.6399
-0.0040 0.0054 0.0405
0.0654 -0.0631 -0.2559
-0.0075 0.1158 0.2233
0.8550 0.1033 0.2876
0.0016 0.0784 -0.0080
-0.1226 -0.0343 0.2214
-2.5410 0.6626 -0.7576
-0.0264 -0.0996 0.0587
0.1101 -0.4106 -0.7466
-0.1740 0.3227 0.6338
-0.2636 -0.1195 0.2500
0.1267 0.0142 -0.3910
0.0117 -0.4069 0.2549
0.0862 -0.8608 0.0008
-0.1768 0.3071 0.3566
-0.1411 -0.0191 0.2121
0.0422 -0.1031 -0.6175
-0.0066 0.0073 -0.0201
-0.0349 -0.0284 -0.0507
-0.1103 1.8043 -2.9213
0.0910 0.2327 -0.3162
0.7068 -0.3888 0.5855
-0.0174 -0.0273 0.0726
0.0031 -0.3205 -0.9130
-0.5687 0.0756 -0.0708
0.1366 0.3087 0.6072
0.0686 0.1641 -0.9621
0.3657 0.3895 0.1438
2.1606 0.7512 2.6838
-0.2106 -0.2817 0.0479
0.1839 -0.0755 1.6783
0.0693 0.1176 0.0474
0.1015 -0.2637 0.1972
-1.8683 1.0135 -0.7913
-1.1711 1.0916 -0.9126
0.0077 0.7231 0.6652
0.2442 -0.4384 0.1423
-0.0114 -0.1084 -0.1275
1.1356 -0.0416 0.3895
-0.2257 0.0567 -0.3021
0.0048 0.0016 0.0020
-0.6763 0.2850 -0.6746
2.0851 -0.0873 2.5421
0.3517 0.2360 0.0577
0.2505 0.2974 -0.2310
-0.0947 -0.0949 -0.0982
-0.0045 -0.0579 -0.4269
-0.0095 0.0134 -0.5050
0.2115 -0.0967 0.0856
-0.0466 -0.0001 0.0654
-0.0004 -0.0007 0.6659
0.0311 0.6899 0.3652
0.2678 0.0075 0.0024
-0.0532 0.1961 0.1714
2.9525 0.1274 -1.8957
-0.0941 0.0311 -1.7543
0.7695 0.5323 0.1914
-0.2049 -2.7589 -0.2747
-0.0990 -0.5191 0.1170
0.0444 -0.2801 0.0052
0.5673 -1.3035 -1.6835
0.3853 0.4069 -0.3336
-0.1134 0.2907 -0.0530
-0.0011 -0.1269 0.5806
0.0286 0.0645 0.0057
-1.7615 -1.9650 -1.0067
0.2272 -0.2076 0.3020
0.6527 0.6218 1.4824
0.2114 0.5098 -0.5003
-0.5014 0.3721 -0.3492
0.0661 -0.0797 0.2444
0.9078 -0.1645 -0.0021
-0.3486 0.2878 0.1245
-0.0245 -0.6445 -0.5073
0.2982 -0.0421 0.1727
-0.0884 -0.2883 -0.9483
0.0265 -0.0215 0.8853
0.0139 0.0846 0.9630
0.4796 0.4941 -0.2258
0.1180 -0.0570 -0.8577
0.0157 0.6234 -0.3957
-0.0101 0.0071 -0.5506
