-0.3947 -0.0651 -0.4271
-0.2974 -0.2871 0.3667
0.5583 0.1277 -0.6087
-0.4410 0.4301 0.5252
0.3893 -0.2749 -0.3369
-0.0907 -0.0607 -0.1062
-0.0729 0.1391 0.0081
0.0139 0.0667 0.1006
0.0754 0.3251 0.2173
-0.0024 0.0801 0.2822
-0.0583 0.0726 -0.0767
0.8926 -0.2532 0.2152
-0.0110 0.4483 2.9871
-0.0569 -0.1385 0.0730
0.1480 0.0684 -0.5277
3.7497 -0.5377 -0.2085
4.0213 0.0636 -0.3057
3.8026 0.0711 -0.0707
3.9306 -0.0085 0.1731
3.6457 0.0686 0.0670
4.0018 -0.0169 -0.1038
4.0308 0.0374 0.2515
3.9145 -0.3260 0.9191
4.0082 0.0097 0.0388
3.9002 0.0925 0.4289
4.0870 0.0830 0.3427
3.9221 0.0528 0.4808
3.6525 -0.1563 0.7258
3.8653 -0.3399 0.2556
3.9956 -0.0032 -0.3307
