-0.4501 -0.0381 0.6761
-0.1012 0.0360 -0.1613
0.1070 -0.0047 -0.5155
-0.0070 0.0023 -0.0003
-0.0026 -0.0047 0.0955
0.2481 0.5940 0.5736
-0.0903 -0.0680 -0.7700
1.0045 1.4773 1.5410
1.5414 0.1225 3.2010
0.0721 -0.1359 0.0093
0.2407 0.9190 -3.9143
0.2506 0.0087 0.4071
0.1679 0.2473 -0.1046
0.8638 -0.3355 0.1268
-0.1091 -0.1872 0.3743
5.1994 0.3082 -0.0046
4.6133 -0.2747 0.4869
5.0234 0.0369 -0.8939
4.8596 0.1777 0.4318
4.9898 0.1329 0.1590
4.9872 -0.0108 -0.0273
4.7515 0.5633 0.0584
5.6696 0.1053 -0.4657
4.4659 -0.1870 0.2497
4.6739 0.0482 0.1959
4.9483 -0.1738 0.1843
5.8670 -0.0698 -0.1932
4.9794 0.0346 -0.9320
4.5707 -0.4410 -0.1386
5.1977 -0.1704 0.0963
