1.8195 1.6520 0.0480
0.4730 0.5209 0.5881
0.2945 -0.6700 -0.1919
-2.0614 -0.0144 -0.1421
0.2198 -0.0194 0.2638
0.0750 -0.0186 -0.3874
-0.6767 -0.4612 -0.1951
0.8179 0.3610 -0.1355
0.0108 -0.0037 -0.9373
1.5552 1.0371 -0.0216
-0.1772 0.0017 -0.0286
-0.2230 0.5391 0.1486
-0.3556 0.0675 -0.1584
0.7810 0.1614 -0.2204
-0.4523 -0.1034 0.6799
0.0193 0.0803 0.0962
-0.1756 0.8028 -0.1120
-0.0094 0.0061 -0.6766
0.0004 0.0001 0.0079
-0.1985 -0.0831 0.5331
-0.0296 -0.0579 -0.1369
-0.0445 0.0459 -0.6570
0.0965 -0.0725 -0.2522
-0.8814 -0.0888 -0.3462
0.0756 -0.5793 0.6468
0.0423 0.0198 -0.2680
-0.1516 0.0442 -0.5204
0.0476 0.0367 -0.2352
-0.6155 0.0628 0.5393
-0.1752 -0.0009 0.2613
-0.4895 0.3767 -0.5802
0.1795 -0.2317 0.0995
0.1183 -0.0298 -0.8223
0.0781 -0.1091 0.0509
-0.2920 -0.1011 -0.1270
-0.6095 1.4689 0.5859
-0.5717 -0.5074 -0.0762
0.0394 -0.0812 -0.9102
-0.2239 -0.2366 0.3261
-0.8668 -0.9890 -1.7842
0.1457 -0.1932 -0.6134
-0.2008 -0.3400 0.5967
0.0086 -0.0052 1.2648
0.0368 -0.0410 0.1595
0.4667 -0.7364 0.8193
0.1085 0.0164 0.1097
0.1591 -0.0347 -0.2853
-0.0120 -0.0575 -0.0034
-0.6731 1.7437 -0.0415
0.2622 0.0082 0.4258
-0.0180 -0.0582 -0.4639
0.0352 0.1594 0.0018
-0.2401 0.1424 0.1659
0.5988 -0.3561 0.2108
0.0196 -0.0097 -0.0890
0.1830 -0.0877 -0.8876
0.6298 0.1307 -0.2580
0.0169 0.0037 0.2555
-0.2369 -0.0693 0.2450
-0.0448 0.1148 -0.0133
0.0210 -0.0367 -0.0527
-0.3090 0.0258 0.2093
-0.5635 0.0340 -0.5068
0.3019 -0.5178 0.6008
-0.5877 -0.0327 0.1532
-0.4938 -0.4909 0.1960
-0.1821 0.0872 -0.7009
0.0053 0.0003 -0.1822
-0.2499 -0.3566 0.2207
-0.1692 0.0716 -0.4469
-0.1959 -0.0224 0.0704
2.3349 0.9613 -0.8296
0.0305 0.6163 0.1270
0.0121 0.0231 0.1269
-0.0117 -0.0802 0.8542
-1.1314 -0.0863 0.9221
0.7576 -0.5553 -0.1194
-0.3324 0.4327 -0.0013
-0.0846 -0.0007 0.5468
-0.5067 0.0322 -0.2818
-0.0326 -0.0997 -0.2301
-0.0062 -0.0000 -0.0618
-0.0481 0.0942 0.6780
-0.3355 0.1144 -2.0702
-0.4146 -0.0275 -0.8133
-0.1388 -0.2978 -2.5982
0.3118 -0.0856 -0.6116
-0.7615 -0.1861 -0.4056
-0.0088 0.0064 0.0477
-0.0072 0.0306 0.1568
-0.1634 -0.1765 0.0822
-0.0548 0.0333 1.3472
0.0993 -0.0873 0.0523
0.0041 0.0306 0.0730
-0.0340 -0.0389 -0.2661
-0.3663 0.0678 0.2522
0.0847 0.0087 -0.0774
-0.8239 0.6919 0.1500
0.6025 0.0488 0.7501
-1.9177 0.0436 1.0443
