-0.3171 0.1414 0.6622
0.0141 -0.2374 -0.2287
-0.0858 0.0770 0.2158
0.1901 0.2031 0.6600
0.0017 -0.0018 -0.0061
-0.4328 0.2852 -0.3658
0.1986 0.0423 0.0379
0.1049 -0.3299 0.8009
0.0269 -0.0061 -0.0077
-0.0419 0.0426 -0.2593
-0.1186 -0.3793 -0.1743
-0.0761 0.1880 -0.0269
-0.0705 -0.5544 -0.2670
-0.5997 -0.3053 -0.3895
0.3558 0.4791 0.6142
0.4086 0.1416 -0.4853
-0.2778 0.0819 -0.0945
-0.0163 -0.0664 0.2715
0.5634 0.5183 -0.0296
-0.6192 0.3817 -0.2810
0.0214 -0.0552 0.1509
-0.2301 -0.2571 0.2864
0.2018 0.1870 0.5030
0.3131 0.3620 -0.0896
-0.1087 0.7634 0.5368
0.1052 0.0400 -0.0680
-0.6833 0.6053 0.0954
-0.4740 0.0422 -0.2102
-0.0022 0.0022 -0.0688
-0.3519 -0.0464 -0.1654
-0.0061 0.0725 -0.2664
0.3752 -0.0348 0.8109
0.0143 0.1599 -0.1432
-0.0396 -0.0331 0.2483
-0.5635 -0.2633 -0.6034
-0.0382 0.2649 0.4338
0.0650 0.4882 -0.3428
0.1130 -0.1340 0.6499
-0.1913 -0.4869 0.8351
-0.0074 0.4166 -0.5088
0.0233 -0.0628 0.0817
0.0901 0.2008 -0.0510
0.0002 0.0313 0.9698
0.4530 0.8615 -0.1012
-0.2070 -0.7986 0.1304
0.0378 -0.1154 -0.0609
-0.5589 -0.0478 0.1084
0.1238 0.3550 0.1485
-0.4379 0.0291 -0.4762
-0.0011 -0.0014 -0.5456
-0.7308 0.3039 0.2463
0.1449 0.0645 0.0846
0.0940 0.6540 0.6131
0.0702 -0.3556 0.0525
-0.0167 0.0298 -0.8172
-0.0465 0.0279 -0.0223
0.1540 0.1025 -0.1003
-0.1743 0.1960 -0.1366
-0.0437 0.0217 0.7566
0.0309 -0.0052 -0.2597
-0.0046 -0.0015 0.1182
0.0075 0.0058 0.1491
-0.0567 -0.0324 -0.0422
0.0317 -0.0889 0.1527
-0.1260 -0.2528 0.0279
-0.0686 0.0190 -0.1327
0.0995 -0.2598 0.6960
0.0475 -0.5197 -0.7160
0.1219 0.0394 -0.0018
-0.0884 0.0944 -0.2256
0.2419 -0.4401 0.1493
0.0717 0.1299 -0.2073
0.0742 0.4665 0.0315
0.0815 0.0248 -0.2910
0.1569 -0.1149 0.3838
0.0755 -0.0928 -0.2213
0.2273 0.1722 -0.2228
0.0939 -0.0516 -0.4583
-0.0722 -0.0188 -0.1876
0.0054 -0.0975 0.7040
0.0819 0.1079 0.5615
0.1409 -0.1586 -0.7996
0.2013 -0.1343 -0.6178
0.1409 -0.0489 0.1474
-0.0942 -0.0889 0.6075
-0.6832 0.3915 -0.0516
0.3291 0.2593 -0.8051
-0.2163 -0.4597 -0.4255
0.0051 0.0122 0.6146
0.0137 0.0267 0.5302
0.0247 -0.0317 -0.0315
0.6469 0.6896 0.0495
-0.4533 -0.4480 0.0446
0.3496 0.3854 -0.0470
0.7989 0.3723 -0.2047
0.0089 -0.3282 -0.5505
-0.2324 -0.5344 0.2953
0.0020 -0.0020 0.1758
0.0574 -0.0518 0.7846
0.2239 -0.2984 0.2112
3.4667 0.0283 0.7951
3.5007 0.0184 0.9750
2.9764 -0.1477 0.2158
3.8366 -0.2263 -0.4606
3.2178 0.1579 0.1139
3.5005 -0.0033 -0.1065
3.4415 -0.0229 -0.0173
3.4809 -0.6236 -0.3557
3.7673 0.5083 0.6695
3.7537 -0.1997 0.0642
3.3941 0.3189 -0.5886
3.5026 0.0036 0.0358
3.3270 0.2299 0.7395
3.5169 0.0675 0.6864
3.8150 -0.2797 -0.6798
3.4792 0.0011 -0.0005
3.4799 0.0434 -0.0768
2.9831 -0.1205 -0.8431
3.1825 -0.0857 0.0649
3.5255 -0.0534 -0.0342
3.2777 -0.9069 0.0765
3.7373 0.7049 -0.3991
3.3397 -0.0960 -0.1344
3.0974 0.7943 -0.2672
3.5537 0.3181 0.2634
3.5015 0.1857 -0.6342
3.5394 0.0190 -0.1263
3.5455 0.0621 0.0286
3.6617 0.1589 -0.6215
3.4344 0.0305 -0.3458
3.9412 -0.5244 -0.4654
3.4742 0.2726 0.7042
3.0412 -0.4525 0.5530
3.4995 0.0095 0.1535
3.4046 -0.0543 0.3029
3.5555 -0.0404 0.5649
3.1332 0.3407 -0.4940
3.4480 -0.2136 -0.2296
3.6852 -0.2637 0.5797
3.4428 -0.0753 -0.1613
3.5022 0.0057 0.1843
3.3385 -0.1579 0.0675
3.4551 0.2155 0.2827
2.8694 0.1214 -0.4302
3.5934 -0.1912 0.5908
3.6270 -0.1973 -0.8949
3.5180 0.0297 0.0086
3.5458 0.8948 -0.3890
3.5397 -0.1187 0.6554
3.4604 -0.3523 -0.9186
3.3739 -0.2252 -0.6621
3.4083 0.0822 -0.0113
2.8833 -0.2345 0.7392
3.4990 0.4229 -0.0990
3.5323 0.2325 -0.2512
3.4139 0.4155 0.2971
3.5557 -0.0953 0.3470
3.6037 0.0629 0.2211
3.4994 -0.0005 0.7243
3.5658 -0.0657 0.8394
3.0367 -0.3450 -0.3720
3.3401 -0.1784 0.6669
3.5020 0.0172 -0.1974
3.5505 -0.8146 -0.5094
3.4597 0.0234 0.2751
3.4726 0.0408 -0.4318
3.3428 0.3571 -0.2020
3.7219 0.0747 0.7401
3.5013 0.0065 -0.0209
3.9479 -0.1306 -0.6673
3.2347 0.4117 0.6978
3.4553 0.1971 0.3829
3.6132 0.5500 0.3575
3.4499 -0.0213 -0.3667
3.3902 -0.7440 0.2534
3.5609 0.0579 0.0078
3.4648 -0.4472 -0.1558
3.3642 -0.4898 -0.3683
3.4014 -0.1255 -0.6103
3.5535 -0.0111 -0.1931
3.0505 -0.0028 -0.0501
3.2235 0.1317 0.3793
3.5690 -0.0352 -0.4867
3.1407 0.0434 -0.0080
3.4900 0.4386 -0.1498
3.4791 0.4068 -0.4761
3.3333 -0.0360 -0.7475
3.4158 0.0696 0.1815
3.5078 -0.0332 -0.7386
3.1158 -0.1823 0.7253
3.1861 -0.1995 0.0128
3.9425 0.2529 -0.1873
3.5231 0.1250 -0.2225
3.3276 0.1944 0.4151
3.4982 0.0058 -0.0906
3.5574 -0.3272 -0.4184
3.4057 -0.0089 -0.4954
3.5932 0.2434 -0.8056
3.6246 0.1795 -0.4001
4.0389 0.7185 -0.1755
