-0.2108 -0.3932
0.6301 0.7589
-0.1485 -0.0991
-0.4672 -0.6621
-0.6404 -0.0234
-0.6091 -0.3889
0.5788 0.5877
0.0864 0.1045
1.3257 -2.2458
-0.6618 0.5721
0.2048 -0.7398
0.8005 -0.0570
-0.0107 0.3921
-0.8181 -0.5809
0.6716 0.1312
-0.6002 0.2130
0.5281 -0.7543
0.0686 0.2254
-0.6109 0.1069
1.5358 1.8637
5.0094 0.3293
5.1845 0.2399
4.9494 0.0569
4.9597 0.0198
4.2789 0.0269
5.1345 0.9024
4.1935 0.4163
5.0586 0.0279
4.9584 0.1056
4.8548 0.1577
5.4546 0.6579
5.9405 -0.7724
4.4431 0.0817
5.3967 0.2075
5.5865 -0.5060
4.2446 -0.5120
5.0165 0.0146
4.6953 -0.3001
5.5600 0.5482
4.7103 -0.3789
