-0.0510 0.2783
0.0769 0.1109
-0.7502 0.1814
-0.2040 -0.3793
0.2484 -0.0844
0.0849 -0.0476
0.0790 0.4126
0.4755 -0.0494
0.4237 0.1534
-0.3107 0.1566
-0.0644 0.1340
0.1481 -0.1362
-0.5978 0.5011
-0.0708 -0.4558
-0.0926 0.1547
0.0331 -0.0898
0.5455 -0.4925
-0.1016 -0.9529
-0.3213 -0.6186
0.1706 -0.7517
0.0104 0.0452
-0.2557 -0.0432
0.0949 -0.9947
0.0298 0.9055
-0.0855 -0.8944
0.9082 0.1974
-0.6582 0.2067
-0.7253 0.2533
-0.3817 0.4875
0.1054 0.0756
-0.5247 0.3260
0.4808 0.0058
0.1095 0.0363
0.4569 0.2604
-0.1017 -0.8150
-0.5990 0.1848
0.6524 -0.3683
-0.6643 0.3972
0.1596 -0.1705
-0.2034 0.0839
-0.0324 -0.0368
0.7939 -0.2314
0.7129 0.1323
-0.8044 -0.0598
-0.3248 0.4037
-0.5049 -0.6527
0.6605 0.4574
-0.4706 -0.1858
-0.0640 0.0078
-0.3520 -0.3435
-0.2053 0.9296
-0.1315 0.2697
-0.1190 -0.9604
-0.1115 -0.1950
-0.0504 -0.7157
-0.4801 0.3931
0.4379 0.1820
0.2702 -0.5404
0.6453 0.6198
0.0331 0.0794
-0.0749 -0.1111
0.1002 -0.2740
0.0372 -0.3595
0.4891 -0.5911
-0.1041 -0.0434
-0.3460 -0.8663
0.9176 0.3649
0.3422 0.1294
-0.2502 -0.0170
0.0783 0.0137
-0.2916 -0.4208
0.1736 -0.0392
-0.0081 -0.0581
-0.1408 0.9640
0.7215 -0.4658
-0.0027 0.1113
-0.1923 -0.9056
-0.1597 -0.1488
0.5312 -0.3039
-0.0183 -0.0500
-0.7214 -0.1095
0.0932 0.1992
-0.0395 0.3097
0.0208 -0.0252
-0.1671 -0.7559
-0.1200 0.0525
-0.4941 -0.1847
-0.0051 -0.0006
0.7392 -0.2300
0.0156 0.3274
-0.0349 0.1351
0.4260 -0.8010
-0.7338 0.6647
-0.0957 0.3750
-0.5258 -0.3117
-0.7380 0.2069
0.4904 0.4233
-0.4541 -0.5073
0.9123 -0.0107
-0.7063 -0.1832
