-0.8310 0.1952
0.0312 -0.0187
-0.5326 -0.5056
-0.4028 -0.7465
0.6472 -0.5879
0.7441 0.2722
-0.4607 0.3385
0.5443 0.2106
-0.5036 0.4788
-0.8323 -0.4971
-0.7949 -0.5119
0.1344 0.4853
0.4203 -0.6217
-0.1875 -0.1243
0.0837 0.0595
-0.0983 0.1753
-0.7494 -0.5451
0.2232 0.8157
-0.4042 -0.1335
0.0024 -0.0023
0.6217 0.1503
-0.4721 0.1921
-0.9776 -0.1818
0.7883 0.3670
0.2031 0.2987
0.1198 -0.0956
0.6247 0.0839
0.5023 0.7009
0.0601 -0.4851
0.1242 0.0761
-0.2580 0.0164
-0.1714 -0.5187
-0.2875 0.6016
-0.3944 0.6682
0.3323 -0.3184
-0.6585 0.0990
-0.8783 -0.0731
-0.4369 0.0232
0.8617 0.3027
-0.0607 -0.6703
0.0008 0.0701
0.2820 -0.0478
-0.9390 0.0056
-0.3855 0.0347
0.3036 -0.1295
-0.7760 0.2558
0.0057 -0.9814
-0.3378 -0.0085
0.4376 0.7403
-0.2595 0.8642
-0.9163 0.2050
-0.6033 0.0142
-0.9365 0.2347
-0.0282 -0.2739
-0.0232 0.0110
0.3044 -0.2912
-0.7933 -0.5033
0.0180 -0.1925
-0.9246 -0.0251
0.4491 0.5268
0.0339 -0.1110
-0.5117 -0.2935
0.5944 0.5782
-0.4459 0.1938
0.3490 0.7721
0.9276 0.3614
0.0010 -0.1306
-0.0387 0.2164
-0.0623 -0.0368
0.0277 -0.0485
-0.3360 -0.2607
0.0101 -0.0179
-0.7820 -0.4239
-0.1187 0.4131
0.0545 -0.3658
0.0252 0.8361
0.0721 0.9739
-0.1702 -0.5968
0.4676 0.5368
0.3102 0.0146
-0.0877 -0.5894
-0.1753 0.0322
0.3231 0.2358
0.8768 -0.2807
-0.4937 -0.1939
-0.0015 -0.0339
-0.8830 0.0617
-0.3352 -0.7306
0.6376 -0.1688
0.5391 0.5794
0.2797 0.0239
-0.1142 0.2996
0.4729 0.3528
-0.2023 0.4515
-0.3417 -0.7798
0.0053 -0.3504
-0.0055 0.0032
0.1095 -0.1485
-0.3381 0.6664
-0.8076 -0.1584
0.8873 0.3171
-0.4337 -0.1708
-0.0980 0.6015
0.0297 -0.0078
-0.1261 -0.1358
0.0029 0.0054
-0.0169 -0.2242
0.3232 -0.9082
0.0459 0.0057
-0.2850 0.4879
0.0273 0.0562
-0.5078 0.2729
-0.4896 -0.1932
0.9116 -0.2254
-0.1230 0.5692
-0.0009 -0.3168
0.3102 -0.1258
0.1427 -0.1735
-0.3241 -0.0286
-0.7504 -0.2537
-0.0412 -0.0507
0.1661 0.0551
0.0951 -0.1342
0.6213 -0.0514
0.0463 0.0390
-0.0409 0.4452
0.3646 -0.7078
-0.1079 -0.6468
-0.0319 0.3693
0.1501 -0.7890
-0.6702 -0.1573
0.2135 -0.4224
-0.1449 0.0661
-0.5047 0.5392
0.0246 -0.0166
-0.1330 -0.0789
0.2309 -0.5319
0.3118 -0.6945
-0.1242 -0.0035
0.5577 -0.5589
-0.7079 0.1693
0.3748 0.6305
0.6270 -0.0947
0.7509 0.4907
-0.7153 -0.5503
-0.0979 0.7183
0.3059 -0.0795
0.4059 -0.1959
-0.8186 -0.0884
0.3357 0.0991
0.6125 -0.3890
-0.1771 -0.0821
-0.0162 0.0027
0.1450 0.3070
0.0292 0.6349
-0.0074 -0.2031
0.2456 0.6513
0.0018 0.0027
-0.0007 -0.0125
-0.0135 0.0006
0.7031 -0.1008
0.5501 -0.4859
0.0704 0.8326
0.1071 -0.7364
0.1399 0.2592
-0.0358 0.3790
0.0903 0.0789
0.1856 0.7806
-0.5551 -0.7150
-0.0864 -0.5639
-0.7620 0.6065
-0.8058 0.2910
-0.1906 -0.5692
-0.4803 -0.4846
-0.1471 0.1865
0.3855 -0.1765
-0.7561 0.4494
-0.1430 -0.0633
0.0987 -0.4899
0.5434 0.4476
-0.2093 -0.6305
-0.0716 -0.5532
-0.0539 -0.1914
0.2376 -0.1404
-0.3171 0.3854
0.0203 0.8520
-0.0977 -0.3050
-0.9441 0.0046
-0.5625 0.1497
0.1003 -0.3942
0.9524 -0.3040
-0.9496 0.1680
-0.6039 0.1079
-0.2251 -0.2504
0.0493 -0.2502
0.1599 -0.2580
-0.3639 -0.8449
-0.4015 -0.0082
-0.2082 -0.2768
0.1055 -0.0333
-0.2243 -0.1715
-0.0307 0.0668
0.1498 -0.1625
0.2070 0.1620
0.2584 0.1388
0.0781 -0.2732
0.1389 -0.8555
-0.0055 -0.1205
0.0219 -0.8126
0.5341 -0.7844
0.3471 0.0493
-0.5824 -0.1958
0.1761 0.0600
0.6880 -0.3812
0.2922 -0.2033
-0.2728 -0.7469
0.5113 -0.2976
-0.5568 0.8145
-0.2246 0.9529
-0.9191 0.3224
-0.0693 -0.0250
0.1304 0.0657
0.2025 0.5426
0.3468 0.8549
0.3113 -0.2972
-0.5518 0.5805
0.1938 -0.1480
0.0514 -0.0300
-0.0224 -0.2553
-0.6212 0.5876
0.5153 -0.1732
-0.1582 -0.3253
0.1062 -0.0456
0.2887 0.4926
0.5339 0.1319
0.4722 -0.5317
-0.0279 -0.1389
-0.5598 0.5325
-0.7491 -0.3340
-0.5654 -0.6871
0.0307 0.3115
-0.3806 -0.1390
-0.1152 0.1918
-0.3089 0.1641
-0.1348 0.2279
-0.2088 -0.7215
-0.4963 -0.2103
0.2821 -0.3462
0.3445 -0.3083
0.3006 0.3408
3.7897 -0.0740
2.6794 -0.0255
2.8853 -0.2540
3.5484 -0.1111
3.9281 0.0009
3.8506 -0.0516
3.1716 0.4735
3.7549 0.3363
3.0259 -0.3395
3.2408 0.0777
2.5551 0.2222
3.4502 0.0016
3.8442 0.0481
2.8448 0.1756
4.3890 0.0102
3.4058 0.2752
3.2926 -0.6219
3.5965 0.1094
3.5870 0.8172
4.0243 -0.7429
3.4991 -0.2377
3.1945 -0.2062
3.4271 -0.0041
3.2529 0.6837
4.0081 0.2623
3.5306 0.0151
3.5041 0.0895
3.9770 0.2527
3.6018 0.0813
3.1396 -0.2166
3.1218 -0.8379
4.3205 -0.4201
3.9662 -0.7371
3.2226 -0.0814
3.6645 0.1320
3.6822 -0.7398
3.5066 0.0264
3.5027 0.0057
3.0508 -0.5014
4.3036 -0.5237
3.5796 0.7721
3.2626 0.3798
3.2503 -0.0238
3.5447 -0.0012
3.2570 -0.2351
3.6036 0.2071
3.3270 0.8377
3.3986 0.4085
2.8363 -0.1820
3.4238 0.1637
4.2858 -0.2352
3.9922 0.1643
3.8219 -0.1347
3.5562 -0.0284
3.9993 0.2302
3.8327 0.0226
3.3179 -0.4790
2.9161 -0.0583
3.6068 0.0349
4.1763 0.6674
3.5205 -0.0135
3.5439 0.2098
3.2785 0.3523
3.9885 -0.2982
3.1035 0.1655
3.5573 0.0685
3.4946 -0.0339
3.9954 0.3406
2.5747 -0.3694
3.4972 0.0322
3.6154 -0.5283
3.4185 0.4461
3.6200 -0.4835
4.2322 -0.0467
3.5977 -0.2937
3.9658 -0.2514
4.1168 -0.2039
3.6993 -0.2266
2.5692 -0.0943
3.3225 -0.2413
3.6157 -0.4021
4.3313 0.0663
4.3109 0.2021
4.2136 0.6215
3.8490 -0.0650
3.3703 0.2630
4.0780 -0.5580
4.2330 0.0455
3.7943 -0.4004
3.3929 -0.0721
3.3783 0.2087
3.0825 -0.1138
3.5760 -0.1420
2.8945 0.1517
4.4777 0.1595
3.5900 -0.1975
4.1119 0.1224
3.9366 -0.2613
4.3165 0.5758
3.9965 0.4714
3.2809 -0.4842
3.5213 -0.0597
3.3882 -0.2961
3.7216 -0.3649
3.6216 -0.0535
3.4995 0.0034
3.5036 0.0011
3.0262 0.6983
3.2393 0.2250
4.0935 -0.5351
3.8617 -0.7857
2.9334 -0.5997
2.9696 -0.1386
3.5083 0.3221
3.0256 0.1458
3.6205 0.5641
3.7324 0.5648
3.6738 0.4725
3.6141 -0.1230
3.2507 -0.5578
3.3758 0.7570
4.1064 0.2614
4.1726 0.7301
3.8242 -0.0911
3.7474 -0.0036
3.8810 0.2161
4.3494 -0.0014
2.8135 -0.1545
3.7042 0.3444
3.1712 0.3611
4.3625 -0.3316
3.3502 -0.1030
3.6031 -0.3252
3.4882 -0.0176
3.7565 -0.4585
4.1617 0.7348
3.5008 0.0039
3.4710 0.0101
3.2668 -0.6563
4.4156 -0.3620
4.4096 0.1822
3.1012 0.3116
3.9473 0.1364
2.9584 -0.1235
3.5030 -0.1246
3.4983 -0.0033
4.1146 -0.1141
3.5321 -0.0193
3.6238 0.8240
3.2466 0.3456
3.5487 0.3213
3.6318 0.0750
3.7029 0.8276
3.2013 0.6219
3.1506 -0.6672
3.2824 0.9368
3.5574 0.0468
3.2392 0.1787
3.0818 -0.3747
3.4371 -0.6530
3.5660 0.3094
3.8059 0.2263
3.7206 -0.0045
3.9967 0.5107
3.3480 -0.6115
3.9059 -0.4957
3.3797 -0.0337
3.0637 0.1370
3.2555 0.3932
3.5559 0.1647
4.2425 0.3207
3.4771 -0.0350
4.0727 -0.3729
3.4273 0.2285
3.5649 -0.0273
3.6103 0.6922
3.4175 0.1343
4.0225 0.5502
3.8372 0.9098
3.5801 0.1538
3.3283 0.6286
2.7694 -0.1155
4.1846 0.0561
3.6191 0.7658
2.7359 -0.0719
3.9057 0.5633
4.0423 -0.5385
3.4437 0.2067
3.6119 0.0964
3.0323 0.6660
3.6876 0.2435
3.7815 -0.1421
3.4733 -0.0741
3.2412 -0.2004
3.3154 -0.4354
2.7852 0.3952
3.3914 0.3406
3.2241 -0.6584
3.3643 0.5089
3.0777 0.3453
4.1559 -0.5539
3.3775 -0.0433
4.1153 -0.3022
3.9315 -0.3362
4.3727 -0.1375
3.4144 -0.1373
3.5979 0.7547
3.0328 0.6447
3.1255 -0.1243
3.5086 0.0218
4.4230 0.1522
4.0353 0.6705
4.0228 0.2076
2.6994 -0.2158
2.7877 0.1183
3.4887 -0.0150
3.5400 -0.0670
3.3113 -0.0124
3.7683 0.1862
2.8378 -0.5556
3.5961 0.6170
3.0982 -0.3919
3.7781 0.3636
3.5078 0.0929
3.0423 -0.0614
3.2095 -0.0233
3.4984 0.0252
3.4161 -0.4453
3.9687 0.1136
3.1190 -0.1550
3.5525 -0.0703
3.7244 0.0780
3.2520 0.2343
3.4060 -0.0864
3.9694 0.3914
3.8390 0.6551
3.2952 0.1896
3.5414 0.4100
3.6912 -0.0465
2.5357 -0.2279
3.2052 -0.2746
3.6170 -0.0293
2.8796 -0.4765
3.4167 0.2218
3.6033 0.0533
3.7168 -0.1092
3.5441 -0.4492
3.4027 0.0360
3.4508 0.0641
3.3067 0.5268
