-0.3818 0.2757 -0.3130
-0.0694 0.0256 0.0683
-2.2107 -0.1212 -0.8658
0.0980 -0.0018 -0.0645
-0.1512 -0.0413 -0.0618
1.2544 0.7435 -0.0897
-0.0803 0.4113 -0.2097
-0.0340 -0.2102 -0.7327
-0.0891 0.2685 -0.1660
-0.1853 0.1563 0.0386
0.1128 -0.7367 0.5605
0.0016 -0.0034 0.0312
-0.0389 -0.0241 -0.0557
-0.0640 0.0387 -0.1920
-0.0382 0.0097 0.0127
0.0077 -0.0394 -0.0851
-0.0235 0.0068 -0.6348
-0.2076 -0.6026 -0.2180
-0.0713 0.1283 0.7853
0.2254 -0.1293 -0.5279
0.5850 0.5434 0.4718
0.1339 -0.0186 0.6086
-0.1405 -0.2606 -0.4151
-0.3356 0.2543 -0.8349
-0.0525 0.2332 0.2705
-0.0495 -0.0540 -0.0398
0.2478 -0.4757 -0.5220
-0.2735 0.2027 2.4287
-0.1766 0.8926 -0.0301
0.1838 -0.4735 0.1068
-0.2167 0.0911 0.5405
0.0255 -0.2031 -0.3349
-0.0523 -0.5040 -0.1179
0.0644 -0.1278 -0.0148
-0.5495 -0.7356 -0.3669
-0.0668 -0.7331 0.3593
-0.1469 0.1468 0.3403
0.3024 -2.2760 -0.5382
0.0856 -0.0643 0.4530
-0.0133 0.0670 0.5299
-0.0152 -0.0418 0.7602
-0.0974 0.2922 -0.0218
-0.6143 0.3277 -0.0083
-0.1696 -0.4849 -0.4401
-0.6519 -0.0963 0.0543
0.0790 0.3406 0.7154
0.0239 -0.1085 0.0276
-0.1381 -0.0611 0.1256
-0.1653 -0.2643 -0.5087
-0.4479 -0.0891 -0.2995
3.4719 -0.0916 -0.4014
3.5345 1.2142 -1.7227
3.4898 0.8252 -0.1575
4.1845 0.0449 0.0084
3.5320 0.0173 1.9432
3.7296 -0.1308 0.8156
4.0912 0.2612 0.2006
4.4647 0.6981 -0.7535
3.8779 -0.0392 0.6200
3.6621 0.1112 -0.3458
3.0004 0.1335 -0.1661
3.7561 0.4082 -0.6284
4.0269 -0.1529 -0.8075
3.5718 -0.1666 -0.4291
3.4890 -0.3159 0.3293
3.5000 0.0075 0.0202
2.9822 0.3174 -0.2324
3.5560 -0.0399 0.0776
3.1566 0.0273 0.3358
3.5835 -0.4784 0.6074
4.0253 -0.0623 0.3919
3.5704 0.0439 -0.0698
2.7273 0.1167 -0.1598
3.5217 -0.0322 -0.6828
3.5131 0.0128 0.0503
3.4662 0.4073 -0.7419
3.4519 0.0402 0.6092
3.2344 0.2165 -0.3144
3.6834 -0.6490 -0.0474
3.4776 -0.1857 -0.2179
3.5275 0.0397 -0.2197
3.3251 1.3477 0.3505
4.1564 -0.2785 -0.1937
3.3248 -0.0340 0.1667
3.4372 0.0477 0.2062
3.2531 0.3902 0.1713
3.4704 -0.0187 -0.8463
3.5015 0.0043 -0.5209
3.0686 0.9055 0.0701
3.4779 -0.1208 0.0427
4.1251 0.2733 0.0919
3.1820 -0.4276 -0.6346
3.4380 0.0070 0.1275
4.3146 0.1906 0.0929
3.8050 0.0956 -0.6397
3.7773 -1.4358 0.5709
3.5410 0.2802 0.1502
3.4828 0.0253 -0.0099
3.5226 -0.0803 -0.2778
3.4995 -0.0287 0.6667
