-0.0127 0.0991 -0.7024
-0.7776 -0.0203 -0.6319
0.0165 0.0059 0.1381
-0.0868 -0.0486 -0.4431
-0.3824 0.5351 -0.1668
0.0592 0.0718 -0.2009
0.0149 0.1564 -0.3815
-0.1007 -0.1440 0.1444
-0.1207 -0.2738 -0.2205
0.4539 -0.2799 0.2513
0.0010 -0.0008 -0.0128
-0.4074 -0.1466 -0.3958
0.5643 -0.2406 -0.8140
0.1762 -0.1554 -0.5772
-0.0948 -0.0331 0.0135
-0.0980 -0.2319 -0.3418
0.8055 0.4996 -0.0251
0.1827 -0.2672 0.3633
0.0200 0.0024 0.0507
0.0409 0.0042 0.9939
0.3556 0.1244 0.2289
0.2183 0.0913 -0.1170
-0.0720 0.1548 0.8340
0.0950 0.2625 -0.0836
-0.0695 -0.0621 0.2800
2.9439 0.1957 0.2026
3.1417 -0.9128 0.1517
3.1110 0.1151 -0.1187
3.2832 1.8253 0.6896
3.6435 0.8404 0.2433
2.9835 0.0195 -0.2670
3.0044 0.0206 0.0051
3.1692 -0.0360 0.4925
2.8778 -0.2168 0.2116
2.7992 -0.5742 0.3976
2.4069 1.9213 -0.3510
2.9914 -0.0494 -0.0926
3.0125 0.1301 -0.7268
3.2782 0.3928 0.2892
2.9997 -0.0005 -0.0870
3.0002 -0.0021 0.0059
3.3379 -0.0800 0.7676
3.3414 0.1675 0.1437
2.6408 0.2187 -0.8112
2.9914 -0.0042 -0.5812
2.2857 -0.2975 -0.5114
2.0977 -1.3119 0.8269
4.6305 0.0760 0.2217
3.1436 0.3038 -0.3619
2.7852 0.1140 -0.0884
