8.517450215885861153e-01 -4.626737184352778809e-01
-6.676458758127929993e-01 1.846591327540500205e-01
6.731442198104836683e-02 -8.467038177495518347e-01
2.248009795857773829e-01 -4.607446728071233344e-01
-7.460050311458418792e-02 -7.001083124521814693e-02
-2.130862893069159214e-01 3.178963131626306310e-02
1.982779553227081298e-02 -2.259869444211571876e-01
2.396103001030332746e-01 4.818559283369691637e-01
7.667893315476346228e-01 5.007967784641975673e-01
-1.754792896673072200e-01 1.767007549412152323e-01
-4.041984221323596804e-01 2.402233226804966204e-01
-3.576911449628221440e-02 -5.975032468797639718e-01
2.388936094036496760e-01 5.787001973720292680e-01
-1.442490040662494644e-01 -6.009808874024961250e-02
-6.312373444546452717e-02 -1.677680333749519970e-01
4.651193529482607891e-01 -5.172198428417664751e-01
-8.971428139819553893e-01 7.163729781726028978e-02
1.953021939296834819e-01 6.147092260434948718e-01
2.770994064185676176e-01 4.229958029412938525e-01
-4.170334332395925214e-01 -4.990379703243502663e-02
1.176078075057676586e-01 -1.451153774575258126e-01
1.075976382102435264e-01 -3.446631870441565493e-01
6.963967282327677977e-02 -1.092518728190405505e-02
2.119509801994505227e-01 -9.212892577790599002e-01
4.041722292879081357e-01 -6.629305675944353882e-02
-3.339081001190362108e-01 1.801405976465254855e-03
-7.783572920974762832e-02 -3.517284969331393452e-01
5.717725413424191300e-02 -4.066640550990331393e-01
-4.624321941807230663e-01 3.935651434656926850e-04
3.217651777266251206e-02 -7.021454219323091106e-01
6.731133362271278509e-02 4.070876303733458879e-01
5.515901241834418600e-02 -7.782232129183519476e-02
3.753208954897537253e-01 -2.245103579410054617e-01
4.705443683551110805e-03 2.068034534065199624e-04
-1.862894512067742314e-01 6.763511057782262137e-01
1.224997360242413178e-03 -5.760101870679684016e-02
7.433464945247104660e-01 -2.231326037879484067e-02
-7.625988730283442818e-01 -6.028433920264107959e-01
-6.237396928262617379e-01 -2.822406637833183018e-01
-2.037143279130471663e-01 -7.007923848585969617e-01
2.248598665938295327e-01 8.827458981874421184e-02
6.348950094155157986e-01 -4.563736382733220021e-01
-2.430818546524579071e-01 -4.999071290118804467e-01
2.362584381938190314e-01 -5.391252739238890923e-01
2.657339359819445301e-02 9.609585457857122703e-02
-6.313445855304627985e-01 -2.438842535522721122e-01
4.229337698135146040e-01 3.315056616453400662e-01
-6.989155030754274911e-01 2.054781901446929293e-01
4.391246490897077019e-03 -7.620288085971750787e-03
-2.844926752429975392e-01 -1.435906708623082839e-01
2.770607562001650148e+00 -3.994969832226755169e-01
2.735754017238143376e+00 -5.854253045761239616e-01
2.507987289455534174e+00 -1.421876990898156834e-01
2.958933857374474119e+00 2.653107340324842855e-01
3.019423423864506795e+00 -3.561803842140864179e-02
2.826044983530468624e+00 -1.065041121224123526e-02
2.500991502979895920e+00 -4.980883243550480732e-01
3.074212197969590221e+00 2.744814915434433122e-01
2.998349157979434132e+00 -9.979510887237996730e-01
3.124122965271855179e+00 -1.273261332473553387e-01
3.328137001442501131e+00 1.846539039636956037e-02
3.258798041052592964e+00 -5.461478400883487128e-01
3.220994170136611157e+00 -1.714047465077294663e-01
3.154517443269739818e+00 -9.202089416530551125e-01
2.542837526691450467e+00 4.173622098187806939e-01
3.378315178366775307e+00 4.025989365538959475e-01
3.380487035997109757e+00 -4.037527256525001995e-01
3.287401318204430822e+00 -2.792967139621300166e-01
3.750860593225148421e+00 6.475729676133596957e-01
3.333499240567459498e+00 -6.094335811767092465e-02
2.117773217171503131e+00 3.827591571030348749e-01
3.016016280500923408e+00 2.473484191290982737e-01
3.376913507462384612e+00 -8.250854982098709822e-01
3.069835751483200426e+00 6.524526667427080727e-03
3.729250177550741618e+00 4.065468012521855634e-01
3.050222337952092300e+00 4.850244681971787458e-02
3.017493386179380899e+00 -8.836670557335645215e-01
3.025058459502079966e+00 3.656479744382132302e-01
3.430121844151583943e+00 8.040008157118289089e-01
3.020568904640857699e+00 -2.706561352693404032e-01
3.486363930374375641e+00 -3.927742248948345449e-01
2.379922569034258473e+00 -6.398538112741961603e-01
2.938126477041296702e+00 -6.028978900118009410e-02
2.944464260216133944e+00 4.401427138733101097e-01
2.752929400732241572e+00 -9.757109962249560509e-02
3.268154336396721149e+00 8.463584260583415508e-01
3.729041934333552355e+00 -1.107385418306183200e-01
2.812853451231711155e+00 -7.309489922999143907e-01
2.984589592018099591e+00 1.032250259992402441e-01
2.819572074481132340e+00 9.558142390643172004e-02
3.054724805337002191e+00 -1.909240554490163611e-01
3.170785102777117892e+00 -5.080117578132926637e-01
3.783581039647541111e+00 2.534971666396977352e-01
2.892744367040594788e+00 -4.663876966399292945e-01
3.138954436018648764e+00 9.623738556969440791e-03
3.826722583680484124e+00 -2.903316611650352819e-01
3.092420799451189861e+00 -4.925186397829328655e-01
2.542665322259627381e+00 1.932268124547709479e-02
2.240362712102287546e+00 -5.365272780324367163e-01
3.465779407863745831e+00 6.203662902096606091e-01
