-0.0613 -0.0650 -0.0217
1.2837 1.0126 -2.0848
0.4487 0.0986 0.0356
-0.2804 0.1171 0.0380
0.0487 -0.1259 -0.0503
0.0947 0.0121 0.0586
-0.1243 0.0891 0.3631
0.1858 0.1307 -0.1363
0.2579 -0.1624 -0.3048
-0.0693 -0.2955 0.1462
-0.0200 0.0727 0.7427
0.3182 1.2726 0.1588
-0.0353 0.0475 -0.2501
-0.0522 -0.0027 0.4393
0.2260 0.2029 -0.1280
0.2724 0.2481 0.0995
0.0474 0.4246 -0.8685
0.0598 -0.0134 0.2843
2.8136 -0.5620 2.0002
-0.1840 0.1084 -0.7564
0.2460 -0.0059 -0.3134
-1.3024 -1.7556 -0.0352
0.2828 0.2901 -0.0825
0.1049 0.1249 -0.8107
-3.4867 0.2336 0.0913
0.0093 -0.8941 -0.1471
-0.1656 -0.4297 -0.2772
0.2558 -0.0450 -0.3506
0.0063 -0.0202 -0.0313
-0.0255 0.0408 -0.5730
0.2311 -0.0455 0.2480
-0.0756 0.0349 0.0758
0.0331 0.0322 0.1032
0.0986 -0.0715 -0.0324
1.4877 -2.7576 -1.8579
-0.1329 0.0371 0.0624
0.0424 0.5376 0.0829
-0.0004 -0.0027 0.0015
-0.0755 -1.0544 -1.3475
-0.0478 0.0955 0.9654
-0.2411 0.0062 0.3996
-0.0102 -0.0490 0.0458
-0.3775 0.8933 1.8900
-0.4827 0.1845 -0.2388
0.0261 -0.1568 0.3390
-0.3008 0.2544 2.0511
0.0841 0.3040 0.1259
-0.0014 0.0033 -0.0049
0.3474 -0.2433 0.1502
-0.0231 -0.3804 -0.8135
-0.0399 -0.0752 -0.2293
-0.0973 -0.2043 -0.7466
-0.3727 0.2512 -1.9476
-0.0179 -0.2057 0.0805
-0.0428 0.4747 0.1303
-0.1709 -0.0320 0.1974
-0.1318 -1.0562 -3.2802
0.0034 0.1880 0.9145
0.1738 -0.0180 0.0096
-0.0908 0.1633 0.0566
0.5781 -0.0096 0.4312
-0.0059 -0.0712 0.3542
-0.3757 0.6631 -0.2848
-0.0793 0.1786 -0.0737
0.1412 0.0759 -0.0207
2.6833 -1.0157 -1.1262
0.1290 0.0386 -0.3486
0.3076 -0.1408 -0.1963
-0.2180 0.1044 -0.3172
-0.2657 0.4612 0.3762
-0.2410 -0.3032 -0.1158
0.0374 0.0008 -0.2518
1.4146 -1.8880 1.8583
-0.4416 0.0531 -0.1361
-0.1342 -0.0604 -0.2297
0.0004 0.0006 -0.1176
-0.2848 0.4485 0.4001
-0.1579 0.3620 -0.6495
0.6491 -0.0683 0.0378
-0.0568 0.1852 0.5237
-0.1112 -0.2413 -0.4701
-0.2462 -0.0396 -0.9167
-0.7923 0.0646 -0.5285
0.1199 0.1095 -0.2715
0.0007 0.0017 0.8138
0.1191 0.1598 -0.4841
-0.0212 0.1538 0.8215
-0.1622 -0.4155 0.8394
0.1253 -0.0782 -0.2431
-0.1352 0.9233 2.7099
0.1045 -0.0278 0.0731
-0.2093 0.6869 -0.2439
-0.3785 0.5581 0.5253
-0.0394 -0.0656 -0.7315
-0.3135 0.2337 -0.4261
0.0492 0.2419 -0.1941
0.1861 -0.3137 -0.4722
0.0169 -0.0443 -0.1330
0.1778 0.4171 0.5864
-0.0045 -0.0009 -0.6677
4.5250 0.2267 -0.0578
5.3228 0.5256 1.0218
4.4735 0.0182 0.9123
4.1819 -1.7354 2.8412
4.3390 0.3155 -0.7465
4.5091 0.2422 0.3721
6.1470 1.2189 -2.4359
3.9898 0.0204 0.0278
3.9643 -0.1006 0.6295
4.4382 0.2171 -0.4263
4.1902 -0.2777 -0.8040
4.5053 0.0612 -0.9322
4.6056 -0.2529 0.7818
4.5113 -0.0669 -0.0903
3.1755 -0.7930 -0.8905
4.4331 -0.0245 -0.1697
4.6258 0.1084 0.3333
5.3835 0.5222 -1.2681
5.1696 0.2859 0.1874
4.4084 -0.1205 -0.0716
4.5006 0.0011 -0.0144
4.4773 0.0260 -0.0918
5.1908 -0.1168 -0.1647
4.8326 -0.6818 -0.4060
4.4782 0.0110 0.6004
4.4514 -0.7578 0.2860
4.5544 0.3102 0.0577
4.2279 -0.6444 0.3299
4.5237 -0.0484 -0.0424
4.4699 0.0051 -0.0197
4.5142 0.0111 0.8825
4.4161 -0.4087 0.0056
4.3120 0.4077 -0.5292
4.7897 0.5044 0.5317
3.8940 -1.1954 3.4019
4.6168 -0.0790 0.5821
4.5003 -0.0001 0.2522
4.4585 -0.3630 -0.5311
4.6651 -0.0837 -0.2104
3.4227 -1.8363 -1.4769
4.8322 -0.3187 -0.6391
3.7489 -0.2782 0.5063
4.7525 -0.0133 -0.4829
4.5987 -0.1192 0.2321
4.4010 -0.1084 0.0277
4.2402 0.2019 0.0735
4.4985 -0.0420 -0.2146
4.8397 -0.0438 0.4907
3.6182 0.3870 1.5582
4.6696 0.0962 -0.4713
4.4025 0.0160 -0.0453
4.5788 -0.3210 -0.0005
4.4634 -0.1133 -0.1364
4.6499 -0.0072 0.2772
3.9882 -0.4056 0.0288
4.4948 0.0387 -0.0073
4.7736 -0.0971 0.2143
4.4171 -0.2000 0.1989
4.4850 -0.0027 -0.0703
4.1885 -0.3390 0.3726
4.9321 0.7282 -0.1117
3.8892 -0.1149 -0.4451
4.4920 0.0378 -0.0870
3.9343 -0.7242 0.4605
5.0520 -0.1377 0.2771
4.5179 0.3250 0.8775
4.2867 -0.0457 0.0096
4.7035 -0.3090 0.0818
4.2565 -0.1433 0.2374
4.4081 0.0435 0.3734
4.7274 0.0688 0.5908
4.3126 -0.0104 0.0670
4.5868 -0.1020 -0.0165
4.5971 0.0132 0.3938
4.5137 1.3554 0.9485
2.5120 -0.3907 -1.8835
4.5364 -0.5265 -0.0425
4.5530 0.0306 -0.1187
4.6444 -2.8803 -2.2388
4.3016 0.1459 -0.9389
4.4134 -0.0736 0.3474
4.5327 0.0478 -0.0366
4.2113 -0.1590 -0.5151
4.4409 -0.1018 -0.0180
4.6468 0.7730 -0.5038
4.5022 0.0003 -0.0015
4.1772 -0.0202 0.0900
4.6329 -0.0334 -1.4136
4.5551 0.1439 -0.1260
4.6870 -0.0322 -0.2180
3.6725 0.3555 0.3733
4.4633 0.2517 -2.4445
4.4664 -0.0123 0.6413
4.5559 1.9437 1.0222
4.4757 0.0377 0.1935
6.2319 0.5454 -3.1484
4.4962 0.0628 0.0814
4.3901 -0.4508 -0.3802
4.1258 0.3415 -0.2031
4.7096 0.2972 -0.2304
