-0.3155 -0.1128
-0.0096 -0.6243
-0.3568 0.0792
0.4212 -0.5268
0.1215 0.1732
-0.0070 0.2333
0.1694 0.9709
-0.5602 0.4458
-0.0483 0.2857
0.8155 0.2879
-0.1198 -0.0064
0.0653 0.2212
0.0521 0.0596
0.0413 0.1421
-0.3348 -0.7087
0.2955 -0.0913
0.0075 -0.1468
0.4654 -0.6033
-0.2481 0.8056
-0.4888 0.6789
-0.7229 0.5286
0.0620 0.6376
0.5673 0.5354
0.3808 -0.0703
-0.5426 -0.6103
2.5996 -0.2196
2.5666 0.2446
2.7239 -0.5649
1.4259 0.1882
1.4883 0.2697
1.7342 -0.0900
2.5115 0.6524
2.5545 -0.7125
2.0253 -0.0249
2.8475 0.1548
2.3847 -0.7977
2.3166 -0.2611
1.8088 0.0560
2.1369 -0.8669
2.1064 -0.2512
1.5515 -0.0433
2.2298 0.2464
2.6240 -0.5849
2.7328 0.4298
1.6564 -0.4847
1.8324 -0.9841
1.8338 0.0771
2.4054 0.2380
2.2943 -0.5006
1.8293 0.0011
