-3.780578475614767009e-01 1.499251309066796101e-01
-1.508583821683283366e-01 7.850482167200694139e-01
8.414012269943230704e-01 -2.322350712705443521e-01
2.262772673954389913e-02 -3.920291961708225470e-01
2.932719603978048428e-01 -7.680536999774381646e-02
-6.326686781399470938e-01 5.966199328960551940e-01
-5.732058954789373377e-03 2.669876810887808136e-02
1.449619177921050162e-01 5.010311407909544545e-01
-7.867131713483964395e-02 4.076228375130743209e-01
2.088407960693928755e-01 -4.577684150434485622e-01
-1.687156824904114949e-01 -8.571194433256846823e-01
-1.243851546724930868e-01 -2.045524940275576242e-01
1.228309556047820356e-01 -8.381914246823247983e-02
-7.563255656584028097e-01 3.372708341625489936e-01
2.127263971649902968e-02 8.429772359586191754e-01
3.271353710376088686e-01 2.216393556056173719e-01
2.859290095270444754e-01 -1.238374244463146534e-01
6.759633505602008485e-01 4.898390116589067256e-03
5.742911909348910049e-01 -4.330326162803639911e-01
2.357130926866383425e-01 2.308177550241945208e-01
3.518375757298622397e-01 3.745555789863350138e-01
-6.104501964704581729e-01 -1.322737415550378492e-01
-7.046516175581823971e-02 -2.956892320855711298e-02
-2.341939454411549049e-01 1.841965310356571406e-01
3.429353333132408865e-01 8.449514102470258303e-02
9.080576951148494613e-01 -2.405472589003514461e-01
-6.866920914578183988e-01 2.998584854053912285e-01
4.778572914842068031e-01 8.435401474296471136e-01
5.021794129366671244e-01 -2.126976344031670518e-01
-2.952997101549573733e-01 -6.417892392794237733e-01
-9.538110104191277819e-03 6.799930982233453047e-01
-4.272128765834053432e-01 -2.284042791707904252e-01
-6.799290303545080238e-01 -3.947771598439003826e-01
-5.467859282176839031e-01 5.460748726557868027e-01
1.054394229059205518e-01 5.910910456629008269e-01
3.293826053299600543e-01 -1.300728510024702356e-01
1.396051377094085491e-03 1.306246649959458828e-01
-1.830018632238630816e-01 -3.248950758822739537e-01
5.614250708102280774e-01 7.412153487968679844e-02
2.385678058090425768e-01 8.689726022827530538e-02
-4.540098782988417903e-02 -1.606367125132326656e-01
-5.135758068742932170e-02 3.376867272762330008e-01
1.794338499016581434e-01 2.497196489978777967e-01
-5.030849393053525853e-01 5.997722321481366858e-01
1.358695952048838591e-02 -2.728985391982977418e-02
-7.662802440987963315e-02 -5.831287958800761284e-02
-6.730654312699307917e-01 -1.853588663197761888e-01
-2.027931165466644314e-01 -9.698200400129234344e-01
-2.889117040058045704e-01 -2.545357130757230912e-01
-6.604790865529478472e-01 6.488198718415534305e-01
2.994616333204401570e+00 -7.389934603766147303e-01
2.258124665651794594e+00 2.153528652773236962e-01
2.371332546262054031e+00 7.544796084860521113e-01
2.356701067565500907e+00 -5.561346349094619113e-01
1.816212851037075637e+00 2.429110444430840898e-01
2.431088317636397544e+00 5.730924431629927929e-01
2.819588700923612468e+00 -4.894693766995965034e-01
2.033318801682700627e+00 -7.102323602684775805e-01
2.377145687483705583e+00 2.277227891557178068e-03
3.464035731614473423e+00 -1.020831309747296939e-01
2.327174346143785932e+00 1.718519162267115596e-01
2.363093297456951181e+00 1.190718502362348580e-01
1.919049402971830798e+00 -4.433113407972540387e-01
2.593556890078010824e+00 -5.838174651498798662e-01
2.481377475415333933e+00 -2.274716547254497512e-02
2.121380231388735549e+00 5.543890520823347573e-02
2.813678090163254542e+00 2.187240239968573242e-03
1.697557173294155675e+00 7.470507721809804824e-02
2.915619734670829910e+00 8.780932529344811499e-01
2.241213944925581014e+00 6.026470009735154232e-01
2.434764984583002168e+00 8.624722478960883398e-02
2.374878265965380209e+00 -4.758377823220023145e-02
2.863234142475246546e+00 4.119044705761424896e-01
2.350091109419352620e+00 5.651632298004679589e-01
1.939689642259578628e+00 2.753312900371283067e-01
2.276694266781609688e+00 -1.852840139371742800e-01
1.982202561187065282e+00 -8.660675978994826496e-02
1.769008467453312639e+00 -1.145853993886073868e-01
2.316387337824214132e+00 -1.955344713791122846e-01
2.804042098678280581e+00 3.611076442567533462e-01
2.784940130447834505e+00 -4.325210223066549078e-03
2.596866551107377408e+00 -6.787168940170701381e-02
2.273801000912096804e+00 -9.711192486001413160e-01
2.948004315409478160e+00 7.351401118085769404e-02
2.998964652112591445e+00 8.397858225041028302e-01
2.058829050374630487e+00 3.474499592450703278e-01
2.707012725146932919e+00 -8.191240694117370158e-02
2.098946129296196172e+00 -5.188248268034509891e-01
2.149946006168972801e+00 8.330078527667655885e-02
2.268753234236698280e+00 -1.311029460473806807e-01
2.836959338529688512e+00 7.445551341437739445e-01
1.817642974230983199e+00 5.380874812446538868e-01
2.932712041994041119e+00 6.205820616920877386e-01
2.613154723358662501e+00 7.134441567459126610e-01
2.297705215934015666e+00 -3.345558581927216002e-01
2.200961365154069593e+00 4.760429361489322032e-03
2.908443508233056196e+00 1.431951287993212252e-01
1.966970529962599468e+00 7.770986981966184759e-01
2.152291760206454629e+00 6.373754881186343146e-01
1.997372000661380209e+00 2.514040834251243806e-01
