0.7789 -0.3402
-0.0141 0.0013
-0.0328 0.5168
0.1272 -0.1941
1.0908 -0.7207
0.0592 -0.0881
-0.4793 0.2518
-0.1655 -0.6655
0.6469 0.7471
-0.0263 -0.0812
0.2468 0.1106
-0.2634 0.4219
-0.8443 -0.4706
-0.2887 -0.1508
-0.8593 -0.3675
-0.2315 -1.5134
0.1953 -0.3412
0.1500 -0.7085
-0.1879 0.2517
0.6288 -0.1690
-0.3705 -0.2053
-0.2838 -0.7185
-0.6290 -0.0083
-0.5895 -0.6786
-0.5654 -0.7584
-0.7077 0.1174
0.9075 0.0391
0.0354 0.4953
-0.3387 -0.0617
-0.4905 -0.4814
-0.0782 0.4327
-0.8284 -0.1258
0.6857 0.3726
0.6212 -0.7464
0.1124 0.0755
0.5090 0.3149
-0.9104 0.3282
0.2370 0.1107
0.0103 -0.0701
-0.0007 -0.0004
