0.9951 -0.6386
-0.4364 0.3460
-0.2018 -0.4695
-0.0782 -0.9347
-0.2109 -0.5356
0.1952 0.5856
0.3381 -0.4862
0.1671 0.7681
0.3789 -0.3363
-0.8462 -0.0024
-0.1514 0.1060
0.1325 -0.0558
-0.1179 -0.0065
0.1673 -0.2532
0.0088 0.0365
0.9101 0.0367
-0.6960 0.2602
0.7909 -0.5142
0.1624 -0.2942
-0.6182 -0.9518
0.3728 0.2092
-0.9285 0.3040
0.7503 -0.2607
-0.2714 0.0001
-0.6081 0.5287
2.6664 -0.2007
1.6822 -0.3316
2.5210 -0.2618
2.4981 0.4272
3.2566 -1.2397
2.5951 -0.3726
2.0114 -0.2492
2.5186 0.1439
2.5006 -0.0672
2.4968 0.0038
1.1258 -0.2867
1.4271 0.9398
3.6865 0.9869
2.4111 0.6869
2.9983 -1.5969
2.5166 -0.0280
1.9601 0.5014
1.7407 -0.1066
2.0929 -0.4428
2.9651 -0.6570
3.0751 -0.1741
2.4289 -0.2870
1.9064 0.2644
2.6017 0.1004
2.3098 0.2040
