-0.6538 0.6840
-0.2693 -0.5955
-0.1414 -0.1641
0.1073 -0.4334
-0.0527 0.2183
-0.6475 0.4363
-0.1691 1.1097
-0.1948 0.0130
-1.1040 0.5013
0.1984 -0.3266
-0.3970 0.1589
0.2743 -0.1432
-0.6070 0.4462
-0.0727 0.1222
0.0720 -0.0387
0.2162 -0.1251
-0.2707 -0.4827
-1.1465 0.4542
0.3808 -1.0512
-0.1119 0.0623
-0.5510 0.6147
0.2758 -0.2802
-0.3035 0.9070
-0.3894 -0.3377
0.3451 -0.1719
-0.4272 -0.7478
-0.7876 0.4864
0.5698 -0.3775
0.0534 -0.1524
0.3274 0.0324
0.0092 -0.0014
-0.2306 0.7101
1.5656 -0.2953
0.2592 -0.3860
-0.0771 0.2652
0.4509 0.7589
-0.0829 0.1310
-1.1814 0.9739
-0.0151 -0.4896
0.0368 0.1274
