-0.3332 -0.7333
0.7318 0.3108
-0.1889 0.2604
0.1297 -0.3047
-0.0229 0.0627
-0.6678 0.4932
0.2402 0.7878
0.2675 -0.8740
0.5890 0.5344
0.0377 -0.0427
1.1950 -0.7018
0.2482 -0.8418
1.0685 0.2400
-0.6958 -0.2428
0.3787 -0.0754
-0.3913 -0.3284
-0.4900 0.6569
0.2744 0.2225
-0.4680 -0.1494
-0.6972 -1.0982
-0.0628 -0.1133
1.1025 -0.1197
0.5535 0.1096
-0.0014 0.2311
-0.3565 -0.0777
-0.4125 -1.0051
0.0799 0.1189
0.0866 -0.0342
-0.3987 0.5858
-0.0743 -0.5971
-0.2988 0.0042
-0.6504 0.4202
-1.1866 -0.2753
-0.5955 0.0444
-0.4482 -0.0302
0.0956 0.1004
0.7370 -0.0063
0.0023 0.0101
-0.8606 0.0445
0.0300 -0.1708
