0.2649 -0.0136
-0.7890 -0.1484
-0.1421 0.1743
-0.9220 0.0286
0.8247 0.2229
0.1133 -0.3404
-0.4681 -0.0272
-0.1893 -0.3434
0.7932 -0.0050
-0.5788 0.6242
-0.1803 -0.2213
0.2777 -0.7041
0.6322 0.5699
0.1168 -0.3565
0.1765 -0.0517
-0.1485 -0.1182
0.1057 -0.4010
0.0719 0.1735
-0.9334 0.2680
0.0287 0.3659
2.4757 -0.0079
2.7658 -0.1516
2.4776 -0.3001
3.1582 0.5747
2.7155 0.1367
2.7965 0.2557
2.0933 0.0367
2.1604 0.9168
2.1692 0.4571
2.0430 -0.0448
2.7175 -0.0478
2.5459 0.0341
2.4669 0.0375
3.1541 0.4530
2.5193 0.4266
2.9119 0.8967
2.3406 -0.0938
2.8399 0.2188
2.6947 -0.1762
1.9832 0.7695
