0.6799 -0.1817 0.1492
-0.0765 -0.0618 -0.0614
-0.2318 0.2028 1.7165
0.2742 -0.5420 0.5537
-0.1228 0.3601 0.5585
-0.2227 -0.6048 0.2878
0.0076 -0.0048 -0.0360
0.1432 -0.0319 -0.1162
0.0190 0.1731 0.6036
-0.0003 -0.0012 -0.0058
0.7973 0.8087 -1.4810
0.0196 0.0075 -0.0381
0.2689 -0.1086 0.3892
0.5906 0.0429 -0.2375
0.1046 0.1167 -0.0236
0.0429 -0.0322 -0.8870
-0.3675 0.2695 -0.0388
-0.2396 -0.1858 -0.1849
0.0008 0.0405 -0.2809
-0.1042 0.3143 0.7835
-0.4964 -0.4223 0.0991
-0.1033 0.0043 0.2177
-0.1956 0.1881 0.1431
-0.0848 0.1754 -0.3644
0.0035 0.0112 0.3827
0.0357 -0.1802 -0.7031
-0.0347 0.3671 0.5928
0.0639 -0.1145 -0.1216
0.1472 -0.1625 0.5964
0.0703 0.0521 0.8926
-0.1086 -0.4230 0.1585
0.1420 -0.0289 -0.6447
0.3998 0.4021 -0.7593
-0.2141 -0.0971 0.1336
-0.2852 -0.6621 0.6602
-0.4283 0.2440 -0.1869
-0.1757 0.2198 -0.0943
0.0029 0.0078 -0.1732
-0.2391 0.2320 0.4935
0.0383 -0.0498 0.0281
