0.0282 -0.3303 0.0354
-0.0379 0.5586 -0.0281
-0.2884 0.4387 0.6806
0.3008 0.1044 -1.0854
-0.6492 1.0203 0.2177
0.0818 -0.0495 -0.0877
-0.3692 0.4736 -1.3221
0.0080 -0.0199 -0.1343
-0.6637 -0.0785 -0.5063
-0.0377 0.0039 0.0421
0.2837 0.1908 0.7248
-0.0689 -0.0227 -0.0861
0.1938 -0.0830 0.7628
-0.0610 0.0058 0.7721
-0.0473 -0.0286 0.2586
-0.1897 -0.3699 0.1770
-0.5849 0.4197 0.1925
-0.2351 0.6942 0.2957
-0.1282 -0.1935 0.1095
0.4833 0.2776 -0.2710
2.5247 0.4560 0.4452
2.5297 -0.1675 0.1743
2.0388 -0.0954 -0.6949
2.3125 -0.4651 0.4015
2.0469 0.3692 -0.0589
2.0214 -0.2808 -1.4967
2.3126 -0.6381 0.4101
2.0967 0.4972 -0.3096
2.5478 -0.0062 1.2254
2.5398 -0.0124 0.0150
2.4713 -0.0401 0.9210
2.6653 0.3010 -0.1007
2.2409 -0.0176 1.4584
2.5914 -0.0037 0.9030
2.8342 0.3720 -0.1218
2.5250 -0.4762 0.3669
2.2811 -0.3471 -0.4664
2.1968 -0.0494 -0.5897
2.8135 -0.1606 0.0697
2.8940 -0.1616 0.4283
