0.9755 -0.0744
0.6954 0.4162
0.0402 0.0127
-0.3070 0.4418
1.1864 -0.4187
-0.4577 -0.8807
-0.6417 0.0545
0.1912 -0.2255
0.1922 0.0057
-0.2729 -0.0560
-0.0938 0.5023
-0.0003 0.0707
-0.1373 0.0594
-0.4691 -0.3873
0.0216 0.2051
0.6261 -0.3223
-0.5340 -0.8643
0.1988 0.9231
0.3013 -0.0788
0.6451 -0.1055
1.5670 1.3860
0.1941 0.1165
0.8095 0.0792
0.0001 -0.0012
-0.6641 -0.1491
2.8213 -0.5766
5.0138 -0.3770
3.3534 -0.1614
1.9372 0.3365
3.5649 -0.5115
2.5507 0.1725
3.8383 -0.0827
3.9968 -0.2690
2.8897 0.0545
3.2130 0.0763
2.9458 -0.6250
4.0969 0.6824
3.7469 0.0630
3.9271 1.8009
3.0510 -0.6891
3.1825 0.1780
3.4830 0.3288
3.9146 -0.0470
4.2120 -0.6251
4.0867 -0.0478
2.8331 -0.4142
3.8277 -0.5359
1.3748 0.3604
3.8529 -0.6514
3.8324 0.2508
