-0.9426 -1.7250 0.5517
0.0155 0.1618 0.3924
1.1111 -0.8538 1.4204
0.4993 0.0419 0.1435
0.1917 -0.1461 0.2772
0.0167 0.0074 -0.1053
0.3045 -0.1062 0.6284
-0.1484 -0.4916 -0.0575
-0.0973 -0.4689 0.4671
-0.3414 0.7396 -0.1058
0.8806 0.0163 0.0781
2.1844 0.2303 0.2123
0.0041 -0.0292 0.8365
0.0444 0.0514 -0.8616
-0.0341 0.0032 0.0675
0.0980 0.0641 0.3196
-0.1627 0.1567 0.1116
0.4440 -0.7498 0.2221
-0.0996 -0.0746 0.1921
-0.4166 -0.4617 0.2661
-0.1433 -0.1592 0.1101
-0.0043 -0.0281 0.0083
0.1775 0.1276 0.9511
0.0479 -0.0227 0.0090
0.0823 0.1605 -0.2250
-0.0706 0.1897 -0.6372
-0.1098 0.1839 0.0644
-0.0392 0.0548 -0.4931
-0.5830 -0.3930 0.3096
1.9184 0.8720 -0.0369
