-0.0364 -0.0076
0.4995 0.6157
-0.0551 -0.8252
1.0554 0.9502
0.5838 0.1983
-0.0996 0.5785
-0.0239 -0.3579
-0.3523 0.4209
0.0612 1.0731
-0.1481 0.3221
-0.7813 0.4228
-1.3018 -1.4300
-0.0643 0.2169
0.4355 -0.1405
0.6892 -0.2828
0.1462 0.2384
0.3061 -0.5922
-0.4963 -0.4491
0.4529 0.4778
0.6445 0.0949
3.0357 -0.6185
2.2601 -0.5219
2.1438 -0.1231
3.1361 0.1697
1.1011 0.8197
3.0534 0.0284
2.2974 0.0171
3.5073 0.3287
3.0748 -0.5980
3.1775 -0.8578
2.8059 0.0389
2.9923 0.0205
2.3043 -0.0490
3.1496 -0.6297
2.9066 -0.6656
3.7102 -0.2986
3.0896 -0.1127
3.1024 0.1313
3.0630 -0.9310
3.4638 -0.1784
