0.0892 -0.6336
0.0755 -0.2810
-0.0649 0.1766
-1.0892 0.0374
-0.1076 0.3396
-0.1799 0.8722
0.1032 0.0702
-0.6650 -0.7130
-0.0197 0.2040
0.5823 -0.4638
-0.0533 0.2393
1.5847 -1.5413
-0.3613 -0.5299
-0.6251 0.3682
0.4943 -0.4170
-0.8276 -0.2526
-0.1577 -0.0182
0.0402 -0.3431
0.3283 0.0427
-0.1219 0.9524
0.2242 -0.2529
-0.0072 -0.1457
-0.7085 0.3752
-1.3675 -1.1895
-0.1734 0.6319
-0.0346 -0.0538
0.4809 0.3484
0.2151 -0.2536
-0.6515 -1.1674
0.1288 0.6317
0.3518 -0.6820
-0.1306 0.4780
0.5998 -0.6873
-0.0490 0.4892
-0.3463 -0.4712
-0.1498 -0.3935
-0.0103 -0.0850
0.0209 -0.7939
0.1407 -0.1300
-0.4299 -0.5359
