0.3893 -0.1666
0.4584 0.3887
-2.8482 0.3720
-0.1098 -0.1890
-0.3834 -0.8197
0.2454 -0.0902
0.2209 0.1921
-0.5896 0.5695
-0.0828 -0.3307
-0.0989 0.5576
0.0394 -0.0308
0.1778 0.8103
0.6730 -0.5659
-0.6859 -0.1481
-0.1093 -0.0470
-0.5940 0.4150
-0.8362 0.0130
0.1945 0.1031
-2.0374 0.4831
-0.2501 0.7550
0.0686 -0.0758
0.6920 -0.1839
0.2996 -0.8425
-0.1481 -0.3182
3.6806 -0.5726
-0.0161 0.0511
-0.0442 0.6122
0.4740 -0.4643
-0.0782 2.2710
-0.1845 0.7608
0.4084 -0.4818
-0.4354 -0.5614
-0.6596 0.1100
-0.0400 0.0036
-0.0110 0.0495
0.2494 0.1134
-0.2325 -0.0913
-0.5198 -0.4786
0.1003 0.0913
-0.3478 -0.6296
0.2928 0.1415
0.7032 0.4685
-0.7864 -0.0337
0.0903 -0.5612
0.0787 0.2077
-0.7133 0.2956
0.6932 -0.0426
-0.3670 -0.0737
-0.1885 0.0281
-0.9284 -0.1732
4.7094 0.6333
4.9613 -0.1331
5.7538 0.0657
4.7347 -0.1123
4.3185 -0.4442
4.6236 -0.8865
5.6121 -0.4349
4.7721 -0.2293
5.5056 -0.6409
5.5820 0.6346
5.0217 -0.1559
5.4790 -0.2312
5.5673 0.4043
3.0541 -2.5670
4.2599 0.0679
3.4626 -2.5782
5.3482 0.0059
5.0757 0.0187
4.9370 0.0526
4.3624 -0.2415
5.1069 -0.0866
6.5545 -3.2904
4.6284 -0.8010
5.7641 0.4318
4.7561 -0.4465
4.6950 0.1558
4.9567 -0.1050
5.1400 0.3392
4.9001 -1.4693
5.1582 -0.5354
1.9207 -2.1285
5.6226 0.6251
5.2734 -0.7214
8.3599 -1.0450
7.3408 2.9737
5.5082 0.1586
5.6642 0.4519
7.9703 -1.4367
4.7300 -0.2356
6.5285 -0.5657
5.9741 -1.2541
5.6467 -0.3081
4.8935 -0.4538
5.3132 -0.2594
1.6464 -1.6251
4.9964 -0.1360
4.7773 0.0883
5.0347 -0.4166
5.9803 0.0521
4.5153 -0.3581
