-0.0024 -0.0013 0.1184
0.3435 0.3329 0.1396
-0.4006 0.4355 -1.2357
1.3928 -0.5210 0.6990
-0.3550 -0.1731 0.2241
-0.2844 0.2712 -0.1779
0.2055 0.1559 0.0024
-0.5616 -0.0728 -0.3965
-0.1733 0.3783 0.7939
-0.1228 0.0292 -0.0536
0.0502 0.0792 -0.1195
-0.2019 -0.6447 0.4174
0.0243 0.0536 0.1378
0.3792 0.4200 0.7113
-0.1111 -0.0179 0.1946
0.3493 -0.3324 0.7172
-0.1592 -0.3104 -0.4323
-0.5036 -0.2162 0.3528
-0.0633 -0.0753 -0.0429
-0.0036 0.0149 0.1932
0.0707 0.0046 0.4749
-0.0043 -0.0720 -0.2442
-0.7755 0.1758 0.4969
-0.0964 -0.2359 0.7949
-1.6896 0.3432 -0.0480
0.0149 -0.0456 0.5074
-0.0418 0.0252 0.4772
0.4357 -0.2269 0.8663
-0.3078 -0.5819 -0.1319
0.4563 0.1111 -0.4243
0.0299 -0.0512 -0.5317
-0.5396 0.0055 0.1666
-1.5208 -0.1752 -0.0305
-2.3317 1.5127 -0.6909
0.3768 -0.1392 0.0839
-0.0386 -0.3081 0.6322
0.3698 -0.2552 -0.3098
0.0484 -0.0031 -0.0221
-0.2248 0.0765 0.0941
0.2438 -0.2370 -0.4187
-0.1764 -0.4120 -0.4220
0.2714 0.5135 0.0749
-0.8032 -0.2383 0.3795
-0.1631 0.0861 0.3259
0.0485 -0.3122 -0.4288
0.0309 -0.3740 0.1275
0.1867 -0.0355 0.0320
-0.0169 0.1907 -0.0866
-0.1875 -0.3215 -0.6270
-0.5119 -0.3152 -0.8702
0.0822 -0.0688 0.0871
-0.0412 0.8410 -0.1933
0.1130 -0.2565 -0.1259
-0.1147 -0.0062 -0.0783
-0.3648 -0.1595 -0.6722
-0.3240 -0.1462 -0.2344
-0.1399 0.0546 -0.2107
0.2833 -0.6758 0.0965
-0.2581 0.1365 0.0140
0.0335 0.0239 0.3154
-0.0322 -0.0899 0.2346
-0.2161 0.9038 0.0615
-0.5385 -0.0979 0.5578
0.0092 -0.0810 0.0166
-0.0395 0.4417 -0.8721
0.1268 0.0517 0.0491
-0.5527 0.0462 -1.9905
-0.8236 -0.7893 0.5830
0.4553 0.0809 -1.1625
-0.4972 -0.3065 -0.4767
-0.0137 -0.0318 -0.3981
1.3318 0.8354 1.6341
-0.3713 0.3204 -0.1301
0.0720 -0.0425 -0.7964
0.3368 0.1690 -0.5910
0.0097 0.0221 0.3476
0.4611 -0.0848 -0.0072
0.0534 -0.0266 0.0059
0.2795 0.3939 1.4669
0.0450 0.0314 -0.2972
-0.0272 0.3269 0.2255
-0.3040 -0.0766 0.0369
0.2929 -0.8066 0.2624
0.0030 0.1032 -0.0686
0.1435 -0.0465 -0.5653
-0.3440 0.2528 0.1515
-0.3568 0.0306 0.4050
-0.0069 -0.0125 0.0193
-0.3011 0.0603 0.0400
0.1071 0.1776 0.6329
-0.4048 0.1463 -0.1284
0.2829 0.8603 0.4589
0.0724 0.0308 -0.1918
-0.0344 0.3503 0.2478
-0.2789 0.0576 0.0704
-0.0201 -0.0384 -0.0137
0.0983 -0.0944 0.2734
0.0944 -0.0209 -0.0345
-0.6355 0.4361 0.6112
-0.1180 -0.0058 0.0526
4.1725 0.0933 -0.8364
3.8258 -0.2524 -0.0737
3.7978 -0.1237 0.4378
3.9973 -0.0645 -0.0017
4.1372 -0.2573 0.6497
3.8562 -0.8050 -2.3258
4.0068 -0.0019 -0.3814
2.3637 -2.0181 -0.3872
4.5114 -0.0041 -0.6864
4.2247 -0.3971 0.1399
1.4812 0.1867 1.0205
3.7985 -0.0511 0.1244
4.1482 -0.0087 -0.1751
4.0159 -0.1300 -1.4080
3.9295 -0.0058 0.7435
4.2777 0.0976 -0.6219
4.1168 0.0621 -0.3146
4.1021 -0.0178 0.7077
4.0022 -0.0042 -0.0078
4.0640 -0.0104 -0.1342
4.8009 -0.9882 0.8646
3.4831 -0.7836 0.2372
3.5288 0.0480 0.2199
3.7552 -0.3201 0.6764
4.2795 -0.1902 -0.6034
3.7922 0.2232 0.7142
4.0113 -0.0004 -0.4357
4.0422 -0.7295 -0.4108
3.8119 0.2811 -0.0353
4.0351 0.0328 -0.0479
4.3979 -2.8245 -0.0981
3.9665 -0.3109 0.0267
3.9896 0.0944 -0.0155
4.2676 -0.3573 0.7849
3.7765 -1.1905 -1.0365
4.3319 -0.1254 0.3203
3.9766 -0.0099 0.0618
4.0383 0.0001 0.0324
3.9740 0.0000 0.0177
3.5307 0.4605 0.2542
4.2043 0.0094 0.2588
4.0100 0.0411 -0.0191
4.0045 -0.0287 -0.0035
2.8454 2.3726 1.5686
4.8298 0.4098 1.8453
3.9994 -0.0134 -0.5014
4.1156 -0.0187 1.5472
3.7706 0.0256 0.5708
4.0547 -0.2280 0.0607
4.7364 -0.2250 0.5171
3.7226 -0.5929 -0.0628
3.7840 0.2603 -0.3601
4.3934 -0.1675 -0.0808
4.0080 -0.0541 0.1649
3.9767 0.0412 0.8607
6.0175 1.2461 -0.6947
4.0143 0.0032 0.0011
3.9938 -0.0012 -0.0814
4.1004 0.1381 0.0058
3.9150 0.0099 -0.1125
3.3312 0.2547 -0.4238
4.1908 0.4179 -0.3397
4.3859 0.0959 0.2839
4.1354 0.2535 0.1206
4.2838 0.0715 0.6235
3.9998 0.0014 -0.2685
4.1669 0.5767 -0.0063
3.9708 -0.3351 -0.0783
4.0108 -0.1316 0.3614
4.1212 -0.2086 0.0159
3.9313 0.2241 0.3501
4.0170 -0.0529 -0.0485
4.0654 0.3531 0.6508
3.9483 -0.1263 -0.0960
5.2381 -1.0622 0.9539
4.1216 -0.2661 2.8022
4.2689 -0.0591 0.2982
4.7240 -0.0774 0.1672
3.9885 0.0061 -0.0828
2.6637 0.0052 -2.1333
4.1135 0.0036 0.1903
3.9704 0.1649 -0.1284
3.8747 -0.1981 0.3742
3.8905 0.0086 -0.6896
4.7702 0.1842 -0.4867
3.8392 -0.0282 1.9223
4.9109 -0.2475 -2.3789
3.9180 -0.1312 1.3163
4.6845 -0.5227 0.1780
4.0869 0.6009 0.5340
4.1178 0.1117 -0.1868
4.0084 0.0410 -0.0486
2.9770 0.3303 -1.0496
4.3929 0.0166 -0.1465
4.1633 -0.2983 0.2371
4.0019 -0.0044 -0.1265
4.4259 -0.0349 -0.3140
3.8492 -0.0970 0.2637
3.9407 0.0298 0.2704
3.9134 -0.0541 -0.5071
