0.1173 -0.0904
0.3737 0.1913
-0.1662 -0.4926
0.1281 -0.2721
1.5898 -1.4116
-0.5824 0.2738
-0.0437 -0.8485
-0.7437 0.3344
0.5942 0.5832
0.1435 0.5714
-0.1793 -0.3715
-0.5374 -0.0464
-0.5566 0.5918
-0.2447 0.0209
-0.3742 0.2963
0.5315 -0.1365
-0.4477 -0.4933
2.8883 -1.2246
-0.4041 -0.8173
-2.1195 2.3709
0.0292 -0.3377
0.2618 -0.3494
-1.2291 -2.0946
0.0655 -0.7369
-0.2111 -0.0139
-0.5984 0.1663
-0.1848 -0.5784
0.1497 0.8140
-0.0226 0.0127
-0.0824 0.0967
-0.1984 0.2273
0.0018 0.2489
-0.0969 -0.4514
0.1612 -0.3629
0.6030 -0.5218
-0.5481 -0.3411
0.8114 -0.5396
0.2396 0.4238
0.0438 0.2916
0.1749 0.4113
