-0.5464 0.5156
0.3760 -0.0452
0.3247 0.7407
0.6410 0.6250
0.5613 0.2682
-0.0865 -0.0644
0.8184 -0.4547
-0.2981 0.0570
0.4863 -0.8205
-0.9446 0.1258
-0.0596 -0.3273
-1.0111 0.5395
-0.6444 -0.4957
-0.2470 -0.6794
0.1005 0.4963
-0.1261 0.3901
0.1749 0.0765
-0.0864 0.5474
-0.8563 0.3640
-0.6461 0.6593
-0.1966 0.9986
-0.6674 -0.4652
-0.0035 -0.0000
-0.5780 -0.3190
0.6776 -0.3715
0.8370 -0.8166
-0.2712 0.4242
0.4535 -0.6626
0.6365 0.0038
0.0619 -0.1356
-0.3367 -0.8117
0.5485 0.1109
0.4628 -0.0529
-0.4510 -0.0706
0.7589 0.0156
-0.8194 0.2224
-0.2872 0.5671
-0.4552 -0.5958
0.2698 0.2442
-0.6671 0.6767
-0.2139 1.0833
0.8172 0.5947
0.9583 0.4529
-0.7775 -0.5575
-0.2378 0.1649
-0.0048 -0.0152
-0.3743 -1.0487
0.5268 0.1792
0.7995 -0.0528
-0.7360 0.3160
0.9972 0.0396
-1.0529 -0.1971
-0.4251 1.0989
0.8764 0.7152
-0.0680 -0.1477
0.4942 -0.4068
0.3763 -0.0212
0.5187 -0.3565
0.1417 -0.2413
0.4648 -0.0577
-0.8796 -0.5918
-0.4095 0.1858
0.4231 0.1472
-0.0252 -0.1097
-0.7514 0.1036
-0.9161 -0.2477
-0.3715 -0.7131
0.0206 0.1476
0.1909 -0.3462
-0.4530 -0.6133
-0.5499 -0.0310
0.0255 -0.0160
0.1836 0.1639
-0.9641 0.0100
-0.1091 0.0338
-0.7115 0.9202
-0.0891 0.3463
0.2324 0.1029
-0.1596 -0.9150
0.1254 0.6067
0.9689 0.1036
-0.4626 -0.1609
-0.4290 0.0263
-0.2251 -0.1534
0.1037 0.0934
-0.0164 0.6152
-0.3494 -0.7866
-0.3082 0.2030
-0.5368 0.3470
-0.0452 0.1263
0.4729 -0.4143
-1.0072 -0.1516
0.8009 -0.5893
0.0986 0.0942
0.0528 0.9998
-0.1371 -0.0165
-0.0002 -0.1011
-0.1916 -0.0913
0.0251 0.5368
0.6087 0.9660
0.2598 0.0349
-0.1945 -0.5422
0.1248 -0.7453
0.3576 -0.2668
-0.7382 0.1785
0.4999 0.9065
0.1009 0.5787
0.2153 -0.9104
-0.3052 0.3129
-0.1331 -0.0671
0.0856 -0.0712
-1.0962 -0.3603
0.1343 1.0589
-0.0897 -0.0252
0.2891 -0.2721
-0.3940 0.2023
0.4228 -0.0471
0.0825 -0.0683
-0.8262 0.5289
0.4537 0.2950
0.3098 -0.6848
-0.3780 -0.3079
0.2566 0.0606
0.0224 -0.8240
-0.0347 0.1045
0.2818 0.9913
-0.0249 0.0245
0.0753 1.1820
-0.0098 0.5350
0.8993 0.7740
0.0788 -1.0622
-0.0780 -0.0948
0.5187 0.2513
-0.2164 0.6588
0.2336 -1.1131
0.2164 -0.1117
-0.2749 -0.0055
0.0724 -0.0593
0.7078 0.3515
0.1830 -0.1079
0.6944 0.7389
-0.8837 0.7769
-0.3847 -0.5192
-0.0332 0.3985
-0.1668 -0.5082
-0.0271 -0.0950
0.3348 0.4465
0.5017 0.0037
0.0102 -0.0153
0.3417 -0.1237
0.9942 -0.4968
0.4758 0.3674
0.2011 -0.4075
0.4032 0.1574
-0.1494 0.8161
-0.2591 0.3459
-0.8202 0.8173
0.0521 -0.0860
0.3904 0.3932
-0.1982 -0.4543
-0.0895 -0.2654
1.1659 -0.1165
-0.5035 -0.8725
0.2415 -0.5489
0.3806 -0.3048
-0.8024 -0.0258
-1.0843 -0.3331
-0.2076 -0.2349
-0.0317 0.6893
-0.7937 0.2119
0.2837 -0.0008
0.1966 -0.7934
-0.7278 -0.3355
-0.0941 -0.1385
-0.1948 0.1387
-0.1431 -0.2536
-0.5312 0.2138
1.1827 -0.0362
-0.1704 1.1544
0.4039 0.4041
-0.0803 0.0241
-0.1684 0.2595
-0.2539 -0.5720
-0.3888 0.2722
0.1543 -0.4499
0.0303 0.0286
0.1477 0.1587
0.0591 -0.0113
-0.9104 -0.1473
0.3010 -0.2800
1.0111 -0.4032
0.2065 1.0107
0.1779 0.8813
-0.5353 0.6588
1.1361 -0.3193
-0.7429 0.0365
0.9133 -0.6902
0.9190 -0.3247
0.8194 -0.4260
0.0845 0.1529
-0.4666 0.1376
-0.1094 0.4922
-0.1314 -0.4482
0.3373 0.2226
0.2081 -0.0125
0.7921 0.4172
0.6695 0.5296
0.6253 0.6521
0.4201 0.4709
-0.4629 -0.1260
-0.4887 0.0936
-0.2188 -0.8063
-0.1452 -0.5268
-0.0633 -0.0403
0.0586 -0.2229
-0.9806 0.3896
0.2517 0.6586
-0.1278 -0.9073
0.0060 0.2312
0.3824 -0.7789
-0.6828 0.3818
0.0763 0.2083
0.1860 -0.9332
-0.2850 -0.2916
-0.3707 0.1585
-0.7456 0.1813
0.7499 0.2805
-0.0019 0.0018
-0.2153 0.1147
0.1272 -1.1285
0.2137 -0.4896
0.2822 0.4021
-0.1458 0.1151
-0.0690 0.3325
0.0826 -0.8760
0.1302 0.1394
0.1642 -0.8689
0.4514 0.1324
0.7801 -0.4173
-0.0592 0.0553
-0.0090 0.0026
-0.2702 -0.5153
-0.7753 0.3955
-0.1093 0.4730
0.4001 0.0940
-0.0583 -0.0120
0.3556 0.0478
-0.0905 -0.5420
0.4584 -0.7607
-0.0549 -0.9149
1.7758 -0.6340
2.0473 -0.0143
1.9247 -0.0041
1.9838 0.8678
1.0168 -0.1786
2.3403 0.1399
1.7053 -0.1987
1.9074 -0.5251
2.8491 0.5187
2.2475 0.8527
1.9549 0.2694
2.5327 -0.0607
1.8447 0.0592
1.5039 -0.2069
2.3386 0.2837
1.2564 0.4480
1.2207 -0.1735
1.6012 -0.2426
1.7965 -0.4313
2.1943 -0.2934
1.3939 -0.6482
2.0993 0.6698
1.9368 -0.3250
1.9712 -0.0226
1.3398 -0.7486
1.3825 0.6686
2.0345 -0.0032
2.3526 0.0632
1.2761 -0.6133
2.8137 0.5547
1.1683 -0.7422
2.1958 -0.0171
1.8844 0.5011
1.2711 0.9412
0.9082 0.3487
2.4932 0.4837
2.1361 0.2890
3.0210 -0.2597
1.8310 0.0670
2.1470 -1.1155
2.1085 -0.7023
2.0162 -0.5479
2.1086 -0.0125
2.1538 -0.3352
1.8571 0.1782
1.7435 0.5673
1.9252 -0.8165
2.1679 -0.5815
2.7378 -0.3486
2.0307 0.1190
1.9761 1.0285
2.0299 -0.5983
1.1105 0.6728
1.9236 0.0734
2.3191 0.2705
2.8499 0.6590
2.0413 -0.1260
0.9868 0.0801
1.5273 -0.2243
1.6917 -0.5843
2.0602 -0.7907
2.4050 -1.0592
1.9990 -0.0006
2.2948 0.7081
2.3653 -0.1002
1.9693 -0.1143
1.7494 -0.2517
1.9665 -0.0200
1.5639 -0.1618
2.0680 -0.1704
2.1774 -0.9270
0.8205 -0.1241
1.9491 0.5231
2.1038 -0.3837
1.9266 -0.4031
2.6691 0.4065
2.3644 -0.2487
1.1394 0.4838
2.8648 -0.0967
2.1271 0.4079
1.6586 0.0727
2.1334 -0.5720
1.4078 -0.7851
1.5498 0.9644
2.1126 0.1752
1.9405 -0.0002
1.8535 0.0348
1.9664 -0.8947
1.8897 -0.1197
1.6311 -0.9470
2.0587 -0.2077
2.3124 0.4370
2.6719 -0.0873
2.1326 0.1535
1.9849 -0.1162
1.6416 -0.5990
1.9165 -0.0307
1.9609 0.0405
2.1945 -0.2198
2.2376 -0.5024
2.6943 -0.7157
2.0174 -0.0114
2.0822 0.5464
0.8664 -0.2349
2.0006 0.0012
3.0353 0.1287
1.7398 0.9993
1.0577 -0.6456
2.0328 0.0400
1.9705 0.0511
1.9127 0.0616
1.9402 -0.1395
2.1718 -0.0919
2.7464 -0.2726
2.3873 0.3802
1.6412 -0.3587
2.0919 0.4435
2.1105 0.7447
1.4012 -0.8013
1.6563 0.5314
1.7665 0.2782
2.0809 -0.4327
1.8348 0.6151
1.2919 0.0795
1.6659 -0.1851
2.4511 -0.2955
2.2603 0.4097
2.6915 0.0279
2.0564 0.6939
1.7781 -0.0769
1.7670 0.0761
2.3219 -0.2791
1.0345 0.0597
1.4157 -0.9770
2.2853 0.5045
2.0113 -0.7455
1.2226 0.4422
2.0605 0.0895
1.3119 -0.9141
2.1803 0.4066
0.8875 0.2885
1.5103 0.8670
1.8521 -0.0679
2.0067 0.8310
1.5844 0.4466
1.5205 0.0698
1.5292 -0.2975
1.9930 -0.0238
2.8098 0.1831
2.6983 -0.4016
3.0680 0.5222
1.4755 -0.2852
1.3156 0.5464
2.6156 0.6419
1.9454 0.9463
2.5334 0.9791
3.0080 -0.1297
1.9570 -0.0158
2.3160 -0.3157
2.1751 1.1414
1.9394 0.5911
1.5703 0.4825
2.3475 -0.2171
1.4897 0.7332
2.2202 -0.0262
1.9559 0.5461
2.1952 0.5560
1.7847 -0.0722
1.9212 0.0096
2.5405 1.0188
2.6110 -0.0246
2.5416 0.0188
2.3104 -0.1068
1.7812 0.3695
1.0036 -0.3261
2.3012 0.6708
1.8007 0.3693
1.6013 0.5866
1.7435 0.2037
1.9351 -0.2511
1.8589 -0.0298
2.3659 0.1710
3.0333 0.1044
2.0827 1.0754
1.2013 0.1188
1.9901 0.0010
1.8848 -0.0670
1.8162 -0.3002
2.0966 0.1447
2.6450 0.2186
1.5508 -0.8224
1.7820 0.2284
1.9211 -0.3257
1.7966 0.3506
1.4989 -0.9129
2.1172 0.4583
1.3243 -0.3647
1.0892 0.4116
1.4617 -0.5229
1.7610 0.0034
2.3479 -0.8869
1.9814 0.1346
1.4937 0.4484
2.5378 -0.6568
2.1632 0.4738
1.7507 0.0123
1.8786 0.1906
2.5370 1.0018
1.9554 -0.0345
1.9846 0.1658
3.0860 -0.3503
2.3827 -0.4700
1.6973 -0.8571
2.1419 0.3393
2.2519 -0.2428
2.0278 -0.0019
2.0425 0.2028
2.0995 -0.7091
2.9668 0.1300
1.9369 0.0160
2.2331 -0.2640
1.9657 0.7044
2.1068 0.0535
1.6570 -0.1133
2.8899 0.5053
2.0963 -0.5396
2.4290 0.0756
2.2453 -0.2631
2.0757 -0.3786
1.9229 0.1172
2.9235 -0.7571
2.4251 0.3549
1.3607 -0.2928
2.5762 -1.0137
2.8792 -0.7055
2.0975 0.1327
1.9218 0.8663
2.4721 0.6441
2.0284 1.0352
1.6400 0.4830
1.9996 0.0002
1.8937 0.0687
2.8851 -0.2351
2.0893 0.3010
1.9601 -0.0617
1.9407 0.2687
1.6791 0.5403
2.0110 -0.1754
1.9648 0.1754
1.3548 0.7014
