-0.2434 0.4824
0.3356 0.0195
0.3838 -0.3040
0.6045 -0.0612
0.5508 0.2796
0.8276 0.2971
-0.3520 0.6370
-0.6932 0.6440
-0.4305 0.2846
-0.0348 -0.0286
-1.4466 -0.2236
0.1773 0.4425
-0.4861 0.0592
0.0519 0.0212
1.8704 0.5913
-0.0471 0.0307
-0.0663 0.3917
-0.3338 -0.0451
-0.0144 -0.0178
-1.2437 0.4457
0.0117 -0.4475
1.5063 0.5900
-0.2047 0.7016
-0.1570 0.0206
0.4050 -0.3569
2.4259 -0.0528
3.3299 -0.1530
3.3474 0.9187
3.3664 -0.4286
2.8522 -0.3686
3.5136 0.6615
3.2025 0.3247
2.6689 -0.8439
3.2456 0.3509
2.7228 0.7563
3.4418 -1.3147
2.1169 0.1652
2.8840 0.9229
3.0658 -0.1593
2.9171 -0.0052
2.8561 -0.4291
2.3868 -0.6374
2.5480 0.2679
2.5713 -0.2056
3.0786 -0.3785
3.0754 -0.0838
3.5692 -0.2229
2.8132 -0.2997
2.3328 -0.2818
2.8689 0.1783
