-1.827415405137627347e-01 -3.233078425123891431e-01
6.121463532862613244e-01 2.938510899489758521e-01
5.009860145121460828e-01 7.982154811779981207e-01
-1.605746903979365370e-01 1.830162361087916134e-01
1.292858764742789435e-01 -2.802627135075135695e-02
-2.865759157724607764e-01 6.241388890907345610e-01
-3.894225318920527257e-01 -5.422360750557732034e-01
-1.609421568431262939e-01 -7.507662778288751726e-01
2.932276521764509702e-01 3.205280922358275802e-02
5.069705375061927394e-02 -1.475726310600579683e-01
3.164056466186537797e-02 1.549480766683982748e-02
3.805961851964792531e-01 -5.433681904269881402e-01
-2.793296322928099928e-01 -1.164930291513414096e-01
4.863407357056705460e-01 -7.537193581339373116e-01
9.139381904389800582e-01 -3.272330470964862070e-01
-1.439061906858495055e-01 -3.065044454598362181e-02
1.886975256562400116e-01 1.495665124188156891e-01
-2.047008220376887455e-01 7.670768926849931557e-02
-5.945748879954197985e-01 -1.929505455917226442e-01
-1.274588438839034943e-01 -4.253740881485484210e-03
1.327996960898900070e-02 5.159017219675056110e-01
-4.409612777423675412e-01 -4.512740477004510004e-02
3.150069856368213350e-01 -1.249616795599109847e-01
2.953599270929189724e-01 5.087256930095267471e-01
-4.240734571007727105e-01 6.951347517536836385e-02
8.974399447897036808e-01 3.392442438900852286e-01
6.829113953442883522e-01 -6.504393130035679427e-01
5.226479198824339478e-02 -1.571403468863017197e-02
5.763532797290230603e-01 5.018184084118589849e-01
4.371023343024285635e-01 -2.500519465039070799e-02
4.570167663529118782e-03 2.850150534548479778e-03
-3.132018331408501499e-01 3.476295495790744927e-01
-6.232532557086709613e-01 3.847983863428898199e-01
-5.442632829221067947e-01 -7.132415235753285510e-01
-1.393470913579825943e-01 -4.414547218058940126e-01
7.211399433031181506e-03 2.792390967418573178e-01
-2.261860693289324820e-01 2.739155776000712361e-01
-6.229871980649221985e-01 -5.050362017466929476e-01
-4.453795554255026157e-01 8.272935611952150214e-01
1.004908228919077912e-01 -3.034544001670664293e-01
-3.103757158066418054e-01 -1.394642842120442650e-01
-9.004714897742797097e-01 9.622531452328627818e-03
6.448806150007094784e-01 6.392346011523742932e-01
-3.883870089074233367e-01 -7.154934873933250783e-01
6.396382762280101997e-02 -1.528378100576481824e-01
-4.619415663272566841e-05 3.597472622002120595e-04
5.355132056384507289e-01 -2.563740449476590300e-01
1.303805590945777693e-01 2.402924859272785596e-03
-6.992737367488472966e-01 4.831747989619923911e-01
4.720632837108268975e-01 -1.621640600269041999e-01
2.771189771639004373e+00 -4.576024038028161933e-01
3.518630665577960670e+00 -9.628990215267492492e-02
3.944359945715251836e+00 -6.616455326013109817e-02
3.686638670222158520e+00 5.006059000215307142e-01
3.526082473589979838e+00 2.282046032632272653e-02
3.890782241111637951e+00 2.747896380478891953e-01
3.470100966799308129e+00 -1.302323243929597862e-01
3.535426118405783580e+00 3.711905105093344509e-02
4.005898881936774458e+00 -5.050614956905496999e-02
4.438216408016546488e+00 3.204245380681732813e-01
4.352843885327252416e+00 2.789933589281787252e-01
3.330119466103043546e+00 -8.087121536870771621e-01
3.425778579501946641e+00 7.976953996935981506e-02
3.742110769264596737e+00 2.730091960694836506e-01
2.724575765193305799e+00 -9.710803284811864167e-02
4.124458360247455602e+00 2.887008047665812760e-01
3.422249306161125659e+00 5.222304829622625988e-01
4.085811639383797100e+00 -4.395484798752986033e-01
3.908330407830538533e+00 2.107150940127207883e-01
2.919074792972289334e+00 -1.189701260107399461e-01
3.300494829831468468e+00 7.951131400980566699e-01
3.523101120757566651e+00 -7.296706840561591190e-02
3.904868468773679879e+00 -6.413794017465196395e-01
3.056161757356347319e+00 -1.938955426707872354e-01
3.301173419998375991e+00 2.870072024504579100e-01
3.805634582653936615e+00 8.371043629615023685e-01
4.072979359126701837e+00 1.614573216984006299e-01
3.482433383704691021e+00 -4.616901223462207410e-02
2.843304492675233774e+00 -5.199578709376043717e-01
3.528722068371391796e+00 -1.253357549279838501e-01
3.035011165264293265e+00 -1.248944634838257683e-01
4.018899103626298874e+00 3.038074405099907560e-01
3.475282797273778534e+00 1.264964610545078472e-01
3.834522865298394922e+00 -5.271976948627209447e-01
3.380986913598222898e+00 1.998413461774397049e-01
3.943368585682442973e+00 -2.135033249612476869e-01
3.544126844682940813e+00 7.964397498309955248e-01
2.997618339271019838e+00 6.644663730775322505e-03
3.401902874267043408e+00 -4.109153872663177248e-02
2.685186041779743071e+00 3.298641948853625605e-01
3.172762127639449314e+00 -4.477053791863981891e-01
3.553281671867710489e+00 5.785034282132992534e-01
3.062082717091092032e+00 5.660878212973691204e-01
3.656890807914778385e+00 -9.866772220841769636e-01
3.673496819818188541e+00 -4.291587124380411566e-01
3.546093987139896431e+00 2.194178847320656101e-01
3.500807792601141610e+00 1.392247374955412342e-01
3.268325765881418210e+00 -4.188340475462261625e-01
4.417103201135589075e+00 3.393952376715898556e-01
3.490261030214255378e+00 -4.270081015691153947e-01
