0.0039 0.0077 -0.0460
0.0517 -0.0420 -0.0943
-0.2225 0.0036 0.4474
0.5592 0.3377 1.1160
0.4476 -0.1434 -1.4148
0.1573 -0.0833 0.8965
-0.1781 0.9603 -0.1284
-0.3877 0.0425 0.0191
-0.0488 0.0826 0.2631
-0.0196 0.0685 -0.2366
0.0679 0.2118 -0.0260
-0.5626 0.0646 -0.7375
-0.0000 0.0000 0.0590
-0.0078 -0.1703 0.8318
0.0117 -0.0218 -0.0608
0.1184 0.0543 0.0513
0.0027 -0.0061 -0.0229
-0.4505 0.2571 -0.8480
0.0667 0.4029 0.0049
0.5154 -0.4937 0.4433
-0.3271 -0.5897 0.5834
0.0122 0.0996 0.3547
-0.4095 -0.2223 -0.2139
0.2360 -0.0481 0.9196
-0.0223 0.0040 0.0262
3.7034 -0.0320 -0.7112
4.0513 -0.0256 -0.4216
4.0678 0.5217 -0.6382
4.2689 0.0545 -0.0685
3.9292 -0.1017 -0.7247
3.8881 -0.4579 -0.0835
3.9488 -0.0596 -0.4387
3.6586 -0.1447 -0.4364
3.9117 0.0428 -0.1208
4.0226 0.0143 -0.0068
4.0049 -0.0064 -0.2002
4.0185 0.0461 0.3880
3.6651 0.4226 0.7345
4.3019 -0.2657 0.6271
4.0248 0.1015 -0.8304
3.9232 0.0260 0.0736
4.4359 -0.2728 0.0991
3.5600 0.1370 0.4656
3.7006 -0.3803 1.6872
3.9101 0.1361 0.0581
4.9105 0.5270 0.6752
4.5857 -0.1565 0.7606
3.1557 0.5790 -0.7103
4.1237 0.0573 -0.0149
3.3247 -0.0070 0.6365
