0.1486 0.1377 0.8819
-0.0053 0.0625 0.1250
0.3096 0.2471 0.8463
-0.1614 -0.0428 0.1807
-0.0170 -0.0245 -0.0502
-0.0038 0.0152 0.1752
2.8669 -2.0320 0.4321
0.0741 0.0195 0.1035
-0.2319 0.1399 -0.7263
-0.2362 0.3786 -1.7211
-0.5820 -0.1322 0.1021
-0.8086 0.4470 -0.0434
0.1527 0.1071 -0.7813
0.0263 0.1205 -0.8820
0.5166 -0.0207 -0.0217
0.0009 -0.0929 0.5028
-0.1127 -0.2511 -0.2371
-1.8317 -1.2941 -1.7467
0.0854 -0.2264 -0.9130
0.0561 -0.1472 0.5423
5.0741 0.0128 -0.6407
4.3277 -0.8427 0.4798
4.5011 -0.0097 0.2839
4.5312 0.0231 0.1572
4.4498 0.0169 -0.0098
4.4751 0.0433 -0.8828
4.3624 0.0436 0.0048
4.5265 0.0551 0.0324
4.3593 0.5014 0.4515
4.5646 -0.0041 -3.6792
4.6208 -0.0408 0.0502
4.5925 0.1528 -0.4479
4.5473 -0.0929 -0.0689
4.5762 0.4890 -0.1412
4.4507 0.2843 -0.3468
3.9980 0.0964 0.4034
4.3063 -0.3465 -0.8300
4.6011 -0.0308 -0.3264
4.6534 -0.4581 -0.0041
4.5112 0.0324 0.9865
