1.1259 -0.8975
0.2681 0.1161
-0.2134 0.3296
-0.5518 -2.3619
-0.5105 0.1282
0.0442 -0.1273
0.0153 0.0141
-1.1237 0.0944
0.1413 0.0327
2.0636 -2.3239
-0.0694 -0.5709
1.0550 0.3303
0.1143 -0.6282
0.0566 -0.5452
-0.0056 -0.6080
1.4099 -0.0430
0.1231 -0.5720
0.0584 1.6934
-0.2392 -0.2726
-3.5460 1.8612
0.0745 -0.0940
-0.0728 0.7649
0.3273 -0.0855
0.4185 -0.3181
0.4295 0.0991
-0.3474 0.2388
0.0643 -0.1381
0.7351 -0.3203
-0.6805 0.0277
0.8741 -0.2851
0.2367 -0.1634
-0.3331 0.3193
1.6520 1.9483
0.6169 0.4124
0.7820 0.1936
0.5026 -0.2222
0.0757 0.0442
0.2013 0.1314
-0.5726 -0.3207
0.1150 -0.1064
-0.5799 -0.2443
0.8620 0.2071
0.8892 -0.1672
0.3888 0.1381
0.9133 0.3032
-0.0624 0.0987
0.1166 0.0524
-0.5712 0.6283
-0.3132 -0.0999
0.0746 0.4420
-0.3880 0.3835
0.0847 -0.1922
-0.5267 -0.4201
0.0511 -0.2513
-0.7078 0.4186
-0.4284 -0.4087
0.3932 -0.1762
0.0374 -0.0568
-0.7863 -0.6056
0.0044 0.0420
-0.2536 0.3972
-0.0461 -0.0619
-0.5106 0.6643
-1.5276 -1.7528
-0.0441 -0.4811
-0.0140 0.0247
0.2689 -0.0490
0.0735 -0.0245
0.4135 0.1499
0.1831 0.0896
0.2152 0.0234
-0.5326 0.4723
0.7556 0.0219
-0.4040 -0.1670
-0.1697 -0.6045
-0.5872 3.1985
-0.1768 0.8059
0.3820 -0.2599
-0.2322 0.9546
-0.0632 -0.0040
0.7601 -0.6455
0.0479 0.5500
0.1337 2.7050
-0.0877 -0.0951
0.2845 0.5549
0.4638 0.5567
0.5714 0.6035
-0.8650 0.3131
0.3604 -0.4429
0.7741 -0.3277
0.1501 0.1568
0.6034 -0.2353
-0.2523 0.3579
-0.0161 0.8590
-0.1542 0.5886
0.5369 0.0024
0.3263 0.0963
0.1548 0.1421
-1.9329 -0.6084
0.2609 -0.0750
-0.5712 0.4433
-0.0307 0.1490
-2.8349 -1.6094
1.0736 3.3171
0.3697 -0.7191
0.4125 0.4944
0.0057 0.8242
-0.4767 0.0862
-0.8060 -0.2687
0.5228 0.1447
0.1254 0.0371
0.1425 -3.7557
0.1526 -0.3322
-0.0092 -0.0690
0.0025 -0.0022
0.9314 -0.1537
0.6344 0.2493
-0.8656 1.5487
0.5622 0.3934
-0.3855 0.0841
-0.5684 0.2368
0.7668 -0.4147
0.4474 -0.1832
-0.2441 -0.3977
-0.1411 -0.2362
0.2849 -0.0784
0.0299 0.6486
-0.2027 -0.0253
-0.3340 0.6123
-0.1055 0.8208
3.1225 -2.6670
-0.8681 -1.6377
0.7101 -0.5039
-0.2709 -0.3516
0.1888 -0.2655
-0.2914 0.1153
-0.6357 0.0299
-0.2624 0.0889
-0.3783 -0.5443
0.5159 -0.7164
-0.4510 -0.2987
-0.5304 0.3384
0.0721 -0.2982
0.2430 -0.0803
0.6551 0.5581
-0.7691 0.2671
-0.3542 0.4324
0.0254 0.0192
0.8056 -0.1838
-0.7801 -0.2606
0.0055 -0.0040
0.4305 -0.3654
0.2222 0.0739
-3.5940 -0.8629
2.9178 -2.6413
-0.0019 -0.0080
-0.6835 -0.1054
-0.0822 0.0723
0.0233 -0.1990
-0.9884 -3.3653
-0.1137 0.2764
-0.4273 1.1971
-0.9007 -0.0971
-0.4074 2.2730
0.0023 -0.0235
-0.3447 0.1824
1.4658 -0.4082
-0.2990 -0.1174
0.6220 -0.0211
0.5350 0.2154
0.1280 0.6864
-0.2080 -0.1552
0.3039 0.1178
-3.7319 -1.1296
0.3547 0.4625
0.0001 -0.0003
-0.0142 -0.0315
0.4298 -1.2712
0.1676 -0.1036
-0.1043 -0.2934
-0.2941 0.0872
-0.8347 0.4549
0.6311 0.4248
-0.5037 -0.5671
-0.1393 0.5896
-0.0602 0.0730
-3.3583 0.7608
-0.2160 0.7561
0.2639 -0.2215
0.0023 -0.8998
-0.1710 0.1614
0.2230 0.3216
-0.4397 -0.4180
-0.6850 -0.5347
0.0727 -0.0026
-0.3077 0.0493
3.8542 -0.6444
-0.6483 0.0763
1.6127 -0.5853
-0.0353 0.0610
