0.0568 -0.2747 0.5620
-0.6152 -0.3380 -0.3078
0.0250 -0.0953 0.0516
-0.0802 -0.1263 -0.0011
-0.1115 -0.0424 -0.4802
0.1644 0.0463 -0.7176
0.1672 0.2502 0.3983
-0.1202 0.0048 -0.5416
-0.3201 0.1410 0.6065
-0.1049 -0.6003 0.2525
0.0020 0.0544 0.1588
-0.1351 -0.1133 0.5134
0.1105 0.0185 -0.3627
-0.0246 -0.0685 -0.3058
-0.3789 -0.2961 -0.6357
0.4464 -0.0569 2.1213
-0.0088 -0.0064 -0.0461
0.0579 0.0304 0.0598
-0.0073 0.4279 0.1277
-0.0310 -0.2166 0.7949
-0.0145 0.0055 0.0275
1.1949 -0.7295 -3.6809
0.0242 -0.0127 0.0012
-0.3429 0.1583 -0.3559
0.0833 0.0306 0.2030
-0.1518 -0.1767 0.9023
-0.1454 -0.0176 0.2561
1.5142 1.9964 -1.0467
0.1482 0.4053 -0.2783
-0.1665 0.0632 -0.0443
