-0.2561 -0.3067 0.4855
0.7527 0.0523 -0.4560
0.1345 -0.8618 0.0661
2.0902 1.3309 -1.0942
-0.0385 -0.1391 -0.0965
0.0011 0.0011 0.0849
-0.1341 -0.1096 0.6820
-0.3391 0.0360 0.1338
0.0047 0.0088 0.3536
-0.0829 0.0104 -0.0175
-0.1031 -0.2485 0.1199
-0.4171 0.4107 -0.3060
0.4677 -0.3044 -0.2084
-0.1916 -0.0283 -0.0167
-0.1538 -0.1087 -0.6792
-0.5884 1.0758 0.8002
-0.8717 -0.1307 -0.2577
-0.1235 0.0580 -0.2654
-0.0438 0.5008 -0.2429
-1.5597 -1.7052 1.0015
-0.0075 -0.0194 0.0043
0.5201 0.1789 0.4281
0.2923 -0.0074 0.0143
-0.2573 0.1966 0.6243
-0.0680 0.0654 0.4131
-0.0380 -0.5655 0.2742
-0.2336 0.2235 0.2289
-1.4496 -0.5789 0.8523
-0.2292 -0.4534 -0.0457
0.0169 0.0240 0.3024
0.0050 0.0653 -0.3592
-0.3809 0.1517 0.8180
0.0044 0.0386 0.4530
-0.3896 -0.2576 0.8656
-0.2919 -0.1966 0.6634
-0.0105 -0.0259 -0.0371
-0.0694 0.0618 -0.0790
0.2032 0.1123 0.3356
0.1077 0.0137 -0.9758
-0.2654 -0.1421 0.0677
-0.5041 -0.0329 -0.4627
-0.1323 0.0270 0.1495
0.6111 0.0792 -0.2062
0.0060 0.0045 -0.0062
0.4142 0.2087 0.7738
0.3105 -0.0057 0.8027
-0.2051 0.2204 0.4536
-0.0050 -0.0048 0.0100
-0.0722 -0.1039 0.9432
-0.0874 -0.1384 -0.1947
-0.0873 -0.1120 -0.1606
0.5622 0.4523 -1.5809
0.1323 -0.1297 -0.8741
-0.1110 0.2288 -0.0673
0.3428 -0.1209 0.7620
-0.0110 0.0480 0.0899
-0.6777 -0.0343 -0.0362
-0.4666 1.6008 -1.6044
0.2140 -0.1059 -0.1665
0.2256 0.4458 0.4813
-0.0315 -0.0054 -0.5422
0.0313 -0.0087 -0.0489
1.5887 -1.2673 -2.3064
0.6389 0.1477 -0.1236
-0.3795 0.4350 -0.2047
-0.0924 0.0668 -0.0458
0.0008 0.0184 0.1278
-0.4576 0.8193 0.2123
0.3863 -0.0870 0.0999
-0.0418 0.0312 -0.0538
-0.4362 0.0370 0.7676
0.4293 -0.1324 0.1230
-0.0199 -0.0092 0.0151
0.4306 -0.2724 -0.6856
0.5034 -1.8786 3.5426
-0.3697 -0.5187 0.6166
0.7120 0.0411 0.4669
0.0255 -0.0168 0.5761
0.2906 0.3609 0.1573
-0.9291 -0.1667 2.3236
-0.0304 -0.2666 0.3532
0.0010 0.0713 -0.0382
-0.0177 0.0345 -0.4639
-0.5259 0.2906 0.1699
-0.2446 -0.1990 -0.1636
-0.0464 -0.0546 -0.8190
-0.0990 -0.1255 -0.5533
-0.0275 0.1987 -0.7977
0.0336 -0.7327 0.3643
0.2081 -0.2433 0.6283
-0.0146 -0.0750 -0.8239
0.7431 -0.0815 -0.1947
-0.3792 0.7579 0.5023
0.0832 0.2483 0.0472
0.1067 -0.6715 0.1841
-0.2325 -0.2037 0.6232
0.0057 0.0031 -0.0160
-0.1619 0.0817 0.1398
0.0251 0.0483 0.2304
0.0628 -0.0669 0.1297
0.0534 -0.0082 0.1563
0.1034 -0.9327 0.2331
-0.1006 -0.1138 -0.5928
-0.0863 0.1263 -0.2068
0.2518 -0.0012 -0.7920
-0.0950 -0.0544 0.2439
-0.3079 -0.8383 -0.3380
1.7997 -0.5111 -0.1077
-0.0714 -0.1094 -0.4922
0.0672 -0.0664 -0.0575
0.4634 -0.0709 0.5228
-0.1392 0.2573 -0.5668
-0.0628 -0.1180 -0.2269
-0.0020 -0.0258 -0.6101
0.0107 -0.0361 0.9506
0.1552 0.5870 -0.3946
-0.0134 -0.0366 -0.6864
0.0342 -0.1405 -0.9440
-0.1663 0.0218 -0.1360
0.0720 -0.0998 -0.1239
0.3177 0.4570 1.7998
0.1705 -0.1610 0.3517
-0.4646 -0.0202 -0.2509
-0.1338 -0.3696 0.3592
0.0018 0.0007 -0.0001
0.4052 0.2409 0.4646
0.2880 -0.2057 -0.6834
-0.0171 -0.0264 -0.3679
0.0005 -0.0295 0.0781
0.1595 -0.0348 0.2389
0.0088 0.0079 0.3899
-0.2103 -0.2736 -0.2017
0.5041 0.5634 -0.4331
-0.0432 -0.0485 0.3492
0.0077 -0.0028 0.0087
0.4789 0.5810 -0.1311
0.0186 -0.0127 -0.2880
-0.0031 0.0212 0.0278
-0.2243 -0.3773 -0.8042
0.1776 0.6214 -0.1795
-0.0166 0.0200 -0.0011
0.8857 0.2905 -0.0198
0.0251 0.0008 -0.0190
-0.0251 0.0191 -0.0271
-0.0620 -0.0804 -0.8901
-0.8647 0.4691 0.1010
2.1116 0.3587 -2.7138
0.6288 -0.4332 -0.5295
0.2334 0.2421 -0.0827
0.0496 0.2777 0.3030
0.1309 -0.0630 0.4891
-0.0496 0.0020 -0.1794
0.0776 0.1973 0.0736
0.2056 -0.2290 0.0668
-0.2523 -0.0502 0.0594
0.1897 -0.1465 0.1982
-0.5816 0.0734 0.0641
-2.3836 1.3808 1.6320
0.0864 0.0714 0.0656
-0.0187 -0.0462 0.1792
0.0188 -0.0730 -0.1000
-0.1823 -0.1785 0.1141
0.0115 -0.0081 0.0142
0.0449 0.0711 -0.3995
0.0164 -0.5081 -0.7122
-0.6485 -0.4391 -1.5271
-0.0030 0.0193 -1.1914
-0.0140 -0.0382 0.5349
0.0844 -0.1695 -0.0617
-0.1713 0.0171 0.1761
0.0361 0.0325 -0.9781
0.1146 -0.1200 0.1790
-0.1556 0.2230 0.1995
0.0143 -0.1621 -0.7778
-0.0683 -0.1076 -0.2100
-0.3661 -0.0570 -0.7176
0.7518 -2.0202 -2.9118
0.0426 0.0006 -0.0918
-0.3930 0.1011 0.2160
0.2588 -0.6828 1.7648
-0.2426 -0.2343 0.1325
0.3581 -0.3027 0.0422
-0.2785 0.1754 0.6052
0.6482 -0.4857 0.0489
0.1499 0.3174 0.0951
2.2937 -2.3284 -0.2222
0.0132 -0.0197 -0.0588
0.1889 -0.1017 0.5103
-0.5171 -0.2841 0.0804
-0.8651 -0.0466 -1.7279
0.3511 0.0567 0.7919
-0.2451 -0.1465 -0.0014
0.0171 -0.0002 0.0009
0.0540 0.1145 0.1506
0.0137 0.2172 0.9017
-0.5147 -0.4039 -0.1463
-0.0035 0.0064 -0.0473
-0.0359 0.3868 2.5297
0.0305 -0.1351 0.2317
-0.0228 0.0451 0.5918
