-0.6686 0.1616
-0.1236 -0.0490
0.1963 0.7461
-0.4479 -0.7008
0.4324 -0.0710
-0.4438 -0.8074
-0.7365 0.6036
0.7935 0.5033
-0.1706 0.4727
0.3145 -0.3854
-0.1917 -0.3244
0.1116 0.0833
0.8103 0.2624
-0.1808 -0.5187
0.5696 0.9451
-0.8274 0.1129
0.0027 -0.0024
-0.3293 0.0121
-0.0567 0.6343
-0.4866 -0.4804
-0.7013 0.3014
0.0018 -0.0699
-0.6133 0.8974
-0.0727 -1.2064
0.0899 -0.1511
-0.0602 -0.0713
0.1704 -0.1444
-0.1351 -0.8541
-0.5267 -0.2048
-0.5219 -0.6865
-0.5732 -1.4527
0.0314 1.0033
-0.8063 -0.4027
-0.1927 0.8334
0.1466 -0.8467
0.3682 -0.4122
-0.1257 -0.1440
0.1604 -0.7664
-0.5673 0.4125
0.3047 -0.1217
-0.4670 -0.0241
-0.0044 0.0720
-1.4678 -0.5280
-0.1893 -0.1514
-0.5407 -0.1152
0.4756 -0.1608
-0.4969 0.2925
0.7078 0.2594
-0.1332 -0.1954
-0.0552 -0.1971
0.3744 -0.6711
0.0159 -0.5207
0.0729 -0.1489
0.6358 0.7344
0.2831 0.4165
1.2762 0.9776
0.1882 -0.0519
0.6659 -0.0210
1.0498 -0.3817
-0.2458 0.5870
-0.3364 0.8119
-0.0299 0.0659
-0.1199 -0.7195
0.1482 -0.2640
0.0351 -0.6126
-0.1802 -0.3216
-0.9547 -0.8958
0.2351 -0.3279
0.5638 0.4749
-0.1149 -0.1082
-0.4188 -1.3724
-0.8959 -1.1922
0.0514 -0.0124
-0.6364 -0.4647
-0.0640 -0.0728
-0.2352 -1.3861
-0.1780 0.5709
-0.6233 0.3282
-0.2571 0.3422
-0.1033 0.7121
0.1812 0.6298
0.1342 -0.8295
-0.1665 0.6697
-0.0483 0.0680
0.3492 -0.7692
-0.1126 -0.2051
0.5135 -0.7726
1.4606 0.5053
0.0625 0.0852
-0.1522 0.5279
0.3153 -0.2044
-0.7316 -0.0243
-0.1078 0.6739
0.8367 0.1644
-0.1260 0.0239
0.0467 0.9852
-0.1475 -0.1876
0.7830 0.3587
0.1491 -0.1384
-0.2742 -0.1279
2.0263 0.4993
2.1226 -0.2615
2.3790 0.2735
2.4385 0.0065
2.7231 0.1107
2.4194 -0.1473
2.2573 -0.0415
1.7063 0.2607
2.4050 0.3131
1.5864 -0.0775
1.6961 -0.2826
2.6267 0.1467
2.3704 -0.6006
2.1673 0.3247
2.4338 0.7844
2.6400 -0.5565
2.7857 -0.5534
3.5986 0.1802
1.8661 -0.1719
2.6060 0.1370
2.5649 1.1930
2.3240 -1.5884
2.6853 0.7611
2.5609 0.1311
2.5166 -0.0562
2.5501 -0.0503
2.5632 0.0244
2.9332 0.0272
2.1977 -0.1825
2.4373 -0.2080
2.5592 -0.1011
2.7281 0.0836
2.5119 -0.0001
2.4764 -0.0836
2.3421 0.0905
2.0868 -0.3412
1.7971 -0.0539
2.4940 0.3878
2.2011 0.0724
2.7949 -0.0464
2.6667 0.0664
2.2214 0.2760
1.6643 0.4044
2.5117 0.0260
2.6661 0.4567
3.0522 0.6173
1.8450 1.4417
1.6585 0.4084
2.0944 0.3016
2.5275 -0.0220
2.5685 0.1410
2.2556 0.7205
3.1309 -0.1037
2.2601 -0.0108
3.2517 0.2053
2.3595 -0.0342
2.2988 0.1596
2.5015 0.0024
2.6314 -0.2134
3.0840 0.5402
2.4643 0.1185
2.5289 0.2450
2.3178 0.1746
2.7429 0.0199
2.9644 -0.1293
1.6518 0.4543
2.0671 0.8424
2.6374 -0.8333
2.4395 -0.2356
2.6297 0.4528
2.4154 -0.1182
2.4920 0.0118
2.5343 -0.3851
3.5889 -0.2655
2.2226 -0.5275
2.4033 0.0721
2.5896 0.0020
2.5573 -0.3073
2.5140 0.0412
2.4579 0.0514
2.4336 -0.9729
1.8535 -0.4340
2.7479 -0.3812
2.5837 -0.1420
1.2156 0.4497
1.8219 -0.4351
2.3266 -0.7735
2.1561 0.1692
2.4073 0.2012
2.4863 -0.0001
3.1990 -0.4811
2.7502 -0.2871
3.7072 -0.0847
2.5435 -0.1567
2.6555 -0.0357
2.3510 -0.0823
3.1672 0.3325
1.8043 -0.6669
2.7115 -0.4456
1.8832 0.0357
