-0.2207 -0.6088 -0.2923
-0.0115 -0.0028 -0.0675
0.1501 -0.0753 1.0219
-0.0440 0.5577 0.6405
0.6169 -0.1418 -0.5599
-0.0085 -0.2214 -0.1394
0.0299 -0.0263 0.0308
0.9246 0.3840 -1.1451
-0.3915 -0.0142 -0.1739
-0.0619 -0.0273 0.4307
0.0704 -0.1448 0.4495
-0.0015 -0.0020 -0.0314
-0.6716 -0.2593 0.2253
-0.1436 -0.2323 -0.0246
0.5594 -0.2261 0.1117
0.5669 -1.0451 0.6699
0.1208 -0.0545 -1.2497
0.2024 -0.0564 -0.1347
0.0013 -0.0032 1.0083
-0.4960 0.4777 0.3534
-0.4847 -0.2423 1.4836
0.0399 -0.1757 0.6161
0.0390 0.0024 0.5901
-0.1560 0.0241 0.2139
-0.0023 -0.0004 0.5623
0.1816 -0.2675 0.7608
-0.1362 -0.2118 0.3264
0.0034 -0.0076 -0.5669
0.6367 -0.2762 0.2595
-0.3742 0.0271 0.1212
1.2556 -0.0983 -0.7234
-0.0153 -0.0780 0.0584
-0.6809 -0.1317 -0.4058
-0.2659 0.1920 -0.0470
0.0156 -0.0169 0.2737
0.6213 0.4835 -0.1018
1.6212 0.1448 -0.1708
-0.0061 -0.0140 -0.6934
1.2356 0.5870 0.1177
0.0000 0.0001 0.0001
-0.0069 -0.0074 0.0425
1.6478 -0.0338 0.3717
-0.1438 0.0044 0.5443
0.1192 0.1392 0.3254
-1.0002 -0.7412 0.8295
-0.4912 -0.0010 0.5996
0.0903 -0.4008 0.8384
0.0642 0.1122 -0.5618
0.0158 0.0358 0.0206
-0.5475 -0.4895 0.8032
0.0334 0.3943 0.9048
-0.7670 -0.2391 -0.7843
-0.2532 -0.3880 0.6379
-0.0298 -0.0999 -0.3981
-0.8854 0.0732 -0.3790
-0.1676 0.3025 -0.7990
0.1087 0.0037 -0.1355
0.1271 -0.0074 0.1361
0.0868 0.1783 -0.0238
0.1731 -0.5721 0.1469
-0.0129 -0.1170 0.8672
0.0072 -0.0142 0.2631
0.4202 0.4766 -0.2447
-0.4045 -0.3922 0.2155
-0.0173 1.1367 0.6289
-0.5689 0.1150 -0.7852
-0.0062 -0.0114 0.6104
0.2448 0.5735 1.5190
-0.0935 0.1963 0.3484
0.0098 -0.1369 0.0887
-0.0177 0.0868 -0.2143
0.1372 0.1337 -0.7348
0.0122 0.1805 0.3870
-0.0142 -0.0409 0.2325
0.1348 0.0332 0.2701
0.0477 0.0219 -0.0012
0.0828 0.0371 -0.5319
-0.0330 -0.1486 0.6056
-0.5179 0.5495 -0.0241
-0.4014 -0.1698 0.4605
0.6639 -0.0860 0.7403
0.2040 -0.8749 0.5407
-0.4600 -0.3162 -0.0407
-0.1071 0.2760 -0.5652
0.0257 -0.1848 -0.0236
-0.0190 0.0330 0.1433
0.6615 -0.6435 0.7051
-0.1180 0.1615 0.0896
-0.1922 -0.0486 0.0071
-0.6848 -1.1463 0.0933
0.1426 0.8727 0.1462
0.0915 0.0763 -0.3471
0.1789 -0.3022 -0.0354
-0.0013 -0.0013 0.2791
0.1100 0.0338 -0.9317
0.0441 0.0263 0.6085
0.2122 -0.1147 -0.3705
-0.4005 -0.3649 -0.9734
0.4124 0.3538 0.7567
-0.3404 -0.2573 0.3578
0.6636 -0.4686 -0.0877
0.5958 0.0029 -0.5749
-0.2000 -0.8661 0.5609
0.1551 -0.0315 -0.0194
-0.0439 -0.1759 -0.8534
-0.0502 0.0330 0.1134
0.1085 0.0705 -0.1155
0.1677 -0.1036 0.8259
-0.0169 -0.0155 -0.1425
-0.3039 -1.1260 -0.6141
-0.8062 0.2597 -0.3250
-0.0681 -0.0004 0.0436
-0.0021 -0.0001 0.3428
-0.0301 -0.0239 -0.8476
-0.1545 0.4185 -0.1890
0.0071 0.2857 -0.9402
-0.1312 0.2116 -0.7512
0.0016 -0.0118 -0.0873
-0.1193 -0.2733 -0.7230
-0.0931 0.2373 0.7864
0.3696 0.1974 -0.4548
-0.7130 -0.2273 0.2040
0.0142 -0.0892 0.5408
-0.2448 0.0072 -0.9024
1.0733 -0.2418 -0.3548
-0.0196 -0.0472 0.4900
0.4149 0.2096 0.8997
0.1399 -0.2187 -0.5654
0.3303 0.3540 0.0046
0.0895 0.7135 -0.6525
0.0689 -0.0772 -0.0118
-0.3919 -0.1917 -0.5046
0.1192 -0.1088 -0.4945
-0.0720 0.0916 -0.4792
0.0048 0.2613 0.7745
0.0014 0.0581 -0.8096
0.3742 -0.0524 -0.3502
-0.0144 -0.0647 -0.3662
0.0250 0.2467 -0.4793
1.5996 -0.2188 -0.1845
0.0138 -0.0737 0.5448
0.5533 -0.2842 -0.1910
0.6985 -0.1266 -0.6125
-0.6209 0.5187 -0.8108
-0.0408 -0.0131 0.0957
0.3714 0.6638 0.3379
0.2714 -0.3982 -0.2383
0.3903 0.1699 -0.2647
0.0508 -0.0334 -0.0818
-0.1339 0.1989 0.7043
0.0123 -0.0215 0.4248
0.1156 0.2057 0.8133
-0.8602 0.1816 -0.0259
-0.0880 -0.6746 -0.3962
0.2546 -1.0696 0.9110
-0.1086 -0.1837 0.6163
-0.0632 -0.0745 -0.3400
-0.0833 -0.0199 -0.1332
0.2899 0.6840 -0.5453
0.0096 -0.0180 0.3355
-1.1289 0.1975 -0.8797
-0.1694 -0.3017 0.1296
-0.3147 -0.1195 -0.3418
0.0839 0.0518 0.4386
0.0013 -0.0012 0.0001
0.0357 0.2142 -0.2513
0.0954 0.0516 0.0043
0.2213 -0.2794 0.5463
-0.4465 0.6793 -0.0998
-0.4317 -0.2971 -0.1227
-0.4095 0.2035 -0.5827
-0.4044 -0.0811 -0.2566
-0.6865 -0.4887 0.2722
0.0039 -0.0006 0.2322
-0.1316 -0.0292 -0.3027
0.0085 -0.1490 -0.9379
0.0751 -0.0595 0.1846
0.0026 0.0377 -0.4296
0.0395 -0.0623 0.2248
0.7572 -0.5669 -0.2977
-0.8552 1.0965 0.7307
-0.0718 0.0247 -1.1023
-0.1736 0.2802 0.1525
-0.4590 -0.1546 -0.2216
-0.6493 0.2295 0.6523
-0.0274 -0.1837 0.0363
-0.0244 0.0266 -0.1833
-0.6376 -0.4837 -0.2906
-0.0654 -0.0109 -0.4140
-0.1078 0.3163 -0.1824
-0.3350 0.3198 0.8529
0.0303 -0.5193 0.6940
0.0685 0.0129 -0.0993
0.1208 0.0906 0.2710
-0.0417 -0.0104 0.0295
-0.1420 -0.1458 -0.1757
-0.0891 -0.3469 0.9249
-0.0839 0.0979 0.4948
-0.1127 1.3179 -0.0983
-0.3888 0.0451 -0.2842
