1.7858 1.2000 -0.4642
0.1149 -0.4402 -0.2125
-0.1212 0.4333 -0.4436
0.0025 -0.0235 -0.4332
-0.7367 0.1045 0.1638
-0.6587 -0.3714 0.2920
-0.5070 -0.3588 -0.3284
-0.0615 -0.0107 0.6600
0.5823 -0.7696 -0.0542
0.4583 0.3744 0.4058
0.1956 0.0132 0.8352
-0.7615 0.5866 -0.1173
0.2970 0.1309 0.9181
0.8522 0.4300 -0.2261
0.0476 -0.0102 0.1386
-0.0155 0.0543 -0.1857
0.0250 -0.1618 -0.1423
0.0093 0.0044 0.0034
0.0447 -0.0087 0.9476
-0.1649 -0.2683 0.2130
-0.2764 0.2941 -0.0514
-0.2498 -0.0764 -0.6794
0.0787 -0.2883 0.0675
-0.1220 0.4864 -0.3194
-0.2637 -0.8225 0.4923
-0.0690 -0.0137 -0.9907
-0.0761 0.1760 -0.0778
-0.0280 -0.0366 -0.8739
-0.1249 -0.0144 0.5859
0.3171 -0.7949 -0.0385
1.0999 0.3578 -0.9786
0.3667 0.0588 -0.3766
-0.0632 0.1988 -0.1519
0.5646 -0.4460 0.1299
-0.5198 0.4790 0.4390
0.1112 -0.4341 0.6215
0.1051 -0.2102 0.1065
0.3077 0.1665 0.1859
0.0042 0.2038 -0.0368
-0.3756 0.0795 -0.2509
-0.2443 0.3302 -0.2655
0.4085 0.0450 -0.0449
0.1454 0.0292 0.4169
0.0554 -0.1169 0.7193
0.1759 -0.1206 -0.2567
-0.3805 0.1758 -0.1612
0.2627 -0.2813 -0.8561
-0.0670 -0.0152 0.1111
-0.5023 0.3469 0.7391
0.0273 -0.4053 -0.2021
-0.1579 -0.0664 0.2849
-0.0455 -0.0149 -0.0178
-0.0686 0.0039 -0.1629
-0.0190 0.1977 0.5717
-0.2576 0.0272 0.2352
0.7119 -0.4760 0.1631
-0.1520 0.0087 -0.1078
-0.0241 0.1984 0.3040
-0.0006 -0.0356 -0.3234
0.0716 0.1899 0.9376
0.4662 0.1954 0.0991
0.0014 -0.0013 -0.0004
0.4567 -0.1256 0.3034
-0.1657 0.0333 -0.8818
0.0016 0.1203 0.3869
0.3552 -0.7573 0.1792
0.5851 -0.6072 1.3796
-0.0092 -0.0220 0.2257
-0.0530 -0.0969 0.9490
-0.0951 -0.4942 -0.5752
-0.2441 -0.1426 0.1932
0.0747 -0.2595 0.0091
0.0031 0.0277 0.2602
-0.0127 0.8228 0.4498
-0.0337 -0.0169 0.1206
0.1514 -0.3311 0.7682
-0.6724 0.2335 0.2270
-0.0910 0.0778 -0.6614
-0.0102 0.0111 -0.1420
1.9039 -0.7577 0.8649
0.0026 -0.0039 0.2545
-0.2283 0.3735 0.7053
-0.0303 0.0392 -0.0036
0.1965 -0.7381 2.3417
0.0021 0.0237 0.0769
-0.0584 0.0323 0.5848
0.1440 0.1683 -0.7042
-0.1175 0.1210 -0.3643
0.1889 -0.0106 -0.5747
-0.0003 -0.0172 -0.5840
-0.1497 0.0729 0.7983
-0.2978 -0.6790 -0.1853
0.0642 -0.1362 -0.5148
0.0609 0.0918 -0.4044
0.0528 0.4530 -0.3345
-0.0077 -0.0332 -0.1429
0.1348 0.0731 -0.0567
0.3348 -0.2468 0.2305
-0.0121 -0.1204 -0.5756
0.2420 0.1909 0.1193
0.0125 0.0031 0.0261
-0.1407 0.2942 -0.6759
0.1220 0.1159 0.1895
-0.1493 0.0107 -0.9795
-0.0554 0.0845 -0.6098
0.4600 -0.7529 0.1110
-0.0553 -0.1603 0.4318
-0.2107 -0.3478 -0.1775
-0.3558 -0.4433 -0.1488
0.6444 -0.6107 -0.3698
-0.0543 -0.2366 -0.1040
-0.3628 0.2203 0.6743
0.0598 -0.0452 0.0382
-0.0267 0.0198 0.2323
-0.6675 0.2725 0.6405
-0.0030 -0.0106 0.1024
0.0099 0.0474 0.1626
0.0104 -0.0127 0.0003
0.0037 -0.0648 -0.4410
0.0232 -0.6566 -0.7261
-0.0693 0.0410 0.1430
-0.1511 -0.1463 -0.5398
-0.2380 0.8122 -0.4761
-0.0830 0.0471 0.0983
-0.0014 0.0045 0.0549
0.1718 0.1586 1.4970
0.4906 -0.1062 -0.1430
-0.2373 -0.4148 -0.1426
0.0018 0.0081 0.2679
-0.3018 0.1656 0.5134
-0.6226 -0.5496 -0.0752
-0.4596 0.3863 -0.4739
-0.0696 -0.1527 0.3709
-0.2209 0.3908 0.0077
-0.3953 0.0032 0.0749
0.4551 -0.4859 0.5294
-0.0579 0.0106 0.6693
-0.5715 -0.6815 -0.4550
-0.1866 -0.2978 -0.5350
0.0843 0.0846 0.3102
-0.1306 0.6907 0.0897
-0.3687 -0.0200 0.4713
-0.3453 -0.0249 -0.5477
0.2829 -0.1239 -0.0352
0.1833 -0.1512 0.2412
0.1418 -0.6065 0.0723
-0.2223 0.3503 -0.7634
-0.4621 0.2064 -0.5248
-1.7908 -0.0254 0.9697
0.0164 -0.0010 0.0284
0.2293 -0.3696 0.5106
-0.1546 0.2061 -0.8827
-0.0796 0.2940 -0.4675
0.2977 -0.3954 0.4036
0.0969 -0.1503 0.2582
0.8861 0.2796 1.2851
-0.1702 0.1708 0.8597
0.2818 0.4641 0.1595
-0.0775 -0.0345 0.8759
0.1068 0.2506 0.5117
-0.2248 1.6198 0.2593
-0.0463 -0.0859 -0.0139
-0.1485 0.0859 -0.2896
0.0670 -0.0228 0.0696
-0.0332 0.0187 0.0498
0.0988 -0.0775 0.1135
-0.0424 0.0009 0.0021
0.2415 0.6993 0.4066
-0.0201 -0.0412 0.8038
0.5815 -0.2338 -0.3226
-0.0185 -0.0136 0.7500
-0.1974 -0.1416 0.3680
-0.0802 0.1458 -0.4502
0.2431 0.5114 -0.5654
0.2193 -0.9058 0.3008
0.1310 -0.0943 0.3314
-0.0160 -0.8906 0.1855
0.0013 -0.0064 0.0019
0.7632 0.4452 -0.4401
0.6036 -0.0922 -0.3486
-0.3248 -0.6413 1.6306
-0.6365 0.1361 0.6545
-0.0940 -0.1863 -0.3740
-0.0030 -0.0080 0.4855
0.2593 -0.5178 -0.5745
-0.2890 -0.0810 -0.7494
0.0043 -0.2324 0.0834
-0.0328 0.0640 -0.1099
-0.2877 0.0905 -0.8577
0.3986 -0.4233 0.5063
-0.0022 -0.0123 0.3260
-0.0363 0.0533 -0.0506
-0.4885 -0.2803 0.4512
-0.0553 0.0585 -0.2075
0.0075 -0.0030 -0.1576
-0.0792 0.0902 0.2965
-0.8457 0.1235 0.2947
0.8910 0.0330 -0.1184
-0.0224 0.0129 0.2812
-0.0965 -0.1806 -0.1666
