-0.3952 -0.6245
-0.0891 0.0754
0.3508 0.3597
0.5027 0.1213
-0.2433 0.1215
-0.2117 0.0816
-0.4189 -0.3444
-0.7669 0.1988
0.1446 -0.3900
0.2121 0.1464
-0.3881 0.0398
-0.7693 0.0624
0.4525 -0.0176
0.0891 0.0112
0.1821 0.5212
-0.3126 0.6384
-0.4716 -0.4966
0.1353 -0.7168
0.1235 -0.3407
0.6965 -0.4860
-0.0433 -0.5081
0.6092 0.2213
0.8818 -0.3819
-0.0273 0.0625
-0.0537 0.2837
0.5072 0.1225
0.1166 0.0140
-0.1899 0.6139
0.1364 -0.5315
-0.1221 -0.1997
-0.1166 0.0394
0.2009 -0.6949
-0.1671 -0.3067
0.4785 -0.2313
-0.3951 -0.2658
0.0714 -0.0343
-0.2969 0.1487
-0.2449 -0.1772
-0.2330 0.3780
0.2550 0.1619
0.4951 -0.4830
0.0393 -0.0126
-0.3548 0.4515
-0.3160 0.0001
-0.7109 0.0607
0.8313 -0.5399
0.1374 -0.0352
-0.8825 -0.2319
-0.4073 0.6974
-0.7110 -0.1862
