-0.0753 0.0326 0.6433
0.0071 -0.0007 0.0054
-0.0903 0.9555 0.0521
0.1439 -0.1094 -0.0719
-0.1320 0.1330 0.0788
-0.0814 0.0356 0.0469
0.0143 -0.3421 0.8011
0.2798 0.2359 0.3025
-0.3741 0.2898 0.1370
0.0716 1.8707 0.6446
-0.3498 -0.8442 -0.2002
0.1406 -0.0912 0.4028
-0.2744 1.6065 -1.0330
-0.1732 0.1865 -0.0977
0.0097 -0.3368 -0.2204
0.1319 -0.6120 -0.0503
-0.0059 -0.0088 -0.3181
-0.2094 0.0656 0.3134
-0.0027 0.0130 0.0177
-0.1735 -0.1070 -0.1493
0.3104 -0.5861 0.0682
-0.1003 0.0620 -2.6695
-1.9906 1.3664 1.7035
-0.0254 0.0286 -0.6259
0.7188 0.1388 -0.5209
0.0971 -0.1414 -0.9481
-0.2784 -0.5773 -0.2145
0.0748 -0.3586 -0.1599
0.1471 0.0681 -0.8795
-0.8065 0.1791 -0.5133
-0.0004 0.0006 0.0103
0.3254 0.7058 -0.0452
-0.3253 0.5677 0.6071
0.0050 0.0105 -0.0068
-0.1940 0.4073 0.4423
0.8918 -0.2253 0.2908
0.2929 0.1084 -0.0940
-0.1235 0.0024 0.6445
0.0387 0.2412 -0.1542
0.0814 -0.0723 0.1146
-0.0796 0.2383 -0.0854
0.2714 0.2724 -0.0726
0.1335 0.4811 -0.5441
0.0110 -0.0097 0.2511
0.2236 0.1910 -0.1868
-0.3654 -1.1129 -1.5711
0.0258 0.0166 0.0727
0.0377 0.0780 0.1185
-0.5050 0.1691 -0.5418
-0.2226 0.0801 -0.0197
-0.0492 -0.0328 -0.0238
-0.4538 -0.2795 1.2652
-0.3850 0.1448 0.0091
-0.0289 -0.0449 0.7342
-0.0476 0.0801 -0.3013
0.0137 -0.1438 -0.5830
0.1533 -0.7229 0.3134
0.1233 0.0641 0.0209
0.6870 0.2520 0.8625
0.2023 0.1499 0.4369
0.0171 0.0139 -0.0745
-0.0113 0.1310 0.3679
0.0029 -0.1560 0.7836
-1.9529 2.5609 -2.1298
-0.3812 0.0250 -0.0360
0.3722 0.2184 0.1714
-0.0678 0.6300 -0.9362
0.0227 -0.5154 0.4579
-0.0531 0.3686 -0.3667
-0.5483 -0.0244 0.2286
-0.0979 0.0908 -0.2244
-0.0948 0.1248 0.3685
0.0483 -0.2792 -0.5554
-0.1195 -0.0048 -0.2688
-0.2197 -0.2960 -0.0066
-0.2248 0.3386 3.1527
-0.1613 -0.0187 0.3962
-0.4701 0.0044 -0.6820
-0.0627 0.0468 -0.3137
0.1724 0.1696 0.4160
0.0362 0.0430 -0.0458
-0.1522 0.0743 0.0785
-0.7493 0.2749 -0.3988
1.9767 0.9067 1.8628
0.1478 0.8180 0.3254
0.9838 -1.1469 0.3418
0.2947 0.2056 0.2851
0.0469 -0.0948 0.1997
-0.0560 -0.0323 -0.1321
-0.0142 0.0564 -1.9964
-0.0400 0.0028 -0.0764
0.7173 -0.0025 -0.0042
-0.0440 0.0590 -0.3313
0.5070 -0.1397 -0.3254
-0.2675 0.4121 0.2574
-0.3345 0.1123 0.5330
0.0044 -0.0459 -0.2205
-0.0324 -0.0327 -0.0869
0.0142 0.2116 0.0511
0.1476 -0.0096 0.1515
-0.0356 0.2642 0.2116
-0.0451 -0.0845 0.3653
-0.1636 0.3278 0.2197
0.1547 -0.1296 -0.1888
0.1141 0.2965 0.5673
0.3829 0.0534 -0.6497
0.1308 -0.2490 2.2443
0.3234 -0.0439 -0.0637
-0.0361 -0.0555 -0.1775
-0.1915 -0.1036 -0.1342
0.0186 -0.0050 -0.0146
-0.0955 -0.0021 4.1137
-0.6857 0.0013 -0.6393
0.0477 -0.0782 -0.1631
0.5214 0.1577 -0.2479
0.8809 -0.1105 -0.6195
0.0363 -0.0429 -0.0685
-0.0302 -0.0594 0.0648
0.9160 -0.8043 0.9971
0.0616 -0.1406 -0.0326
-0.0041 0.0250 0.1366
0.2282 0.0257 -0.2306
0.1095 3.4022 0.1108
0.4350 -0.0072 -0.2358
-0.0766 -0.1174 -0.0950
0.0390 -0.1616 0.7934
-0.1358 0.0526 0.2645
-0.5348 -0.0921 -0.3237
0.1766 2.1675 -1.4090
-0.0315 1.2499 -0.2783
1.5717 -2.4953 -1.7897
-0.3842 0.5206 0.4080
-0.1946 -0.0082 0.1168
0.0825 0.1317 0.6780
0.0054 0.0837 0.6748
0.1195 0.6216 0.1899
-0.0120 -0.0717 0.3255
-0.6591 -0.4185 -0.0281
-0.0287 0.0581 -0.1986
-0.1054 -0.1297 -0.6525
-0.6298 0.2094 0.6620
0.0200 0.1246 -0.0427
1.0619 2.5210 -1.4230
0.0005 -0.0159 0.0047
0.4958 0.5958 -0.5297
0.5901 -0.3255 -0.4526
-0.0221 -0.0099 0.0298
-0.1452 0.0505 -0.0883
-1.7270 -1.5583 -2.4053
0.0072 0.0488 0.4095
0.1023 -0.0610 -0.1655
0.0004 0.0001 -0.0005
0.5921 -0.0883 0.6253
0.5362 -0.2249 0.1993
0.0350 -0.1120 0.1967
0.8683 -1.5585 -3.1889
-0.3866 -0.4866 0.4920
2.0402 1.4531 0.0710
0.6074 0.0391 0.4451
0.0622 -0.3823 -0.1752
-0.1084 -0.1464 0.0120
0.0170 -0.0257 0.6794
-0.0334 -0.0516 0.0426
0.2567 -0.0873 -0.2030
0.1332 0.3267 0.1537
-0.3338 0.6292 -0.5818
-0.9608 0.2372 0.0957
0.4974 0.7376 0.1679
-1.2257 -0.6873 -3.2250
0.0360 -0.0823 0.5603
-0.0195 -0.0376 3.0840
-0.0197 0.0250 0.0146
-0.7347 -0.1238 -0.5123
-0.2325 0.1754 -0.2581
0.6096 0.4247 0.0497
-0.3974 -0.1389 0.2302
0.3681 -0.3516 -0.6521
0.0151 -0.1448 0.1133
-0.1112 -0.0492 -0.0252
-0.0229 -0.0251 -0.1304
-0.2041 0.0814 -0.0515
-0.0780 -1.0512 -3.2291
0.1205 -0.0752 -0.1392
0.6652 0.3744 -0.2280
-0.3425 -0.1693 0.6244
-0.2837 0.2532 -0.4102
-0.1519 0.1535 -0.0929
0.4178 2.3384 -2.1355
0.2437 -0.5710 0.1534
0.0035 0.0416 -0.2997
-3.3218 1.9657 -0.5763
-0.0108 0.0659 0.4643
0.9943 0.1841 1.8857
-0.6116 0.0535 0.2613
0.0449 -0.1672 0.8160
-0.3384 -0.1877 0.8155
-0.5723 0.3254 -0.4386
-0.5516 -1.1010 2.8278
-0.0648 -0.0427 -0.2391
0.0290 0.0849 -0.0338
0.2195 -0.1959 -0.1442
-0.1380 -0.3396 0.1463
0.0005 -0.0002 0.0003
-0.0797 -0.1278 0.1769
-0.0016 -0.0071 1.4506
0.0111 -0.2157 -0.4319
-0.1531 0.2398 0.4146
0.0666 -0.1050 -0.7562
-0.7107 0.1994 -2.0901
0.3279 -0.4416 0.0735
-0.5820 -0.2871 0.5570
-0.0043 -0.0021 -0.5966
-0.0880 0.0466 0.3896
-0.0117 -0.2380 0.4314
0.5631 -0.3038 0.2405
-0.1206 -0.1752 -0.1207
-0.1201 -0.0164 -0.1707
0.2104 -0.6720 0.5747
-0.4221 0.0819 -0.1001
-0.1051 0.4739 -0.4190
-0.0362 0.1201 0.4863
-0.0973 -0.0556 -0.1182
-0.2900 0.1538 0.2479
0.1724 0.5558 -0.2130
-0.8782 0.6786 -0.8262
-0.2667 0.0425 0.0470
-0.1989 -0.4808 0.2662
-0.0209 -0.0551 -0.3196
-0.2003 0.0454 0.3029
0.1299 -0.0552 0.9593
0.0837 -0.3049 0.7453
0.3380 0.0344 -0.2583
0.0300 0.0288 0.0125
0.1229 0.1418 0.3628
-0.1732 -0.9078 0.0501
-0.1517 0.1155 -0.9170
-0.4864 -0.5513 -0.4166
-2.3471 -0.9048 1.4466
0.2313 0.0027 -0.1850
0.1014 -0.0540 0.2044
0.5661 -0.0737 -0.5400
-0.3466 0.4895 0.0155
-0.0155 -0.1040 0.0328
-0.1025 0.0163 0.0127
0.0696 0.0661 0.8779
-0.0039 -0.0026 -0.6552
-0.0784 0.0739 0.4088
3.3157 -0.3246 -0.6125
0.1208 -0.1724 -0.0748
-0.1236 0.0390 0.9713
0.0564 0.2110 0.5002
-0.0820 0.0790 0.9734
0.2692 -0.0252 -0.0903
-0.0701 -0.1168 0.1635
0.0011 0.0078 0.0102
0.3491 0.3962 0.6881
0.1507 -0.0171 -0.0958
0.5329 -0.3758 -0.2550
-0.3365 -0.1621 0.7881
-0.0245 -0.0181 0.0274
-0.2043 0.1506 -0.1673
0.1942 0.0976 0.7138
0.0016 -0.0219 0.0028
0.1491 -0.1233 -0.7889
1.5267 -0.9453 -1.3923
0.0006 -0.0011 0.1582
-0.0735 0.1386 0.1067
0.0133 0.0513 -0.0137
0.1306 0.3800 -0.1001
0.1471 -0.0082 -0.1461
0.0103 -0.3248 -0.1214
0.4473 0.2471 0.0961
0.0827 -0.2276 0.5673
-0.3827 0.4609 -0.4039
-0.5301 -0.5943 -0.0438
-0.3801 -0.4610 0.0434
-0.0394 0.1857 0.1603
0.0172 -0.3826 -0.8543
-0.0198 0.1096 -0.0551
-0.0400 -0.3994 -0.6122
-0.0855 -0.4948 -0.6984
4.1260 -0.1891 -0.4478
0.0059 -0.1016 -0.1330
-0.2262 0.5485 -0.1091
0.0208 -0.0579 -0.1398
0.2372 0.4523 -0.7046
-0.0477 -0.0512 -0.0290
0.4949 0.1827 -0.6092
-0.7915 0.3481 0.0959
-0.2775 -0.5079 -0.7604
-0.3759 -0.3229 -0.1359
-0.0110 0.0095 0.0627
-0.1805 -0.9491 0.9979
-0.0126 -0.0384 0.1422
0.7524 0.1616 0.8219
0.1178 0.4721 0.1255
0.0026 0.0010 -0.0026
-0.0272 -0.1404 -0.1034
-0.3631 -0.2511 -0.0623
0.1759 -0.0457 -0.0182
0.3218 -0.7379 -0.0798
-0.0641 -0.0041 -0.5376
1.1225 0.6021 -2.8429
-0.0582 -0.3929 0.1788
0.1900 0.7717 -0.3843
-0.0865 -0.1069 0.1472
-0.2410 0.3676 -0.0804
-0.0046 0.0476 0.5732
-0.2187 0.2533 -0.0879
0.1001 0.0000 0.9549
0.6819 0.9554 -2.6180
-0.0443 0.0727 -0.0887
-0.0412 -0.0860 -0.2202
0.7497 -0.1740 0.3476
-0.1993 0.1499 0.1037
0.1901 -0.0379 -0.2048
-0.0618 0.3212 0.4498
0.3509 -0.2354 0.4813
-0.3018 -0.1748 -0.7985
0.2905 0.1510 -0.0205
-0.0623 0.0801 -0.5139
0.0776 -0.2147 -0.0721
0.3549 0.1912 0.1343
-0.0261 0.0027 -0.0375
0.0963 0.0299 0.6741
0.7036 -0.4927 -0.2083
0.0741 0.0199 -0.0009
0.1829 -0.0205 0.5017
0.2674 0.1866 -0.1325
-0.3921 0.0894 -0.2343
-0.4721 -0.3514 0.6556
0.1283 0.1126 -0.0621
0.0678 -0.0723 -0.3628
-0.1186 0.1767 -0.7023
-0.3021 -0.0791 -0.1224
0.0177 0.2586 -0.1669
0.4041 0.1244 0.0480
0.3511 -0.6074 -0.1871
0.0792 0.2455 0.6987
0.5819 0.7348 -0.4748
0.1309 0.8800 0.3922
0.1291 -0.3280 0.1373
0.1318 0.1495 -0.6249
-0.6854 0.1576 -0.3384
0.0049 -0.0068 -0.4683
0.1432 -0.0562 -0.0489
-0.1554 -0.5311 -0.4580
-0.0312 -0.0067 -0.0091
-0.2090 -0.1089 -0.2149
-0.1368 -0.0147 0.4294
-0.0869 -0.0157 -0.1622
-0.3537 -0.6898 0.6147
-0.0477 0.0586 0.0137
0.1404 -0.2180 -0.6681
0.6004 0.1251 0.6499
-0.0579 0.0673 0.5425
-0.1385 0.3473 -0.2557
-0.2103 -0.3323 -0.5956
-0.0168 0.0959 0.1247
0.1261 -0.2049 0.0218
-0.2035 -0.3120 0.0265
-0.7754 1.6416 2.4460
0.7598 -0.5341 -0.0347
-1.2198 3.4817 0.0084
-0.0066 -0.0004 0.0445
0.0338 -0.3146 -0.0873
0.2014 1.4111 -3.1362
-0.8391 0.3281 -0.0440
0.3047 -0.2541 0.5655
0.3766 -0.9226 0.0768
-0.1400 -0.0114 -0.0795
-2.4595 -0.2376 2.7848
1.5471 -0.5708 -0.5551
0.2885 -0.4578 -0.1387
0.0003 0.0009 0.0083
-0.0108 -0.0057 -0.1186
-0.1266 -0.3238 0.2587
0.0221 0.1229 0.7374
-0.1331 -0.2576 -0.0590
-0.3836 0.0658 0.6045
-0.4035 -0.3310 0.0782
-0.3585 0.7809 0.2991
-0.2473 0.0333 0.1493
1.5724 -0.1188 -3.4843
0.0650 -0.2481 0.3890
-1.2993 1.6214 -3.0554
-0.0611 -0.0522 -2.9703
0.6433 0.1167 -0.8266
0.4387 0.2809 0.6584
-0.0066 0.2947 0.6122
-0.0019 0.0006 0.0086
-0.1286 0.2264 -0.2576
1.5025 -1.1433 -3.2887
-0.1312 0.5047 0.0705
-0.2266 0.0218 -0.1401
-1.0105 0.2365 3.3397
0.1755 0.0435 -0.1688
-0.3934 0.2375 -0.4584
-0.6104 0.0575 2.4506
0.0051 0.0121 -0.9302
0.7249 -2.1387 3.4256
-0.6594 -0.3231 -0.4537
-0.0580 -0.0947 -0.7166
0.6375 -0.2642 0.1847
-0.0030 0.0054 0.0062
-0.0982 0.0481 0.3896
-1.7767 1.1010 -0.5999
0.0003 -0.0016 -0.0119
-0.0721 0.0960 -0.0475
0.1117 0.0738 0.0442
0.1624 0.4165 0.5014
0.0532 0.2734 -0.3199
-1.2637 -0.0324 0.5926
0.0067 0.0779 -1.8307
-0.7724 -0.4343 0.4335
-0.2638 0.2501 0.3308
-0.0362 0.3542 0.4364
-0.2006 -0.0724 -0.2449
0.1484 -0.0177 -0.5160
0.0637 0.0359 -0.0553
0.0654 0.1659 0.0813
-0.2057 -1.2273 -1.4455
-0.1497 0.0425 -0.2213
0.0031 -0.0167 0.0130
-0.8427 -1.8699 0.0301
0.3790 -0.4382 0.6908
0.1358 -0.7280 -0.4942
-0.9628 -3.0759 1.1171
0.3607 -0.3555 0.7486
-0.1821 -1.4987 -3.2157
0.0044 0.0001 -0.0109
0.1725 0.1799 0.1819
0.3671 0.5739 -0.3867
0.0098 -0.0626 0.5801
-0.8296 0.4289 0.1913
-0.5379 0.0966 -0.6498
0.0608 0.0593 0.9801
-0.0467 -0.0760 -0.6137
0.0829 0.0205 -0.1486
0.0330 -0.0820 0.0291
-0.5192 -0.1177 0.6550
0.2937 -0.3215 -0.2588
0.3413 0.3323 0.2229
0.2711 0.1832 -0.3472
-0.0207 0.0514 -0.4750
0.0190 0.3043 -0.0686
-0.3719 -0.4104 0.6195
0.1730 0.2208 1.0047
0.1191 0.0687 0.0386
-0.2108 0.0705 0.3132
-0.2764 2.9586 -2.0240
0.1575 -0.2524 -0.1760
-1.8595 1.0970 0.7420
0.3034 0.0676 -0.7522
0.0080 0.0850 0.0646
-0.0457 0.3363 -0.1874
0.0021 0.0025 -0.2018
-0.0568 0.1869 0.3392
0.0062 -0.0051 0.4591
3.4692 1.6942 1.5547
0.0684 -0.5722 0.6438
-0.4764 0.0100 -1.8646
-0.1770 0.2890 0.5450
-0.0030 0.0145 0.0899
0.2332 0.0612 -0.4835
0.1210 0.4456 -0.3413
1.6436 1.7954 -1.1494
-0.0414 0.0170 0.0687
-0.1555 0.0558 0.1038
0.2377 -1.3288 2.0550
0.0054 0.0085 0.4893
0.9447 0.3942 -0.4045
0.0616 0.0167 0.0983
1.9277 -2.2163 -0.8918
-0.0027 -0.0054 0.2314
0.0989 -0.2026 0.7568
-0.1337 0.1994 0.3057
-0.1209 0.0347 0.0620
-0.0959 0.0766 0.2167
-0.1193 0.0168 -0.8964
0.0302 0.0324 -0.6520
-0.2778 0.0706 -0.2400
0.3752 0.3467 -0.2335
-0.4147 -0.4474 0.6243
-0.5636 0.2566 -0.4146
0.5611 0.6581 -0.1959
-0.0143 0.0466 0.3486
0.0137 -0.0617 -0.3323
-2.2739 -2.0734 -0.0975
-1.2296 -0.3386 2.3063
0.0522 -0.1384 -0.0265
-0.0110 -0.0366 -0.0594
0.1236 0.6989 -0.4872
0.6770 0.5461 -0.4339
-0.0435 -0.2038 0.3377
0.8572 -0.2850 0.0688
0.4198 0.1331 -0.2267
0.0981 0.0900 0.6738
-0.0726 -0.0222 -0.1324
0.0019 -0.0766 0.0103
