-0.9525 -0.5042 0.2815
0.0558 -0.0200 -0.0065
-0.5058 0.3105 0.0981
-0.0750 0.6448 -0.6600
-0.6512 -0.4418 0.3128
0.2789 -0.1257 0.0701
0.0582 -0.0296 0.5418
0.4987 -0.3605 -0.7852
-0.0141 0.0025 0.0362
-0.2433 -0.1637 -0.1895
-0.0234 0.4973 -0.4494
0.0085 0.0049 -0.8001
-0.0415 0.4445 -0.4271
-0.6697 0.2590 -0.3013
0.5926 0.7721 -0.2988
-0.0231 -0.0325 -0.1033
-0.1876 -0.0200 -0.8261
-0.4306 0.0611 -0.3744
0.2500 -0.1767 0.9648
0.6191 0.3638 -0.3328
0.2848 -0.1074 -0.9320
-0.0437 0.0732 0.2275
-0.4817 0.1578 -0.6566
-0.1936 -0.1170 -0.3029
0.1000 -0.0274 -0.6117
-0.2116 -0.5640 -0.6832
-0.0956 -0.1328 0.2357
-0.2046 0.4227 0.0987
-0.0627 -0.0774 0.0681
0.2728 0.5454 -0.1750
0.0727 0.0799 -0.0025
-0.3139 0.2094 -0.7454
0.0144 0.6723 0.4681
-0.0602 0.1285 0.0593
-0.0472 0.0931 -0.3795
0.2145 0.0076 0.1309
-0.0024 -0.0005 0.0862
-0.1351 0.1674 -0.2642
0.1906 -0.1966 -0.9517
0.7503 0.0725 -0.5225
-0.0997 -0.5512 -0.3013
0.3273 -0.3581 1.0716
-0.3014 -0.2871 0.5404
0.4429 0.4894 -0.5554
-0.0190 -0.0262 -0.1356
-0.2245 -0.1680 -1.0473
-0.1405 -0.0280 0.6260
-0.2283 -0.3207 0.6225
-0.5174 -0.3415 -0.5859
0.3297 0.5854 0.3753
2.7887 -0.2836 0.2971
1.8975 0.1052 -0.7113
1.9677 -0.0418 -0.3102
1.9855 -0.0145 -0.0124
1.9981 0.0043 -0.7971
2.4609 -0.1042 -0.4258
1.9384 0.2078 -0.3848
2.0679 -0.1363 -0.1332
1.9643 0.1445 0.0189
2.0216 -0.2891 -0.2758
2.0565 -0.0240 0.9272
2.4301 -0.1834 0.1988
1.8589 0.3450 0.7257
2.7964 0.0389 0.7567
2.0597 0.0070 -0.7731
1.8340 0.2377 -0.4548
2.8862 0.3697 -0.2488
1.8108 -0.2102 0.1303
2.0801 -0.1759 0.0775
2.1003 -0.3157 -0.4748
2.0004 0.0004 -0.0794
1.5490 0.2788 -0.3955
1.4448 0.2218 -1.0226
1.8998 -0.0706 0.7109
1.9735 0.1868 0.2842
2.0001 0.0000 0.0070
2.0878 -0.1112 -0.3166
1.4469 0.5666 0.3394
1.9285 -0.6121 -0.3527
2.0302 -0.0999 1.1512
1.7223 -0.3289 -0.2156
2.7421 -0.1406 0.3066
1.4600 -0.3549 -0.2078
2.6699 -0.2763 -0.9114
1.9096 0.0341 0.8225
1.9968 -0.0058 -0.9054
1.8067 -0.4271 0.1653
1.9864 0.5018 0.1823
1.8612 0.0017 -0.4292
1.7387 -0.2521 0.0160
1.9998 0.0001 0.0026
1.9368 0.0434 -0.1451
1.5585 0.2197 -0.1666
1.9412 -0.1529 0.0764
1.8521 0.8355 0.1477
2.2115 -0.3314 0.6058
2.1072 -0.0515 0.0553
1.7082 -0.4688 0.3585
2.1772 -0.6807 0.6379
1.0753 0.2078 -0.6219
