-0.0711 -0.0048 -0.1937
0.0815 -1.0814 0.3629
-0.3321 0.1746 -0.1007
-0.1490 -0.4000 0.0490
0.0564 0.2903 -0.4113
0.0765 0.4041 -0.7837
0.4209 0.0100 0.7427
-0.0350 0.0591 0.1904
0.1021 0.0977 0.3033
0.1317 -0.0026 0.4827
0.0452 0.1350 -0.6720
0.3761 -0.5577 -0.6658
0.0586 -0.0073 0.4560
0.3853 -0.1853 -0.6662
-0.0045 -0.0028 0.0019
0.0894 -0.1378 -0.0653
-0.3247 0.3185 -0.1716
-0.0062 -0.0006 -0.0044
-0.0086 -0.0875 -0.0863
-0.0569 -0.2500 0.0439
-0.1464 0.0552 -0.6485
0.3247 -0.1223 0.0241
0.0094 0.1629 0.2219
-0.2268 -0.4071 0.5355
-0.5832 -0.1915 0.5771
0.2175 -0.9010 -0.3890
0.7388 -0.0185 -0.3235
0.1092 -0.1974 0.4357
-0.1743 0.0478 -0.0866
-0.0690 -0.0308 0.9522
0.5069 0.0757 -0.4670
-0.2434 -0.3129 -0.8515
0.1119 -0.1219 -0.2483
-0.0823 0.0665 0.5852
0.2454 -0.2954 0.8859
-0.1274 -0.4182 -0.2600
0.2658 0.4353 -0.1383
0.5048 -0.4595 0.1350
-0.7276 -1.2656 1.4205
-0.1137 0.3222 0.4917
0.0344 0.1407 0.0008
-0.1004 0.6328 -0.0547
-0.1681 -0.2811 0.1633
0.0912 -0.8404 -1.1013
-0.0120 0.0543 -0.6468
0.1993 -0.7297 -0.4583
-0.2053 -0.2809 0.1223
0.1258 0.2051 -0.0845
-0.6442 0.5563 -0.3480
-0.6074 -0.6154 0.2609
-0.0140 0.0242 -0.0274
0.0439 0.5303 0.1432
-0.2085 -0.0633 0.0216
0.4540 -0.3593 0.6980
1.8485 0.6505 -0.4908
-0.2866 -0.0714 -0.4513
0.1178 0.4808 -0.2345
-0.0421 -0.1317 -0.9741
0.0847 -0.0528 -0.0610
-0.5440 0.1650 1.4333
0.6974 -0.1237 0.2819
0.0674 -0.2618 -1.1383
0.2088 0.1708 -0.1058
0.2434 0.2919 0.0997
0.1171 -0.5824 0.0806
-0.9442 -1.1232 0.2733
-0.4693 -0.4811 0.3097
-0.0069 -0.2105 0.4553
0.2995 -0.2877 -0.7489
-0.3557 -0.7600 -0.3983
1.5765 -0.7224 0.9119
0.0908 0.0788 0.4987
-0.0847 0.1343 -0.5057
-0.0501 0.3785 -0.4626
0.3536 -0.3917 0.7083
0.3999 -0.0064 -0.0511
-0.4282 0.3431 0.4145
-0.0569 0.0424 -0.0564
-0.6172 -0.5507 -0.5510
-0.7632 -0.7111 -1.1784
-0.3896 -0.0354 -0.0010
-0.3737 -0.3567 0.4828
-0.0289 -0.0464 -0.3922
0.7143 0.7033 -0.4162
0.0646 -0.0718 -0.2259
0.0821 -0.5120 -0.2960
-0.1240 -0.5196 0.7441
0.1571 -0.5621 0.1511
0.6561 -0.5083 0.3106
0.0963 0.0433 -0.1405
0.2187 -0.3170 1.4189
0.3194 0.4515 0.7264
-0.6597 -0.3283 -0.1367
-0.1074 -0.4327 -0.1340
0.4385 -0.1049 -0.8055
0.0126 -0.0241 0.2048
-0.0198 0.0947 0.3219
-0.3367 -0.0520 -0.2694
0.6477 0.9801 0.0710
0.1003 -0.4040 0.2958
3.2452 0.6365 0.2246
3.0019 -0.0281 -0.0203
3.0175 0.0014 0.0187
3.0002 0.0001 -0.0064
2.5994 0.3363 1.3798
2.9921 -0.3552 -0.8781
2.8572 0.3291 0.7067
2.6238 -0.1352 0.7436
3.1009 0.0852 -0.1707
3.4252 -0.2925 0.6230
3.1549 0.2337 -0.1256
3.9110 -0.0270 0.0784
2.8760 0.0779 -0.5504
3.0068 -0.1558 0.3249
2.7738 -1.6827 0.9893
3.0559 -0.1991 -2.0971
3.0255 0.0192 0.1348
2.6552 0.8861 0.2138
2.9928 -0.0232 -0.0540
2.6100 0.0891 0.4209
2.8765 0.3940 0.2932
2.9524 0.3673 -0.3370
3.1424 0.0731 -0.5525
2.6335 -0.8330 0.0836
3.0333 -0.0584 -0.1430
2.9060 -0.0620 -0.0151
2.5789 0.0893 0.7748
2.9993 0.0011 0.0067
3.0002 -0.4009 0.3158
3.2279 -0.2113 0.6365
3.7120 1.2503 -0.7380
2.3836 0.1868 0.3655
2.9718 0.0540 0.6792
2.9534 0.0924 0.4163
3.1470 0.7571 -0.0176
3.2240 -0.0996 -0.5938
2.8135 -0.3500 -0.5745
3.1953 0.1444 -0.1299
3.0983 0.1926 0.0895
4.5814 0.8292 -0.5007
3.3470 -0.1495 -0.2750
3.2220 -0.0255 0.0771
2.8042 -0.4922 -0.2298
2.9219 -0.0116 0.0975
2.9726 -0.0571 0.4558
2.7241 0.3383 -0.1871
3.0121 0.0346 -0.0227
2.9225 -0.3272 -0.1928
2.7747 1.1001 -0.7669
3.0196 0.0329 0.1302
3.0702 0.1676 -0.1377
3.1687 0.1844 1.4828
2.9901 -0.0048 -0.0129
3.0786 0.1012 -0.9521
3.6200 1.6461 0.8032
2.4958 1.0648 0.3741
3.8052 0.1193 0.7607
3.0820 0.0705 -0.1949
1.3215 -0.4187 -0.2421
2.9993 0.0006 -0.0375
3.0557 0.1026 -0.0909
2.9265 0.1582 -0.0590
3.0774 0.3178 -0.5379
2.3849 -0.4133 0.4330
3.0785 0.3630 -0.3093
3.0237 0.1766 0.3206
3.1634 -0.6078 -0.3970
2.5762 -0.0569 0.0865
2.6368 -0.4400 0.6301
2.9950 -0.0275 0.0036
2.9391 0.2634 -0.0434
3.1283 0.0307 -0.8078
3.0784 -0.3455 0.2218
3.2076 0.0529 -0.0826
2.4265 -0.2747 -0.4758
3.1887 0.1596 1.5922
2.7117 -0.0697 -0.0049
2.8697 -0.0836 0.1173
2.4838 0.2609 -0.1512
2.9961 0.0105 0.3855
2.0664 0.1294 -0.4036
1.7206 -0.3276 0.5248
3.3881 0.4385 0.1678
2.9766 -0.0101 -0.1857
4.0658 1.6156 0.3359
3.0510 -0.0678 -0.0095
2.9832 -0.0341 0.7261
1.8935 -1.5854 -0.9215
3.0201 0.0224 -0.1515
2.9732 -0.0529 0.3264
3.0994 0.4079 0.4519
2.3225 -0.1003 0.1472
2.9826 0.0159 0.0160
3.2100 0.2393 0.8545
4.2148 0.6146 -0.8672
3.0510 -0.2850 -0.5200
3.0297 0.0220 -0.3691
3.0979 -0.0228 -0.1001
2.7430 0.5821 0.0602
3.0400 -0.0179 -0.3085
