0.0080 -0.0460
-0.4485 0.0478
-0.1297 -0.0466
0.7987 0.3627
-0.1038 -0.0219
-0.2611 0.0671
0.7233 -0.2391
0.7304 0.2720
0.2201 -0.2429
-0.0845 0.0213
-0.4599 -0.7800
0.7420 -0.1787
0.3279 0.3498
-0.0386 -0.0122
-0.2718 0.4731
0.0241 0.0843
0.4811 0.5254
-0.2544 0.0350
0.3042 -0.6866
0.0554 0.5690
-0.6172 0.4865
0.0152 0.1546
0.3619 0.0152
-0.1621 -0.0830
-0.1739 -0.2298
0.2839 -0.4040
-0.4349 0.7402
-0.2468 0.7987
0.0359 -0.3684
-0.5963 0.3560
-0.2113 -0.1108
-0.0007 -0.0059
0.0438 0.5195
0.1986 -0.9678
-0.0062 0.6554
0.0022 0.5466
-0.6087 -0.6891
0.0886 -0.1784
-0.1527 -0.0327
-0.7067 -0.2525
-0.7387 0.6587
-0.2260 -0.0198
0.1058 -0.5157
0.2648 -0.4939
0.2643 0.2751
0.8192 -0.4262
0.1896 -0.4523
-0.0029 -0.0008
0.6327 -0.1237
-0.0720 -0.0771
-0.5925 -0.4289
-0.2437 0.1853
-0.1897 0.6295
-0.0976 0.9337
0.1914 0.3392
-0.0746 0.9007
0.5171 -0.2047
-0.1995 0.0277
-0.3921 0.2375
-0.2272 -0.3909
-0.1598 -0.1956
-0.9713 0.1126
0.4887 0.2463
0.2428 0.2433
-0.7746 0.5980
-0.0404 -0.0452
0.3692 0.0827
-0.1334 -0.6971
-0.3789 0.3183
-0.9499 -0.2778
0.3318 -0.2268
0.2685 -0.9433
0.6825 -0.1323
0.2932 -0.0396
0.5452 -0.2918
0.6210 -0.5140
-0.6121 -0.5414
-0.0810 -0.3819
-0.3329 0.4697
0.6334 0.7273
0.4552 -0.0460
-0.0460 -0.5232
-0.3359 -0.0830
0.0066 -0.1175
0.9798 -0.1922
-0.0702 -0.0264
-0.3446 -0.7141
-0.0894 -0.4090
-0.0143 0.1140
-0.0004 0.0008
-0.7039 0.4100
0.0147 0.0296
0.6090 -0.3382
-0.0015 0.0011
-0.0367 -0.2157
-0.4465 -0.4837
-0.2595 0.3769
0.1227 -0.0059
-0.0214 -0.7057
-0.1013 -0.6961
0.1338 0.0381
-0.1316 -0.5266
0.7246 0.2406
0.5906 0.7178
-0.0612 0.0525
-0.7256 -0.0275
0.0595 -0.0027
-0.9273 0.3269
-0.5189 -0.4165
0.4655 -0.1572
0.5559 0.2661
-0.1174 -0.0841
-0.1613 0.3682
0.5690 -0.0574
0.4773 -0.1495
-0.5031 -0.6321
0.6743 -0.1264
0.0002 0.0002
-0.4841 0.6772
0.2430 0.3661
0.0681 0.0371
-0.3601 0.1284
-0.0073 -0.0016
-0.2721 -0.0598
-0.8878 -0.1266
0.3003 0.1547
0.1407 -0.2117
0.0037 -0.0167
-0.0687 -0.0980
-0.1753 -0.0837
-0.2847 -0.1979
0.1691 0.0736
0.3896 0.3235
0.1932 0.4558
0.2598 0.1132
-0.3327 0.0869
0.1937 0.1267
-0.1612 0.3206
-0.1529 0.8428
0.2613 0.3370
-0.0115 0.4346
-0.7906 0.4285
-0.3317 -0.1094
0.8006 0.4024
0.1212 -0.1745
0.0984 0.2818
-0.0243 -0.0087
-0.2416 0.6031
0.0316 -0.1727
-0.1627 -0.8988
0.1493 -0.0430
-0.0480 0.4158
-0.0233 0.0050
-0.0412 -0.1341
0.0855 -0.2300
-0.1348 0.1032
-0.0691 -0.0433
-0.2671 -0.1979
-0.6507 -0.7565
0.1976 -0.4950
-0.7263 0.2595
0.4248 0.5088
-0.0768 0.2328
-0.1199 0.1454
-0.3099 -0.3143
0.1547 -0.2692
0.0147 0.4762
0.1085 -0.0295
-0.4235 0.2627
-0.0386 -0.8960
-0.2509 0.0935
-0.4660 -0.0994
-0.3145 0.3692
0.7876 0.2838
0.4095 -0.2372
0.3067 0.3247
0.1902 -0.4132
-0.1199 -0.1384
-0.5886 0.0401
-0.0025 0.0048
0.6316 -0.0651
-0.0389 -0.0510
-0.0694 0.0056
-0.0762 0.8640
-0.2955 0.0489
-0.1108 -0.1767
-0.7034 0.2844
0.0463 -0.0465
-0.7451 0.6515
-0.0862 -0.5307
0.2018 -0.0613
0.5590 0.0220
0.4755 0.4756
0.0230 0.3226
0.5308 0.4403
-0.7100 -0.2430
0.1967 0.6789
-0.1147 -0.3026
-0.1440 0.1680
-0.5157 -0.0841
-0.1011 0.0235
-0.6192 -0.2199
-0.3206 -0.4062
0.0566 0.2698
0.3032 -0.1494
0.4556 -0.4805
0.4826 -0.2445
0.0632 0.3617
0.0229 -0.0357
-0.1546 -0.4096
0.5688 0.1250
0.2542 -0.9601
-0.1933 -0.0304
-0.9851 0.0836
-0.1477 -0.3197
-0.8201 -0.3162
-0.1830 -0.5916
0.2543 0.6536
-0.0224 -0.0464
-0.4423 -0.4606
0.2681 -0.0847
-0.5243 0.3687
0.3016 -0.2123
0.0305 -0.5986
-0.5875 -0.7994
0.7750 -0.0047
0.3812 0.4356
0.1934 0.9416
0.7081 0.2500
0.5764 0.0158
-0.1816 0.1860
0.0231 0.6717
-0.4251 -0.8298
-0.0290 -0.0078
0.3795 0.4542
0.0096 -0.2195
-0.1484 0.6700
0.3154 -0.3027
0.9253 0.0667
-0.0412 0.0725
-0.2134 -0.0914
0.4145 -0.5469
-0.5697 0.4740
-0.3890 0.4900
0.6507 0.5377
0.2952 0.1451
-0.8102 -0.3080
0.2938 0.0196
-0.6951 -0.2336
-0.3184 0.7160
2.3399 -0.4351
3.5500 0.1321
2.4680 -0.3236
3.0052 0.0156
3.0052 0.0121
3.1010 0.1829
2.9917 0.0094
3.4012 -0.1703
2.4269 0.7074
2.5995 -0.1447
3.0823 -0.0221
3.0230 -0.1329
2.9350 -0.0114
2.8343 -0.0570
3.0941 -0.0712
2.8938 -0.1850
2.8887 -0.0816
2.9634 -0.5115
2.4167 -0.7950
2.9723 0.0065
2.5480 0.3161
3.2582 -0.8577
3.0768 0.4068
3.7343 0.2062
2.7239 0.3784
2.8693 0.2834
2.6997 -0.8995
2.3144 -0.3386
2.8789 -0.3083
3.0170 0.0100
3.0683 0.0620
3.1224 0.1275
2.2592 0.0048
2.5283 0.1659
3.1236 -0.8695
2.8251 0.0737
2.8605 0.7459
3.0193 -0.0114
2.7144 -0.1675
3.6416 -0.0556
3.0101 0.2203
3.1116 0.1533
3.9955 0.0622
3.4188 0.5835
2.8425 -0.8463
3.4829 0.4903
2.9187 0.2310
2.5216 0.7153
2.7944 -0.0121
3.4757 0.5169
3.4496 0.5431
3.7293 0.5792
2.9304 0.3078
2.4376 -0.4099
3.8931 0.0676
2.8439 -0.3104
3.1432 0.2049
3.2857 0.3156
3.8392 -0.3167
2.8093 -0.1930
3.6496 0.1202
3.0246 -0.0529
2.6347 0.2395
2.9370 -0.2011
3.0255 0.7960
2.5749 -0.4589
3.4610 -0.0829
3.1324 -0.3067
2.5497 0.1270
2.4970 0.2016
3.3390 -0.2028
3.0161 -0.0709
2.8980 -0.3329
3.5027 -0.4226
2.7578 0.7627
2.8873 -0.1674
2.7784 0.6031
2.9198 0.0655
3.3228 0.6584
2.7554 0.2578
3.0123 -0.1627
3.3550 -0.7257
2.4802 0.0664
3.0267 0.0645
3.3240 -0.1683
3.0069 0.0725
3.3996 0.7063
2.4728 0.0285
2.4053 0.1030
3.3594 -0.9055
3.6922 0.1113
2.9142 0.0615
3.3568 -0.2971
2.7301 0.7041
2.5227 -0.6409
2.7551 -0.1982
3.6671 0.4154
2.9594 0.6513
2.7756 0.4159
3.0772 -0.5862
3.1198 -0.9241
3.1435 -0.7021
2.8880 0.1281
3.6305 -0.0455
3.8783 -0.2355
3.3439 -0.1074
3.2008 -0.5364
2.8416 -0.7135
3.7270 0.3728
2.2102 0.1583
3.2963 0.2428
3.0064 -0.0098
3.1627 0.0939
3.2003 -0.4554
3.1261 0.0987
3.0755 0.9371
2.9299 -0.4386
3.0740 0.3978
2.4156 0.5133
2.8574 -0.1592
3.0872 0.2969
2.2840 -0.2332
3.3998 0.1218
3.7967 0.5963
2.4591 0.8084
2.7104 -0.0983
2.8445 -0.0652
2.3292 -0.2395
2.8770 -0.3308
2.6321 -0.8454
3.4432 -0.2446
2.6473 0.2678
3.2439 0.3842
2.2421 -0.5348
2.4345 0.4634
2.9452 0.0155
2.8636 0.3209
3.2703 -0.0406
2.9963 -0.0358
3.0678 0.0508
3.2589 0.1658
2.5653 0.2732
3.0741 0.0168
2.9697 -0.6136
2.9523 0.0737
3.5433 -0.5262
3.3653 -0.3540
3.6092 -0.1460
3.1453 -0.2705
2.3305 0.3445
2.0378 0.0868
3.5731 0.7088
2.8485 -0.2600
2.9879 0.5069
3.2833 -0.1133
2.4681 0.2313
3.0283 -0.1840
2.9348 -0.5253
2.4708 -0.0658
3.0159 -0.1724
2.9401 -0.1616
3.1511 -0.3215
2.9551 -0.0171
3.1459 -0.1920
2.7352 0.1844
3.7067 -0.5470
2.9133 -0.5770
3.0376 0.2168
3.2410 0.7586
2.8912 0.0216
3.0570 -0.5268
3.0377 -0.1447
2.3415 -0.1576
3.5863 0.2694
2.7818 0.2845
2.9533 -0.9373
2.3404 0.0411
2.7725 0.8997
3.0376 -0.6832
3.0330 0.7281
2.1189 0.1350
3.3265 -0.0675
3.7821 -0.0491
2.7277 0.3287
3.0629 -0.1216
3.2372 -0.0064
3.2302 0.1826
3.4154 0.3865
2.9225 -0.0564
3.0820 0.4697
2.5966 -0.2487
2.6207 -0.3616
3.1286 0.1271
3.4978 -0.0249
2.5867 0.0238
3.0502 -0.1822
2.9762 0.0058
2.6070 -0.1295
3.8963 0.1491
3.1361 0.0020
2.0907 0.1246
2.6391 -0.0782
3.0735 -0.2107
3.2070 0.0622
2.2509 0.2374
2.5505 -0.2356
3.4045 -0.5866
3.1917 0.4110
3.0305 0.3407
2.7025 0.1607
2.9840 -0.0261
3.5170 -0.1787
3.0405 0.0121
2.9426 -0.1658
3.0564 0.1167
2.8830 -0.6661
3.0436 -0.0694
3.5134 0.5008
3.0224 -0.4717
3.2208 0.3891
2.7367 -0.8229
3.4630 -0.4746
3.3790 0.4780
2.9776 0.0695
3.1472 -0.8583
3.3013 0.3248
2.8049 0.9353
2.7012 0.0136
2.9708 0.0282
3.1551 0.0871
2.6490 0.1806
2.9305 0.0236
3.0606 0.0306
3.1912 0.1433
3.4122 -0.3943
2.5817 0.1910
3.8420 -0.3609
3.5607 0.3842
3.6075 0.2374
3.5371 0.0321
2.4344 0.2758
3.3234 -0.0374
2.6188 -0.4068
3.0034 0.0640
2.5370 0.5832
2.5210 -0.5106
3.0000 -0.0005
3.6140 0.6512
2.5328 -0.3163
3.6654 -0.3308
