-0.0421 -0.4499 0.4229
0.4857 -0.6477 -0.2531
-0.0194 -0.0017 0.3702
0.0106 0.0613 -0.0979
0.2151 0.0178 -0.0396
0.3385 0.0246 -0.1323
-0.1370 0.2602 0.3542
0.0424 -0.0483 -0.1577
0.0125 -0.2109 -0.5698
-0.0242 -0.0070 0.4166
0.0311 0.2253 -0.0320
0.1814 -0.1690 -0.0014
0.2713 -0.3532 0.8447
-0.5467 0.2642 -0.3646
-0.0050 0.0819 0.1245
0.1316 -0.1252 -0.1456
-0.0882 0.2457 3.5963
0.4034 -0.4419 0.3241
0.8388 -0.3583 -0.1919
0.0226 0.0053 0.0677
-0.2697 0.6089 -0.0813
-0.0589 -0.0104 0.6042
0.0734 0.0543 0.0121
0.0587 -0.1129 0.9640
0.3595 0.0945 0.4476
0.0188 0.1125 0.1942
-0.2076 -0.0059 0.1425
-0.5198 0.8086 0.1601
0.1280 0.0186 -0.7166
0.3803 -0.5507 -0.0474
-0.0093 -0.0083 -0.0525
-0.2224 -0.3419 -0.3474
0.5340 -0.0306 0.3848
0.2094 -0.5405 0.3034
0.7223 0.4049 0.3205
0.3393 -0.3502 -0.8070
-0.0421 -0.2045 -0.0193
0.0464 0.1433 -0.1903
-0.0265 -0.3072 0.4643
-1.0753 -3.5163 -0.5289
0.0037 0.0289 -0.1856
-0.1724 -0.1701 -0.0994
0.0171 0.0654 -0.0389
-0.2736 -0.0730 -0.0216
-0.5510 0.2909 0.1655
0.0309 -0.0233 -0.3624
-0.4460 0.5313 0.5818
-0.6274 -0.2145 -0.5942
-0.0514 -0.0166 -0.0408
-0.2110 -0.3168 0.5144
0.1593 0.0330 -0.4735
-0.1763 0.4273 0.3767
0.7592 0.0704 0.0391
0.1122 0.1689 -0.6670
0.2485 0.2567 -0.1253
0.1312 0.1101 -0.0506
0.2931 0.0791 0.1601
0.0115 0.0430 0.7206
0.2845 -0.4320 0.0993
0.4475 -0.0082 -0.2704
-0.0568 0.0078 -0.0582
-0.0058 0.0112 0.0366
-0.1300 0.1997 -0.3461
0.0763 -0.3885 0.1071
0.5584 0.2581 -0.6621
0.0390 0.1025 -0.8891
-0.0260 0.5328 0.2442
0.0285 0.0512 -0.0197
0.4633 -0.3080 -0.1722
-0.0558 -0.0542 0.0350
0.1635 -0.0004 -0.3882
0.3487 0.1125 -0.4301
-0.0705 -0.0197 -0.0485
0.0925 -0.0844 0.5535
0.2268 0.0651 -0.2886
0.0259 -0.2875 -0.2117
0.4241 -0.0431 0.3604
-0.2970 -0.1337 -0.4516
0.2118 -0.1179 0.0392
-0.1875 0.2566 0.8867
-0.6394 -0.0377 -0.3793
0.1384 -0.1396 -0.4808
0.0856 -0.0370 0.2814
0.0993 -0.2361 -0.1332
-0.0584 0.0937 -0.8572
3.4364 -1.0702 -1.0814
0.7638 0.0792 -0.1034
0.0184 -0.0048 -0.0010
0.0205 0.0069 -0.3034
-0.3800 0.2908 -0.1389
0.0075 -0.0004 -0.4267
0.0258 -0.0192 0.3051
-0.0059 0.2114 -0.1282
0.0828 -0.0281 -0.3730
0.3578 0.1681 -0.4802
-0.0004 -0.0287 0.0260
0.2592 -0.0279 0.6232
-0.1029 0.5379 0.1324
0.1940 0.0520 0.8229
-0.0000 0.0007 0.4528
-0.0148 0.2132 -0.6653
-0.2876 -0.5318 0.5680
-0.3606 0.6460 0.4821
-0.0028 -0.0454 0.1010
-0.1033 0.3315 0.0546
0.1288 -0.3497 -0.0281
0.0247 0.5151 -0.7578
-0.1131 0.3541 -0.2211
-0.0083 0.1116 0.0048
0.7008 0.0812 0.6396
0.1038 0.6237 0.4693
-0.0497 -0.0202 -0.1163
-0.1359 -0.1971 -0.0404
-0.3322 -0.8654 0.1632
-0.1582 0.6929 -0.1727
-0.2274 -0.1000 0.2716
-0.0264 0.0209 0.2293
-0.5566 -1.5966 3.5045
-0.7415 -0.5354 0.3639
0.2409 0.4495 0.4444
-0.4946 0.5599 -0.2614
0.0992 0.0949 0.0003
-0.4536 -0.0390 0.5848
0.7064 0.3225 -0.5481
0.0126 -0.0933 -0.0615
-0.0196 0.1342 0.4389
-0.0145 0.0118 0.0552
0.0250 -0.0394 -0.3505
0.0486 -0.2089 -0.5665
-0.0942 -0.1352 0.4413
0.0817 0.0736 -0.3021
-0.2869 -0.1608 0.7845
-0.1564 -0.1359 0.9029
-0.0299 -0.5329 -0.3688
-0.0130 -0.0133 -0.1329
-0.1225 0.0389 0.3782
0.0142 0.0385 -0.2332
-0.0218 0.0472 -0.9660
-0.3717 -0.4664 0.7705
0.0026 0.0008 -0.0129
-0.1840 -0.1529 0.7046
-0.1155 0.4816 -0.1493
0.5531 -0.4441 0.4597
-0.5856 0.0239 -0.0046
-0.4716 -0.0600 0.2912
-0.0259 -0.4142 -0.8117
-0.1585 -0.6695 -0.3311
0.1740 -0.4168 -0.3530
0.4266 -0.3897 0.2076
3.4881 0.9014 -1.1448
-0.0434 0.0363 0.4278
0.4464 -0.1479 0.2773
-1.5169 -0.7625 -2.9077
0.0574 0.0057 0.1134
-0.7176 -0.0648 0.0286
-0.0229 -0.0009 -0.9363
0.1038 -0.0584 0.1496
0.2495 0.2548 0.4015
-0.8425 0.1727 -0.2785
0.0383 0.0677 -0.0719
0.0164 -0.0159 0.0427
0.0207 -0.0251 -0.0733
-0.2426 0.3177 0.6483
-0.0491 0.0216 0.0960
0.6080 -0.4894 0.3452
0.0119 -0.0871 0.2016
0.0047 0.5454 0.5792
-0.3249 0.3034 -0.3447
0.5172 -0.1878 0.4917
-0.1644 -0.2509 0.8558
0.2707 -0.1421 -0.9251
-0.2228 -0.9213 0.1762
0.3139 -0.1135 0.0304
0.0013 0.0041 -0.2446
0.8152 -0.0684 -0.2599
0.1994 0.0318 0.2758
0.0084 -0.0221 0.1327
0.0603 0.2392 -0.9173
-0.3897 -0.4961 0.5517
-0.0111 0.1530 0.3782
0.0133 0.0840 0.0142
0.0499 -0.2507 -0.2573
-0.0471 -0.0305 0.0873
-0.2857 0.0726 -0.0944
0.1662 -0.2933 0.0619
0.4222 -0.6288 -0.5924
0.4601 -0.4870 -0.5869
0.1236 0.7511 -0.1730
-1.1792 0.0618 -2.2114
-0.0027 -0.0099 -0.0422
-0.0917 0.2619 0.2517
-0.1145 -0.1689 0.9138
-0.1118 0.3650 -0.0311
0.2736 -0.1960 -0.7659
-0.0497 -0.2003 -0.0524
-0.2259 0.0588 0.3924
0.0361 0.0965 -0.6270
-0.1400 -0.0219 -0.1169
-0.3092 -0.0712 0.4855
-0.3421 -0.0635 0.6185
-0.1021 -0.2888 -0.0455
0.0350 0.5498 -0.2667
-0.1583 0.1580 0.9507
0.0002 0.0296 0.1723
0.7296 -0.2381 0.5777
-0.2521 -0.5157 0.5784
-0.3895 -0.3252 -0.5023
0.2834 -0.2178 0.5936
-0.0341 -0.1531 0.1443
-0.0126 0.0052 -0.0691
-0.0711 0.0092 -0.5623
-0.0660 0.1304 0.0986
0.0360 0.0677 0.7243
-0.0570 0.0617 0.0803
0.3684 0.2661 0.5224
0.4766 -0.1606 0.0220
0.4116 -2.1472 1.5260
0.4440 -0.2897 0.3636
0.0826 -0.1399 0.1227
0.3896 0.4525 0.6474
0.2550 -0.1143 0.5947
0.5209 -0.7448 -0.1321
-0.4657 0.5750 -0.2326
-0.1076 -0.2931 0.8053
0.0610 -0.1586 0.0481
-0.0821 -0.0498 0.0746
-0.3168 0.7649 -0.0698
-0.0064 -0.0053 0.0060
0.1141 -0.0014 0.6279
-0.3645 0.1396 0.1271
-0.5230 0.0147 0.1412
0.0461 -0.1458 -0.2008
0.5192 0.1121 -0.4540
-0.1112 0.4428 -0.2563
-0.0934 -0.1167 0.2924
0.0309 0.0576 0.0420
-0.0515 0.1120 0.1329
-0.5972 0.5583 -0.0659
0.2156 0.7460 0.1080
-0.5507 -0.1163 0.2320
-0.0024 -0.0028 -0.1425
-0.1101 -0.1716 -0.3804
0.1139 0.4022 -0.2675
-0.3114 -0.3835 0.7918
0.7370 -0.2500 -0.5587
0.0477 -0.0234 0.2049
0.3897 -0.1243 -0.7222
0.0037 -0.0133 0.4997
-0.0384 0.1123 -0.6373
0.1252 0.0144 0.0712
5.0959 0.3867 -0.2062
5.4097 -0.4545 0.7501
4.5589 0.0127 0.6609
4.6923 0.7656 0.2150
4.8184 0.0342 -0.4016
5.0358 -0.2105 -0.1135
8.0668 2.1653 -0.5546
5.0141 0.0628 -0.2760
4.8987 -0.0158 -0.6305
5.0101 -0.0279 -0.5888
5.0081 -0.0164 -0.0168
4.9031 0.1503 -0.4178
4.6097 -0.1656 -0.4351
4.5011 -0.1271 -0.4554
4.8725 -0.0678 -0.0581
5.3043 0.5481 0.4189
4.6852 0.6597 0.3795
5.3453 0.5595 0.3969
3.0539 -2.0970 0.8108
5.4008 -0.1386 2.4044
4.5647 -0.1952 0.6071
6.7241 -2.3024 1.1353
3.6368 -1.6373 0.6365
4.5549 -0.2536 0.0656
4.2266 0.1269 -2.9560
5.0449 0.0338 0.0729
5.1923 0.2947 -0.2030
4.9948 0.0045 0.0468
4.9953 0.0023 0.0213
4.8583 0.5884 -0.7529
4.7547 -0.1665 -0.1877
4.7271 0.3813 -0.1854
4.4517 -0.3167 -0.1392
5.0362 0.2210 0.2058
4.8144 0.0247 0.2124
5.1801 -0.0827 -0.3730
5.0933 -0.1798 0.4116
4.3989 -0.3775 0.5776
4.8622 0.0927 -0.0811
3.4493 -1.1559 -0.4026
7.0626 -1.1112 0.2325
5.7780 0.3209 0.1480
5.3420 0.1067 -0.2933
5.3731 -0.0209 -0.1865
6.3467 3.0966 -1.8623
4.9900 -0.0250 0.0570
5.5963 -0.3937 0.1869
5.3552 0.3689 0.7908
4.3789 -0.1127 -0.0725
4.2126 0.4178 -0.0934
5.0699 -0.1867 -0.6279
4.9995 -0.0000 0.0005
4.9981 -0.0012 -0.0430
5.7555 -0.1636 0.5629
4.9951 0.0140 -0.4364
5.7783 0.5270 -0.2426
4.8035 0.2930 0.0965
5.1473 0.2284 0.1206
4.7384 0.7023 -0.1740
5.2871 -0.3475 -0.2591
5.4851 -0.5372 0.3756
4.8996 0.3917 0.7630
5.0038 -0.0006 0.2840
4.9891 -0.1415 -0.3813
5.3860 0.2745 0.8103
4.9806 -0.0438 -0.5891
4.9703 -0.0065 -0.6594
5.0635 -0.3726 -0.8731
4.9218 0.1471 0.4762
5.1729 -0.5584 -0.5372
4.9873 0.0189 0.3107
5.0142 0.0117 0.0223
4.6703 0.0755 0.0414
4.8952 -0.1929 0.0535
4.6910 0.3773 -0.1100
4.9734 0.0239 0.0410
4.9365 -0.0620 -0.0690
5.3321 0.5646 -0.3301
5.3188 0.2672 -0.0284
4.7342 0.4950 -2.2264
5.2614 -0.7444 -0.1568
5.1890 0.2603 0.0055
5.0034 0.0408 -0.1061
4.7595 0.4242 -0.0108
5.6994 0.0829 0.5081
5.1964 -0.0139 0.2620
4.6631 -0.4265 -0.5101
5.1544 -0.6207 -0.2778
5.1583 -0.2047 0.1140
5.2016 0.0142 0.3670
5.2862 0.3310 -0.2465
5.1969 0.3052 0.9274
4.9645 -0.0392 -0.1381
5.1457 0.1050 -0.4755
4.9289 0.0855 -0.0384
4.5495 0.0983 0.6874
4.9781 -0.0333 0.3200
4.6861 -0.2790 0.8063
4.7969 0.3711 -0.2295
5.0134 -0.0289 -0.6065
4.2832 0.0937 0.0241
5.4182 0.3598 0.6289
5.3052 -0.8831 0.2785
4.9595 0.4926 0.6775
4.9469 -0.0640 0.3198
5.0218 0.0234 0.0953
5.3670 -0.5889 -0.1199
4.9215 0.0043 0.6872
4.4042 -0.3733 -0.3179
4.9691 -0.0097 -0.5038
5.0821 -0.0115 0.1887
5.1398 0.4100 0.3026
5.0102 0.0115 -0.1249
4.8917 -0.5642 -0.5035
4.9995 0.0011 0.0006
5.3100 0.0578 0.5139
4.8519 0.1474 0.6500
5.1135 0.0354 -0.1145
5.0217 0.0363 0.1737
4.5061 -0.5792 -0.3364
5.0614 -0.6863 0.3822
2.7113 1.5823 -1.1365
4.6869 0.0807 0.4179
4.8723 0.0968 -0.0962
4.4058 0.3099 0.2843
5.1776 -0.0375 -0.6703
4.9578 -0.1022 0.8104
5.2834 -0.0875 0.1231
5.1376 -0.5625 -0.2082
5.3395 0.6344 0.3979
4.7671 0.2660 0.8022
4.9891 -0.0760 -0.0048
4.8719 0.3455 -0.6336
4.5808 0.1962 -0.6730
5.6502 0.1257 -0.2775
4.6520 -0.0089 0.4934
4.7512 -0.4870 -0.8187
5.0027 -0.0113 0.0434
4.4648 -0.3509 -0.3236
4.7080 -0.2120 -0.3621
4.9035 -0.7511 -0.3957
4.4711 0.1469 0.7062
5.0051 -0.0038 0.0054
4.6483 0.2446 0.0580
5.5780 -0.7629 -0.0273
4.8697 0.1899 3.9152
5.0060 -0.0038 0.0924
5.3204 0.0551 -0.8536
5.0829 0.0672 -0.0749
4.7528 -0.3294 -0.7291
5.4646 0.1797 0.6960
5.1549 0.1904 -0.4410
4.8988 0.1808 -0.8185
5.2422 0.0226 0.0116
3.9507 0.0566 0.2269
4.6698 -0.3754 -0.3652
4.9301 0.0087 0.1078
4.7386 -0.4990 0.0900
4.7539 -0.6320 0.5716
4.9855 0.0253 -0.3570
5.2584 0.1343 -0.3670
5.2585 0.1356 -0.0297
5.1049 -0.0407 3.5829
4.5686 0.5441 0.5938
5.6061 -0.7321 -0.0969
4.9921 0.1891 -0.4630
5.0792 0.1700 0.0671
5.0012 0.0549 -0.0849
5.0749 0.4395 0.6301
5.1083 0.3482 0.3108
5.3056 0.5668 0.2632
5.0006 -0.0271 -0.0469
5.0027 -0.0011 0.2098
4.9178 1.5432 3.4194
5.0706 0.0026 -0.0432
4.9352 0.2426 -0.4699
4.8560 -0.0293 0.1070
5.2264 -0.9519 0.2029
4.7734 -0.4988 0.5064
5.0130 -0.0362 -0.7946
4.8357 0.0481 -0.0592
4.8478 0.0871 0.3679
4.3010 -0.5044 0.4945
4.9191 -3.7080 -1.2723
5.3525 -0.0303 0.9109
5.0073 0.0101 0.3367
4.9816 0.0023 -0.5251
4.9175 0.1085 0.1432
5.0340 0.5719 0.5240
4.9920 -0.0106 -0.1451
4.6877 0.1197 0.5393
5.3541 0.1857 0.3085
5.7818 0.1965 -0.4615
5.0155 -0.0504 -0.5734
4.8010 -0.1551 -0.0842
4.9759 -0.0104 -0.0147
5.2770 0.0966 -0.6582
4.9558 -0.1236 -0.0898
4.9931 0.0131 -0.0992
4.8774 0.0779 -0.0003
5.5281 -0.0547 -0.6349
4.8577 0.1247 0.1179
4.3417 0.3549 -0.3569
5.1183 -0.0762 -0.1807
4.1909 -0.0101 -0.4143
5.0007 0.0020 -0.0057
5.1110 0.0320 -0.2443
5.0368 0.0555 -0.0068
5.0156 0.0454 0.0079
5.1311 -0.2248 -0.1012
4.7175 -0.1596 -0.2717
5.1987 -0.6395 0.2546
4.9726 -0.2040 0.2333
5.1030 0.0853 0.1930
4.9973 0.0117 0.0376
5.5553 -0.2593 -0.6817
4.2461 -0.1330 -0.2046
5.7573 -0.2114 0.4036
4.8050 0.0676 0.2101
4.9905 0.0016 -0.0112
5.2267 0.4545 -0.4503
5.4703 -0.1381 0.1665
4.3494 -0.1570 -0.3587
5.0712 -0.1160 0.2306
5.0098 -0.2487 -0.0358
5.3309 0.2773 0.1160
4.9309 -0.0825 0.1420
5.0089 0.0253 0.0315
5.1342 0.3578 0.8366
4.8846 -0.0198 -0.1318
7.2631 -0.1235 -1.4080
4.8537 0.5022 0.2348
4.9348 -0.3558 0.2174
5.0403 -0.1039 0.0049
5.1504 -0.3184 -0.6221
5.1829 0.0189 0.4514
4.1743 0.2920 -0.3972
4.9737 0.0115 -0.4356
5.0203 0.0483 0.0285
4.7342 0.1000 -0.4258
4.1342 0.1145 -0.0528
4.5653 -0.2053 -0.3267
5.1808 0.0504 -0.1715
4.9855 -0.0524 -0.0395
4.9849 0.0547 -0.0742
5.0751 0.1994 0.3109
5.0038 0.0874 0.0063
4.8064 -0.0004 0.1936
5.4687 -0.1496 0.4316
4.7882 0.1219 0.1020
