-7.737501586685023407e-03 9.894080614450918507e-03
5.824323321009693410e-01 6.425392336439125218e-01
-1.479579260823153108e-01 1.161212419347549402e-01
3.713217933504715795e-03 -1.608193182328536766e-02
-7.698335331928833625e-02 3.179367133939614565e-01
5.280321567700571039e-01 -4.902504179779021420e-01
2.454339439192468608e-01 -1.729183845756914473e-01
-4.091589735483464746e-02 8.657121767932032252e-01
2.707716415312241276e-01 2.998449901222636216e-01
-1.319322763604691140e-01 1.525838495456290356e-01
6.512619787587433651e-01 3.983360313294651567e-01
-1.691005117714536599e-01 6.567042917987461759e-02
6.090031433568509067e-01 -3.877467583534136009e-01
-1.976296215734504313e-01 4.580334283125550021e-01
-1.853640566730663797e-01 -1.568024468618028633e-01
2.334041618210863644e-01 3.289324699983556255e-01
3.301731087567090495e-02 -4.389500087042340071e-01
2.691221923144325734e-01 -3.590305439736770493e-02
-4.301038831385885497e-01 4.096576122828743394e-02
-5.936928796582708473e-02 7.812900656204692096e-01
5.519929518789329359e-01 -5.611726309525534306e-01
6.076968654895636979e-01 4.938933239145783527e-01
2.964812047160377828e-01 -3.179866963790465850e-01
2.531301788661334817e-01 -1.295565117212071626e-01
3.502351877474175340e-02 -1.036907537726605016e-02
6.139943400548448782e-01 1.848058522542288806e-01
4.074010075717688362e-01 -6.267368759421355628e-01
-2.538670681073043611e-01 -8.348945518097911078e-01
-5.674326176166291091e-01 -5.763057713462566012e-01
3.796070223359494511e-01 7.587150702634080091e-01
5.837777195549181952e-01 -5.920011811625950360e-01
6.578697709087284462e-01 -7.020580331227125326e-01
-5.933162246608423285e-01 6.390681678578096214e-01
-4.968016642472548594e-01 1.090459351036239671e-01
8.348029300829412636e-02 2.131845608391312596e-01
-7.023642239241679741e-01 -8.965156415877185286e-03
4.101791477651055007e-01 1.356142721017823127e-01
-1.630826593710420769e-01 1.838201155291548095e-01
1.968158562618818330e-01 -4.063182768761618435e-01
-1.500552253200825026e-01 4.593982211550508982e-02
2.047515569957193138e-01 -6.480950765641331213e-01
3.652999249513063651e-01 6.622824804835386603e-01
-1.187846463715639123e-01 2.115186985972902431e-02
2.000816999538178875e-01 -2.508874749368285029e-01
6.328062342371487681e-01 7.196074538710985902e-01
-5.232878642306287159e-02 -5.466758403343922185e-02
-6.221752719562895217e-01 2.933802456188318586e-01
-1.652089238360531787e-01 -8.540780101223726106e-01
5.291760586491054547e-02 -2.068038316154308109e-01
1.652968596468506329e-02 -3.242545152986611723e-01
5.722204267072018347e+00 1.584306658735444399e-03
4.854456625379254930e+00 6.749800142542713433e-01
4.590473313732773342e+00 -1.963175360375509215e-01
5.119830946311788367e+00 2.428690758023232393e-02
4.130566033382593538e+00 -3.576814241265678929e-01
5.104804241563549283e+00 -6.090100466113654992e-02
5.012595114064805735e+00 -3.350377576488668824e-02
4.894649099430187889e+00 -4.007188597258585783e-01
5.307460660914872896e+00 4.025932965194616853e-01
4.685376928233388583e+00 -8.507036851396043708e-01
5.838945966629033535e+00 3.096628932776627208e-01
5.331249424456225405e+00 -1.952366188944855696e-01
5.718195579428717146e+00 5.866289250410781086e-01
5.501403696739473048e+00 3.188857814488483405e-02
5.888151550863284456e+00 1.078283585671884967e-02
4.222335264349366568e+00 2.291631540356145122e-02
4.745758394401346614e+00 1.503619949179705040e-01
4.942491710104569336e+00 -4.540172241070603715e-02
5.032956826595750499e+00 1.260858061422119869e-01
4.663403031280653366e+00 3.767904475820605392e-01
5.148575738663710766e+00 1.233963627722736017e-02
5.156344204160791200e+00 2.571471830776079215e-01
5.087918149372058885e+00 2.435783707477251481e-02
4.544603849008266749e+00 -2.099969471328939352e-01
5.620797225844833989e+00 -3.474664082182585267e-02
5.689113989887066403e+00 6.707934860934825494e-01
4.755592601140540054e+00 2.572214913452122720e-01
5.023323813964423401e+00 1.111475026290855983e-01
5.479866444194704478e+00 -7.887678576497799687e-01
5.524756901004895582e+00 -4.046203919529094417e-01
4.210387560103040272e+00 5.519931408548131024e-01
5.581153315099677492e+00 -1.273772429372783399e-01
5.366101332244727296e+00 -7.504843524233062446e-01
5.598736104809343139e+00 6.079567445315332552e-01
4.959639970439075896e+00 7.622210977835099099e-02
4.626696152547194352e+00 2.269811109700969332e-01
4.067588239697393249e+00 -2.668679219225011390e-01
5.103553143917554991e+00 -2.784384750374601647e-01
4.751798394006966575e+00 7.381084515956060077e-02
5.415013403115174206e+00 2.363461609483592796e-01
4.997277934185886394e+00 9.683879377311253034e-01
4.449433872844905657e+00 -4.029060605852820554e-01
5.068461834410754818e+00 -2.100025271034388231e-03
4.297367783972532607e+00 -1.678744746462107196e-01
5.115562611672101134e+00 1.434142350306437212e-02
5.208145969381515528e+00 2.012096888707629594e-01
5.096633941657629840e+00 1.713817157044797979e-01
5.530294220607770761e+00 -7.435018324157927072e-01
5.394415139653719216e+00 -2.216549672308681662e-01
4.468827295987304105e+00 -1.064008974352143033e-01
