1.3313 -1.0945
0.6089 -0.0668
0.2011 0.8747
0.4809 -0.1176
-0.4211 0.5086
0.5304 0.4205
-0.0230 0.0528
-0.0786 -0.0227
0.6085 -0.7836
0.2506 0.7307
0.0795 -0.9083
-0.4305 -0.6537
0.9933 -0.0449
-0.1771 -0.1342
0.1990 -0.1166
0.2278 0.3976
-0.9126 1.2542
-0.4483 0.1076
0.3801 0.1309
0.5238 -0.0390
0.2111 0.1572
0.4157 -0.9000
0.5802 -0.0013
-2.0269 -2.9089
0.1190 -0.1746
0.4364 0.5641
0.0640 -0.2831
0.0422 0.0265
-0.1651 -0.4121
0.2411 0.1450
0.2094 0.3420
-1.8053 -0.4279
0.0260 -0.0565
0.1078 0.1686
-0.2043 0.4027
0.1553 0.0461
0.1435 0.1579
0.2981 0.8364
0.5379 -0.6089
0.5916 -0.0153
-0.4156 0.1615
-1.8728 0.3261
0.9277 0.0665
0.6193 -0.5584
0.3480 0.3772
-0.3065 0.7577
-0.3930 0.2569
-2.7945 -2.2693
-0.4322 0.4979
0.3237 0.5684
-0.8994 0.1890
-0.2410 -1.2034
-0.7924 -0.0789
0.0767 0.1581
-0.0952 -0.0134
-0.6545 0.1927
2.2976 2.0106
0.3846 0.1335
0.6432 -0.0760
-0.3363 -0.0440
0.7537 0.5782
-0.6656 -0.0782
1.2050 2.6190
0.1119 -0.1703
-0.9703 -0.1020
0.0616 -0.1092
2.0766 0.6925
1.8750 -2.8354
-0.2200 0.0839
-0.0056 0.0001
-0.0826 -0.1347
-0.7324 -0.7983
-0.2810 0.1915
-0.5696 0.5105
0.5497 0.5461
0.1283 0.0689
0.7873 -1.2226
0.9936 0.0805
-0.3772 0.3324
0.3983 0.3690
-0.2698 0.6665
-0.5349 0.7228
0.1212 0.3932
0.5054 0.4290
-0.2912 0.2405
0.7802 0.3982
-0.8722 -0.2431
-0.0032 -0.4794
0.3260 -0.0521
-2.3457 0.0449
0.1425 -0.6247
0.1987 -0.1355
-0.2770 0.5412
0.0225 -0.0150
-0.4844 -0.1157
-0.0691 -0.0006
-2.5585 -0.0920
0.7810 0.2477
0.0673 0.1245
-0.2567 -0.7162
0.3608 -0.0086
0.3570 0.4543
-0.4571 -0.0008
0.2205 0.0353
0.2808 -0.3643
-0.2929 0.0522
-0.5218 -0.7546
-0.2077 -0.8515
0.0273 0.5849
-0.0380 0.6667
-2.9343 0.8582
-0.5833 0.6019
0.9228 0.1646
-3.3617 0.2492
-0.1146 -0.0591
1.4751 -0.3612
-0.2505 0.0669
-0.3250 0.7439
-0.0336 -0.0187
-0.3299 -0.1278
-0.7644 -0.6466
0.1627 -0.6033
-2.3514 -1.1401
-3.4024 1.0930
0.2356 -0.3478
0.0423 -0.1085
-0.0209 0.0128
-0.8597 0.0163
0.0113 0.0006
-0.1556 -0.5126
-0.1956 0.1559
1.4617 -1.5083
0.1027 -0.0462
-0.3312 -0.4171
0.4827 0.4642
-0.5489 0.2192
1.5704 -2.8747
0.0911 -0.0412
-0.1466 -0.0112
-0.0608 -0.3222
0.0967 0.0041
-0.4450 0.1988
0.0652 0.0794
-0.0001 -0.0016
0.1097 0.7031
0.8574 -0.3989
-0.4131 0.0044
-0.7376 -0.1850
-0.1990 0.1144
-0.5002 0.5482
0.4511 0.5307
0.0004 -0.6109
-0.2017 -0.3365
0.5921 -0.3092
0.0414 -0.0782
-0.3119 0.2626
-0.1899 0.0362
-0.7161 0.4114
0.4382 0.7468
-0.8856 -0.2487
0.1945 0.3038
0.2720 0.3189
-0.1563 -0.3797
-0.2772 -0.3568
0.0294 -0.0124
0.8523 2.6825
-0.3658 0.7085
-0.1715 0.2409
-0.8099 -0.2396
0.5623 0.3583
0.9916 1.1095
-0.1448 -0.4382
-0.2454 0.7336
0.2688 0.0709
1.7311 -0.9011
-2.1441 2.0184
0.3768 0.5801
-0.7975 0.2759
0.1311 0.2781
-0.3020 -0.4860
-0.2996 0.4056
-0.0358 -0.3183
-0.3184 -0.4281
-0.2179 -0.5448
-0.0498 -0.1880
-0.1164 -0.4593
-0.9218 -0.1653
-0.1670 0.1914
0.0217 -0.0658
0.1017 0.5691
0.0118 -0.0192
0.2187 0.4934
0.1201 0.0044
0.1723 0.2298
0.1767 -0.0108
-0.1298 -0.2974
-0.4012 0.1662
-3.0107 -0.4892
-2.9229 0.8094
1.3416 -1.8975
