-0.0305 0.0181 0.0334
0.5766 -0.6031 0.0035
-0.0323 -0.0933 -0.1978
-0.0212 -0.0008 0.0431
-0.1607 -0.1318 0.2581
-0.0600 0.4933 0.2258
-0.0120 0.6829 -0.4960
-0.0045 0.0033 0.8327
-0.6936 0.4124 0.9953
-0.0587 0.0125 0.3847
-0.0475 0.0912 0.4639
0.0073 -0.0014 -0.0096
-0.0344 0.6890 0.1017
0.8286 -0.2739 -0.4205
0.0215 -0.5202 0.4188
0.0075 -0.0095 0.3848
0.1137 -0.0099 -0.4916
0.3922 -0.3971 0.7005
0.0568 0.0348 -0.9605
0.5047 -0.3585 -0.4440
0.0730 -0.0689 -0.5684
0.1526 -0.1045 -0.9131
0.0585 -0.5317 -0.3116
0.1160 -0.1560 -0.2951
0.0518 -0.3156 -0.4381
0.1695 0.0240 0.4136
0.8033 -0.0274 0.2752
-0.2248 0.3654 0.6119
0.0403 0.1083 0.6355
0.2677 -0.4043 0.7556
-0.2346 0.8696 0.1502
0.4632 -0.0512 -0.1956
-0.2670 0.1078 -0.0615
-0.5570 0.6548 -0.0512
-0.9375 0.0602 -0.9062
-0.0316 -0.0204 0.3547
-0.4871 0.4978 -0.0877
0.5451 0.7349 -0.0443
-0.5537 -0.1849 -0.1644
0.1771 -0.2218 0.1265
-0.0688 -0.0408 0.5677
0.3759 -0.0803 -0.0296
0.0818 0.1592 0.8510
0.0254 -0.0393 0.4686
0.1713 0.8953 0.3240
-0.3546 0.3261 0.3449
0.4383 -0.1062 -0.5032
0.8175 -0.2447 0.1545
-0.6283 0.3483 -0.1234
0.0032 -0.0334 0.0333
0.2390 -0.4973 -0.8057
0.4521 0.2469 -0.5011
0.0197 -0.0101 0.7539
-0.2605 -0.1832 1.3582
0.8007 -0.1347 -0.4171
-0.1578 -0.1113 -0.1888
-0.0099 -0.5082 -0.3025
-0.1101 -0.1193 -0.0813
-0.1074 0.0796 0.7036
-0.1721 -0.2930 0.0684
-0.0248 -0.0078 0.4073
-0.2352 0.1691 -0.5453
-0.0991 -0.0981 0.8453
-0.0024 0.0087 0.0428
0.0192 -0.2822 0.2776
0.1889 -0.7964 0.0922
-0.2360 0.1558 -0.4609
-0.1209 0.1936 -0.0119
-0.0277 -0.1672 -0.3031
-0.3369 -0.0556 -0.2379
-0.1840 -0.0718 0.4744
-0.2061 0.0128 0.6606
0.1217 -0.1774 1.3019
0.1780 0.0929 0.2740
0.7665 0.1655 0.1456
-0.0248 0.0647 -0.1296
0.1166 0.1381 -0.3705
0.0583 -0.0608 -0.0917
0.2854 0.3529 -0.0193
-0.1410 -0.2164 -0.3163
0.5717 0.0941 0.5894
-0.4756 0.0224 0.0356
0.0067 0.1163 0.1637
0.0043 0.3324 0.0300
-0.4384 0.3690 0.4058
0.6446 -0.3264 -0.2822
0.4096 0.1973 -0.6625
-0.2855 0.1062 -0.7500
-0.0656 -0.3688 -0.3024
-0.3907 -0.0414 -0.8439
0.2556 0.1789 0.3135
-0.4827 0.2624 -0.1258
0.1408 0.0002 -0.3857
0.0759 0.3588 -0.2862
-0.0387 -0.0626 0.0701
-0.0144 -0.0358 -0.0729
0.0655 -0.6538 -0.4814
0.0692 -0.6653 0.6623
-0.0754 -0.0394 0.6343
-0.1101 0.0707 0.0655
-1.1838 0.0656 0.7189
-0.0007 0.0188 -0.0452
-0.0283 0.8806 0.1627
-0.0968 -0.0414 0.3723
-0.0858 0.0667 -0.0972
0.1089 0.3453 -0.0918
0.6193 0.3224 0.4125
0.0916 0.0415 0.0888
-0.2246 -0.4196 0.1949
0.5646 0.2254 0.4218
-0.3420 0.2538 -0.6558
-0.8265 -0.3741 0.2275
-0.2078 0.3485 0.1363
-0.5342 0.6242 0.1007
-0.0081 -0.0063 -0.0011
-0.0971 0.1953 0.8910
-0.0913 -0.0787 -0.2874
0.0336 0.1385 0.2424
-0.0053 0.0321 0.8206
-0.0424 0.2356 0.0672
0.1628 0.2337 -0.9049
-0.2097 0.1144 0.3897
-0.4308 -0.7449 0.0963
-0.0416 -0.0351 0.4355
-0.4381 0.1515 -0.7987
-0.4193 0.7757 0.8183
0.0624 0.2986 -0.7339
-0.1240 -0.0677 -0.8629
0.0336 0.0876 0.9787
-0.0049 -0.0025 -0.0046
0.4356 -0.2835 0.0272
-0.0158 0.0529 -0.0604
0.6654 -0.4316 -0.0569
0.0660 0.1570 -0.0691
0.4800 0.1944 1.6154
-0.0253 -0.0474 0.9285
-0.2961 -0.4560 -0.4171
0.0138 -0.0417 -0.3554
0.1103 -0.4899 0.1198
0.0709 -0.1406 0.5935
0.2777 0.5147 -0.1514
-0.8146 -0.4922 0.2327
-0.8701 -0.3217 0.2039
0.2137 0.2902 0.5991
0.2977 0.1969 -0.2218
-0.6565 0.6519 -0.0069
0.1304 0.0671 -0.4473
-0.1507 0.2201 -0.3089
-0.0020 0.0006 0.0708
-0.0999 0.0633 -0.0058
0.4538 0.2673 -0.3146
-0.9571 -0.1615 -0.0888
-0.5378 0.0956 0.2199
-0.1200 0.1314 -0.1010
0.0550 -0.0498 -0.0056
-0.4206 -0.2727 0.7087
-0.4696 0.3911 0.1827
-0.0249 0.0277 -0.2503
1.2967 0.6897 -0.5985
0.0008 0.0121 0.0036
0.0466 0.0310 -0.4999
0.1999 0.1164 0.1242
-0.7828 -0.2929 0.1992
-0.1873 -0.3052 -0.5110
-0.0307 0.0933 0.2060
-0.0013 0.0123 -0.0992
0.0048 -0.0162 0.0906
-0.0647 -0.5458 -0.1550
0.3683 0.8308 0.0122
-0.3618 0.1500 -0.0406
-0.2446 0.0079 0.7045
0.1157 0.0092 0.6186
-0.3357 -0.6433 0.2460
-0.0796 0.2762 0.1663
-0.3886 -0.0156 -0.9062
-0.0441 0.7407 0.4866
-0.5346 0.1339 0.7429
-0.2291 -0.0224 0.0759
0.0301 -0.0437 -0.1298
-0.1157 -0.1594 -0.5514
-0.0130 0.0863 -0.0116
0.1993 0.3583 -0.0431
0.0006 -0.0087 0.9157
-0.3751 -0.2840 0.2489
0.3426 -1.1649 -0.1762
0.0821 -0.0826 0.1224
0.0649 0.0715 0.2337
0.4621 0.2198 -0.1328
-0.1610 -0.4114 0.3535
-0.2759 0.0389 -0.1248
0.0815 -0.1061 0.0833
0.2148 0.8997 0.0258
0.5003 0.1262 -0.2764
-0.6814 -0.3349 -0.0184
0.2516 0.0712 0.4548
0.7651 0.6359 0.1503
0.0001 -0.0117 -0.0701
0.0192 -0.0129 -0.0064
-0.2474 0.1902 -0.5083
0.0806 -0.3406 0.5928
-0.0240 -0.0339 0.4080
0.4727 0.3729 0.1326
-0.0648 -0.0053 -0.0671
0.0770 0.0292 0.0069
0.1609 -0.0325 0.0387
-0.2869 0.0497 0.1724
-0.0038 -0.0496 0.0334
0.0045 -0.0378 -0.0066
0.1658 -0.5869 -0.6444
0.5406 -0.3502 0.0447
0.0250 0.1760 -0.8671
-0.4431 0.0370 -0.0305
0.5882 -0.0659 0.3125
0.2132 0.3698 -0.5277
0.0003 0.0006 -0.1813
0.0026 0.0905 -0.2587
-0.7450 0.0968 0.3771
0.0876 0.0566 -0.1402
-0.4608 -0.2939 0.1614
-0.0992 0.6952 0.4217
0.2336 -0.0073 0.0310
0.1748 1.3955 0.7151
0.0862 -0.0194 0.2027
0.4750 -0.1440 0.5159
-0.1870 0.6558 -0.1376
-0.5042 -0.0778 -0.8385
-0.3313 -0.3530 0.0370
0.2245 -0.0322 -0.6311
-0.1384 0.0205 -0.8089
0.1620 -0.6383 0.0920
-0.0580 -0.0826 -0.4189
-0.3237 0.4021 -0.0848
0.0595 0.1957 0.2028
0.0584 -0.0531 0.1567
-0.0092 -0.0053 -0.0014
0.1479 0.7987 -0.0023
0.0297 0.1988 -0.5839
-0.0001 0.0001 -0.0003
-0.0641 0.0852 -0.2345
0.2073 0.1347 0.1542
0.1996 -0.6573 -0.1699
-0.0166 -0.2597 0.1350
0.0025 -0.0127 0.0227
-0.1426 0.0882 0.1706
0.5183 -0.2309 -0.5217
-0.1291 -0.2311 0.0187
0.5060 0.2921 -0.1640
-0.0016 0.0132 -0.0461
-0.0039 0.0109 0.1227
-0.4719 -0.4466 -1.0997
-0.2099 0.0934 -0.0145
-0.5916 -0.4957 0.3147
-0.2351 0.0002 0.0683
-0.0578 0.0352 0.5784
-0.1252 0.2996 0.0522
0.0463 -0.3968 -0.1400
0.2673 0.3924 -0.3264
0.5711 -0.2147 -0.6717
-0.1977 -0.3180 0.6536
-0.1089 0.0883 0.1213
-0.1236 0.0855 -0.5314
-0.0837 -0.0734 -0.2439
0.1342 0.4685 -0.4293
0.0466 0.5450 0.7242
-0.2181 -0.1287 0.8509
-0.1329 0.0265 0.1946
0.0881 -0.0930 -0.1258
0.3659 0.3034 -0.1516
-0.0562 0.0516 0.3315
-0.2055 -0.0735 -0.6045
-0.1128 -0.8194 0.1946
-0.0611 -0.6038 0.2560
0.2202 -0.5373 0.4888
0.8415 0.2378 0.3383
0.3436 0.5982 0.1668
-0.1358 -0.9429 0.0270
0.1364 0.4186 -0.4004
0.1785 0.0754 0.5497
-0.0977 0.0873 -0.6711
0.0102 0.0094 0.0275
0.1688 -1.3601 -0.5415
-0.2038 -0.3772 0.5732
0.7034 0.9486 -0.4134
0.1153 -0.5464 0.3101
-0.0421 -0.8528 0.0262
0.1591 0.8905 -0.0826
0.0083 0.0943 0.6070
0.5231 0.0894 0.0147
0.0037 -0.0551 -0.8036
-0.4330 -0.8404 0.6462
0.3343 -0.2661 0.4886
0.3773 -0.4781 0.1327
0.4487 -0.1825 -0.1870
0.0608 0.2130 0.6238
0.0197 -0.1090 0.0478
0.4910 -0.0055 0.1323
0.0244 -0.0012 -0.0480
0.1017 -0.0009 1.0031
-0.2146 0.1273 0.2585
0.1048 0.1335 0.0878
-0.0399 0.4760 -0.1189
-0.2918 -0.2434 0.6179
-0.2409 0.5544 -0.0423
-0.1182 -0.4451 -0.3833
-0.5196 0.4433 -0.5253
0.0865 -0.3310 0.9322
0.4871 0.1438 0.1749
0.1823 0.8428 -0.4657
1.5017 -0.6223 -0.2433
-0.4331 0.0854 0.0733
0.0064 0.0749 0.1804
-0.6290 -0.1816 0.6878
0.0401 -0.0137 0.6491
-0.3037 0.2875 -0.1100
-0.1079 -0.1772 0.0009
-0.5450 0.1788 -0.4577
0.1551 -0.2448 -0.3387
-0.8812 0.2333 0.4042
-0.0539 -0.3008 0.2464
0.1439 0.0684 -0.5112
-0.4437 0.1406 -0.4503
0.2169 -0.0675 0.1117
0.0717 -0.2870 0.5444
0.8218 -1.0373 -0.9589
0.0087 0.3390 -0.0327
0.0905 0.2131 0.2421
0.0073 -0.0017 0.0059
0.0347 0.0050 -0.0086
-0.4644 -0.1039 -0.5113
-0.1558 -0.1705 -0.5122
-0.4894 0.5060 -0.0190
0.4128 -0.7423 -1.2945
-0.4515 0.5535 0.2614
0.2590 0.0409 -0.8495
0.4694 -0.7986 0.2163
-0.6017 -0.4676 0.4980
-0.0924 -0.0434 0.0850
0.0761 0.3082 -0.5509
-0.1117 0.0241 0.1957
0.0503 -0.0596 -0.0774
0.6408 0.3379 0.0301
-0.2239 0.1378 0.7172
-0.4795 -0.0669 0.0666
0.0811 -0.2865 0.2384
-0.0903 -0.1943 0.0453
0.2810 -0.3208 -0.0360
0.1222 0.4215 0.2681
0.0109 -0.0278 0.9142
0.1188 -0.7752 0.3352
0.0904 -0.5207 0.3573
0.0208 -0.0473 -1.1432
-0.3504 0.1156 -0.5527
-0.0032 0.1089 -0.6649
-0.0479 -0.5138 0.4524
-0.1602 -0.2103 -0.4553
0.0202 -0.2197 -0.0687
-0.1149 0.0992 0.1320
0.5273 -0.2667 -0.5128
0.1439 -0.1643 -0.2304
0.2879 0.3174 -0.8007
-0.0445 -0.3721 0.5787
-0.5146 0.6214 -0.5633
0.2062 0.0253 -0.1487
0.2458 -0.1580 0.2076
0.3032 0.0788 0.1770
0.0391 -0.5065 0.0712
-0.1951 -1.1109 0.4724
-0.0379 0.0121 -0.0280
-0.0154 0.0015 -0.9161
-0.5650 0.1984 0.4647
-0.3267 0.1850 0.1929
-0.4843 -0.0743 -0.5534
0.4055 0.1600 -0.4057
-0.1089 -0.1596 -1.5645
0.0004 0.0011 0.3051
-0.0167 0.0000 0.1448
-0.3797 0.0639 -0.2250
0.0820 0.0187 0.6323
-0.3140 -0.1934 -0.0477
-0.0942 -0.3298 0.4851
0.4488 -0.6895 0.0324
0.2346 0.1695 0.4671
0.7762 0.2818 0.1901
-0.0039 -0.2769 -0.0783
0.0078 0.0011 -0.0066
0.0032 -0.1089 -0.2726
0.6364 -0.0949 0.5262
0.4300 -0.0801 0.6090
-0.1067 -0.0122 -0.1321
0.1953 0.2504 -0.7407
0.0058 0.0055 0.0210
-0.2295 0.1794 0.0028
0.0221 0.0005 0.1628
0.3593 0.6105 0.1653
0.1816 -0.2807 0.2723
-0.2389 -0.0295 0.2636
0.0089 0.1885 -0.2447
-0.0816 0.0666 -0.3646
0.0602 -0.3297 -0.3629
-0.0551 -0.1221 -0.4738
-0.3132 0.4579 0.4393
-0.1293 0.4797 0.5476
-0.0214 0.0083 -0.0023
-0.0229 -0.0364 0.2054
0.3931 -0.0341 0.7166
0.1371 0.2106 -0.0150
0.0548 0.0697 0.7171
0.3419 -0.1997 0.6112
0.1297 -0.3561 0.0026
0.1851 0.5762 -0.4747
-0.4592 0.2469 0.4025
0.3541 -0.2024 -0.1083
0.3073 -0.1968 0.5224
-0.4660 -0.0540 -0.0805
0.0764 -0.0330 0.0874
0.0033 0.0054 -0.2750
0.6954 0.3949 -0.1078
0.0526 -0.0496 -0.2346
0.0456 -0.0187 -0.4349
-0.6242 0.4918 0.1895
0.1145 -0.9760 -0.1051
-0.4038 0.5492 0.1486
-0.7532 -0.0791 -0.4851
0.4434 0.7539 -0.4465
-0.0809 0.0267 -0.0354
-0.0025 0.0145 -0.7361
0.1818 0.4051 0.4120
0.1472 0.2392 0.2874
0.5391 -0.3986 0.3008
-0.3677 -0.1198 0.7772
-0.0917 0.0476 -0.6112
0.2618 -0.1684 -0.5975
-0.4278 -0.5684 0.0441
-0.4486 0.1288 -0.7962
0.6302 -0.1344 0.2166
0.1735 0.0315 -0.0237
0.1849 -0.3301 -0.0863
0.8121 -0.0938 -0.7070
0.0271 0.0513 -0.0334
0.4553 -0.3450 -0.0674
0.0945 0.0252 -0.4435
-0.6159 -0.6754 -0.4054
0.5243 0.5226 -0.5719
0.1977 -0.1562 -0.0290
-0.1042 0.0626 0.1170
-0.1092 -0.3083 0.1018
-0.0221 -0.0126 -0.1541
-0.0576 -0.0102 -0.0693
-0.4388 0.0986 0.2755
0.8274 -0.8996 1.0534
-0.0575 -0.0011 -0.0440
-0.0035 0.0505 -0.9177
-0.6418 0.4300 -0.2269
0.2250 0.0013 0.1915
0.5486 0.3622 -0.0446
0.0390 -0.0277 -0.1781
0.0833 -0.2618 0.1751
-0.1241 0.0741 -0.1229
-0.5763 -0.4346 0.3694
-0.0323 -0.0591 -0.3724
-0.4075 -0.1830 -0.8309
-0.1039 -0.0254 -0.0529
0.5516 0.1150 -0.1701
-0.0055 0.0042 -0.3258
-0.0045 -0.0857 0.4772
-0.3657 -0.6104 0.4376
-0.1413 0.1238 0.0096
-0.1500 0.1800 0.2918
0.1884 0.7432 0.1875
-0.0056 0.0015 -0.8963
-0.1437 -0.3483 0.7396
-0.2828 -0.1445 0.2643
-0.0498 -0.0890 -1.2833
-0.1920 0.0131 0.2986
0.0667 0.3092 -0.8285
-0.1438 0.1297 -0.2397
0.0686 -0.0931 -0.5097
-0.2434 0.0538 -0.6292
0.1174 0.0917 0.4951
0.7314 -0.5227 -0.2087
-0.0486 -0.7479 0.0194
0.1476 -0.5330 0.5341
0.0067 -0.2139 0.5269
-0.0022 -0.0459 0.2294
0.3953 -0.0061 0.8752
-0.0813 0.2876 -0.3894
-0.4132 0.0392 -0.5675
0.0466 -0.0201 -0.7675
-0.2966 0.2384 0.5954
-0.0377 0.0922 0.1205
-0.0387 0.5512 -0.0375
0.0055 -0.0200 0.1771
-0.3254 0.5544 0.0458
0.4920 0.2169 0.0656
0.0157 0.0642 0.6179
0.5707 -0.1435 0.8056
0.0532 0.0123 -0.1682
0.1098 0.4878 0.5403
-0.0449 -0.0197 -0.9874
0.2582 0.1958 0.2537
