0.0008 0.0002 -0.0092
0.2339 -0.3891 0.0489
0.1908 -0.3612 0.1262
-0.3135 -0.0556 -0.8784
0.1380 -0.6635 0.2161
-0.0230 0.0150 -0.0032
-0.4760 0.0939 -0.6073
0.3173 0.5762 -1.6894
-0.1392 -0.2236 -0.6245
-0.1103 -0.0740 -0.1773
0.1797 -0.1445 0.0377
-0.0547 -0.2998 2.4169
-0.1498 -0.6369 0.4383
0.0018 -0.0031 0.0105
-0.0003 -0.0000 0.1083
-0.1898 -0.0190 0.0835
0.2721 -0.5646 0.0454
0.0361 -0.0625 -0.9609
-0.0298 -0.2023 0.6161
-1.0789 -0.1628 0.2826
0.7232 0.3888 0.3874
0.1425 0.0624 -0.2829
0.1700 -0.1735 0.3741
0.3008 -0.0418 0.0899
-1.3238 0.7164 1.7314
0.0753 0.8286 0.3977
0.3805 -0.0809 -0.6523
0.0005 0.6138 0.4156
0.1196 -0.0280 0.1906
-0.2315 0.0120 0.0852
