0.1775 1.6223
-0.6727 -0.1333
-0.6050 0.7058
-0.0296 0.6450
-0.2390 -0.5880
0.6830 -0.1080
0.3119 -0.2681
0.3802 -0.3323
0.1994 -0.0229
-0.7472 0.1408
-0.1306 -0.0766
-0.0822 0.2349
0.2532 -0.0381
-0.1127 0.0054
0.2626 0.0754
-0.4717 -0.3319
-0.8000 0.1546
0.5993 0.3026
0.3700 -0.0914
-0.7574 0.6266
-0.1627 -0.1239
0.0071 0.0121
0.5224 -0.2875
0.6062 0.1041
-0.5603 -0.7779
-0.0298 0.8661
0.0559 0.3489
0.2347 -0.4493
-0.0362 0.2276
0.1527 -0.8615
-0.0395 0.8236
-0.5600 -0.3851
0.5246 1.4602
0.0280 0.2976
-0.1703 0.1901
-0.5923 -0.1890
-0.8448 -0.0697
-0.1910 0.1702
1.2230 -0.7300
-0.7588 0.6032
-1.2614 -0.4859
-0.0592 0.0251
0.1312 -0.1602
-0.0441 0.1721
-0.7244 -0.3995
-0.0948 0.2283
-0.2833 0.3325
0.4263 0.1256
-0.3797 0.0754
0.3652 -0.9073
-0.2919 -0.1053
-0.4599 0.6675
0.7151 0.1613
0.0918 -0.8632
0.0508 -0.8228
-0.1107 -0.4552
0.9072 0.1443
0.4943 -0.2103
0.0558 -0.0056
-0.3163 0.8757
-0.5171 0.2562
-0.1887 -0.1765
0.4431 -0.5941
0.0275 0.0928
-0.1141 -0.8132
-0.7299 0.3944
0.0001 0.7767
0.7506 0.1754
-0.0134 0.2572
-0.8242 0.3658
-0.4484 0.0711
-0.1278 0.9126
-0.0156 0.0222
-0.4025 -0.1975
-0.0730 0.6795
0.0690 0.2592
0.0612 0.4826
0.5961 -0.5058
0.1707 -0.0246
0.0122 0.0338
0.9148 -0.2330
-0.7596 -1.4298
0.4510 0.8428
-0.2835 0.0888
0.7747 -0.3418
-0.2317 -0.5425
0.4429 0.2147
0.2685 0.5179
0.0853 -0.9923
-0.3948 -0.8949
-0.1270 0.0032
0.2733 0.1239
0.5962 0.4786
-1.3371 -1.0439
0.1317 0.1283
-0.0011 0.0003
-0.1799 0.7531
-0.7100 0.0250
0.0813 0.7666
0.6264 0.6045
-0.5633 0.8459
0.0554 0.0340
-0.2421 0.9067
-0.5521 0.5284
-0.1797 0.7612
0.8390 0.3715
0.5512 0.0491
0.5814 0.3039
-0.8753 0.0043
-0.1783 0.7511
-0.1478 0.0586
0.0777 -0.7700
0.1134 -0.6881
0.8696 -0.3174
-0.3651 -0.9062
-0.5710 -1.4314
0.4040 0.7780
-0.0079 0.0097
-0.0010 0.2025
0.0875 -0.0761
-0.6452 0.0791
0.7925 1.4510
-0.2654 0.4380
-0.3295 0.3787
0.8223 0.6021
-0.1082 0.8098
1.2924 -0.9316
0.5931 -0.7381
0.7584 1.0868
-0.0483 -0.5540
0.2414 0.1001
0.9084 0.3917
-0.0819 -0.9531
-0.7838 0.1842
-0.5505 -0.2210
0.0709 -0.1491
0.6871 -0.1110
0.0637 -0.0939
-0.1306 -0.6809
0.1272 -0.6919
0.2309 -0.3106
1.3528 -0.5131
-0.0901 -0.1465
0.2418 -0.1997
1.0510 1.0015
-0.4916 -0.6690
0.4356 -0.0594
0.4632 -0.6763
-0.3732 -0.7402
-0.2234 0.1263
0.6675 0.6454
-0.9350 0.2666
-0.6608 -0.5683
-0.1928 -0.1955
0.0509 0.0026
-0.2681 0.8218
0.5636 0.0437
0.2667 0.9386
-0.0325 -0.2690
-0.0221 -0.5511
-0.5361 0.3591
0.4542 -0.1428
-0.2169 -0.2335
-0.3535 0.0739
0.0041 -0.6920
-0.5771 0.7742
-0.3446 0.4001
0.3725 -0.1723
1.5142 0.6168
-0.2556 -0.0337
0.0981 0.0983
0.1154 1.1110
0.0525 0.0190
-0.4232 -0.6469
0.0593 0.0438
-0.1649 0.3965
1.1225 0.7345
0.0548 -0.1783
0.0043 0.2288
-0.0868 -0.1564
-0.2580 -0.0505
-0.3846 1.0656
-0.0724 0.1863
0.5413 -0.5591
-0.0150 0.0100
-0.0110 1.3416
0.0489 0.1623
-0.3816 -1.5908
0.0617 0.9723
0.3780 -0.3326
0.3835 0.0801
0.5921 -0.2484
-0.7426 -0.1017
0.4492 0.0262
0.1093 0.1933
-0.0354 -0.0169
0.5051 0.0179
-0.0187 -0.6901
-0.0277 -0.0637
-0.8243 0.2376
