-0.0833 0.1047 0.3334
-0.1301 0.3012 0.2561
-0.3348 0.3411 -0.5205
-0.0004 0.0047 -0.0517
-0.0751 0.2272 -0.3967
-0.0192 -0.2480 0.5810
0.6024 0.5965 0.3578
0.0815 -0.2844 -0.6199
0.0050 0.0199 0.3609
0.0447 -0.0238 -0.1159
-0.3023 0.1296 -0.0782
0.0490 0.0145 -0.8127
-0.5183 -0.3798 0.4266
0.3923 -0.2650 0.6657
-0.0604 0.2361 0.0457
0.1362 -0.0382 -0.0870
0.4016 -0.3513 -0.8363
-0.1505 -0.8061 -0.1924
-0.3899 0.0847 -0.5387
-0.0848 -0.1043 0.1739
0.6330 0.4226 0.3832
-0.0223 0.1519 0.7403
0.0163 -0.0597 -0.1737
0.3963 -0.6117 -0.2640
0.5103 0.0873 0.7981
0.3591 0.0174 0.2650
-0.0954 -0.1086 -0.0940
0.1454 -0.1074 -0.0303
0.2086 -0.1819 0.3436
0.1777 0.1802 -0.6668
