-0.4077 -0.0324 -0.3122
0.0829 -0.3384 -0.1448
-0.3136 0.9896 2.1204
0.6088 -0.6056 -0.3013
0.0848 0.0229 -0.0739
0.1936 0.2201 -0.4738
-0.0462 0.0117 0.0924
0.0596 -0.4010 0.8962
-0.0180 -0.0206 -0.0159
0.0648 0.0107 -0.8317
0.0011 0.0004 -0.3601
0.5141 0.0161 0.6484
-0.0163 0.0435 -0.0527
-0.1279 -0.0010 -0.5743
0.2847 -0.6345 -0.5763
0.3799 0.0802 0.1236
2.2557 0.0645 0.7629
-0.4248 0.0609 -0.0480
0.0887 -0.1416 0.1438
0.1402 -0.2503 -0.0711
0.0142 -0.5104 0.2562
-0.0822 0.2665 -0.5653
-0.3400 -0.4484 0.7175
0.0323 0.0059 0.0427
-0.0020 0.0008 0.6602
0.6613 -0.0318 0.5327
-0.0422 0.0024 -0.0290
-0.0546 0.3659 -0.6210
-0.0013 0.0309 -2.3489
-0.1519 0.0059 -0.0634
0.3245 0.4265 0.3269
-0.0127 0.0033 -0.1523
0.4472 0.1535 0.7671
0.2882 -0.1492 1.2043
0.6171 -0.0458 -0.1471
0.2899 -1.1352 0.0629
0.0896 0.0270 -0.7787
0.0012 0.0007 0.0070
-0.5092 -0.6010 -0.1443
-0.0110 -0.0280 -0.0799
-0.8197 0.5091 -0.1947
-0.0390 -0.0619 0.6929
-0.0736 -0.0028 0.0306
0.0308 -0.0133 -0.5552
-0.8192 -0.1578 0.2202
-0.1710 0.1355 0.1805
0.1856 -0.0957 -0.3104
-0.0124 -0.0203 -0.0801
-0.0048 -0.0070 -0.0090
-0.2463 -0.4419 -0.2369
-0.0002 0.0005 -0.0713
0.4158 -0.4386 -1.0558
-0.3204 -0.2569 -0.0875
-0.4135 -0.4363 -0.0200
-0.4081 0.4506 -0.6711
-0.0790 0.2167 -0.6811
-0.0094 -0.0195 0.0217
0.1397 0.0688 -0.0309
-1.1914 -0.3897 1.3373
-0.2897 0.1792 -0.6555
-2.0363 -1.1735 0.5137
-0.1323 -0.3856 -0.5560
-0.1265 -0.0428 0.1301
-0.2327 0.0250 -0.9642
-0.0007 -0.0002 -0.0417
-0.2464 0.6816 -0.0408
-0.1195 -0.1471 -0.6069
-0.3643 -0.4040 -0.6444
0.0324 -0.0258 0.1482
-0.0164 -0.0460 0.2265
-0.4519 -0.5625 0.5688
-0.1910 0.1137 0.4792
0.2375 -0.6992 -0.3405
0.0165 -0.0181 -0.3413
0.0940 -0.2954 0.4820
0.3935 -0.2521 -0.1246
-0.0020 0.0004 0.0006
-0.5373 -0.0736 -0.0153
0.1012 0.1752 0.5252
-0.1781 0.0010 -0.3346
0.0028 0.0001 0.0127
-0.1083 -0.1064 0.9059
-0.0815 -1.9041 1.3379
0.0695 0.0081 0.9882
0.5682 -0.0879 0.1241
0.1190 0.0244 -0.3756
0.1292 -0.6981 0.0082
-0.3317 0.4381 -0.1920
-0.5466 -0.4807 -1.0215
-0.0500 0.4135 -0.0083
-0.2382 -0.1257 -0.0436
-1.1220 -0.6617 -1.9501
-0.0336 0.0089 0.4165
-0.0099 -0.0573 -0.0094
-0.3222 0.0710 -0.0048
-0.2937 0.2868 -0.2108
0.3421 -0.5920 -0.3987
-1.6411 -0.1222 0.1227
-0.6483 0.6100 -0.3186
-0.4058 -0.1066 -0.6594
3.7683 0.3309 0.3325
3.4535 0.2603 0.4635
3.7349 -0.0812 0.7952
3.6185 0.8520 -0.0558
3.9817 0.0421 -0.1555
2.7330 -0.1129 -0.1263
3.9080 0.0601 -0.2449
3.8871 0.0766 0.3644
1.4629 -1.0195 1.3586
3.4177 -0.1550 0.1354
3.4951 0.0212 -0.0043
3.3854 -0.0131 0.0115
3.3175 -0.1322 0.8969
3.5011 0.0104 0.0189
3.3980 -0.1765 -0.0715
3.5477 0.0132 -0.0547
2.8292 -1.9405 -0.2045
3.2499 0.3582 0.2927
3.0762 0.4774 -0.6414
3.4428 -0.4070 0.8412
3.4389 0.2464 -0.3421
3.0508 0.6417 -0.4261
3.4989 0.0740 0.3477
3.6125 -0.1044 -0.1277
3.5188 -0.0408 -0.5818
3.5836 -0.0510 -0.5211
3.2008 -0.0230 -0.2965
3.5586 -0.0223 -0.0034
3.6974 -0.3142 -0.8395
3.2609 -0.0138 -0.5777
3.4834 -0.1512 0.4395
3.3094 -0.0481 0.0264
3.4522 -0.3486 0.1098
3.4731 0.0245 -0.0281
3.5463 0.0059 -0.0553
3.6553 0.4340 -0.2073
3.3498 -0.1972 -0.1598
3.4033 -0.1168 -0.0079
3.1197 0.2025 0.2025
3.4453 0.1459 0.2924
3.9906 -0.7718 -0.1826
3.0732 -0.5933 -0.1285
3.4384 -0.0196 -0.1188
4.1465 0.8447 0.7814
3.6164 0.1172 0.1205
3.6794 -0.2587 -0.6987
3.4208 0.0154 0.0591
3.6727 -0.1118 0.4685
3.6398 0.5162 -0.0977
3.0444 -0.0853 0.4778
3.4508 -0.3023 -0.5460
3.5572 0.3722 -0.0940
3.5040 0.0079 -0.1282
2.9665 0.3287 0.2017
2.8844 -0.0893 -2.2249
2.6789 -0.2167 0.0133
3.4368 0.6043 -0.2909
3.4140 0.0003 -0.0844
3.1402 1.1139 -1.0004
3.5550 0.1573 -0.3536
3.3421 0.2172 -0.2352
3.5828 -0.0200 0.2856
3.5362 0.0490 0.8382
3.2191 -0.0016 -0.5977
3.5386 -0.2121 0.0363
3.3139 0.3124 0.4700
3.5235 0.0337 0.0821
3.4695 0.0070 -0.0395
5.2167 0.4748 -1.5724
3.0440 0.1722 0.0508
3.2108 -0.5844 -0.1794
3.5447 -0.2500 0.2487
3.1493 -0.2826 0.7434
3.7297 0.0362 0.9601
3.2833 -0.6209 0.1101
3.0162 0.2334 0.5132
4.2859 0.5319 -0.2590
5.1837 0.8776 -0.2163
4.1699 0.3363 0.3483
3.0675 -0.4599 0.5193
3.4106 0.2439 0.2900
3.3970 0.2256 -0.6283
3.4894 -0.0076 0.0412
3.5468 0.0471 0.0392
3.6785 -0.2397 -0.4164
4.0334 -0.8650 -1.8512
3.3555 0.0309 0.0512
3.4964 0.1219 0.1812
3.4634 0.0319 -0.9773
3.1613 0.2114 -0.0363
3.4398 0.1176 0.1217
3.8592 0.1399 0.6142
3.4888 -0.1004 0.5632
2.8921 -0.3000 -0.5835
3.2369 0.0368 0.2911
3.6029 0.0155 -0.0082
3.3295 0.1448 -0.4695
3.2289 -0.4115 -0.3826
3.6214 -0.2008 -0.8476
3.4422 0.0773 -0.0193
