-1.4695 0.9102
-0.2544 -0.0705
-0.1213 -0.1631
-0.2000 -0.0323
-0.5590 0.5164
0.5635 -0.1151
-0.0062 -0.1558
0.2396 0.3834
0.8436 0.4506
0.1327 -0.5079
-0.0616 -0.1524
-0.6176 -0.6314
0.0336 0.8045
-0.1743 0.3366
-0.2157 0.9954
-0.1893 0.0732
0.4781 0.2206
0.1837 -0.2196
-0.0543 -0.4134
0.3131 -0.2481
3.4931 -0.0047
3.4528 -0.0291
4.1061 0.4727
3.5142 -0.4961
3.4644 -0.0740
2.6607 -0.4237
3.4120 -0.5239
4.1961 -0.0355
3.2402 -0.0894
2.9495 0.5468
3.1265 -0.4613
3.5024 -0.8366
3.4604 0.1893
3.1741 0.0449
3.0750 0.0568
3.8207 0.0660
3.2933 0.7474
3.1665 -0.4175
3.7311 0.0597
3.7895 -0.2477
