-0.6446 -0.5478
-0.1929 -0.2112
0.1535 -0.1523
0.6208 -0.0720
0.0385 -0.0624
0.4526 -0.1314
-0.0577 -0.0507
0.7810 0.1423
-0.6538 -0.2033
0.5703 -0.1635
0.1203 0.2245
-0.0466 -0.0199
-0.4615 -0.6973
0.1121 0.1369
0.0026 -0.0107
-0.8047 -0.5527
-0.1620 0.0381
-0.1119 -0.0580
-0.2661 0.5054
-0.4200 0.4579
0.2097 0.0256
0.0120 0.0125
-0.3176 0.5937
-0.2639 -0.1342
-0.1330 0.9105
0.8268 -0.2306
-0.1419 0.0965
-0.7307 -0.3206
0.0105 -0.0038
-0.0803 0.1368
0.3047 -0.1394
-0.4902 -0.4701
-0.0796 -0.1903
-0.1141 0.0516
-0.7276 0.3814
-0.4550 0.0207
0.7697 0.3870
-0.1045 -0.9872
-0.5065 0.0446
-0.0606 0.6557
0.1437 -0.5043
-0.0275 0.3573
-0.5933 0.6650
0.1317 0.6963
0.3067 -0.2415
-0.4541 -0.0758
0.0202 0.0817
-0.1243 0.6471
-0.0853 -0.1252
-0.2646 0.1198
0.7939 0.5504
0.8457 -0.4261
-0.2240 -0.5616
0.0657 -0.1341
-0.2524 0.2587
-0.1518 0.5290
0.8492 0.1421
-0.5200 0.0109
0.3427 -0.5120
-0.3532 -0.1745
-0.2376 -0.0342
0.1730 0.2121
-0.7906 -0.3576
-0.8190 -0.1147
-0.1012 0.2914
0.0954 -0.0179
-0.1330 -0.5584
0.0098 0.5729
0.3042 0.4256
0.4194 0.9016
0.6193 0.6863
-0.0062 -0.0567
-0.0980 0.8746
-0.2268 -0.1024
0.8889 0.0979
0.7069 0.3740
0.9312 0.2576
-0.8033 0.2462
0.0369 0.0002
-0.5125 0.6270
-0.5492 -0.4308
0.8815 0.1059
0.0075 0.1314
-0.1046 -0.4132
0.2382 -0.5405
-0.4892 0.5121
0.0456 0.6208
-0.3863 -0.0468
-0.2651 0.2130
-0.0259 0.6458
0.0063 -0.0034
-0.5577 -0.0812
-0.4725 -0.4745
-0.7898 -0.5472
-0.3902 -0.6040
0.1113 0.1957
0.3066 0.5930
-0.1258 0.7594
-0.1758 -0.1474
-0.7857 -0.3159
0.4882 -0.1379
0.6389 0.0151
-0.3443 0.2436
0.8245 0.1505
-0.0750 0.6315
0.4721 0.8534
0.1864 -0.5239
0.7662 0.0913
0.2511 0.3990
0.8715 -0.1063
0.0026 0.2410
-0.3982 0.4290
-0.0161 -0.0231
-0.6186 0.3010
-0.1747 0.7595
-0.8977 0.0927
-0.0368 -0.6389
0.1867 -0.1987
0.5250 0.7559
0.6577 -0.0682
0.3558 -0.0770
0.1846 0.4097
-0.4817 -0.1502
-0.3775 0.0302
0.3803 -0.5565
0.7240 0.2511
-0.2383 -0.8305
-0.4768 0.2385
0.1174 -0.6362
-0.6343 -0.2806
0.2410 0.6877
-0.0183 -0.2272
0.1096 -0.4695
0.2523 -0.5877
-0.1464 0.0672
-0.0511 0.3470
0.4600 0.1472
0.2239 0.0891
-0.0290 0.0316
0.6470 0.6983
-0.4909 -0.2192
0.0908 0.1524
0.0064 0.0129
-0.1337 0.5951
-0.4768 -0.6662
-0.0476 0.1662
0.2636 -0.0776
-0.2003 0.7161
0.2099 0.0758
-0.3860 -0.5473
-0.1995 0.4028
-0.1027 0.8052
-0.4308 -0.8657
-0.8920 -0.3179
0.4916 0.5114
-0.2145 -0.0908
0.1176 -0.1073
0.0658 0.1040
0.8189 0.4881
-0.7295 -0.3935
-0.0804 -0.0890
0.0348 0.2803
-0.5071 -0.3220
0.2193 -0.2096
0.2011 -0.3562
-0.6651 0.1814
-0.0805 -0.4106
-0.2074 -0.2386
-0.7757 0.0630
-0.6543 -0.6521
0.6224 -0.6245
0.1419 -0.3637
0.9434 -0.1579
0.1713 0.5597
0.0668 0.1725
-0.1273 0.5120
0.1988 0.6302
0.8115 -0.3991
0.8227 -0.0920
0.0825 0.0123
0.5328 0.0629
-0.0653 0.4930
-0.3194 -0.1279
-0.2062 0.8109
0.0489 0.3240
-0.3120 -0.7333
-0.0945 0.1687
0.4759 -0.3889
0.0280 -0.1964
0.4259 -0.0040
-0.1852 -0.6926
-0.0513 -0.1080
-0.3497 0.7654
-0.0465 0.2415
0.3904 -0.0170
-0.1588 0.1143
0.3880 0.4302
0.3632 0.5166
-0.0016 -0.0126
-0.9678 -0.1942
0.8303 0.0345
0.2630 0.2985
0.4201 -0.2615
-0.4458 0.1286
0.2175 0.2356
0.0808 -0.7260
0.1187 -0.4552
-0.0681 0.1826
-0.7845 -0.2495
0.0536 -0.0978
-0.0244 -0.2580
-0.0739 0.0597
-0.2551 0.8061
0.2173 0.1185
0.2690 -0.5107
-0.4600 0.0020
-0.3076 0.5483
-0.0005 -0.0002
-0.0552 -0.1284
0.6606 -0.5936
-0.2199 0.2078
0.0138 -0.1741
0.4795 -0.1003
-0.8259 -0.1872
-0.5074 -0.4816
0.0993 -0.3179
-0.3295 0.5694
-0.0933 -0.0082
-0.0195 -0.3288
0.9076 0.1382
0.3557 -0.2658
-0.9332 0.2784
0.0800 0.3325
0.1671 0.3138
-0.8061 0.3984
-0.5564 0.3016
-0.1856 -0.1106
0.7495 0.5228
-0.3056 -0.1571
-0.8392 0.1345
0.2803 0.9285
0.2391 -0.5462
-0.0286 -0.6924
-0.1170 -0.1569
0.2064 -0.1568
-0.0015 -0.0647
0.3401 -0.3050
-0.1289 -0.3837
-0.8108 -0.3779
0.1338 -0.0280
4.3036 0.3384
2.7753 0.5547
3.3787 -0.7191
2.9656 -0.5155
3.3137 0.4153
4.3404 -0.2519
3.4404 0.1699
3.5605 -0.0649
2.7162 -0.5251
3.0774 0.4450
3.7791 0.0607
3.8321 -0.0552
3.5512 0.1075
3.8174 -0.0750
3.7752 -0.5918
3.9770 -0.5334
4.4221 0.2745
2.6596 -0.5150
3.4039 0.6101
3.7990 -0.0043
3.6695 0.0549
2.7184 0.4354
3.0200 -0.4376
3.4432 0.0286
3.4941 -0.3508
3.2322 0.8477
3.3283 0.2060
3.4667 0.0051
3.2319 -0.6389
3.4796 0.0247
3.3609 -0.3396
3.1251 0.3481
3.4500 0.0581
3.5809 0.3190
4.1569 -0.6234
3.0245 0.6485
3.4075 0.5502
3.4610 -0.0862
3.5397 0.0796
3.5514 0.9030
3.5150 0.0939
3.4394 -0.3369
4.0969 0.2673
3.5567 -0.1306
3.1866 -0.3421
3.4129 -0.2435
3.5860 -0.2801
3.1946 -0.0189
3.3330 -0.1330
2.7643 -0.3974
3.1070 0.7518
2.9850 -0.4872
2.8945 -0.5499
3.2971 0.0730
3.5780 0.0614
3.4565 0.0578
3.3623 0.1080
4.3978 0.1317
4.3177 -0.1957
3.4704 0.0821
3.5065 -0.6411
3.7241 0.2843
3.2783 -0.0020
3.7990 -0.4724
3.8304 -0.0145
3.2232 0.0563
4.1256 0.0153
4.1671 -0.2489
3.9033 -0.3637
3.1609 0.0292
3.5510 -0.3482
4.1675 -0.0685
3.8293 -0.2521
3.0783 0.1584
3.3851 -0.4306
3.0995 0.7796
3.9075 -0.2308
2.8514 -0.7246
3.4213 -0.1325
3.7197 0.4666
3.9135 -0.2245
2.6213 -0.1548
3.6837 0.4863
3.5600 -0.6912
2.7289 0.4790
4.2726 -0.1105
3.6240 0.9277
3.2828 -0.1859
3.4922 -0.0050
3.9492 0.4449
4.1271 -0.7406
3.5256 0.0683
3.2240 -0.3531
3.6128 0.3741
4.2243 0.2270
2.5242 0.0856
3.4596 -0.0746
3.5398 0.4070
3.4901 0.0557
4.1427 0.3827
2.9502 0.2818
3.3149 -0.0723
2.7398 -0.1561
4.3546 -0.4668
3.5341 -0.4518
2.5797 -0.2533
3.7774 -0.0363
2.8964 0.3325
3.4150 -0.4047
4.0081 0.4846
3.4836 -0.6167
3.8652 0.8554
3.4670 -0.0016
3.1817 0.5371
3.0237 -0.7163
3.1939 0.3058
3.0698 0.1443
3.1044 -0.0272
3.9590 -0.6906
3.1727 0.3993
2.9951 0.0457
3.8149 0.4298
3.2150 -0.2306
3.5543 -0.1084
3.2822 -0.0552
3.2974 -0.7969
3.1615 0.1301
3.5549 0.0247
3.4388 0.3334
3.6117 -0.2787
3.4092 -0.7302
4.0801 0.2479
3.2360 -0.7794
2.9203 -0.7170
3.5633 0.6677
3.3530 0.1233
3.5899 0.2063
3.7603 0.6257
3.5007 0.0112
4.0250 0.5853
2.8059 0.0951
3.6607 0.6906
3.3710 0.9239
3.2984 0.1522
3.6902 -0.6389
2.7622 0.4236
4.1800 0.2840
3.8514 -0.1546
3.6393 -0.1622
3.2408 0.1695
3.7489 -0.6282
3.6912 0.0246
2.9938 -0.5451
3.6896 0.2553
2.8869 -0.1672
3.6471 -0.6140
3.8112 -0.2200
3.1828 0.1773
3.2458 0.5497
2.6960 0.5685
2.5150 -0.0274
3.4926 -0.0048
3.1303 0.3050
3.7768 -0.1904
3.1295 0.0486
2.9233 0.3262
4.1663 0.2487
3.3419 0.0652
3.4104 0.4524
3.7200 -0.0539
3.4396 0.9786
3.2706 0.7949
4.3338 -0.3969
4.1281 -0.2622
3.5889 0.0877
3.5412 0.0736
4.2565 0.1193
2.9298 -0.1826
4.2004 0.5973
3.5899 -0.2589
4.0265 0.2617
2.7471 0.0160
3.6706 0.0182
4.1985 -0.1827
3.5058 -0.0363
3.7266 0.2291
3.7621 0.2262
4.1794 -0.1145
4.1760 0.0120
3.2623 0.8560
2.9251 0.4664
2.8507 -0.1023
3.0082 -0.2373
3.3659 -0.0668
3.4882 -0.9572
4.1323 0.6129
3.2961 -0.0460
3.2639 -0.2909
4.4476 -0.0495
2.6554 0.2204
3.7974 0.3051
4.2581 0.0756
4.0424 -0.0296
3.5092 0.0318
3.6489 -0.0164
3.9129 -0.3605
3.4025 -0.1274
4.2165 -0.6223
3.2408 0.5914
3.4844 -0.0591
3.7883 0.3675
3.6009 0.3906
4.0619 -0.1241
3.6722 -0.3474
3.4361 -0.4354
4.0436 -0.2562
3.6439 0.2293
3.2318 -0.8270
3.7522 -0.4404
3.4625 0.1050
3.2646 -0.1336
2.9342 -0.6340
3.5559 -0.2545
3.0067 -0.0138
3.5536 -0.7714
4.4338 0.1893
2.9831 0.1564
3.5899 -0.4001
3.6084 0.0696
3.6439 0.1432
3.7719 0.2387
2.6889 -0.2662
3.6426 0.7105
3.3222 0.0651
3.6003 0.2097
3.3553 0.6208
3.0332 -0.6194
4.2538 -0.4713
3.1278 -0.5735
2.8219 -0.3542
4.3061 0.3841
4.1442 0.0136
3.2121 -0.4787
3.9459 0.6808
3.4068 0.6556
3.8413 -0.3646
3.7696 0.5141
3.1215 -0.0042
2.8672 -0.4886
4.0379 -0.2005
