-0.4807 -0.2459 -0.3786
-0.1762 0.1665 0.3385
-0.1209 -0.0730 0.0861
-0.0872 0.0704 -0.0761
-0.7103 -0.3481 0.1932
0.0302 0.0337 -0.0884
0.0297 -0.0499 0.1309
-0.0078 0.2056 -0.4593
0.2011 -0.4473 0.7008
0.0609 0.2534 0.1888
-0.0017 0.0038 0.2498
-0.5938 -0.2708 0.3394
-0.5020 0.6362 -0.1381
0.7019 0.3750 0.3509
0.0000 0.0019 0.0178
0.0645 0.1196 0.0060
-0.0384 -0.0585 0.0889
-0.0119 -0.0665 -0.9183
0.3441 -0.3110 0.4363
-0.0057 -0.0066 -0.5071
-0.0325 -0.0141 -0.0099
-0.0096 0.0032 -0.0063
-0.0212 0.3814 -0.0207
-0.2129 -0.0636 -0.3359
0.1042 -0.2790 0.5486
0.1080 -0.1103 -0.7134
-0.0355 0.3757 -0.5466
-0.1690 -0.0480 -0.3839
-0.2498 -0.1891 -0.1651
-0.0386 0.0155 -0.1071
-0.2262 -0.4104 -0.4522
0.3055 0.1679 -0.1719
0.0975 -0.0496 -0.1061
-0.0779 0.1407 0.0836
-0.4231 0.1338 -0.6009
-0.5231 -0.5279 -0.3781
0.0267 -0.0161 0.0470
-0.6698 -0.1955 -0.1765
0.5180 0.2710 0.4959
0.1637 0.2281 -0.3187
