-0.8275 0.2898
0.8559 -0.0221
0.4174 -0.0261
-0.1692 0.5981
-0.2593 -0.2244
-0.3819 -0.2361
-0.4876 1.0521
0.4246 -0.5396
0.2949 0.6637
-0.2548 -0.1269
0.3374 0.4274
-0.8535 0.1770
-1.0141 -2.3420
-0.4206 -0.0410
0.3824 -0.4940
-0.3563 -0.4004
0.0567 -0.1125
-0.4798 0.2322
-0.0227 0.0742
-0.3582 -0.4094
-0.3714 -0.6940
-0.4241 -0.7849
0.5133 -0.0678
0.8096 0.4500
-0.0363 0.0530
-0.6790 -0.3562
0.1208 -0.6165
-1.6053 0.2234
-0.0279 0.0391
-1.9574 -0.5985
-0.8204 -0.1840
-0.7794 -0.1272
-0.5878 0.4629
-0.1110 -0.0646
0.0611 -0.1330
1.4304 -2.3097
0.0792 -0.6529
0.5789 -2.4772
-0.1194 0.1242
-0.1722 -0.2640
-0.1381 0.0641
-0.1190 -0.5946
-0.2347 0.8251
-0.5298 0.3564
0.4107 1.4529
0.0573 -0.1816
-0.0368 0.1521
0.0018 -0.0019
-0.1324 0.0443
0.0887 0.1088
0.7691 0.3160
-0.5421 0.3283
0.7191 -0.5643
-0.0708 0.2418
-0.4350 -0.8522
-0.6376 -0.3861
0.2329 0.2696
-0.0187 0.0384
0.0138 -0.0024
0.1384 0.2434
0.0078 -0.4423
-0.8023 0.2263
-0.4462 0.5878
-0.2563 -0.2180
-0.2966 0.9073
-0.5201 -0.2511
-0.0426 -0.0466
-0.0725 -0.2244
0.4161 -0.2669
-0.3931 0.2720
0.3823 0.4263
-0.2190 0.6298
-0.1057 -0.2824
-0.2188 -0.1752
-0.1852 0.1278
-0.2812 0.5128
0.0210 -0.1266
-0.0823 0.1933
-0.4697 -0.8126
-0.3348 -0.4177
0.0964 0.7916
-0.0053 0.0133
0.0428 0.1107
-0.1052 -0.7254
-0.2878 -0.2700
-0.0800 0.8276
-0.3761 0.5550
-0.0687 -0.0976
-0.9106 -0.3449
-0.4918 -0.1149
-0.0153 -0.0599
1.4862 1.9749
-0.7753 0.5327
-0.1843 -0.1787
0.0056 0.3670
-0.2018 0.2461
0.3776 -0.1731
0.5759 -0.0520
0.1946 -0.0614
-1.4474 -1.1792
3.6476 0.3551
7.6010 0.3214
4.6493 -0.0128
4.4649 -0.0639
4.7725 0.8478
4.6220 -0.0251
3.5599 -0.1531
4.5752 0.7599
4.0908 0.2637
4.6956 0.3869
5.0009 0.5521
3.8953 -0.6488
4.5883 0.9946
6.7884 1.7592
4.2844 -0.1536
4.0975 -0.1601
4.7599 -0.5364
4.8187 -0.3257
4.4856 -0.0951
5.0224 0.7552
4.0771 -0.5026
4.9458 0.6260
4.4422 0.0967
4.2712 -0.3862
3.9476 0.1277
4.5546 0.1032
4.2820 0.4223
5.0796 -0.0610
5.0192 -0.3688
5.0364 -0.4164
4.4181 0.5009
4.4346 0.2748
3.4084 0.6949
4.7332 0.1343
4.2491 -0.3334
4.1397 -0.4971
4.5536 0.1451
4.7175 0.4852
4.1419 0.1974
5.2716 -0.3360
4.6015 -0.0009
4.9483 -0.3575
5.1562 0.6410
4.2665 0.0477
3.8898 -0.3377
4.5224 0.2841
4.4995 -0.0116
4.5026 -0.0033
4.5106 -0.5538
3.8758 0.0024
4.3142 -0.1609
3.7356 0.0369
6.2074 -0.6979
4.1570 0.7707
4.3552 -0.1019
4.0252 0.3866
4.5293 0.1508
5.0655 0.3652
4.6799 -0.6317
3.8354 0.5109
4.4119 -0.2630
4.7323 0.5558
5.0115 0.0662
4.8719 -0.2466
4.6846 0.5848
5.2273 -3.1855
4.5797 0.5041
4.7582 0.6659
4.1763 -0.1589
5.1629 -0.2230
4.9051 -0.5249
4.5381 0.0322
3.6481 -0.2039
3.8115 -0.7131
4.5506 0.2563
4.3969 -0.8147
4.9002 0.1921
6.7743 2.0773
4.7707 -0.7291
7.0159 0.7189
4.0261 -0.3322
4.3545 -0.2556
2.7886 1.3982
4.5055 -0.0056
3.9232 -0.0022
5.3220 0.2376
3.8054 -0.7292
4.4368 0.0638
2.5272 1.8744
3.7585 -0.3559
4.5427 0.0871
4.3505 0.4626
5.3194 0.5095
3.9945 -0.0274
4.2292 -0.3169
1.5361 -0.6850
4.2009 -0.6531
4.6174 0.0997
4.2524 0.1459
4.5792 0.4648
