1.4207 -0.5728
0.1172 0.2247
-0.6779 0.1657
0.4227 0.3861
0.3218 0.1725
0.6256 -0.3845
-0.1531 -0.4937
0.0254 -0.1112
-0.2307 0.1587
0.0343 0.2015
-0.3410 -0.8674
0.2785 0.2485
-0.0135 0.0067
-0.2948 -0.5486
-0.0175 -0.9194
-0.1790 -0.0521
0.6228 0.4545
0.3579 -0.7713
0.1035 -0.1454
-0.1148 0.3727
0.5355 -0.2158
-0.0356 0.1763
-0.3041 -0.3115
0.1988 0.2932
-0.1874 0.1477
-0.1013 -0.1722
0.1519 0.7430
0.3150 0.1414
-0.0987 0.4591
0.2964 -0.3867
0.5652 1.3631
0.8620 0.0483
0.6743 -0.1775
0.6612 0.1662
0.2063 -0.4436
0.3590 -0.6556
-0.4331 0.2204
-0.4446 -0.6153
-0.9616 0.0828
-0.3678 0.5077
0.1250 0.1013
-0.2338 -0.8795
-0.1771 0.1955
-0.0200 -0.1968
0.1910 -0.4006
-0.1021 0.2209
-0.7958 0.8144
-0.0138 0.3191
0.1437 0.2192
-1.6179 0.1031
-0.2094 -0.7410
0.2686 0.2847
-0.0613 -0.0732
-0.6042 -0.3284
-0.0959 0.2021
-0.4707 0.7318
-0.2142 -0.4468
0.2537 0.1915
-0.3218 0.0463
-0.3935 0.8079
-0.0026 0.1136
0.8223 -1.4151
-0.8623 0.1961
0.5101 -0.4344
-0.4129 -0.2656
1.1224 -0.9975
-0.0504 -0.9025
-0.7736 -0.6066
0.2413 1.3486
0.7326 -0.1522
-0.3081 0.8640
0.6544 -0.5875
1.1407 -0.9899
-0.7904 -1.0556
-0.3977 0.2735
0.1317 0.1603
0.7862 0.8375
0.0003 0.0780
-0.0392 0.0600
-0.0436 -0.0890
0.0012 -0.0067
0.3458 0.4570
0.1245 0.1317
0.6307 -0.1176
-0.4110 -0.5244
-0.2227 -0.0517
0.2080 -0.3374
0.5052 0.4345
0.5231 -0.2881
-0.2611 -0.0698
0.1876 -0.4839
0.6735 0.2758
0.1517 -0.0311
-0.2504 0.5500
-0.5747 0.7594
0.1531 0.4745
-0.0534 0.1470
0.0492 0.1990
-0.0253 0.0676
-0.0260 -0.0703
