0.1137 0.1400
0.2832 -0.1807
-0.6863 0.5586
-1.1664 -1.2518
-0.1074 0.7670
0.1000 0.0915
0.1680 0.0154
-0.5055 -0.5961
-0.4941 -0.4688
0.1690 -0.0734
0.4176 0.0314
-0.1374 -0.1393
0.9612 0.2063
0.0694 -0.5150
0.0763 -0.1096
-0.0876 0.0403
-0.1255 -0.0978
-0.5778 -0.2865
0.5900 -0.5830
0.0391 -0.1229
-0.6493 -0.4859
-0.6347 -0.1847
-0.0993 0.2207
0.1019 0.0084
-0.3346 -0.3894
-0.4829 -0.5522
-0.5386 -0.1807
0.6062 -0.1360
-1.7799 -1.4988
1.1039 0.9548
0.0075 -0.0224
-0.4367 -0.7406
0.4138 -0.7592
-1.0076 0.9471
-0.1927 -0.0489
0.6516 0.2059
-0.0104 -0.3136
-0.0060 0.3977
0.1015 0.3292
-2.0946 -0.9811
0.0038 0.0411
0.4007 -0.1514
-0.7978 0.1420
-0.1394 -0.4622
-0.4009 0.4558
0.2620 -0.6568
-0.1797 0.2207
-0.1737 0.4503
-0.0055 -0.3996
0.0219 -0.6493
-0.5246 0.0558
0.3642 -0.0723
0.3740 -0.2988
0.3157 -0.1538
0.0496 -0.0208
1.4159 -0.9162
0.0693 -2.0020
-0.0124 0.3914
-0.2232 0.0722
-0.3374 -0.0041
0.8254 -0.2363
-0.6275 0.3022
-0.0436 0.2313
0.3586 0.3597
-0.0017 -0.0061
2.3607 0.8074
-1.3111 0.3165
-0.0308 -0.0292
0.4585 -0.3522
0.8541 0.4569
-0.1500 0.1734
0.4426 0.3754
3.0147 -0.7973
0.2424 0.7411
0.1166 -0.0123
-0.5347 0.2850
0.7325 0.1962
-0.1172 0.1199
-0.3082 0.6070
-0.4239 0.5229
-0.0948 0.3951
1.6787 -1.7175
0.6569 -0.6690
-0.5791 -0.2357
-0.3340 0.9208
0.4081 -0.3279
-0.2258 -0.2832
-0.1668 0.8172
-0.3395 -0.2906
0.5306 -0.0040
-0.0861 0.0782
-0.3211 -0.2086
0.1744 -0.0236
-0.1317 0.5686
-2.5279 -1.3776
-0.1336 -0.2265
-0.6922 -0.0370
1.0356 0.2123
-0.5018 -0.0590
2.0917 -0.7805
0.0014 -0.0026
-0.5572 -0.1763
0.6376 -0.7402
2.4989 -1.1433
1.5392 -0.3705
0.3892 -0.0053
-2.2372 -1.5526
0.3959 0.0027
0.0129 -0.2175
-0.0071 0.9451
-0.3354 -2.7684
-0.7152 0.2751
-0.0112 -1.4273
0.6936 0.4860
0.4756 0.7492
-0.6463 -0.2423
-0.8790 0.8163
0.0136 0.3779
0.6402 -0.0346
0.1183 -0.0507
-0.2153 0.0984
0.9561 -0.1009
-0.2908 0.5617
-0.5880 0.2798
-2.2533 -0.8170
0.4254 -0.2381
-0.7086 -0.4721
-0.6287 -1.2467
0.0237 0.6085
0.0212 -0.0090
-0.9816 -2.6059
0.0995 -2.9623
-0.1641 0.6404
-0.3045 -0.1549
-0.3115 0.8132
0.0920 -0.2907
-0.3378 -0.5746
-0.6256 0.2762
0.0443 0.2452
-0.2266 -0.0583
0.3706 -0.2429
-0.3282 0.0513
0.0431 0.1731
0.5098 -0.0626
-0.3948 -0.1874
-0.2596 0.2808
0.0072 0.0005
0.0425 -0.0645
0.0817 0.1756
-0.0584 0.0331
0.2863 -0.4980
-0.8898 0.2228
-0.1927 -0.1603
0.1234 -0.1079
0.8682 -1.6752
0.1417 -0.0277
-0.6577 -0.2544
0.1525 0.5432
0.3744 -0.3245
-0.1571 0.0926
-0.1259 0.0210
0.5515 0.6410
0.0788 -0.4041
0.3531 0.1212
0.1014 -0.0237
-0.0240 0.1904
0.7803 -3.0272
-0.5655 -0.5562
-0.6742 0.0658
-0.9189 0.1978
-0.2019 -0.4403
0.0601 0.0655
-0.6695 2.5587
0.4591 -0.5432
0.1583 0.0524
0.5126 0.4485
0.3927 0.3341
-0.0009 0.0229
0.1662 -0.9839
-0.1456 0.3028
-0.5423 0.1924
0.0334 0.3104
-0.0544 0.1628
-0.2254 -0.3049
2.6140 -1.3987
1.2405 -1.1018
-0.0058 -0.0191
0.0615 0.9253
-1.1476 -0.3974
-0.0203 0.3192
-0.0652 0.9167
-0.2154 -0.0172
-0.8384 -0.2822
0.0452 -0.0162
0.0683 0.3938
0.2729 -0.0421
0.0902 0.0508
-0.2921 -0.1228
-0.0261 -0.7380
-0.7137 0.5735
