0.0282 -0.3094 -0.2650
0.2382 -0.0695 0.5762
-0.1882 -0.1099 -0.1364
-0.2714 -0.3458 -0.7733
-0.1123 -0.1015 0.0378
-0.0037 0.0120 0.0078
-0.0038 -0.0140 -0.0752
-0.6083 0.0177 0.6637
-0.2913 -0.2461 0.2353
-0.2427 -0.2958 0.5463
-0.1129 -0.0542 -0.0279
-0.1950 -0.0251 -0.0229
-0.0789 -0.1111 -0.3623
-0.1005 -0.5219 -0.2296
2.4865 2.8588 -0.5082
0.1491 0.2758 -0.2783
-0.0389 -0.0386 0.0705
0.1943 0.2467 -0.3036
0.4017 0.3553 -0.7076
-0.3135 -0.2006 -0.1018
-0.5109 -0.4594 0.0443
0.4576 0.0153 0.2406
0.1600 -0.0326 -0.3713
-0.1930 0.3846 0.2948
-0.0144 0.0148 -0.1163
-0.2197 0.2801 -0.6022
0.4078 -0.5974 -0.1657
-0.7463 0.0116 0.6288
0.0158 -0.0211 0.3319
-0.3154 -0.5736 0.1761
-0.0512 -0.3491 -0.1216
0.1610 -0.4974 -0.5864
0.0583 -0.0209 0.0508
0.1836 -0.0758 -0.9175
-0.4787 0.1617 -0.8109
-0.4071 -0.6071 0.6772
0.5740 0.2641 -0.3581
0.1647 0.6225 -0.4630
0.7239 -0.4576 -0.0956
-0.0023 -0.0019 -0.2398
0.0525 -0.1161 0.4192
-0.0224 0.0235 -0.0272
-0.0011 -0.0218 0.0397
0.0405 0.0078 0.0052
-0.0984 0.2038 -0.2277
-0.0593 0.0194 -0.5950
0.0173 -0.0131 -0.0501
-0.0069 -0.0127 0.2501
-0.0643 0.7789 -0.6022
-0.2442 -0.1229 -0.6057
-0.0908 -0.0735 0.0580
-0.0136 0.0251 0.7809
0.0375 -0.0453 0.1306
-0.2313 0.0152 -0.0402
-0.3734 0.2563 0.6140
0.0218 0.0354 -0.1293
0.7179 -0.1398 0.6236
-0.1568 0.0115 -0.5047
0.0283 -0.1818 0.4175
0.1445 0.2490 0.9425
0.0907 0.0698 -0.1739
0.1476 0.2618 -0.0686
-0.2166 -0.7043 -0.1991
0.0043 0.0029 -0.9197
-0.0932 -0.0410 -0.1103
0.1243 -0.0658 -0.2136
0.0117 0.0331 0.2314
0.8861 -0.3194 0.0421
0.0124 -0.0031 -0.0079
0.0646 0.0181 0.0156
-0.0477 0.0485 0.5392
0.2217 -0.7295 -0.4797
0.0133 0.0106 0.0226
0.1696 0.1305 0.2074
-0.3833 -0.5947 -0.2447
-0.1735 -0.0290 0.7783
0.0980 0.7987 0.2727
-0.5445 -0.2780 -0.0515
0.2452 0.2907 0.7493
0.1157 0.3232 -0.2762
0.0247 -0.0575 -0.1007
0.1455 0.2886 0.7605
0.0578 -0.0490 0.0408
0.3972 -0.2652 0.6215
-0.0742 -0.0041 0.8820
0.1461 0.6551 0.1264
-0.1734 0.3785 0.1449
0.8815 0.2472 0.3872
-0.3026 -0.8334 -0.3047
-0.0176 0.1563 0.1099
-0.0084 0.0490 0.1360
0.5798 0.2767 0.7636
-0.7064 -0.1655 -0.2379
-0.8015 0.4803 -0.0150
-0.0900 0.3549 -0.7772
-0.1639 -0.1679 0.0002
-0.5845 -0.7556 -3.1947
-0.7543 0.3763 -0.1774
-0.0887 0.0977 -0.4476
0.0724 0.2563 -0.7098
-0.0490 -0.6364 0.3758
0.7114 -0.7049 3.0033
0.4962 0.6286 -0.3834
-0.4432 2.3318 -2.1695
-0.3489 -0.7637 -0.2898
0.5433 0.2311 -0.7902
0.2132 0.0605 0.0734
0.0101 -0.0112 -0.3257
0.1003 0.5724 -0.1047
0.8610 -0.0815 0.1575
-0.0005 -0.0046 0.9150
-0.0614 -0.0603 -0.0827
0.0009 -0.0006 -0.0014
0.0721 -0.2952 -0.1608
-0.6167 -0.4637 -0.5699
-0.0891 0.4327 -0.2263
0.0802 0.4550 0.3476
0.0883 -0.0312 0.1375
0.1342 0.0590 -0.0008
-0.1720 -0.3726 -0.0884
-0.1410 0.4925 0.0959
0.2202 -0.3057 0.3209
0.0466 0.0227 0.2877
0.1766 -0.0026 -0.2621
0.1622 -0.1920 0.9365
-2.6157 0.5710 2.0869
-0.0092 -0.0277 -0.1372
-0.1730 0.1212 -0.8087
-0.0078 -0.0173 0.1136
-0.2517 0.4347 0.7771
0.4826 -0.3357 -0.0367
0.3336 -0.6145 0.0335
0.1214 -0.1549 -0.0652
-0.2203 -0.1830 1.1672
0.0317 -0.0210 -0.2377
0.3089 0.3730 0.4965
-0.0529 -0.0011 -0.3418
-0.6061 0.1079 -0.3670
0.2679 -0.7859 0.3175
-0.0778 0.0309 -0.3297
0.3156 -0.6750 -0.2935
-0.0423 -0.0129 0.4682
-0.2251 -0.4359 -0.1641
0.3345 0.0094 0.6379
0.0063 -0.1029 -0.0375
0.7135 -0.3820 -0.1749
0.0198 -0.0204 0.0211
0.8520 0.3412 -0.1729
-0.0008 0.0055 0.0275
-0.5981 0.2260 0.0803
-0.1618 -0.1430 1.7079
0.1131 -0.4545 0.4537
0.0020 -0.0073 -0.5122
0.3643 -0.1603 -0.4075
-0.0439 -0.1332 0.3807
-0.0482 -0.1941 0.8287
-0.0610 -0.0772 -0.1798
-0.1558 0.0247 0.3880
-0.0440 0.1673 0.8089
0.5088 -0.5609 0.0791
0.3066 -0.4355 0.1712
-0.0013 -0.0097 -0.4132
-0.3649 0.4675 -0.7997
-0.0359 -0.0596 0.1418
0.0290 0.0007 -0.4399
0.3123 -0.0588 0.6441
0.2739 -3.4186 -1.4900
-0.2881 -0.5937 0.2653
0.1688 -0.1622 -0.2615
-0.1336 0.7440 0.5215
0.1389 0.2109 -0.1292
-0.2467 -0.3145 0.5000
-0.0263 0.6207 0.5301
0.1244 0.0268 -0.3726
0.0010 0.0122 0.0298
-0.0166 -0.1518 -0.4809
-0.1063 -0.3294 -0.6388
0.0163 -0.0326 0.1019
-0.0459 -0.0268 0.5624
-0.3209 0.4439 0.3396
0.0100 -0.0392 0.0762
-0.3447 0.5035 -0.3664
-3.0395 0.6055 0.7624
-0.0356 0.2044 -0.0899
-0.0338 0.7364 -0.2994
-0.2705 0.0593 -0.0161
-0.5041 0.3758 -0.0353
-0.0891 0.2020 -0.1712
-0.0431 0.1944 0.0396
0.0058 -0.0056 0.0181
0.1727 -0.3711 0.2301
-0.8144 1.1165 0.7683
-0.1779 0.7265 -0.0250
-0.1629 -0.3568 -0.8811
0.4148 0.6363 0.5379
-0.1464 0.1959 -0.2055
0.0032 0.0039 -0.0163
-0.0570 0.2536 -0.0849
0.2189 0.1852 -0.7963
0.0616 0.1864 -0.0622
