-0.5635 -0.5045
-0.0330 0.0308
-0.3833 0.1920
-0.0332 0.0744
-1.1431 -0.6325
-0.0036 -0.0855
0.0181 0.1348
-0.0091 -0.0338
-0.2402 -0.9463
0.7335 -0.2457
0.5838 0.5702
-0.2954 -0.1171
-0.2409 -0.1223
-1.8807 1.9010
-0.2334 -0.4085
0.1472 -0.0288
-0.1189 0.1218
0.6024 0.5185
0.3930 0.5007
-0.1325 -0.0484
0.1327 0.1898
0.7000 -0.1617
-0.0717 -0.5498
0.2036 0.2393
0.2561 0.7215
-0.1976 -0.1607
0.5817 -0.5117
-0.5444 0.4047
-0.3561 0.6799
-0.1936 0.2093
0.5918 -0.7452
-0.7906 0.4968
-0.1275 0.1342
1.8809 -2.5436
2.2971 0.4009
-0.1061 0.7769
0.8560 -0.3215
-0.5988 -0.3253
0.1251 -0.5320
0.7046 0.2027
0.4428 -0.3332
-2.6449 -1.4312
0.4483 0.5135
0.5052 -0.0572
0.2184 -0.4850
0.1205 0.0897
-0.5281 0.3273
0.5343 -0.5214
0.1764 -0.7327
-0.7604 -0.5606
-0.9118 0.3649
-0.3399 0.4497
0.0075 -0.1600
-0.3191 0.4172
-0.4305 -0.4007
-0.5066 0.2052
-0.1080 -0.2823
0.1300 0.4672
0.9069 -1.7889
0.2440 -0.5809
0.2206 -0.5923
-0.5509 0.6636
0.5185 0.2240
0.4681 -1.3988
0.2483 -0.1830
0.8897 0.2262
-0.0149 -0.0078
-0.4805 0.6778
-0.1345 -0.0036
-0.2732 0.9195
0.4289 -0.0688
-0.1305 -0.4158
-0.2170 -0.4936
-0.7388 -0.6035
0.7001 -0.3222
0.1600 0.2899
-0.0365 -0.2758
0.2188 -0.0248
-0.5812 -0.4359
0.9014 -0.0323
0.5033 0.2290
-0.8487 -0.4655
0.0742 -0.4015
0.6123 -0.3293
-0.0485 -0.0450
0.3944 -0.2907
-0.3278 -0.6319
-0.0670 -0.3895
0.1695 -0.3458
2.0015 2.3801
-0.8316 0.0456
-0.1748 0.9376
-3.0588 0.0250
0.2302 -0.3669
-0.2834 -0.3522
0.7094 -2.6435
-0.3139 0.1023
0.1016 -0.1175
-0.6197 -0.1381
0.5078 -0.8085
