0.5491 -0.6654
0.1546 -0.1126
-0.3799 -0.1084
0.2288 0.4718
-0.0024 -0.0202
-0.1736 0.0269
0.1768 0.4259
0.3540 0.3376
1.6370 2.6672
-0.0971 -0.2135
2.3154 1.4733
0.0997 -0.2323
0.6090 -0.6393
0.6821 -0.0171
0.1419 0.0761
0.5700 0.6385
-0.0765 0.0780
-2.9819 -0.5270
-0.8184 0.2981
-0.0546 0.2080
-0.0183 0.2962
0.0024 -0.1935
-0.1582 0.0137
-0.8525 0.3275
0.4755 -0.3533
0.4687 -0.6426
-0.7705 0.3506
0.5134 0.1348
-0.5957 0.7928
-0.1571 0.9794
-0.1178 -0.0177
0.1677 0.1213
0.0116 -0.0424
-0.2563 -0.1957
-0.3324 0.7937
0.2930 -0.5472
-0.7829 -0.6217
-0.0038 0.1517
0.7889 -0.3994
-0.0052 -0.3487
0.3054 -0.1419
0.3460 -0.2496
-0.3579 0.3015
0.5905 -0.0232
0.0806 0.0406
-0.5453 -1.4950
-0.6098 -1.2470
0.2862 -0.0849
-0.2975 -0.2237
-0.0683 0.2318
