0.1355 -0.0184
-0.6047 0.0238
0.0067 0.0113
0.0316 0.9569
-0.3626 0.8056
0.3865 0.0289
-0.4600 0.6482
0.8538 0.0759
-0.2832 -0.9494
0.1213 -0.1425
0.4458 0.1211
0.2547 0.2060
0.0219 -0.0175
0.4004 0.1143
0.4481 -0.2789
-0.3437 -0.3310
0.1762 -0.1365
0.0400 -0.5573
-0.0815 -0.0609
-0.2458 0.5702
0.5701 -0.7921
-0.8943 -0.2536
0.1882 -0.3328
-0.6305 0.6820
0.7915 -0.5838
-0.6265 0.1979
0.2244 1.3425
-0.3653 -1.2729
0.7050 0.4225
-0.0342 -0.9889
-0.6881 -0.0133
0.4755 0.2205
-0.6097 -0.0557
0.2740 0.0457
-0.4353 -0.2381
-0.5828 -0.3916
-0.2756 0.0062
-0.1973 -0.1036
-0.2279 -0.3341
-0.0377 0.3233
