0.0829 -0.5884
-0.5337 0.6211
0.2270 -0.1348
-0.6415 -0.0079
-0.0320 -0.0479
-0.4266 0.2450
0.0348 -0.6130
-0.7273 0.5980
0.2117 0.4356
0.0113 0.0043
-0.1655 -0.0027
-0.0829 1.4198
-0.2476 0.3839
0.5736 -0.1812
0.3704 0.7305
0.5776 0.2693
-0.2682 -0.8247
0.5664 0.4647
-0.2843 0.6993
-0.0505 -0.8543
0.0543 0.5876
-0.8415 -0.2636
0.3285 -0.0114
-0.1307 -0.4116
-0.2324 0.0346
-0.3465 0.0024
0.1301 0.1942
0.6487 0.5352
-0.6358 -0.7123
0.7684 0.0575
0.0871 -0.0766
-0.0126 0.3157
0.1124 0.6560
0.1819 -0.1246
-0.2568 -0.5573
-0.2588 -0.0592
0.1198 -0.1397
-0.8857 0.0177
0.0359 -0.4076
0.5207 0.0247
-1.0265 0.8964
-1.0521 1.9021
0.6439 0.6714
0.1977 -0.1637
0.3645 0.5358
0.3331 0.0445
-0.1509 0.3207
0.2528 -0.1643
-0.2011 0.0251
0.1793 0.0203
-1.1314 -1.6465
0.3740 -0.3641
-0.2791 0.3692
-0.0171 0.0077
-0.6325 -0.0904
-0.1649 -0.1147
-0.1273 0.2894
-1.8659 0.2978
-0.2038 0.2026
-0.6397 -0.4516
-0.0185 0.4208
-0.3690 0.0037
-0.5834 -0.0082
0.2892 -0.6335
0.3899 0.6924
0.1977 -0.0435
0.1547 0.0017
0.4319 -0.6594
-0.0366 -0.5888
0.0523 0.0262
0.0627 -0.1393
0.7689 -0.5392
0.0174 -0.1311
-0.2049 -0.1812
0.1379 0.1081
-0.5538 -0.8132
-0.2477 -0.2267
-0.5012 -0.5261
-0.0112 -0.2763
-0.6771 0.4786
-0.2908 0.5095
-0.7375 -0.3170
0.3281 0.7980
0.5095 1.4225
-0.2187 -0.5095
-0.6969 0.0342
0.6294 -0.1399
0.4946 -0.0469
-0.8745 -1.9324
-0.0369 -0.0735
-0.0700 -0.1368
-0.0565 -0.0326
-0.5269 -0.0116
0.1279 -0.1066
0.0089 0.7025
0.3203 -0.3852
-0.0014 0.0049
0.5636 -0.0722
-0.2435 0.3154
-0.7594 0.3735
-0.9695 -0.1081
0.4235 -0.0330
-1.7741 1.2777
0.0116 -0.0439
-0.0021 2.0681
-0.0959 0.2397
-0.8773 0.1900
-0.6678 -0.1720
0.0085 -0.7380
0.4164 -0.8254
0.3673 0.0008
0.0440 -0.0092
-0.2426 0.3845
0.9600 -0.2452
0.6634 -0.6812
0.5829 -0.1533
0.2152 0.5945
-0.8228 -0.5257
-0.0087 -0.0008
0.3496 0.6751
0.4071 0.7586
0.6619 0.4762
0.0027 0.0639
-0.0826 0.7170
0.0993 -0.0337
-0.0156 0.6576
0.1289 0.2527
-0.2369 0.1248
-0.0052 -0.0003
0.6070 0.5627
-1.2448 0.5680
-0.1180 -0.0832
0.0121 -0.7135
-0.5908 0.1154
-0.2345 0.7834
-0.4370 1.9112
0.2585 -0.0649
0.4644 0.2623
0.5279 0.7382
0.4952 -0.6870
-0.4111 -0.2460
-0.6600 0.5899
0.0740 -0.9152
0.3227 0.9424
-0.0606 -0.0359
0.0022 0.2794
0.0080 -0.0850
0.6655 -0.2276
-0.2440 0.8815
-0.5160 0.1582
-0.0327 0.0500
0.2774 0.1701
0.0620 0.3168
-0.4494 0.7436
-0.0913 -0.1104
-0.8480 0.4845
-0.4765 0.8070
0.5972 0.0070
-0.9126 0.1053
0.5399 -0.6180
0.4462 -0.2131
-0.2650 -0.1268
0.7789 -1.6526
-0.8627 -0.2977
-0.0217 -0.0052
-0.2264 0.6630
-0.2748 0.3734
-0.9292 -0.3207
0.0332 0.2854
0.4604 0.6348
-0.5998 0.3997
0.7244 0.2381
0.0094 -0.0363
-0.0286 -0.5283
-0.0090 0.0140
0.5860 0.4732
0.3393 0.1460
0.1208 -0.2743
-0.6695 -0.2872
-1.0759 -1.1093
1.3580 -0.8780
-0.4820 0.6153
0.0278 0.2056
0.1672 -0.5119
-0.8779 -0.2653
-0.3183 -0.0896
0.5070 0.5211
0.1203 -0.4560
2.0830 -0.4180
-0.1561 0.6709
-0.4409 -0.5483
0.4936 0.1058
-0.0449 0.0791
-0.4386 0.0909
0.4107 0.2035
0.8470 0.1872
0.1037 0.1895
-0.1277 0.2015
0.0449 0.1088
0.8443 0.0287
-0.1557 -0.2410
-0.0248 -0.5453
-0.8892 0.2207
0.0411 -0.0604
0.3826 0.1579
0.8434 0.3069
-0.9359 -0.4182
0.6219 0.2417
0.4167 -0.1450
-0.7555 -0.1102
0.1806 1.3750
0.2963 -0.4154
-1.3573 1.4697
0.3562 0.5846
-0.1545 -0.0308
-0.0634 -0.7569
0.3579 0.1450
-0.0603 0.3798
0.0178 0.7774
-0.6781 1.9424
-0.0641 0.4967
0.7812 0.5137
0.9790 0.1231
0.4369 0.2969
-0.7993 -0.4019
0.5587 0.5801
0.7837 -0.4435
-0.3998 0.1112
0.1976 0.3076
0.1063 -0.0556
-0.1248 0.6815
-0.0621 0.7561
0.2921 0.6241
-0.2426 0.0623
0.1031 0.2611
-0.2894 0.3188
0.5418 0.0694
-0.5393 0.2111
0.6037 0.2677
0.1121 0.4616
0.6081 -0.2759
-0.6928 -0.1900
-0.5436 0.7265
0.5163 0.6388
-0.1920 -0.5334
0.3535 0.1942
-1.8377 0.2078
-0.2883 -0.1624
0.5358 0.7635
-0.1457 0.3410
3.1784 0.5381
2.4509 -0.4567
2.9952 0.0436
3.3908 -0.0767
3.4450 0.0410
2.2456 -0.0421
2.2076 0.4695
2.0745 0.2637
2.6899 -0.1058
2.7723 -0.2710
3.2738 -0.1906
3.3614 -0.2227
3.2170 -0.0402
2.5240 0.2994
1.8619 0.4707
3.0168 -0.0117
2.8299 -1.4209
3.1948 -0.4558
2.9986 0.2285
2.1449 -0.3446
2.7716 -0.1209
3.1025 0.3429
3.2084 0.6905
2.9356 -0.0407
1.9213 -1.4999
2.8618 0.2921
2.7990 0.1108
2.7780 -0.1961
2.7670 0.1433
3.0656 0.5000
2.8600 -0.2254
3.0191 0.4816
4.6127 0.5736
3.4004 -0.2291
2.8999 -0.7773
4.2126 0.1845
3.6056 0.1187
3.6381 -0.0779
2.8317 -0.0179
3.8628 -0.0714
3.7914 0.4264
2.2017 -0.2150
2.7684 -0.6388
2.0087 0.0267
2.9236 2.1400
2.8915 -0.0351
2.7354 0.1630
3.5937 -0.4946
3.1347 0.5868
3.0163 -0.0312
3.0614 -0.0002
3.5539 -0.8189
3.0205 -0.1776
3.2929 0.0451
2.0773 1.5938
3.1042 -0.1930
3.0313 -0.0177
2.6577 -0.4308
2.4837 -0.2801
2.5348 -0.0502
2.9325 -0.0508
1.1361 -0.7559
3.3917 0.1391
3.4673 -0.3853
2.3861 0.0106
3.0428 -0.0503
3.5845 -0.7935
4.0590 0.9409
3.0083 -0.3312
3.1480 0.4055
3.1653 -0.0336
3.2217 -0.1088
2.8640 0.3581
3.5388 0.4816
1.9746 -0.0819
3.4633 -0.3468
2.9134 0.3509
1.5497 -0.1643
3.8406 0.3650
3.1023 0.8814
3.5600 0.6949
3.0106 0.8503
2.3938 0.6720
3.5101 0.3407
2.9615 0.3800
2.9429 -0.0289
3.5470 -0.4073
3.1212 0.3831
2.4670 -0.0007
2.5237 -0.2554
1.8785 0.0809
2.6280 -0.5591
3.1838 -0.3033
3.7824 0.5041
3.9368 -0.8698
2.7337 -0.0805
3.7437 0.2370
3.3858 0.0642
2.9254 0.0505
2.6520 -1.0327
3.3985 -0.2289
3.1623 -0.8702
3.4518 -0.1201
2.0503 0.1461
3.4734 -0.3922
4.4609 0.8791
2.5828 0.8232
2.6408 -0.3103
3.3320 0.0169
1.7612 1.2210
2.9605 0.0980
2.1897 -0.0710
3.2563 0.2116
3.0417 0.3032
3.0400 -0.2245
3.2838 -1.0205
3.0127 0.5450
2.5090 -0.0219
3.3047 -0.5233
2.7915 0.1615
2.5519 0.0883
3.1601 0.1133
3.1630 -0.4966
3.9448 -0.0163
3.3450 -0.2538
3.3667 -0.4430
2.1809 -0.0736
3.8227 0.4331
3.1717 0.1678
2.7252 -1.2178
3.5419 0.2071
2.8873 0.0116
2.9569 -0.0256
4.8662 0.8072
3.7042 0.1230
2.7297 -0.4231
2.8790 -0.2415
2.7132 -0.2104
2.2468 -0.0877
3.0609 0.7066
2.8461 0.3372
2.6042 -0.5687
2.7305 0.0811
2.3688 -0.2860
3.5080 1.9629
3.2268 0.5331
3.6187 1.0556
3.0562 -0.3603
2.0587 -0.2532
3.0038 -0.4312
3.0999 -0.5388
2.5965 0.8660
2.9127 -0.1441
3.4847 -0.0764
2.6860 -0.0897
3.0142 -0.4221
2.6529 -0.9364
3.4646 0.6676
2.0892 0.2604
3.4137 0.1746
3.2115 0.1428
2.8724 0.4417
1.5552 -0.4462
1.6418 1.4247
3.0979 -0.3572
2.8669 0.0262
3.2211 -0.3340
3.2602 0.0807
3.3369 -0.4094
2.9020 0.0161
2.2220 0.4284
3.5738 -0.3786
2.8562 0.4466
3.3893 -0.1159
3.8100 0.5829
2.8161 -0.7156
2.4650 -0.2458
3.0940 0.6744
3.5737 -0.4033
2.6541 -0.1489
2.9361 -0.4179
3.1806 0.0170
2.8735 0.0512
2.9798 -0.3943
2.2660 -1.3515
1.6559 -1.7300
2.5750 0.4366
3.4984 -0.1997
3.3218 0.4866
2.9875 -0.0472
4.4337 0.7175
2.9618 -0.0204
2.9951 0.5213
2.7074 -0.9082
1.4271 1.0313
2.8414 -0.5484
3.7789 0.4142
2.8622 -0.1289
3.4570 0.1286
3.1195 0.1057
2.3138 -0.3246
3.1279 -0.7584
3.8994 -0.4054
4.2961 -0.8427
1.6529 0.1686
2.2157 0.2651
2.5272 -0.8104
2.7897 -0.8517
3.0739 -0.0293
3.7956 0.0107
3.0058 -0.0453
3.0192 0.0455
3.3567 -0.2734
3.0991 -0.0618
3.2882 0.0900
3.2317 -0.0187
2.8857 -0.7072
3.2861 0.0836
3.2381 0.4137
2.3866 0.5719
2.8158 -0.7103
2.7190 0.2377
2.9202 0.0292
2.7214 0.8976
1.3172 -1.1630
3.1721 0.7453
3.1228 0.1494
2.9110 0.1316
2.9140 -0.9111
2.6813 0.4683
3.0461 0.0136
2.2495 -0.3304
3.5484 -0.4009
3.1046 0.0139
2.3958 -0.6752
2.4825 -0.0909
3.3001 -0.3530
2.8373 0.6681
3.3352 0.5750
2.7166 -0.3393
2.9222 -0.9359
3.1053 0.7248
2.6911 -0.7987
2.8341 -0.1732
3.2888 0.9061
2.7050 -0.0674
2.5693 -0.3019
3.3796 0.0534
3.3979 -0.0139
2.5149 -0.6507
