-0.0905 -0.4323 -0.2936
0.6251 0.2281 -0.1428
0.1661 -0.1095 0.1078
-0.3080 -0.4845 0.7520
-0.7697 -0.2855 -0.1213
-0.1239 -0.3805 -0.7474
0.0425 -0.0759 -0.0745
-0.6614 0.0201 -0.2581
-0.0919 -0.1304 -0.1437
0.0978 -0.0835 0.6063
0.7412 -0.7029 0.0340
0.2560 0.4756 -0.4402
0.1211 0.0928 -1.2743
0.1423 0.7116 0.2496
-0.0352 -0.5957 0.2573
-0.1819 -0.0098 0.3592
0.6210 0.1291 0.7143
-0.2046 0.1987 -0.2729
0.4195 -0.1351 -0.5247
-0.1897 0.2115 -1.3601
0.0323 -0.2552 -0.0540
0.0031 -0.0107 -0.0053
-0.2450 -0.1338 -0.6928
-0.4244 0.9981 -0.3754
-0.0679 -0.1743 1.5080
-0.1312 -0.2122 0.3931
0.1189 -0.5570 0.4625
-0.1945 -0.1206 -0.3162
-0.1539 0.3121 -0.5319
0.2416 -0.1649 -0.8993
0.3374 -0.4569 -0.0303
-0.1491 -0.1437 -0.4011
-0.2716 -0.0534 1.3118
0.1029 0.5370 -0.2954
-0.0611 -0.0676 -0.0316
0.0767 -0.1480 -0.0545
-0.1058 0.0427 -0.0949
-0.0121 0.0287 -0.0376
-0.0427 -0.0078 0.2733
-0.1067 -0.0318 -0.0119
0.9909 0.3447 0.6088
0.0086 -0.0045 0.0007
-0.0004 -0.0196 0.1057
0.2120 -0.1677 0.0314
-0.1134 0.2919 0.4697
-0.7291 -0.0777 -0.3145
0.0094 -0.0342 0.0929
-0.0034 -0.0041 0.2174
0.0080 0.1504 -0.4060
-0.5631 -0.3927 -0.0388
