-0.0960 0.5962
0.2612 0.1063
0.3453 -0.6221
0.4354 0.0921
0.6161 0.6079
-0.0069 -0.6414
0.1816 -0.4064
0.6028 0.1374
-0.0076 -0.0121
-0.3016 0.1430
-0.8145 -0.0886
0.6941 -0.3398
-0.0527 0.1293
-0.0268 0.1021
0.4572 0.1668
-0.0006 -0.7523
-0.0330 -0.1209
0.6312 0.0268
-0.0040 0.0111
-0.3902 -0.3256
0.0438 0.1218
0.2644 -0.2803
0.1629 0.0453
0.6211 -0.6144
0.5072 -0.4917
0.1207 -0.1433
-0.0649 -0.0290
-0.1067 -0.1444
0.5177 -0.7739
-0.5510 -0.6377
-0.0584 -0.3867
0.6624 -0.6152
-0.0925 0.1705
-0.2802 0.0088
0.6093 0.2992
0.0835 0.1781
0.2846 0.0076
-0.3161 0.1393
0.0028 -0.0225
0.5340 -0.3574
-0.4602 0.0134
0.0311 -0.0247
-0.0371 -0.3984
0.0733 -0.1318
0.4374 0.1786
0.0650 0.0125
0.1671 0.7869
0.3502 -0.5290
-0.1964 -0.7353
-0.7773 -0.2076
0.6237 -0.1557
0.0997 0.5318
-0.4295 -0.8503
0.4403 0.4232
-0.1524 -0.7121
-0.1319 0.1289
0.5028 0.6534
-0.2076 -0.0985
-0.3638 0.3747
0.0116 0.0900
0.2060 -0.3822
0.2074 0.2861
0.0195 0.7944
-0.4662 0.0546
0.8592 0.2301
0.6420 -0.1001
-0.5417 -0.4951
-0.7512 -0.0833
0.1208 -0.6301
0.3642 0.2392
0.3867 0.2449
-0.2658 -0.4136
-0.1555 -0.2035
-0.1844 -0.0782
-0.7767 0.4928
0.3074 0.7626
-0.3741 0.1730
0.6589 0.4513
-0.0062 0.0075
0.4764 -0.0487
0.6887 0.4857
-0.0006 -0.3001
0.0626 -0.2326
-0.7143 0.3248
-0.0476 0.0443
-0.0388 0.4601
-0.7476 -0.1952
0.6302 -0.7081
-0.0579 -0.2548
0.0342 -0.0068
-0.7641 0.5578
-0.6486 -0.0891
-0.4443 -0.7552
0.2187 -0.0896
0.7974 -0.5346
-0.5011 0.3996
0.7752 0.3872
0.1894 0.4822
0.2308 0.2846
0.0504 0.1070
3.7634 -0.1160
3.1387 0.0091
3.1132 -0.2302
2.9097 0.1796
2.9699 0.0263
3.0534 -0.3900
3.2929 0.2709
3.3290 0.3093
3.6736 -0.7148
2.8025 -0.8438
3.3626 0.3087
3.3513 0.1527
3.2926 0.5650
3.4518 0.7993
2.9947 0.0210
3.0283 0.0862
2.9317 0.0288
3.5965 0.5659
2.9132 -0.0786
3.0083 -0.6758
3.2629 -0.6966
3.3435 0.1553
3.4016 0.0141
3.0342 0.0214
3.0804 0.0498
2.7535 -0.2579
2.8399 0.3647
2.9002 -0.5614
3.0643 -0.3910
3.3716 -0.8568
3.1573 -0.3034
2.9489 0.0819
2.8247 -0.1003
2.2391 -0.2116
2.7802 -0.0485
2.1312 -0.1980
2.8626 0.2672
3.2900 -0.4551
3.2084 0.0584
3.7662 0.3289
2.7069 -0.0059
3.0304 0.6274
3.6929 0.1418
2.7533 -0.0826
3.0488 0.0591
2.9337 0.0838
2.9065 -0.0128
2.6476 -0.1467
3.1952 -0.7397
2.1892 0.0344
2.6640 0.0955
3.0322 0.0198
2.6259 0.6619
3.3966 0.0190
2.9243 -0.5127
2.6244 -0.3713
3.5953 -0.3005
2.9282 -0.2074
2.3635 -0.5211
3.2775 -0.3483
3.3792 -0.4635
3.1666 -0.0631
2.7943 -0.2110
2.3317 0.1367
2.9079 0.0618
2.7615 -0.8692
2.7069 0.9210
3.1716 -0.2531
2.8564 0.3735
3.5469 -0.3430
3.5834 -0.7769
2.8503 0.4839
3.6789 0.0646
3.0345 0.4329
2.8883 0.1400
3.5881 -0.3934
2.9990 -0.0178
3.7181 0.3310
3.2823 -0.3675
2.3358 -0.0296
2.8359 0.1855
2.6591 -0.0600
2.4799 -0.1708
2.7389 0.2341
3.6877 -0.2962
2.9489 -0.8392
3.2808 0.1584
3.4107 -0.2639
3.7184 -0.5382
2.0828 0.0341
3.2221 0.0473
2.8331 -0.3237
3.7987 -0.0534
2.0528 -0.2249
3.4920 -0.4434
2.0416 -0.1327
2.9685 0.9568
3.5268 -0.3140
3.0195 -0.0557
2.9941 0.8915
