4.237243823931031717e-01 2.028509175528581676e-01
-5.041017736328620713e-02 3.107412867122037736e-02
-6.509228810335260240e-02 7.172227033322006173e-01
9.851002982244377870e-02 -6.786166403582941098e-02
-1.705614477253004635e-01 -3.428178656836513016e-01
-2.272797324792827922e-01 -1.286884355747080766e-01
6.754485486734339295e-02 8.775511720122676496e-02
-1.139944205564696056e-01 7.935473047495551491e-01
-1.741716453182408642e-01 -2.279032297749771785e-01
1.905174097945747380e-01 4.013853647581803186e-01
1.797995878883932794e-03 2.992601553043168668e-03
-2.311936913676000127e-01 -8.835393416231088759e-01
-3.022164283147013020e-01 8.267255121124186257e-01
-1.534752267653152757e-01 3.528147875071859230e-01
8.946713766042266869e-01 -2.471118169229059025e-01
3.985996865600947014e-01 2.623928145252401589e-01
5.486289629516219457e-02 -9.209062929251591312e-01
-5.783095930847689248e-01 4.262741609848682556e-01
4.564642339161489870e-01 7.854568664515384491e-01
2.120911851846236096e-01 1.411382970104468060e-01
7.022120115516312933e-02 2.056513008544911536e-01
-5.604355766004467249e-02 4.216058378634955917e-01
-1.671573207242244841e-01 9.048738673384097986e-01
4.400396490587178966e-01 -2.243807637178218406e-01
6.929620149671776863e-01 -5.611783896345264866e-01
3.882387182618505794e-01 -4.576727945124074437e-01
8.974623177043700162e-02 1.140438381610117541e-01
1.577289478378022386e-02 2.951150842063967467e-02
-6.205504008867698262e-01 1.561138436769140270e-01
-2.958941010123482263e-02 -4.721744242618295950e-01
3.090346497721425112e-01 -6.401144016614668253e-01
-1.208257943034302950e-01 -6.352232219495953514e-01
-1.552502247237113331e-01 -7.229341991542558299e-01
4.251892409735378436e-02 -3.741821041645114199e-01
-8.700969085167112871e-01 -3.450305475039483483e-02
4.395896498838687272e-01 5.592286312747229982e-01
-1.893666441574400894e-01 -2.776607360148343195e-01
-3.439035823859387109e-01 6.457134181964298281e-02
-1.125888588936915513e-01 -6.729686552964751767e-02
1.363241148312303516e-02 -1.411866237687402770e-01
1.129191351323762665e-01 -1.159792071745797126e-01
7.812944043748751843e-01 -3.156305236784000545e-01
2.726073515147090509e-01 -7.289235635922985956e-01
3.777311843949677228e-01 -5.459344786615030753e-02
-2.850930946949866707e-01 -8.656059030822483846e-01
8.896386670600768543e-02 -1.631559517488631941e-02
-5.261614057890321439e-01 -3.234372822298326455e-01
-1.832402437621259705e-01 -1.427925865884611123e-01
6.783982503979286705e-01 6.859989618871307204e-01
5.559441784961299121e-02 -3.255314312233178325e-02
4.505973744114555757e+00 2.525026675454928871e-01
4.233340401490834459e+00 -9.415283540546350860e-01
3.889884229105045499e+00 -1.409149743757983075e-01
3.328919303871573199e+00 4.876453068893335518e-01
3.440741944130360164e+00 2.494496837597439953e-01
3.763017107673641615e+00 1.051690455045000278e-01
4.827634206319013188e+00 -5.410450474158405854e-01
3.626922887777244142e+00 7.491137053988091710e-01
4.751826320612950738e+00 -4.569148241265307275e-01
4.881948426834889609e+00 1.317756439534458202e-01
3.684315714308555645e+00 6.325518736163633360e-01
4.215115170053607585e+00 6.451635114435785301e-01
4.041922569569151413e+00 -1.603178025488805891e-01
4.182125989784085895e+00 2.538415033730200832e-01
4.310313687368677371e+00 2.493975147481072019e-01
4.301263063826628041e+00 -7.815543114485329346e-01
4.271009557231487008e+00 -2.610642582939784462e-01
3.855829716705025945e+00 8.554290541741023102e-01
4.016400047873482038e+00 -1.681261431446693932e-01
3.973498832805822278e+00 1.538686918193364894e-01
3.653835178271275463e+00 -2.341916630943219058e-01
3.800476681759652919e+00 1.791068442332028054e-01
4.342175207395372105e+00 1.985123872718022597e-01
3.209757930287264749e+00 -2.284455777112631425e-01
3.991131799527404045e+00 -3.301584048665251458e-01
3.821045403775952032e+00 -5.535930932134037752e-01
3.991657750477214606e+00 1.357039374970556503e-02
3.508076276703333995e+00 6.500205576065485324e-01
3.952721055812997708e+00 -4.491861732654282569e-01
3.793209770851862839e+00 2.064357198625018652e-01
3.796965058606471377e+00 1.665670390229237463e-01
4.936298298209200297e+00 3.462394099675333292e-01
4.445991989769784603e+00 7.217738342502375004e-02
4.210657242042499249e+00 4.731750825716098119e-02
4.100267338564092867e+00 -8.283203154797880163e-01
4.159867600626839135e+00 -4.242302903218374971e-02
3.523550025623717996e+00 1.086090827652664084e-02
3.233988765179781844e+00 2.267127180877054338e-02
4.023398459728634080e+00 -6.199978682158876347e-03
4.244394961159048130e+00 8.354986702830441425e-01
3.631581496400878351e+00 1.471422300810176498e-01
3.811209501798690447e+00 -3.602536295824113055e-01
3.887104724998824423e+00 6.956214027803424571e-01
3.724960718328625298e+00 -6.054682930531993801e-01
3.912305420317391036e+00 -9.566597293951926984e-02
3.725599385592290425e+00 -6.025384828491944234e-01
4.032687858397967062e+00 1.089105924995843327e-01
4.021853698086729878e+00 1.173414990496933902e-01
3.691611201223205629e+00 -1.348453739571570387e-01
3.993268175450757074e+00 -1.669350964252602210e-01
