0.0448 0.4056
-0.1877 -0.1382
-0.1406 0.0839
-0.1453 0.8481
-2.4238 -0.1926
0.2791 -0.7424
0.4575 -0.4539
-0.0203 -0.0965
0.7424 -0.5607
-0.9713 -0.0257
-0.1705 -0.1903
-0.1623 -0.1899
0.0008 -0.1929
0.4976 -1.3786
-0.7035 -0.1741
-0.4805 -0.6726
-0.1807 0.1559
0.5213 -2.5754
-0.8296 0.5302
-0.8415 0.1035
0.5969 0.3769
-0.7088 -0.1669
1.5991 1.0921
0.0753 0.5082
0.2267 -0.1521
-0.0714 0.0517
-0.4129 -0.1156
0.0297 -0.8002
-0.7259 0.4010
-0.1222 0.2421
-0.0597 -0.9697
-0.7898 -0.3069
-0.5125 -0.1479
-0.6556 0.7015
-0.2946 -0.2907
-0.2069 0.3999
-0.2653 -0.1072
-0.6466 0.6541
-0.2636 -0.0750
0.0167 -0.7170
-0.3092 0.0624
0.7873 0.6029
-1.3408 -0.7393
0.0708 -0.1624
0.8700 0.5261
-0.5643 -0.1618
-0.0265 -0.0073
-0.0666 -0.0167
-0.6860 -0.0963
-0.7051 0.2713
-0.0768 0.4671
-0.6946 0.0306
-0.0373 0.9563
0.6552 0.1326
0.1161 -0.1050
0.8303 0.0495
-0.2660 0.4084
0.9386 -0.1473
0.1221 -0.1998
-0.6375 1.1733
-0.6979 -0.1317
0.0549 -0.0854
0.0408 2.0077
-0.1103 -0.0094
-0.0300 0.0109
-0.3037 0.5480
-0.6940 0.1696
-1.0502 0.8042
0.0441 -0.0030
0.0332 0.0233
0.0710 0.0623
-0.1125 1.8357
1.9257 -1.4500
0.0278 0.5507
-0.2009 -0.1676
-0.4762 0.2410
0.3598 -0.2649
0.3061 0.5049
0.0440 -0.9548
-0.0580 -0.2270
0.8797 0.3189
0.4700 0.2565
-0.0400 -0.0268
-0.3826 -0.0630
-0.6981 1.8909
-0.4402 -0.4042
-0.2776 -0.1152
-0.4376 0.7454
0.0244 -0.0069
-1.7998 -1.8401
0.0251 -0.0023
0.0052 0.0097
0.3545 0.2276
-0.6717 0.1056
0.1845 0.1754
-1.0549 -0.5318
0.2087 -0.7363
-0.5066 0.3700
-2.2361 0.2446
0.1138 0.1294
-0.6737 -0.4591
0.6752 0.5547
0.1165 0.6622
0.2819 -0.4960
0.0772 -0.0605
0.9592 -0.1749
0.6879 -0.0365
-0.0006 0.0265
-0.5654 -0.4625
-0.0177 -0.3861
0.0786 -0.1680
0.4111 0.0493
0.3996 0.4285
-0.4953 -0.4648
1.0542 -0.4012
0.7120 0.0233
0.3031 -0.6887
-0.4357 0.5812
-0.5464 0.7375
0.3382 -0.7460
-0.1795 0.4292
-0.3842 -0.4096
-0.2719 0.9055
0.0777 0.4644
0.1983 -0.6363
1.4732 1.2236
0.0487 -0.1141
0.2509 0.8638
-0.7595 -0.3096
-0.2329 0.8987
-0.6146 0.1980
-2.5570 -0.5655
-0.2309 -0.1168
-0.2385 -0.2142
-0.5082 -0.1345
0.1544 -0.1615
0.0788 0.0527
-0.0236 0.6576
0.0553 -0.0625
-0.1224 -0.1173
0.7811 -0.3550
0.2817 -0.0910
-0.1266 0.2393
0.3208 -0.4262
1.0356 -1.3640
-0.8320 0.2202
-0.0467 -0.1607
-0.1493 0.0425
2.5326 -0.5909
-0.2221 -0.3802
0.0505 0.3722
-0.7544 0.2160
-0.8758 -0.3457
-0.0546 -0.5470
-0.4624 0.7329
-0.9378 -1.2848
1.1314 1.0702
0.0221 0.0030
0.6183 0.2708
2.1249 -0.6204
-1.5594 2.0933
-0.9096 0.4778
0.0054 -0.0113
2.4327 0.2247
0.0985 0.0731
0.9815 -1.0428
-0.0752 -0.3013
0.7149 0.0865
1.3315 -0.6070
0.1741 -0.3632
0.0870 0.1819
0.1403 -0.0907
0.2681 -0.7926
-0.0111 -0.0000
0.7863 -0.0798
-1.7707 -1.4934
1.8034 -1.0647
-0.1430 0.2144
-0.0155 0.0320
2.1873 -1.4139
0.4229 -0.3723
0.1623 0.2398
-0.3198 -0.4340
-1.5837 -0.2077
-0.2619 -0.4064
-0.5617 -0.4842
-0.9083 1.6684
1.2661 0.4407
-0.5185 0.6360
-0.0001 0.0065
-0.0772 -0.0681
0.6348 0.7152
0.3726 -0.7254
-0.2601 0.5440
-0.3433 0.0194
0.2998 -0.1212
0.7490 1.5154
0.2424 -0.1275
0.1171 0.2218
-0.7860 0.2643
0.6733 -0.6939
0.4793 -0.3544
-0.2040 -1.3616
-0.1196 0.0457
-0.0013 -0.3084
0.4096 -0.8375
-0.0141 0.0170
0.0645 0.5695
0.5678 -0.0284
-0.3827 0.5041
0.4650 0.1571
-1.4125 -0.3774
-0.5108 0.2855
-0.0046 -0.0908
-2.0728 -0.7473
-0.7355 -2.4873
2.3526 -0.8250
0.1925 0.9441
0.1897 -1.6368
0.3434 0.1601
-0.1868 0.9532
-0.2909 -0.5891
-0.6490 1.3488
-0.8175 -0.3087
-0.6901 0.0097
0.6551 0.5882
-0.0499 0.0845
-0.0699 -0.0627
-0.2512 0.0561
-0.4983 0.3039
0.2255 0.3330
-0.7283 -0.2134
0.1154 0.0520
-0.5057 0.3024
-0.5829 -0.4586
-0.1925 -0.1267
-0.5732 -0.2042
-0.5437 -0.0604
0.8446 -2.1342
-0.2910 0.7574
0.8801 -0.1747
0.7306 0.1975
0.0367 0.1800
-0.1042 0.2223
-0.8787 0.1266
0.6529 0.0798
-0.3232 -0.0382
-0.4936 0.8119
-0.3232 -0.3959
0.7327 0.0154
3.6985 0.2015
4.5844 1.4093
3.7816 0.1553
3.4299 0.0518
2.6729 0.3625
4.0552 -0.1971
3.4942 0.7027
3.8444 0.7597
3.2738 -0.7394
3.3106 -0.6267
3.4346 0.0420
3.7595 -0.2043
3.1735 -0.1738
2.6872 0.0720
3.3757 -2.2301
3.8174 0.5504
3.4972 0.0313
3.2170 0.3796
3.5781 0.1113
2.5122 0.0418
3.4390 0.4601
2.7207 -0.2578
4.1985 -0.3505
3.2179 -0.4186
4.2769 -0.3329
2.8736 -0.0403
3.8027 -0.0062
3.2388 -0.2193
2.7141 1.2128
3.3482 -0.4730
4.2653 0.0479
2.8004 0.5306
3.2045 0.4299
3.4355 2.6666
3.4433 0.0102
3.7393 -0.2236
3.5291 -0.7062
1.1463 -0.4929
3.4361 -0.0294
3.8558 0.3852
3.3467 0.2319
4.0928 -0.0981
3.4837 -0.2628
3.4912 -0.4947
4.3117 -0.0410
3.3003 -0.2061
3.5300 0.1483
4.2187 0.4341
3.4212 -0.5160
3.4021 0.5046
3.5102 -0.0030
3.1202 0.0277
3.4551 -0.1082
3.1091 -0.7144
3.5502 0.9300
3.8531 -0.6894
3.1919 0.8472
3.4825 -0.3839
4.3881 -0.2416
1.4395 0.7311
3.7333 0.7096
3.5166 -0.1258
5.0985 0.5782
4.8568 2.2325
3.1007 0.6144
2.8702 0.0935
3.4883 0.0146
3.8669 0.5736
4.4635 -0.0534
3.5529 -0.5202
3.3023 0.1086
3.0552 1.7080
5.3808 -0.9706
2.8526 0.1844
3.6833 0.7936
2.5242 -1.8451
3.4131 -0.2074
4.2716 0.0022
3.2833 0.4533
3.3042 0.2756
1.3794 -1.2250
3.4916 -0.0223
3.1622 0.2468
4.5326 -1.3000
2.7526 -0.1035
3.9426 -0.7846
2.9684 -0.7344
4.0827 -0.6802
3.4947 0.0166
4.1583 0.0866
3.2979 -0.0689
3.4510 -0.2605
3.3407 0.1607
3.5796 -0.4674
4.3381 0.4004
4.4428 -1.0876
4.1779 1.1097
5.0335 1.0385
3.6491 -0.5005
5.2443 0.2599
3.5915 -0.4199
2.9453 1.4810
3.5180 0.3799
3.4387 0.2843
2.9862 -0.2651
3.5925 0.1000
3.4985 0.0021
3.3127 0.0899
3.4702 0.1368
3.9758 -0.7539
3.0520 0.1237
3.8225 -0.4954
2.9475 0.2122
3.4464 -0.3203
3.8832 -0.2115
3.3214 -0.0662
3.6025 0.0439
3.1639 0.2817
3.0300 0.0591
3.4087 -0.1551
3.1561 -0.5272
3.1338 0.2094
3.4092 -0.0394
4.1792 -0.4319
4.2624 0.0372
4.4281 -0.0234
2.9525 -0.0476
3.9514 0.4392
3.7190 0.0690
3.6524 0.7237
2.9278 0.5870
2.6307 0.1146
4.3162 0.3227
3.4408 0.2457
3.0449 -0.8083
3.7653 0.0717
2.9739 0.3665
3.2022 -0.6860
3.2456 0.7835
3.5756 -0.4860
2.4396 0.0542
3.2616 -0.6726
3.1518 -0.3534
4.4338 -0.2383
3.0631 0.5921
3.7021 -0.2800
3.9384 0.2634
3.0014 0.3691
2.9290 -0.1565
3.4345 0.4938
5.6001 0.3402
3.3811 -0.2911
3.5546 0.2109
3.2328 -0.0403
3.6133 0.3372
4.7230 -1.4993
4.2829 0.2026
3.7481 0.2501
3.1153 -0.0219
2.6349 -0.2423
3.7268 0.4671
3.0000 0.1349
3.4931 0.2003
3.9720 -0.3620
4.2054 -0.4093
3.1469 0.6162
2.8343 -0.0617
2.8716 0.4847
3.6618 -0.8928
3.6317 -0.0673
3.3145 -0.0784
2.3637 -1.5261
2.9195 -0.4040
4.3088 0.1007
3.3572 0.2755
3.6719 0.9170
2.7103 0.3645
4.9567 0.9507
3.5334 0.0190
3.3156 0.2728
4.1821 0.3195
3.5789 -0.1445
3.4828 -0.0123
3.3980 -0.3508
4.4690 -0.1872
2.9768 -0.4144
3.3693 0.1964
4.2293 0.3274
4.1014 -0.2250
1.8383 -0.9531
3.5825 -0.2673
4.0536 0.7982
3.6240 0.9411
3.7308 -0.6708
3.2212 0.5313
4.3949 0.2197
3.6194 0.1198
2.7438 -0.2560
3.3270 -0.5125
3.6907 0.3008
2.9675 -0.1937
3.7855 -0.0949
3.5831 0.1548
3.2018 0.2030
4.1795 -0.3312
1.8319 -1.1382
3.4421 1.6820
3.2247 -0.1891
3.4447 0.4167
2.7967 -0.4415
4.4047 0.1905
3.0592 0.0389
4.0839 -0.4564
3.2693 0.0191
3.8738 -0.2415
2.8879 0.0140
2.9741 0.4069
4.0204 0.2376
3.8133 0.1500
4.0984 -0.5994
3.6949 0.3309
3.2098 0.2639
3.3157 -0.0688
3.8838 0.4305
3.4693 0.0523
3.7790 0.5731
3.4315 0.1539
3.0410 -0.3862
5.4068 -1.0022
3.5018 -0.1435
2.9222 0.6172
3.6206 -0.0149
4.2068 1.9078
3.7102 0.1040
2.5337 0.3275
3.6041 0.2224
3.6639 0.2110
3.6392 -0.0539
5.1263 -0.4942
3.7678 0.0419
2.0938 -1.7834
3.1246 0.3806
3.4355 -0.5912
3.5080 0.0659
3.6792 0.0052
3.8646 0.5419
3.9264 -0.5916
3.0100 -0.2166
4.3520 0.0203
1.6227 1.5553
