-0.4036 -0.1088 0.6926
0.1670 -0.0520 -0.1986
0.1349 -0.1210 -0.0720
-0.3312 0.0618 -0.4202
0.0747 -0.2884 -0.2723
0.0078 0.2312 -0.2119
0.4095 -0.3787 0.3668
-0.1849 -0.5916 -0.0635
0.2650 0.1156 0.7085
-0.4771 -0.0635 0.0900
0.3987 0.1214 -0.0029
0.1880 -0.4985 1.0641
0.1285 0.0852 -0.4545
0.0245 0.0812 -0.0559
0.6870 0.7518 1.0317
0.0525 -0.1782 0.8110
-0.0432 -0.1139 0.1211
0.3242 -0.8620 -0.2486
-1.0758 0.7873 2.7190
0.0439 -0.2316 1.2327
0.3669 0.5916 -0.1224
-0.1697 -0.6986 -0.6390
0.0287 -0.0305 0.1719
-0.4272 -0.0745 -0.6749
-0.4816 -0.0912 0.1636
-0.0021 -0.0202 0.0837
0.2048 -0.2526 -0.4080
0.4809 -0.8615 -0.6565
-0.0364 -0.0039 0.8837
-0.1214 0.0253 0.1704
0.2813 0.1057 0.2150
0.3952 0.7885 0.4338
0.0549 -0.0020 0.0548
-0.1251 -0.1233 0.7090
0.0867 0.1201 -0.5773
0.1217 0.0343 -0.1343
-0.0517 0.0198 -0.0742
-0.3091 1.1120 1.9522
0.0210 -0.2081 -0.7743
-0.5476 0.0382 0.6150
0.1575 1.3805 -0.8450
-0.3249 -0.2749 0.4915
0.0263 0.0486 0.3856
0.0030 0.0007 -0.0047
-0.2767 -0.1473 0.3752
-0.2556 0.1375 -0.2981
-0.1827 -0.0399 -0.2141
-0.8048 -0.1341 0.5750
0.2076 -0.1731 -0.8977
-0.0119 -0.0601 0.1658
0.4972 0.1526 -0.6243
0.0703 -0.1886 0.0605
-0.4691 -0.1718 -0.2656
0.1437 -0.2369 -0.4987
0.0751 0.2173 -0.5162
-0.2598 0.0168 -0.5442
0.0352 -0.2235 0.2816
-0.0736 -0.0154 -0.2640
-0.0436 -0.0751 0.3152
-0.3149 0.1992 0.1854
-0.3027 0.8634 1.2818
0.1491 -0.2787 0.1867
0.6414 0.0480 -0.0530
-0.6676 -0.4942 -0.1921
0.0064 0.0209 0.0608
-0.0462 0.0500 -0.3601
0.0662 -0.2788 -0.7414
0.0892 -0.0127 -0.3606
-0.0671 -0.0078 0.2615
0.0051 -0.1861 0.8039
0.1731 0.6281 -0.7249
-0.0115 -0.0791 -0.0956
0.0244 -0.0629 0.0872
0.0456 -0.2799 0.2263
-0.0699 0.0181 0.0623
-0.0311 -0.1714 0.8522
-0.3259 -0.3816 -0.8292
0.3800 0.0306 -0.4113
0.0048 0.2094 -0.1904
0.1392 -0.1903 0.0892
-0.2502 -0.6201 0.5632
-0.0516 -0.0563 0.2604
0.0382 -0.1136 -0.2651
0.2063 0.0625 0.0194
0.4415 0.0023 0.0529
0.6545 0.2113 0.1769
0.0733 0.1732 0.2312
-0.1511 0.0790 0.0042
-0.5456 0.3668 -0.0647
-0.2542 0.0454 0.4776
-0.0316 0.0375 0.8126
-0.0077 0.0018 -0.0493
0.0641 0.1463 0.7116
-0.4052 0.0356 0.5161
-2.1959 0.2860 0.4538
0.0363 -0.0039 -0.4420
-0.1091 -0.0549 0.3347
-0.0084 0.0092 -0.8608
0.8645 -0.3642 -0.3377
-0.0011 0.0014 0.1134
0.1600 -0.1806 -0.6080
-0.8913 0.3318 -0.0564
-0.0834 -0.4564 -0.5885
0.3276 -0.3360 0.1914
-0.6982 2.2672 -1.6505
-0.0063 0.0173 0.0867
-0.0638 -0.3782 -0.3010
-0.0084 0.2765 -0.5307
-0.0420 0.1982 -0.1067
0.0091 -0.0238 0.0718
-0.9579 -0.2428 0.8523
-0.2925 -2.3282 1.0631
-0.3204 0.7387 0.0721
0.0300 0.0319 0.1105
-0.2802 0.3099 -1.2668
-0.4750 0.6540 -0.9002
0.0814 -0.0593 -0.1077
0.0076 -0.0988 -0.0086
-0.0542 0.3122 0.7562
0.2973 0.2956 0.3097
0.3952 0.0858 0.8228
-0.2490 0.3557 -0.8300
-1.2317 0.5110 -1.9019
0.0001 0.0001 0.1090
0.8751 1.2467 1.8490
0.7503 -0.1938 -0.6167
-0.0589 -0.1313 -0.0601
-0.1943 0.4607 0.7817
-0.0066 -0.0009 -0.0292
0.6962 0.3649 -0.2268
0.3449 -0.8305 -0.0041
0.3821 0.0960 -0.3508
0.0112 -0.0638 0.5258
0.3303 0.2352 -0.0894
0.2436 -0.4727 -0.3387
-0.0209 0.3626 -0.1837
0.0062 0.2684 -0.0198
0.8360 0.4843 0.1060
0.4194 0.0079 -0.0194
0.0191 0.0039 -0.0134
0.0237 -0.0466 -0.1402
-0.0701 -0.0153 0.1826
-0.1895 0.4261 -0.2168
-0.3185 -0.1126 -0.3969
0.1263 0.5031 -0.4436
-0.8010 -0.4386 -0.0957
-0.0853 0.0931 0.1527
-0.2001 -0.3610 0.2922
-0.0306 0.0275 -0.3383
0.0536 -0.0533 -0.2256
0.4564 -0.1923 0.6984
0.1209 -0.1875 -0.2778
0.3107 0.6408 -0.0761
-0.1321 0.2495 -0.0992
0.0400 0.9286 -0.2066
-0.0800 0.0043 -0.1228
0.0459 -0.0431 -0.4448
-0.0339 -0.1202 0.9782
0.5196 -0.1407 1.4249
0.0905 -0.2697 -0.6309
0.1454 0.3154 -0.6068
0.9450 0.0243 2.5209
-0.1211 -0.3293 -0.5806
-0.3190 0.4124 0.1706
-0.1161 -0.0317 0.1540
-0.2879 0.2167 0.6573
-0.0706 -0.0644 -0.3703
0.3113 -0.3867 0.6161
-0.3382 -0.2289 -0.3441
0.2930 0.0671 -0.4538
0.5562 0.0423 0.7766
0.1645 0.0255 -0.1857
0.0386 0.1824 0.0551
-1.5590 0.3671 -1.9522
-0.1667 0.3353 -0.7040
-0.0002 0.0004 -0.1889
0.7218 -0.3819 0.7041
-0.6115 0.6061 -0.5624
1.5793 0.0726 -0.9818
1.3352 -1.7243 -0.7021
0.1165 -0.4623 -0.2212
-0.0617 0.1523 0.3352
0.6608 0.5491 -0.3922
0.3073 0.2885 0.4249
0.0458 0.2291 -0.0788
0.2564 0.1815 0.2430
-0.2190 -0.4148 0.0893
-0.0261 0.0817 -0.2774
-0.9364 0.0092 -0.1757
0.0721 0.0200 0.0229
-0.4404 -0.0477 0.3126
1.8145 -1.2137 -1.1501
0.2613 0.7069 0.3909
-0.6823 1.7647 -1.9811
-0.2034 -0.0776 0.0168
-0.0446 -0.0854 -0.1654
-0.1895 0.8166 0.0665
-0.4693 -0.0230 -0.3815
-0.0439 0.0522 0.1127
0.0257 0.0718 -0.1598
1.3475 -1.5277 0.3079
-0.2867 0.8590 -0.2573
0.6016 0.4502 -0.3270
-0.1358 0.0885 0.9479
-0.0045 -0.0189 -0.0072
0.0671 -0.1749 -0.4651
-1.5037 2.2154 -0.2542
0.0449 0.0198 -1.0017
0.0658 -0.0648 0.4292
0.4659 0.3195 0.4310
-0.1866 -0.3503 0.0720
0.5490 0.1736 0.0119
-0.1742 0.2756 0.8693
-0.2342 -0.5607 -0.2047
-0.3912 0.3482 -0.2227
0.1297 -0.0069 0.1750
-0.2996 0.0593 0.0177
-0.3280 0.6159 0.1725
0.0644 0.3458 -0.1681
0.1179 0.2427 0.6090
0.9148 1.1444 -0.4728
-0.2150 0.2079 0.1772
0.0424 0.0646 0.8113
-0.1478 -0.4292 -0.1881
-0.3401 -0.0913 -0.1764
-1.0214 -0.7198 1.4528
0.0131 -0.0333 -0.0098
0.1796 0.0823 -0.4057
0.0566 0.0331 0.1411
0.1334 0.1122 -0.2823
0.0261 0.0302 -0.4805
0.0239 -0.6226 -0.2061
0.2524 -0.0629 -0.1640
0.6864 0.6427 0.0862
-0.2588 -0.2072 -0.7765
1.5984 1.0952 -0.6740
-0.0696 0.1951 -0.0989
0.0909 0.2267 0.7651
0.6258 -0.0034 -0.4191
-0.0052 0.0629 -0.0432
-0.0582 -0.0556 -0.0164
-0.4567 0.1270 -1.4438
0.2023 -0.2226 -0.1803
-0.8879 0.0051 0.0820
0.3424 -0.0216 0.4907
0.2519 -0.1039 0.5090
-0.1874 -0.0265 0.0180
-0.2494 -0.6303 -0.2333
-0.0085 -0.0042 -0.0231
0.0409 -0.2087 0.4085
4.0148 0.0108 0.2115
3.9752 -0.0075 -0.8873
4.1558 0.0116 0.5567
3.9063 0.1002 -0.4081
3.8062 0.3702 0.0462
3.5248 -1.2466 1.4180
3.5729 -0.1205 0.7158
4.4940 0.1488 -1.5385
3.6749 -0.1494 -0.6110
3.8425 -0.3576 -0.2684
2.1061 0.4425 -0.1671
3.9558 -0.0559 -0.0707
4.0334 0.0333 -0.1296
3.6182 -0.0707 0.1070
3.9354 -0.0179 0.4613
3.9977 -1.2373 1.4612
4.1747 0.0303 2.2059
4.1026 0.0434 0.9159
4.2094 0.0063 0.8346
4.0132 -1.1750 -0.1404
4.0134 0.5906 -0.5053
4.1125 -0.0227 -0.5003
3.8499 0.0061 -0.0314
4.0608 0.0843 -0.7454
4.0305 0.3937 -0.3245
3.9706 0.3563 -0.3393
6.5954 0.8538 1.4020
4.3329 -0.1111 0.3501
3.9182 -0.1078 0.9861
3.8619 -0.0535 -0.3172
3.9923 0.3960 -0.7601
4.1148 -0.0795 0.8452
3.9668 -0.0734 -0.1239
4.4087 -0.2942 -1.0751
3.0696 0.0858 2.9479
4.0653 -0.0429 -0.0336
4.1289 -0.1362 0.4479
4.9880 0.9224 -0.4568
3.9185 0.1178 -0.7432
3.8149 -0.2715 0.4403
3.9761 0.0592 -0.6846
3.9889 0.0222 -0.3605
3.6602 0.1540 -0.0429
4.0047 0.0024 -0.2409
4.2129 0.0438 0.6186
3.8868 0.0588 0.0265
3.6293 0.1121 0.4318
4.0392 0.6603 0.3489
4.1958 -0.0074 0.0256
4.4986 -2.0755 0.4677
3.8599 0.3334 0.0509
4.0547 0.1763 -0.3312
4.2247 0.0162 -0.5850
4.8030 -0.1193 0.0626
4.1683 0.0710 -0.4506
4.0029 0.0079 -0.0559
4.4666 0.0760 -0.3788
3.7516 0.3063 -0.4540
3.9106 -0.1723 -0.2069
3.7768 -0.1319 -0.2340
3.9221 -0.6549 2.5292
4.0303 -0.3039 0.0323
4.1465 -0.0502 0.6401
4.4672 0.4543 -0.0563
3.8888 -0.2973 -0.2807
3.9239 0.1014 -0.1120
3.8637 -0.1960 0.4956
3.8370 -0.0336 0.3670
3.5663 0.0150 -0.2420
3.2786 0.0343 -0.4463
4.4866 0.6090 1.7887
4.4784 -0.5697 0.1811
3.9275 -0.1199 -0.1064
4.2197 0.0264 0.8357
3.8205 0.3403 -0.8874
3.5722 -0.2445 -0.5239
6.2812 -1.1862 1.0378
3.7442 -0.8586 -0.2493
3.9820 0.0180 0.0767
4.0023 0.0430 -0.0750
4.0457 0.0252 0.0134
3.3250 0.2065 -0.3757
3.8771 -0.1380 0.6011
4.0894 0.4254 -1.0175
3.9358 0.1873 -0.2546
3.5711 0.2717 0.0161
4.1084 0.4142 -0.0524
3.8367 -0.1579 0.0546
4.2110 -0.1946 -0.4730
4.1009 0.5133 0.4616
4.0724 -0.3418 1.6825
4.7156 -0.1131 0.1464
4.3073 1.7126 0.3770
4.0452 0.0090 0.0840
3.5264 0.7523 -0.1911
3.8634 0.0315 -0.2584
4.1189 -0.2017 -0.9104
3.8128 -0.0160 -0.6193
3.2234 -0.5833 0.2413
4.5326 0.7724 0.2777
4.2461 0.1025 0.2597
3.1972 1.1703 0.1111
3.4303 0.1682 -0.0588
3.8534 0.2226 -0.4169
4.0546 0.0689 -0.0462
3.8432 0.0569 -0.5493
4.7832 1.1884 -0.6070
4.0478 -0.0582 -0.1415
3.9509 0.0314 -0.1724
3.9364 -0.0195 0.0589
4.2992 0.2416 0.8700
4.1321 0.9686 0.1989
4.0047 -0.0188 -0.0274
4.3761 0.3348 -0.3057
4.0455 -0.1412 -0.4740
1.3786 0.0436 -0.9248
4.0046 0.0043 -0.3963
3.8576 -0.2951 0.3105
3.4266 0.1242 -0.4093
5.3125 0.4648 -0.8434
4.3295 1.1773 -0.5635
3.4293 -0.1080 0.1633
3.0867 0.1899 2.4426
3.5368 -0.4383 0.3039
3.9421 -0.0825 0.2627
3.9155 0.0174 0.1987
3.7751 0.5181 0.2274
4.1379 0.0947 -0.8203
4.6982 -0.3156 0.3396
3.4924 -0.0907 -0.8187
4.0832 0.0046 -1.0001
3.6963 -0.4714 0.3185
4.0095 -0.1676 0.0437
4.0677 -0.0802 0.1321
3.7025 -0.2770 0.3417
3.6559 0.2896 -0.2252
3.9959 -0.0463 0.8753
3.4130 0.3966 0.3295
4.4785 -0.0134 -0.8562
4.0204 -0.1397 0.3317
4.0772 0.0527 -0.0461
3.9504 -0.1232 -0.3950
4.1142 -0.1146 -0.1225
3.8790 -0.0097 0.5963
4.0979 -0.1721 0.5971
4.7476 0.2975 0.0139
3.7621 -0.3390 0.4067
4.7439 -1.1757 -2.6685
4.2196 0.2521 2.2634
4.3613 0.1333 0.0530
3.7068 0.2392 0.3174
3.8871 -0.0906 0.0562
3.9659 -0.2300 -0.2172
4.7274 -0.2617 0.0707
3.8244 -0.0028 -0.5117
3.8315 0.8807 -0.2748
4.1777 1.0086 1.4473
3.9483 0.0783 0.7264
3.8534 -0.0323 -0.9342
3.9542 -0.0918 0.8481
3.9938 -0.0093 0.1251
4.0437 0.0496 0.4977
4.0007 0.0146 -0.0088
4.0190 0.5411 -0.3608
4.0925 -0.0258 -0.0910
3.8908 0.1359 0.0019
3.3129 0.5578 -0.4620
4.0347 -0.0967 -0.5339
4.0108 -0.9663 -0.1609
4.0272 0.0427 0.0270
3.9753 -1.1550 -2.5100
6.2463 0.3296 0.6910
4.8842 0.3887 -1.9043
3.9841 0.0009 0.0492
3.9702 -0.0430 -0.0916
4.9022 1.7371 0.4165
4.1330 -0.4387 0.8752
4.0922 -0.0404 -0.0032
4.0757 -0.0764 0.6374
4.0455 0.0700 -0.1067
3.6600 -0.1653 -0.3377
4.1817 0.0513 0.8628
2.2468 0.4405 0.8641
4.0858 -0.0395 -0.2310
3.4118 0.1728 -0.5412
5.2278 -1.0452 2.1837
3.9193 -0.4629 -0.5233
4.0523 0.1640 -0.1383
3.9212 0.0594 -0.6979
4.0218 0.1302 -0.0294
4.0998 0.1395 0.7154
4.0161 -0.0024 -0.0622
4.1624 -0.2233 0.8119
4.0376 -0.0786 -0.1923
3.6225 0.0974 0.1340
4.0693 0.0535 0.2636
3.9679 0.4290 -0.0468
4.0753 -0.3607 -0.1646
3.9420 1.3901 1.9171
3.7478 -0.4278 -0.4070
4.0086 -0.0063 0.0345
4.3488 0.7506 0.0814
4.0683 -0.2870 0.3116
4.3510 -0.0166 -0.8818
4.4639 0.0239 -0.5526
3.9944 -0.0711 0.2764
3.8063 -0.4507 -0.1731
2.8939 -0.1829 -2.2470
3.8885 -0.1263 0.4639
3.9895 0.0829 -0.1057
3.9801 0.5969 -0.1439
4.3705 0.0555 -0.0112
4.0726 0.0954 -0.2189
4.2461 -0.7882 -1.1783
3.8457 -0.1859 0.8914
4.6527 -0.1633 0.1833
4.0415 0.1931 0.5966
4.1391 -0.0969 -0.5146
4.9303 1.8748 0.1054
3.8785 0.2123 -0.2154
4.3345 1.9704 1.4155
3.7776 0.4699 -0.8150
4.0616 -0.0526 -0.8572
3.9447 -0.2348 -0.0548
3.1713 -1.2661 2.1789
3.9825 -0.7800 0.1371
3.9294 0.1881 -0.2861
4.5468 -0.6056 -0.0330
3.6616 0.7114 0.3741
4.0632 0.0730 0.5425
4.0181 0.0750 0.3438
4.8792 2.0306 -0.9010
3.9610 0.1217 0.3564
3.3956 0.2758 -0.0491
3.8282 0.5776 -0.8214
3.2862 -0.3068 -0.3514
3.9387 0.0929 -0.5999
3.5556 0.4130 1.1287
4.0720 0.0219 -0.1187
4.1407 0.0201 -0.0446
3.7795 -0.0949 -0.0736
4.0334 -0.0444 0.0700
4.0925 0.0238 -0.1438
3.6177 -0.0875 0.2623
3.9045 0.0141 0.2758
4.0297 -0.0951 0.1049
4.0444 -0.0139 0.3018
4.3822 0.7741 -0.1672
4.0722 -0.3536 -0.7474
4.1351 0.6467 -0.2760
