0.4844 -0.3840 0.6160
-0.6503 0.2955 -0.2593
0.0039 0.0042 0.2621
-0.1880 -0.2271 -0.2669
-0.7291 -0.3609 0.0078
0.1988 1.6245 1.7298
0.1143 -0.3476 -0.8838
-0.3038 0.2609 -0.9123
-0.0836 -0.1378 0.0312
-0.1678 0.5568 0.5000
0.0176 -0.0823 -0.4617
0.2962 0.0526 0.7049
1.5960 -0.7909 1.3188
-0.0674 2.2753 0.3621
0.2369 -0.0897 0.2832
-0.0902 -0.2810 0.6208
-0.0168 0.0808 -0.3794
-0.6001 -0.2689 0.6416
-0.0008 -0.0051 0.0005
-0.1912 -0.6635 0.5509
-0.4315 -0.4146 -0.6464
0.2827 -0.1136 0.9243
-0.1968 -0.0741 0.7026
-0.0065 -0.0004 0.0024
0.0190 -0.0073 0.0667
0.0074 -0.0954 0.9018
-0.7633 -0.4108 0.2527
-0.3208 0.0700 0.9255
-0.1585 -0.1890 -0.0785
-0.2040 0.7906 -0.1058
