-0.6003 -0.6362
0.4077 0.0157
-0.2019 -0.1164
0.1093 0.0971
-0.8124 -0.0609
0.1462 0.8376
0.1305 -0.3133
-0.2130 0.7861
0.6236 0.2565
0.1908 -0.0004
-0.5336 0.4912
-0.0648 0.0412
0.1752 0.4648
-0.3647 0.2853
0.0837 -0.2002
0.1040 0.5250
-0.4989 -0.3606
-0.5938 -0.3335
0.3475 0.1803
0.2133 0.9224
-0.1258 -0.5568
0.6809 0.3095
0.3491 0.7211
0.2513 -0.2628
0.0896 0.6962
0.5309 0.5507
0.2210 -0.9663
-0.0494 0.2584
-0.7072 -0.4663
-0.0582 -0.0021
-0.1219 0.0657
-0.7435 0.1629
-0.4714 0.2771
0.6851 0.3896
0.1114 -0.1385
0.2358 -0.5855
-0.1556 -0.2916
0.0034 -0.0564
0.1742 -0.1308
0.4418 -0.2501
-0.0034 0.0002
-0.1281 -0.2655
0.0483 -0.0402
-0.0053 -0.1212
-0.2541 0.6779
0.0205 0.1090
-0.7026 0.3547
-0.0730 0.2494
-0.0565 -0.7525
-0.1258 -0.4466
