0.0165 0.1260 0.1516
-0.4755 -0.5656 0.2877
-0.5220 0.1690 -0.6864
0.3925 -0.6188 0.4758
0.3670 0.3280 -0.8606
-0.1670 -0.4175 -0.7196
0.0075 -0.0192 -0.0195
-0.1976 -0.3525 0.5270
-0.4144 -0.9373 0.6109
-0.0996 -0.0511 -0.1234
-0.0068 -0.6249 -0.5154
-0.4746 0.1928 -0.5475
0.0491 0.3560 0.1775
-0.4700 -0.6898 -0.4840
0.2107 -0.0732 -0.2467
0.0337 -0.0145 -0.4239
-0.0220 -0.2509 0.0419
-0.7457 0.4724 -0.4612
0.1371 0.5609 0.1150
0.5296 -0.8601 0.0538
-0.2045 -0.2845 -0.2054
0.4895 0.1925 0.2414
0.1937 -0.1766 0.4201
-0.0251 0.2968 0.0352
0.0410 0.1059 0.2769
-0.1658 0.1058 0.2007
-0.0254 -0.1529 0.3196
-0.3586 0.1633 -0.5125
-0.5144 -0.0133 -0.3133
0.0180 -0.0015 -0.1040
0.2262 -0.2026 -0.1778
-0.2372 -0.1015 0.2723
-0.1858 0.1082 0.4747
-0.0251 0.0454 -0.0536
0.5322 -1.0487 -0.2358
-0.5169 -0.4376 0.6088
-0.7577 -0.2169 -0.1700
-0.0839 0.1298 -0.0873
-0.0148 0.0721 -0.0622
0.0663 0.0188 -0.0007
0.0353 -0.2467 0.2210
0.1834 -0.3704 -0.4624
0.2226 0.0197 -0.0079
-0.1422 -0.0774 -0.0367
-0.5607 -0.6817 -0.3559
-0.0107 -0.0668 -0.0295
-0.2925 -0.6110 0.9398
-0.0876 -0.6702 -0.6522
-0.9713 -0.4810 -0.2085
0.2051 -0.7988 0.3329
0.0143 -0.3037 0.0723
-0.7946 -0.0758 0.4565
0.1142 0.2459 -0.0319
-0.4686 0.0585 -0.0363
0.1326 -0.1094 -0.0714
0.0020 -0.0044 0.0483
0.2314 0.2709 0.3000
0.0300 -0.0336 0.2822
-0.1286 0.0101 1.0236
0.0666 -0.0909 -0.6778
0.1483 0.3020 0.7785
0.0166 0.0065 -0.0157
-0.0642 0.0336 -0.7362
0.2823 -0.5000 -0.7981
0.7175 -0.1627 0.0041
0.5051 -0.4105 0.3914
-0.3485 -0.4747 0.7641
-0.1151 -0.0802 0.5495
0.3979 -0.3828 0.4013
-0.6626 -0.1680 0.1160
-0.1160 -0.1073 -0.8432
0.0460 -0.3482 0.8053
0.0274 0.3257 -0.4824
-0.1839 -0.5150 0.1552
-0.0413 0.1940 -0.7844
0.0800 -0.0877 0.5016
0.0778 -0.4360 0.3964
0.0404 0.0771 0.0108
-0.1577 0.2039 0.0714
-0.0266 -0.0476 -0.2846
-0.1256 0.0275 0.0781
-0.2415 0.2933 0.4179
0.0275 0.0725 -0.0104
0.6426 0.1780 -0.3578
-0.5987 -0.3418 -0.2454
-0.0684 0.0080 -1.0928
-0.0325 0.0679 0.0347
-0.1185 0.2459 0.0520
0.3035 0.3185 -0.3359
-0.3878 0.1505 0.3846
-0.1626 -0.1378 -0.2508
0.0261 0.1340 -0.5398
0.3550 0.2059 0.7059
0.0364 -0.0268 0.2175
0.0311 -0.0110 -0.4370
0.2402 -0.3313 -1.1277
0.0048 0.0095 0.0223
-0.3076 0.3441 -0.2202
-0.0015 -0.0009 -0.0224
-0.0148 0.0864 -0.0590
-0.1125 0.1228 0.7892
-0.0318 0.4510 -0.3702
0.3153 0.6663 0.6207
0.0024 -0.0065 0.5252
-0.0270 -0.2194 0.6637
1.1114 -0.3965 -0.0679
-0.0521 -0.0973 -0.0121
0.3619 -0.3106 -0.5275
0.0112 0.0180 0.1677
0.1154 0.2259 -0.7952
0.0539 0.1405 -0.2684
0.0128 -0.0427 -0.2568
0.0101 -0.0101 0.0505
-0.0871 -0.0738 -0.4048
0.0107 -0.0184 -0.0371
0.0052 0.0020 -0.1730
0.2303 -0.2921 -0.2889
-0.0115 -0.0025 -0.3674
-0.3559 -0.8023 -0.3018
0.6286 -0.0940 0.1613
-0.2624 0.0793 -0.6346
-0.1306 0.0060 -0.2672
0.0123 -0.0110 0.0098
0.0585 0.0026 0.8125
0.0691 0.2540 -0.4102
-0.1339 0.1353 -0.1510
0.0541 0.1005 -0.2755
0.0503 -0.1619 0.7655
-0.2702 -0.0657 -0.6043
-0.0180 0.0016 0.0538
0.1594 -0.0476 0.0946
-0.3857 -0.5292 0.1518
0.1189 0.2015 0.7461
-0.0103 -0.0521 0.2490
-0.3433 -0.1678 -0.1338
0.0577 -0.0015 -0.0532
0.5218 0.0262 -0.5973
-0.4650 0.3191 0.4572
-0.0015 0.0322 -0.0236
-0.0134 -0.0971 -0.0320
-0.0641 -0.0764 0.3337
0.0008 0.0008 0.0013
0.2287 -0.0152 -0.2464
-0.0031 0.0736 -0.3005
-0.3643 0.7996 -0.2947
0.5979 -0.1723 -0.7124
0.0119 -0.1096 -0.2346
0.4838 -0.3867 -0.0492
-0.0022 -0.0127 -0.0424
-0.3317 0.2393 0.2212
0.3900 -0.0914 -0.3257
-0.0593 0.1392 0.1351
-0.6417 -0.6790 -0.0827
-0.8819 -0.4792 0.4712
-0.0127 0.0083 -0.1865
0.1215 -0.0500 0.5050
-0.2175 -0.0402 0.3404
0.0213 -0.0358 -0.0742
0.0001 -0.0005 0.0232
-0.4205 -0.2045 0.4807
-0.2822 0.2787 0.2021
0.0865 -0.0015 0.1305
0.0272 -0.0106 0.8216
-0.1987 0.1610 -0.2911
-0.0047 0.9274 0.2416
0.0860 0.0175 -0.1546
-0.4366 -0.7301 -0.4031
-0.0021 0.2842 -0.1286
0.1127 -0.1983 -0.5672
-0.3169 -0.1376 0.5535
0.4986 0.0306 -0.2393
-0.0304 -0.0417 0.2667
-0.5389 0.0372 0.4503
-0.0435 0.0630 -0.2139
0.1024 0.4481 -0.0848
0.6012 -0.2518 -0.4749
-0.1929 -0.0437 0.5334
0.0925 -0.3780 0.0646
-0.0053 -0.0095 -0.0021
-0.0458 -0.2404 0.0400
-0.1313 -0.1856 -0.1850
-0.0120 -0.0265 -0.0058
0.0343 0.3797 0.0754
0.2704 0.3234 -0.4328
-0.3936 -0.3870 -0.9045
0.4040 0.0104 0.0543
0.0004 0.0116 0.0187
-0.1853 0.0063 0.2627
0.0141 0.1461 -0.0213
0.2916 -0.2069 -0.1676
-0.1196 0.0463 -0.3643
-0.2878 0.2135 -0.1636
-0.0509 0.0447 -0.6475
-0.1803 -0.1956 0.2782
-0.0095 0.0082 0.0046
0.0689 0.1225 -0.6143
-0.0881 -0.0033 -0.6660
0.1045 -0.0118 0.1355
-0.0051 -0.0015 0.4730
-0.0341 0.0827 0.2125
-0.4467 -0.7852 0.2852
-0.0520 -0.1202 0.0173
0.0251 0.4540 -0.6578
0.0106 0.0282 0.1345
-0.3508 0.7167 0.5600
-0.4993 -0.1966 -0.5769
0.1909 0.4511 -0.3830
-0.0419 -0.1030 -0.1566
0.2676 -0.3843 0.0026
-0.2630 0.0778 0.0832
0.7800 0.3167 -0.0287
0.2950 0.1615 -0.3215
0.0895 0.0082 -0.2709
-0.2088 0.6413 0.1651
0.2419 -0.0844 -0.3063
0.9552 -0.1690 0.6122
-0.4949 -0.1331 -0.4908
-0.2881 -0.2201 -0.2666
0.0213 0.2759 0.0641
0.1224 0.0156 -0.0982
0.1551 0.3621 0.1130
-0.4526 0.0545 -0.0590
0.1542 0.1962 0.4494
-0.0515 0.0112 0.5067
-0.2426 -0.2467 -0.7096
-0.2599 -0.0557 -0.3144
0.2344 0.0573 0.0783
0.8298 0.0649 0.3744
-0.3917 -0.3679 0.9184
0.2942 -0.3257 -0.3075
0.0011 -0.0353 0.0077
0.4018 0.3270 0.4107
-0.2047 -0.0657 0.1188
-0.1865 0.5174 0.0248
-0.0020 0.3932 0.2605
-0.1209 -0.1307 0.7433
0.0066 -0.0198 0.0038
0.1740 0.1282 -0.0818
-0.0195 -0.0973 -0.1700
0.1186 0.1499 -0.3248
-0.3591 -0.0310 0.5801
-0.2599 -0.0937 0.8174
0.2421 0.6584 -0.4997
-0.0095 -0.1559 -0.0227
0.4463 0.6060 0.8639
-0.1154 -0.1230 -0.7161
0.0142 -0.0003 -0.1271
-0.3792 0.5272 -0.2070
0.2741 -0.2810 -0.6489
-0.0035 0.2628 0.1222
1.8151 -0.0860 -0.6042
1.9414 0.0125 -0.1463
2.0322 0.4633 -0.5140
1.9998 0.0003 -0.2122
1.7530 0.2145 0.2756
2.4777 0.0016 0.1951
1.6269 0.0192 -0.0520
1.9526 0.2132 0.1664
2.6417 0.0778 0.6801
2.4649 -0.1884 0.2125
2.1502 -0.0968 0.7067
1.9628 -0.4685 -0.5270
2.2042 -0.6693 0.1854
1.8364 -0.2481 0.0094
1.9830 0.0093 0.0678
1.9201 -0.1502 -0.3398
1.7277 -0.7192 -0.0913
1.8535 0.0614 -0.0525
1.9805 -0.0422 -0.0092
1.7223 -0.3203 -0.0945
2.8833 -0.4917 -0.1295
1.9507 -0.0719 -0.0159
2.0890 0.1055 -0.3607
2.1596 -0.0074 -0.1223
2.1291 0.1830 0.0858
1.9969 -0.0182 -0.1053
1.8949 0.0322 0.0774
2.0179 -0.2528 0.4306
1.9411 -0.0321 0.5019
1.9691 0.0065 0.5000
2.8428 0.6515 -0.2426
2.2225 -0.7197 -0.5836
2.7813 -0.1787 -0.1737
2.0345 -0.0159 -0.3656
1.9926 -0.0056 -0.4414
2.3050 -0.1902 0.3797
2.3003 0.1633 -0.4136
1.9997 0.0140 -0.0269
2.1484 -0.6684 -0.9815
2.0988 -0.1473 -0.2088
1.8062 -0.5356 -0.7802
1.3226 0.1723 0.3574
2.0279 -0.0242 0.0760
1.9972 -0.0076 -0.3081
1.7592 -0.2157 -0.0757
1.8287 -0.2457 0.6767
1.8822 0.0289 0.0245
2.0426 -0.1516 0.4373
1.6441 0.0226 0.6663
2.0215 -0.2716 -0.0169
2.3990 -0.0046 0.5220
1.9948 -0.0017 0.0959
2.4204 -0.1269 0.5849
2.1686 0.1116 -0.7868
2.8161 -0.0846 0.0542
1.9999 0.0001 -0.0133
1.1556 0.2386 0.0136
2.1287 0.1561 -0.8052
1.5082 -0.2765 -0.2214
1.2250 0.4012 0.0128
1.9677 0.0047 0.1595
2.0955 -0.0259 -0.3209
1.8185 0.2479 -0.2974
2.0345 0.0428 -0.0909
2.4119 -0.1728 0.6743
1.9632 -0.0157 0.0708
1.9741 0.2340 -0.1035
1.0636 0.0149 -0.0088
2.1869 0.2443 0.9294
1.7946 -0.4004 0.8504
1.9110 -0.1718 -0.5274
2.0046 0.0112 0.0591
2.3065 0.7521 0.0939
1.8426 0.1687 -0.2475
1.6503 0.5674 -0.1567
1.4400 -0.7728 0.4988
1.7264 -0.0813 0.5086
1.7463 -0.3388 0.7653
1.8161 -0.0304 -0.5085
1.9650 0.0179 -0.3901
2.3128 -0.3126 -0.3642
1.9934 0.0105 0.0128
1.9788 0.0381 0.3608
1.7860 -0.0021 -0.3530
1.8374 -0.2867 -0.1003
2.3968 0.0073 -0.6592
1.9173 0.1847 0.3881
1.4722 0.1415 -0.5840
2.3495 0.0637 -0.1116
2.1728 0.1221 0.0728
1.9808 -0.1179 -0.1369
2.3247 0.5099 0.1661
2.0212 -0.0381 0.4033
2.2521 0.4653 0.6026
1.9622 -0.1539 0.0754
1.9446 -0.0093 -0.2624
2.0509 -0.2761 0.3744
1.8272 -0.0802 -0.5261
1.4893 0.1806 -0.2643
2.0320 0.4445 0.5515
2.0269 0.2793 0.4320
2.3411 -0.5576 -0.0788
1.9984 -0.0017 0.0909
2.2897 0.1701 -0.2731
1.8149 0.2652 -0.4807
1.9378 -0.0025 -0.2128
1.8975 0.6509 0.6212
2.0058 -0.0024 -0.0559
1.9131 0.0010 0.8249
2.7160 0.2858 -0.6517
1.9972 -0.0059 0.0751
1.8090 -0.0069 -0.0088
1.9874 0.1968 0.2258
1.9084 -0.6776 0.0672
1.5592 0.3088 0.3156
1.7089 -0.1517 -0.0662
2.1584 0.1901 0.2994
2.6113 0.3502 -0.4536
2.3126 0.3340 -0.3528
1.9500 0.3362 0.6760
1.3783 -0.4255 -0.2506
1.7598 -0.1874 -0.1934
1.4821 -0.1428 -0.6939
2.1307 -0.7310 0.7959
1.9290 0.2807 -0.2272
2.5313 0.2134 0.1410
1.8519 0.0078 -0.2930
2.0538 -0.2152 0.6103
1.8895 0.2014 0.6984
2.8820 -0.2905 0.0687
1.3615 -0.6964 0.0136
1.6344 -0.2660 -0.6049
2.3879 -0.7398 -0.2788
2.0754 0.2599 -0.0101
2.5208 0.2029 0.1690
2.0200 0.0203 0.3400
2.0563 -0.1765 -0.2338
1.9400 -0.0248 -0.8928
1.9239 0.0679 -0.0216
2.0048 -0.0268 -0.5234
1.8331 -0.1926 0.5592
2.0986 0.0762 0.0058
2.1020 -0.0487 -0.4557
2.2492 -0.2847 0.7389
2.0357 0.0028 -0.0290
1.9256 0.1786 0.5716
2.2097 -0.1271 0.0572
1.9808 -0.0183 -0.2990
2.0136 0.0225 0.1209
2.3516 -0.0845 0.8864
1.8728 -0.0986 0.4282
1.2544 -0.0782 -0.4483
1.5714 -0.0670 0.3886
2.0350 -0.0689 0.1016
2.0672 0.2680 0.1399
1.9485 0.2024 0.3089
1.7988 -0.6843 -0.6388
1.9495 0.1114 -0.2196
1.8304 -0.8055 -0.3390
2.0144 0.2679 0.6161
2.0920 0.0911 -0.5805
2.3513 -0.1863 0.3402
1.8558 0.4329 0.1557
1.8119 -0.2308 0.3114
1.9386 -0.2953 0.1363
1.7006 -0.0989 -0.5442
1.6811 -0.1154 0.2819
2.1835 0.1728 0.6403
1.9791 0.0389 0.5133
2.0041 -0.0164 -0.3338
1.1243 -0.1312 0.7226
2.4337 -0.8559 0.1002
1.6370 0.2540 0.8118
1.7818 0.0344 0.1258
2.0326 0.0416 -0.1928
2.2434 -0.2125 0.6111
2.0772 -0.3196 -0.3538
1.9660 0.0249 -0.5958
2.5515 -0.3105 0.3301
2.3127 0.2284 0.9073
1.5698 -0.7916 -0.2941
2.0702 0.0741 -0.6120
1.9947 -0.0830 0.4031
2.0231 -0.0221 -0.2477
2.1244 0.1668 0.4327
2.8551 -0.1788 -0.3996
2.0181 -0.0149 -0.0017
1.9998 -0.0376 -0.1338
1.9982 0.0006 0.0647
1.9780 -0.0739 -0.0065
2.0097 -0.0329 0.7558
2.0356 0.0229 0.0532
1.9126 -0.0509 0.2109
1.9960 0.0569 -0.2668
2.0368 0.6223 -0.0979
2.2077 0.2500 -0.8160
1.9773 -0.0202 -0.0317
2.2706 0.9275 -0.0415
2.2926 -0.2842 -0.7854
1.8857 -0.0379 -0.1645
2.0233 -0.1837 0.1373
1.9035 -0.5509 -0.4444
1.9623 -0.0504 -0.2668
1.9793 0.0308 -0.0239
2.1687 -0.0904 0.0264
1.3969 0.5938 0.1752
2.0561 -0.0733 -0.1397
1.9448 0.1414 0.9563
2.0605 0.0387 0.1284
2.2446 -0.0220 -0.1210
2.0634 0.3534 0.2917
1.3047 -0.6131 0.6812
1.8791 -0.0756 -0.2312
1.9222 0.3086 -0.1799
1.9994 -0.0008 -0.0035
1.9991 0.0053 0.3573
2.0389 0.1124 0.3645
2.0162 0.0230 -0.0169
2.0190 -0.0253 0.0373
1.8494 0.3826 -0.0317
1.6859 0.2645 0.6894
2.5034 -0.1729 0.6651
2.0809 -0.1237 0.9689
1.1122 0.4287 0.5591
1.8468 -0.2014 0.3269
1.9935 -0.0099 0.0229
1.9878 -0.1340 0.5971
2.6040 -0.3040 -0.0460
2.0307 -0.2632 -0.1336
1.9940 0.0055 0.7673
1.8849 -0.3296 -0.1460
2.1499 0.4061 0.3381
2.4209 -0.3574 -0.3632
2.5366 -0.1202 -0.6034
1.4930 -0.1535 0.3463
2.7235 0.6090 0.6091
1.8870 -0.1046 0.3134
2.0642 -0.0290 0.4250
2.1313 -0.0025 0.1512
2.1629 -0.1390 -0.3237
1.4106 -0.6361 -0.7477
1.8215 -0.1208 -0.3967
2.0674 -0.4854 0.5290
1.9429 0.0577 0.0117
2.1696 0.0284 0.6604
1.7246 -0.5272 0.4876
2.0253 -0.1982 -0.0275
1.8495 -0.0892 0.9790
1.7185 -0.0134 0.7344
2.0731 0.3721 -0.5575
