0.1517 -0.7624
0.7125 -0.4146
0.9146 -0.1024
-0.1570 0.1458
0.1012 -0.3003
0.1387 0.0273
0.2431 -0.0119
-0.1450 0.0168
-0.3383 0.2995
-0.0119 0.0058
-0.1316 -0.3545
0.7792 -0.3032
0.2978 0.2163
-0.3286 -0.4785
0.0162 0.0151
0.0080 -0.3226
0.6858 -0.0510
0.2738 -0.1050
-0.3861 0.2034
0.0260 -0.2156
0.3401 -0.8123
-0.4645 0.8685
0.2385 0.5012
0.1172 -0.0887
-0.6705 0.2473
-0.3128 -0.4206
-0.4561 0.2433
0.6548 -0.6860
-0.5806 -0.2890
0.8841 -0.2227
-0.4454 -0.5484
-0.6681 0.4725
-0.1979 0.0284
-0.4323 0.6476
-0.5785 -0.1307
-0.0286 -0.0275
0.0288 0.0324
-0.1455 -0.5583
-0.0687 0.7145
-0.4078 0.2458
-0.4876 -0.3453
-0.1689 0.3332
-0.7907 0.3817
0.5923 0.0033
-0.1475 0.4048
0.1676 -0.0818
-0.4721 0.2277
0.2787 -0.5607
0.8867 0.0078
-0.0793 -0.4073
