0.3756 -0.0646 -0.4859
0.1094 0.3021 0.2973
0.6835 -0.0005 -0.0152
-0.3429 0.2120 -0.7087
0.0345 0.1729 -0.5576
-0.4074 -0.4791 0.2648
-0.1487 0.0848 0.2641
-0.3682 0.6645 -0.3677
0.2094 0.0933 -0.1523
0.1892 0.9336 0.0035
-0.1224 -0.0615 -0.0015
-0.5101 0.2521 -0.4599
0.6288 -0.2564 0.1713
0.0800 0.0485 0.0153
-0.0659 0.1023 0.4635
-0.2833 -0.1649 0.1914
0.5812 -0.3924 -0.2312
-0.1133 -0.0009 -0.1855
0.0637 0.2116 0.2687
0.3460 0.1582 0.7862
4.4362 0.2396 0.2633
5.7565 0.1636 -0.0300
4.9999 -0.0001 0.0012
5.4112 0.2091 0.6343
5.1347 -0.2536 0.2114
4.8591 0.1989 -0.6673
5.2884 0.1952 -0.0681
5.0449 -0.1839 -0.6747
5.7030 -0.2540 0.2361
5.0199 -0.2597 -0.2854
5.0232 -0.2642 0.5679
4.4686 -0.1093 -0.3121
5.5223 -0.1487 -0.4766
4.8118 -0.2222 0.0285
5.0129 -0.1213 -0.1829
5.0777 0.0126 -0.4311
5.0067 -0.0160 -0.9602
4.6967 0.0729 0.1596
4.6483 0.5725 -0.0802
5.0620 -0.0666 0.0993
