0.2424 0.1168 -0.1234
0.7738 -1.6569 1.6433
0.2479 -0.0332 0.8738
0.1733 -0.2674 0.9049
-1.1107 0.7299 -3.1430
0.0482 -0.6789 -0.1739
0.0054 0.0206 0.6077
0.7613 0.4024 0.3906
0.1061 0.0107 0.1945
-0.1878 0.4663 -1.3705
-0.0707 -0.0066 0.0407
0.0421 0.1567 0.2355
0.3859 0.5896 -0.9048
1.8514 -2.8226 -1.8898
0.0480 -0.1831 -0.5229
-0.0403 -0.1174 0.4765
0.1936 -0.0685 -0.2359
-0.2407 -0.0022 0.1793
-0.2314 0.5648 -0.0489
-0.1234 -0.1474 -0.3702
-0.3513 0.2710 0.0614
-0.4843 0.2005 0.3453
0.4874 0.5155 -0.3668
0.0586 -0.0335 -0.6518
0.0074 -0.0051 0.0742
0.0270 0.0874 -0.3102
1.3953 0.1199 3.2202
0.1653 -0.0063 -0.0122
-0.1686 0.2745 -0.3397
-0.0051 -0.0186 0.0375
0.0313 0.0153 0.4061
-0.0835 0.5288 -0.3132
-0.1456 -0.3808 0.6587
-0.1014 -0.0163 -0.3626
-0.0359 -0.0082 0.1197
-0.1105 -0.0190 0.0444
-0.3184 0.2858 0.3158
-0.0064 -0.0313 0.4971
-0.0069 -0.0028 0.4512
-0.0431 -0.0165 0.7470
0.2521 -0.0720 -0.2706
0.1125 -0.6479 0.4599
-0.2107 0.4123 0.5545
-0.0187 -0.0261 0.3040
0.0855 -0.0646 0.1691
-0.0058 0.0074 -0.2703
-0.5198 -0.0316 0.6208
0.0415 0.1101 -0.5815
0.1450 0.2601 0.3152
0.2731 -0.0859 0.3872
4.9881 -0.2218 -0.1275
5.0008 -0.0016 0.0095
5.0930 -0.1569 0.0043
8.4906 -0.5298 -0.6926
5.0800 -0.0180 0.0925
5.5460 -0.3787 0.7286
5.1084 -0.4024 0.2416
5.2747 0.3035 -0.3791
4.9983 0.1752 -0.2071
4.8076 0.1199 0.2466
5.0206 -0.9200 0.2951
4.8481 -0.1400 0.7837
5.2661 -0.1560 0.3438
4.8899 0.0378 0.0118
5.6856 0.4586 0.0306
4.9715 0.1687 0.0850
5.1529 0.1431 0.5665
4.6211 0.5108 -0.6393
4.6999 0.5957 -0.4816
5.1181 -0.1458 -0.3169
4.9911 -0.0047 0.0120
5.6999 0.4025 0.1481
5.0315 0.4895 0.4332
4.6325 0.9122 -0.0877
5.5162 -0.6551 0.2743
4.9818 0.0083 0.2273
4.9143 0.3562 0.0344
8.6528 -1.2773 -1.3250
5.0793 0.0297 -0.6012
4.9869 -0.0888 -0.1134
5.1782 0.2520 0.7354
5.0883 -0.2597 0.2453
5.1207 -0.1019 -0.2569
4.4460 -0.5172 0.3484
4.3414 -0.1751 0.4774
4.8502 0.2533 0.4156
5.1380 0.0976 0.4992
4.7703 0.2881 0.6875
5.7462 -0.0208 0.1623
5.5033 -0.5109 -0.0453
4.4373 -0.6550 0.8351
7.2782 -0.6376 -2.5771
5.0147 0.0071 -0.0725
4.9369 0.0831 0.1831
5.3039 0.3998 -0.7706
4.9674 -0.1930 0.2233
4.7500 -0.2306 0.4417
4.9115 -0.0340 0.1300
4.8797 -0.0219 0.2128
4.8398 -0.1629 0.0327
