0.2307 0.3320 0.1561
-0.1801 0.2437 -0.1816
-0.0731 0.0402 -0.0604
-0.2530 -0.2882 -0.0231
-0.5004 0.4403 -0.2327
0.1720 -0.4064 0.3263
-0.1810 0.2591 0.3979
0.0666 0.0559 -2.0543
-0.0142 -0.0011 0.6099
0.2018 -0.3042 0.3770
-0.1485 -1.3189 1.3901
0.0393 0.1053 0.9689
0.0666 -0.0101 0.0084
0.0051 0.0049 0.0874
0.0017 -0.0031 -0.1182
0.1114 -0.1210 -0.0444
0.0261 0.0623 -0.0033
-0.2434 -0.0628 1.1236
-0.0121 0.0026 -0.1754
-0.0102 0.0071 -0.0029
4.6267 -0.4529 0.4960
4.1097 -0.1124 0.2794
4.0051 -0.5292 0.2001
3.8397 0.9257 0.1066
4.0115 0.0078 -0.0141
4.0847 -0.0503 0.0135
3.9894 0.0001 0.1178
3.6864 0.6915 -1.4157
4.5638 0.4429 -0.4345
4.0079 -0.0391 -0.1685
3.9537 0.0669 -0.0295
3.8322 0.1682 -0.8182
2.9112 0.0776 -1.4206
3.5655 -0.4415 -0.0807
4.2162 0.1770 -0.2337
3.9631 -0.1011 -0.4636
3.9343 -0.5401 -0.0434
4.0029 -0.0473 -0.3316
3.3803 0.2689 -0.0559
3.2022 -0.2642 2.0559
