0.2541 -0.6428 0.6496
-0.9562 -0.0532 0.1154
0.0901 0.2612 -0.7029
-0.2224 -0.0862 0.3658
0.0426 0.0191 -0.6645
-0.7900 0.4888 0.0332
-0.1110 -0.2077 -0.2661
0.0017 -0.0366 -0.5468
0.0457 -0.2170 0.7153
0.1095 0.4162 0.1300
-0.0316 -0.2380 -0.5231
0.1824 -0.1881 0.7093
0.0609 -0.1275 0.1390
-0.1746 -0.0468 0.7140
0.0002 0.0789 -0.4586
-0.2137 -0.0555 -0.6705
0.0387 -0.0647 0.1837
-0.4353 0.2698 -0.2554
0.1284 -0.0718 -0.0490
0.7796 0.3179 0.3682
0.0978 -0.1843 0.7206
-0.3221 -0.8078 0.0999
-0.0319 -0.0074 0.1738
0.5840 -0.9621 -0.9730
0.1139 -0.0646 0.1037
0.4771 0.0835 -0.0301
0.0369 0.0075 -0.1892
-0.0218 -0.0237 -0.0107
0.1180 0.4671 -0.3486
-0.5365 0.6311 0.1198
