0.0433 0.0096 0.1211
0.6393 0.0871 -0.2045
-0.1302 -0.2467 0.1893
-0.1697 -0.1734 0.1477
-0.0017 -0.0027 0.0058
-0.0482 0.0326 0.1204
-0.1599 0.0454 -0.0915
-0.0551 0.0745 0.3069
0.3237 0.1920 -0.0854
-0.0002 0.0132 -0.0899
-0.0117 0.0070 0.8399
-0.0343 0.0595 0.0959
-0.0060 -0.0007 0.0181
-0.0481 0.0950 -0.0553
0.0337 0.1856 0.1275
0.1123 0.1614 -0.6791
0.5971 -0.3115 -0.5779
0.4111 -0.1616 -0.0135
0.5594 0.2731 0.5613
0.0070 -0.1449 0.3425
0.2289 -0.1471 0.0656
0.0417 0.0492 -0.2866
-0.1126 0.0640 0.1133
0.0048 0.0291 0.1046
0.3440 0.4604 -0.5841
-0.8526 0.3607 -0.0735
0.0327 -0.0024 0.0048
0.0213 -0.0113 -0.0526
0.0040 0.0056 -0.0487
0.1265 -0.0106 -0.0728
0.0010 0.0007 -0.3250
-0.0219 -0.0045 -0.5514
-0.1084 -0.3500 0.6645
-0.0001 0.0014 0.1537
-0.0011 -0.0009 -0.0000
-0.2157 -0.0324 -0.0221
0.0784 -0.1578 0.8192
0.0104 -0.2372 -0.4843
0.0029 0.0294 -0.1282
0.1371 -0.1456 0.0208
0.1845 -0.8245 -0.2796
0.0214 0.0320 0.1479
0.7949 -0.3439 0.4236
0.0056 -0.0126 -0.3802
-0.0107 0.0060 -0.0087
0.0677 0.0439 -0.1154
-0.4648 -0.1133 0.5094
-0.4343 -0.2310 -0.2470
-0.2681 -0.3050 0.5786
-0.0204 0.2023 -0.4912
-0.0092 0.0086 -0.0057
0.1014 0.0224 -0.2517
-0.0528 -0.1216 0.0390
0.8290 -0.2289 -0.3655
0.4266 0.4345 -0.5341
0.2520 -0.7631 0.0024
-0.2805 -0.2699 0.3117
0.3695 0.4780 -0.2534
0.3036 0.2717 0.0480
0.1266 -0.4930 -0.7106
0.4952 -0.7826 -0.2863
0.3438 -0.3641 -0.6693
0.2560 0.4878 0.3908
-0.2522 -0.0735 0.4812
0.1400 -0.1183 -0.1247
-0.0316 0.0841 -0.0565
0.0666 -0.1082 -0.0498
0.2653 0.2731 0.1777
0.2249 0.5970 0.5738
0.0996 -0.3585 -0.5002
0.3106 0.1504 0.0392
-0.0298 -0.0170 0.7167
-0.1276 0.2658 -0.6697
0.0157 -0.2792 -0.3043
-0.0071 0.5702 0.1812
0.0338 0.0100 -0.0812
-0.4416 -0.4288 -0.6044
-0.0629 -0.3041 -0.2814
0.6300 0.1681 -0.6327
-0.0041 0.0054 -0.9455
-0.2301 -0.0063 -0.3063
0.0021 -0.0090 0.1664
-0.7912 -0.1435 0.0017
-0.3438 -0.0128 -0.7865
0.0924 -0.0947 -0.0058
0.1729 -0.1141 0.0806
-0.1095 -0.0292 -0.0100
-0.8813 -0.1139 -0.0006
0.2435 0.2263 0.4729
-0.0250 -0.0602 0.0166
0.4732 0.3641 -0.1187
-0.1735 -0.1298 -0.2600
-0.2321 -0.0460 0.2093
-0.0463 0.2258 0.0825
0.2767 0.1546 0.1890
0.2005 -0.2565 -0.5678
-0.4406 0.0656 0.4166
-0.0206 -0.0386 0.5665
0.2129 0.0050 -0.0597
0.0777 0.0570 -0.8411
2.5249 0.2813 0.1491
1.7405 0.0312 0.5408
1.9052 0.5081 0.2534
1.3605 -0.2836 -0.6516
1.8783 0.1117 0.3719
1.7825 0.2496 -0.7040
1.3395 -0.3041 -0.5307
1.8544 0.2462 0.0221
2.0009 0.0014 -0.0033
1.9104 0.1483 -0.1222
1.9547 -0.1197 0.6867
2.3240 0.2311 0.4101
1.8275 0.1001 -0.6705
2.0086 -0.0467 0.5280
2.0381 0.0626 0.0037
1.9991 -0.0060 0.2542
1.9051 -0.0271 -0.7111
1.5276 0.5740 -0.3863
2.0566 -0.0716 0.1368
2.1480 0.1705 0.0835
2.0827 -0.1508 -0.1337
2.0082 0.7335 -0.1587
1.5117 0.1233 -0.4661
1.6262 -0.2607 0.4199
2.0584 -0.0195 -0.4146
1.8789 -0.0923 0.1597
1.5049 0.3757 -0.7564
1.9975 -0.0143 0.1321
2.4257 0.1628 -0.4850
1.7301 -0.4389 -0.5136
1.9126 0.6171 0.0748
2.0163 0.0035 -0.0992
1.2670 -0.0784 0.5301
1.9810 0.0138 0.3829
2.0500 0.0805 -0.6297
1.9736 0.9121 0.0024
1.7975 0.5669 -0.0345
2.0790 -0.8102 0.3977
2.0395 -0.1082 0.8019
1.9787 0.0076 0.0352
1.8837 0.0006 0.2966
1.9842 -0.3369 0.3045
1.5810 -0.2311 -0.1497
1.9931 -0.0002 0.0161
2.2713 -0.0774 -0.0565
1.9968 -0.0168 -0.3134
2.1079 0.2460 0.0570
2.0345 0.1277 -0.1696
2.1732 0.5500 -0.0390
1.9266 0.5007 0.4755
1.9815 0.0151 -0.2642
2.2824 -0.1179 0.6726
2.1004 -0.7488 0.4708
1.8981 -0.0577 -0.1579
2.0800 -0.0329 -0.0478
2.0969 0.0484 0.1096
1.6268 0.0642 0.3049
1.7856 -0.1199 -0.0789
2.0738 0.0891 -0.1092
2.0146 -0.0132 -0.2313
2.3964 0.4540 0.1467
1.8359 -0.0106 -0.3379
2.2603 -0.8614 -0.0948
2.0313 -0.1313 0.0772
2.1113 0.7121 0.3082
1.9810 -0.0018 -0.1950
2.1236 0.0395 0.6668
2.0865 -0.4473 -0.6876
2.2635 -0.2718 0.2900
2.0702 -0.0463 -0.0825
2.0047 -0.0026 -0.0204
1.6119 0.3602 -0.3560
1.9417 -0.1463 -0.4576
1.5547 0.0897 0.2064
2.6319 -0.1082 0.3677
1.0796 -0.1997 0.1780
1.9352 0.0822 -0.1005
1.9496 0.0058 -0.0200
1.9891 -0.0061 -0.4943
1.9986 -0.0012 -0.0286
2.8770 -0.4310 -0.1345
1.9779 0.0268 0.0710
1.9369 -0.2235 0.3128
2.1806 -0.2581 -0.0381
1.8873 0.0203 0.1906
1.7266 0.0898 -0.5722
2.1596 -0.8631 0.4641
2.0431 -0.0340 0.2181
1.8415 0.7129 -0.1386
1.9165 0.0467 -0.0862
1.5882 -0.6962 0.4128
2.3425 0.1488 -0.6931
1.9010 -0.6111 0.4282
2.0383 0.0169 -0.0074
1.8081 0.3740 0.2924
1.8912 0.0049 -0.5902
1.5749 -0.0026 0.7001
2.0395 -0.3890 -0.8021
1.7262 -0.1339 0.1830
2.0056 -0.2264 0.1856
