-0.2825 -0.7230
0.0100 -0.0289
-0.5894 -0.0617
-0.9455 -0.1861
-0.2117 0.4849
0.0165 0.0927
-0.0056 -0.0381
0.1067 0.0856
0.2053 0.0980
-0.0907 -0.1649
0.1742 0.6761
0.4443 -0.7775
0.1872 0.0881
-0.6549 -0.2886
-0.4071 -0.6618
-0.1243 0.1293
0.0738 -0.0186
-0.1566 0.2241
-0.2069 0.1404
-0.2226 0.5380
-0.2316 0.3203
-0.0013 0.1135
0.0181 -0.0599
-0.5223 0.6266
-0.0352 -0.5746
0.1363 -0.5323
0.6745 -0.2127
-0.4076 -0.6791
0.6831 -0.6074
-0.8927 0.1363
0.1286 0.5800
0.5706 0.0111
0.4101 -0.1223
0.6865 0.2424
0.3352 0.2440
0.6453 0.4460
-0.1237 0.0510
-0.3096 0.3139
0.1728 0.3039
0.9270 -0.3503
-0.1005 -0.4335
0.6480 0.6782
0.8786 0.4239
0.1917 0.0705
0.0487 -0.1048
-0.7080 -0.4981
0.2557 0.0612
-0.0506 0.4752
0.7550 0.4611
0.0580 -0.2272
2.8074 0.0807
4.0642 -0.1081
3.8847 -0.1419
3.8684 -0.6243
3.7546 0.6153
3.6616 0.7776
3.3031 0.2224
2.7967 0.6311
3.8066 0.2721
3.7669 -0.5734
4.0385 -0.4528
3.1788 -0.1948
3.3510 0.8704
3.5965 0.9241
3.8294 0.0504
3.8234 0.0157
3.2063 0.0995
3.7994 0.0209
2.9320 -0.1561
3.5058 0.0365
3.7186 -0.5712
3.1644 0.5244
3.5039 0.4090
3.8984 0.6752
3.7143 0.2819
3.0497 0.2051
3.2001 -0.6349
3.5346 -0.0310
4.4102 0.3584
4.1290 0.4648
3.5165 -0.2020
3.7172 -0.3899
3.7038 0.2180
3.1417 -0.1021
3.0436 0.2990
3.2034 -0.3785
3.5742 -0.7513
2.7943 -0.7084
3.8660 0.5128
3.3672 -0.3755
4.0525 0.7983
2.7832 -0.2560
2.7650 -0.1776
3.6740 0.3449
3.5098 -0.0866
3.7347 0.3216
3.8496 -0.5043
2.9517 -0.4299
3.8736 -0.9238
3.4404 0.0078
