0.0178 -0.8265 0.0339
0.1056 -0.1009 -0.5604
-0.1018 0.2276 -0.2240
0.1594 -0.1006 0.7250
0.2902 0.2417 -0.1834
-0.0353 0.0413 -0.6188
0.8141 -0.2707 0.1059
-0.3985 0.1208 -0.5862
0.1009 -0.3582 0.1127
0.2657 0.3099 -0.7807
-1.4621 -0.2706 -0.2092
-0.1174 0.1249 0.2693
-0.0492 0.1477 0.0825
0.1046 0.2593 -0.8988
1.0297 0.6587 -1.1441
0.0501 -0.1355 -0.7350
-0.0280 0.0346 -0.0061
0.3129 0.6526 0.0887
0.0270 -0.0208 -0.0076
-0.1047 -0.0245 -0.1154
0.0923 0.3291 -0.7945
0.2823 0.4360 -0.0027
-0.0111 -0.0939 -0.5541
-0.0150 -0.0254 -0.6800
-0.0226 -0.0185 -0.0888
-0.2031 0.1836 0.2066
0.0137 0.0156 0.0525
-0.0943 0.2111 0.4626
0.4784 0.2561 0.0491
0.4183 0.6952 -0.2099
0.4878 -0.0271 -0.2320
-0.6227 -0.9523 -0.1998
0.3452 -0.1910 0.4000
-0.0965 -0.0874 0.1714
-0.1582 -0.2175 0.4198
-0.2089 -0.8405 0.8051
0.0291 0.0082 0.1007
0.1322 -0.1538 -0.1356
-0.2493 0.1217 -0.7928
0.0817 0.6895 -1.3223
0.1317 0.5645 -0.4721
-0.0898 0.2489 -0.2303
0.6851 1.2231 0.2853
-0.5955 0.1427 0.5266
-0.0789 -0.1814 -0.4287
0.5480 0.5886 -0.5113
0.8611 -0.8075 -0.7208
-0.0105 -0.0079 -0.4267
-0.2008 0.1734 0.4490
-0.1585 -0.3785 0.0458
0.2461 -0.2882 -0.5678
-0.0612 0.0349 -0.1349
-0.0344 -0.0463 0.0406
0.6985 0.4672 0.2002
-0.1700 0.0411 -0.0335
0.1328 0.0591 -0.0415
-0.4431 -0.2601 -0.0885
0.6113 0.2412 0.2155
0.0830 -0.0349 0.1941
0.0278 0.1015 0.6173
-0.1834 0.2784 -0.0459
0.0827 0.0453 -0.1023
0.1034 -0.0217 -0.0628
0.0286 -0.2288 -0.4805
0.0671 -0.0420 -0.6753
-0.0043 0.0735 -0.0124
-0.3929 -0.1001 -0.0441
0.1199 0.4979 0.3967
-0.2628 0.3877 0.2620
-0.0457 -0.0267 0.1856
0.6666 -0.0765 -0.0868
0.0134 -0.1878 -0.0268
-0.0066 0.5274 -0.7179
-0.1907 0.3492 -1.2188
-0.4719 0.4403 0.0813
-0.2343 0.6216 0.6436
-0.0001 -0.0115 0.0468
-0.9223 -0.5818 -1.2115
-0.6600 0.0249 0.2215
0.3442 -0.0617 -0.8125
0.0212 0.8039 -0.2102
-0.7341 -0.2461 0.6131
0.1221 -0.6117 0.0277
-0.1709 0.1144 -0.0100
-0.1240 -0.0473 0.9665
-0.0333 0.0589 -0.0554
-0.4257 0.1623 0.0774
0.7485 -1.0342 -0.8484
0.2162 0.3646 0.5568
-0.2364 -0.2788 0.0244
0.1958 0.0786 0.8875
-0.1439 0.0713 0.2167
0.0458 0.1099 0.1048
-0.2936 0.4455 1.1610
-0.1331 -0.2569 -0.5478
-0.0009 -0.0237 -0.1089
-0.0833 0.4157 0.4936
0.4507 -0.4067 -0.6578
0.1149 -0.2136 -0.0170
0.3104 -0.1509 -0.0881
0.0001 0.0002 -0.0026
-0.2830 -0.3092 -0.1229
-0.0197 0.3471 -0.5903
-0.1582 -0.0459 -0.9803
-0.0028 0.0001 -0.0106
0.0064 0.0217 -0.0925
0.1251 0.5345 -0.7389
-0.0027 0.0003 -0.6186
0.0688 -0.0483 0.4227
-0.1811 0.6205 -0.7489
-0.2084 0.4396 0.2430
-0.2568 0.6148 -0.4930
-1.0964 0.2007 0.0993
0.3807 0.4214 -1.0858
-0.0229 -0.1622 0.3291
0.0152 0.0310 -0.1436
-0.4408 -0.7652 -0.3290
-0.0092 0.0128 -0.0025
-0.3976 -0.1127 0.1447
0.2015 0.0254 -1.4145
-0.0173 0.0280 0.0950
-0.1482 -0.0612 -0.0824
-0.0202 0.0952 -0.0111
0.0243 -0.3136 0.6024
0.1407 0.1967 -0.5119
-0.2192 -0.8012 -0.9528
0.1897 -0.0314 -0.0088
-0.0132 0.2349 0.5089
-0.2022 -0.1115 -0.3447
-0.1805 -0.3069 0.6522
0.4738 0.7292 -0.0308
0.1024 -0.3695 0.8880
-0.1679 0.1577 0.3639
-0.0102 -0.0132 -0.0787
0.1623 -0.6748 -0.6345
-0.0310 0.0457 0.6684
0.0005 0.0030 0.2090
0.3083 -0.4743 -0.3379
-0.1789 0.2438 0.1465
-0.2558 -0.1658 -0.0554
-0.2550 -0.0202 -0.4680
0.6265 0.3385 -0.2386
-0.3725 -0.4503 0.9143
-0.0232 -0.0322 0.0146
-0.0902 -0.3411 0.1417
0.2336 -0.4702 0.8451
-0.1907 -0.0550 0.3222
0.0577 -0.0012 -0.0574
0.0809 -0.3902 0.3047
0.3596 0.2337 0.4734
0.1763 -0.0704 1.4246
0.1111 -0.1496 0.0966
0.0067 0.0025 -0.0005
0.0320 -0.0349 0.7288
0.0692 0.0080 -0.5395
0.0484 -0.0442 0.6869
0.3180 1.3489 0.0709
-0.3812 -0.3354 0.0773
0.2257 0.7564 0.3223
0.1578 -0.2625 -0.1359
-0.0555 -0.7753 -0.5658
0.3028 -0.5153 -0.7300
-0.2077 -0.3839 0.2245
0.2140 0.3703 -0.2546
0.4478 -0.6504 -0.4125
0.2609 0.1153 -1.1081
0.6135 -0.6308 -0.3896
0.1643 -0.0172 -0.2444
0.0170 0.0575 -0.0189
0.2995 0.0584 -0.4791
0.6421 -0.7501 0.1334
-0.6899 -0.5898 0.1144
-0.2182 -0.3742 0.3309
-0.1494 0.1661 0.2343
-0.1746 -0.6901 -0.9455
-0.3842 -0.5096 0.2080
0.6510 -0.7440 0.0036
0.0834 0.0128 -1.0242
-0.0650 0.1954 0.0631
0.0962 1.5028 -0.4305
0.4949 -0.6963 0.1157
0.0580 0.0509 1.5850
0.0070 0.8555 -0.1822
-0.1521 -0.0324 -0.5707
-0.3040 0.6936 -0.6164
-0.0092 0.0032 0.5683
0.3008 -0.0854 1.0343
0.2086 -0.0267 1.3309
0.5768 -0.3181 0.2406
0.4410 0.0274 0.7857
0.6512 -0.5133 -0.2858
0.4070 -0.3634 1.2839
0.1266 -0.1125 0.3106
0.1199 -0.1147 0.0271
0.1065 0.2731 -0.0894
-1.3895 0.6264 -0.6327
-0.0050 0.0594 -0.0233
0.0287 -0.0347 -0.2256
-0.0474 -0.2819 -0.8196
-0.0194 0.2007 -0.0505
0.1829 0.3988 -0.6599
-0.2333 0.2774 0.4597
-0.1569 -0.0152 -0.5916
-0.3743 -0.1370 -0.4465
-0.5335 0.1133 -0.7107
-0.0298 0.5593 -0.3040
-0.0010 -0.0001 -0.7535
-0.0291 -0.1209 0.1903
0.0139 -0.0032 0.0081
0.0265 -0.1675 -0.3283
-0.2959 0.1046 0.1376
0.0040 -0.0025 0.0297
1.5440 0.4303 0.4044
0.2392 0.1803 0.3442
-1.1072 -0.5656 0.3690
0.1027 0.0352 1.5565
0.0475 -0.0444 -0.2125
0.0077 0.3008 0.6938
0.4415 0.3181 0.5954
0.0613 -0.2116 -0.3792
0.2076 0.1601 0.3740
-0.1490 -0.5408 0.8066
-0.4790 0.0564 0.7173
-0.2048 -0.0853 0.9130
-0.3005 0.6046 0.0395
-0.0045 0.0072 -0.0123
0.1198 -0.5538 0.3336
-0.3793 -0.1293 0.4753
0.8517 0.2553 0.0272
-0.7449 0.0661 0.2579
-0.8217 0.5616 0.9131
-0.0141 0.0123 0.0048
0.0732 -0.4592 -0.4667
0.5894 0.3444 -0.6153
-0.0494 -0.2476 0.3218
-0.0195 -1.5973 -0.5404
-0.4719 1.4450 -0.1776
-0.1359 0.4292 0.4300
-0.1348 -0.1109 1.1059
0.2307 -0.0061 -0.7948
0.3092 0.3539 -0.1775
-0.1729 -0.1407 0.4717
0.1880 -0.5507 0.0164
-0.3093 -0.3484 1.6006
-0.2199 0.1440 -0.1757
0.1718 -0.0347 0.6458
-0.0238 -0.0054 0.0187
-0.0095 -0.0023 0.0497
-0.0041 0.0147 -0.4772
-0.1857 0.1802 -0.9761
2.5122 -0.0063 0.1796
2.4756 -0.0262 -0.5170
2.7452 0.0214 -0.1443
1.9488 -0.0218 -1.2092
2.1528 -0.6340 0.0859
2.6285 0.3898 0.4970
2.5043 -0.0191 -0.1308
2.5505 0.2402 0.3103
2.4956 -0.0034 -0.2106
2.9869 -0.1924 0.1517
2.5253 0.0724 -0.3205
1.8155 0.0400 0.3203
2.4272 -0.3981 0.2557
2.1464 -0.3218 0.3098
2.7499 -0.4516 0.5448
2.0922 -0.0962 0.0419
2.4577 0.2126 -0.0792
3.1853 -0.0900 0.1441
2.5159 0.0109 0.0998
2.4764 0.0421 0.0521
1.1621 0.3491 0.8425
2.4554 -0.0696 -0.8470
2.6999 -0.3957 -0.2553
2.4870 -0.1636 0.8143
3.6222 0.7989 0.3520
2.0632 -0.5123 0.1282
1.1990 0.2455 0.7352
1.9740 0.2047 0.3027
2.5041 -0.0153 -0.8935
2.6922 0.0369 -0.8180
2.2141 -0.3742 -0.4143
2.4278 0.6389 -0.1776
2.9753 0.3952 -0.0409
1.9767 -0.2249 -0.6376
2.4351 -0.4438 -0.7635
1.7662 -0.0055 0.0495
1.9984 -0.4544 0.5320
2.6204 0.1081 0.7672
2.2767 -0.5553 -0.4671
2.2326 0.6525 1.2786
2.3720 0.0583 0.9142
2.5748 -0.0224 -0.1668
2.5162 -0.2189 0.0356
2.7701 0.4658 -0.4268
2.3397 0.0515 0.5231
2.4969 0.0408 0.1713
2.7935 0.7728 0.2566
2.6076 -0.0773 0.5804
2.9598 0.0763 -1.0403
3.4754 -0.0144 0.7147
2.5111 -0.0013 0.0673
2.6263 0.3034 0.4528
2.5128 -0.0066 -0.0287
2.5377 0.0127 0.0173
2.1770 -0.2860 0.3280
2.5847 0.6359 -1.1297
2.7701 0.0594 0.3236
1.7502 -0.6058 0.1815
2.9568 0.6501 -0.4029
2.5010 0.0002 -0.0713
2.0992 -0.3851 0.5144
2.4486 0.2300 0.0193
2.4251 -0.2563 0.4099
2.6045 0.3802 0.2799
2.5206 -0.9064 1.0415
2.1689 -0.4421 0.7390
2.3079 0.0962 0.1282
2.4975 0.0525 -0.9765
3.0684 0.1450 -0.4022
2.6709 0.2771 0.2575
2.5483 0.4103 0.0788
2.4289 -0.0858 -0.0755
2.5484 0.0237 0.5027
3.0661 -0.1708 -0.4145
2.9715 0.0280 0.3544
2.5013 0.0049 -0.2829
2.5164 -0.5660 -0.2570
2.5349 0.3734 -0.6633
2.4384 -0.3065 0.1103
2.2136 0.1861 0.5044
2.3275 0.3620 0.4634
2.9786 0.9761 -0.3334
2.3784 0.1025 -0.1941
2.4565 0.0014 0.0770
2.5465 -0.1714 -0.5194
2.4967 0.0243 -0.0860
2.7519 0.1659 -0.1718
2.5016 -0.0142 0.4074
2.4991 -0.6148 0.4693
2.4549 0.9438 0.9466
3.3176 -0.3041 -0.0637
2.6463 -0.8845 -0.4035
2.4326 0.1032 -0.2511
3.8295 0.2783 -0.5412
2.5655 0.5588 -1.0875
2.4697 0.0357 -0.0250
2.4673 -0.0279 0.1540
1.8295 0.6462 -0.2604
2.0992 -0.0379 -0.2836
2.5383 0.2690 -0.2655
2.7771 0.5275 0.8181
2.8741 0.0886 0.0330
2.5371 -1.2520 -0.6368
2.4786 0.0958 -0.7913
2.5093 0.2014 0.3816
2.5900 -0.1452 0.1998
1.8425 0.0020 0.2696
2.4265 0.4361 -1.3888
2.5061 -0.0361 0.1036
2.0535 -0.6120 -0.1270
2.5488 -0.0161 0.0433
2.3300 -0.0321 0.0685
2.5656 0.0254 0.0620
2.4059 -0.8686 0.9103
2.4887 -0.0030 -0.0099
2.4847 -0.0736 -0.9275
2.7345 0.1382 -0.0440
2.8407 0.2818 0.4454
2.0568 0.0447 -0.7574
2.7815 0.2269 0.4119
2.4973 0.0008 -0.0989
1.8719 -0.3433 -0.1951
2.8978 0.6698 -0.5791
2.6239 0.0089 -0.4025
1.7509 0.0672 0.6320
2.3535 -0.3952 -0.8572
3.7281 0.1971 0.3635
2.4865 0.7250 -0.1878
2.4760 -0.0715 0.0811
3.0199 0.2393 0.2503
2.5132 -0.0074 0.0471
2.5305 -0.0050 -0.2325
2.5740 -0.1964 -0.1477
2.4184 0.2516 0.4495
2.7620 -0.0078 -0.4769
2.4933 0.1153 -0.5438
2.5586 0.2167 0.0385
2.4969 0.0003 -0.0077
2.5865 0.1297 0.4983
2.3980 -0.0450 0.9200
2.4593 -0.2026 -0.2613
3.1652 -1.0620 -0.3963
2.7250 -0.0023 0.0768
2.7510 -0.1747 0.2312
2.8313 0.4244 1.3685
2.4784 0.0242 -0.0612
2.0816 0.4853 -0.5466
2.7190 0.4267 -0.3747
2.8633 0.0676 1.4298
2.5544 -0.0662 -0.5504
2.4406 -0.0056 -0.1106
2.6304 -0.0453 0.0466
2.8360 0.4437 -0.9258
2.9585 -0.6686 0.2615
2.4089 -0.0865 -0.0147
2.7908 -0.0229 -0.7483
2.7644 -0.0422 -0.1741
2.6195 0.0259 0.7344
2.2082 -0.3896 0.8154
2.5015 -0.0846 0.2523
2.5299 0.0047 -0.0979
2.3956 -0.1037 -0.6188
2.7942 0.1436 0.4050
1.7150 0.1116 -0.0105
2.0251 -0.0599 -0.2166
2.3222 0.2776 0.0203
2.7012 -0.1533 1.4498
2.4879 -0.0627 0.7385
2.7280 -0.4675 -0.4731
2.3805 -0.0013 1.6734
1.2664 -0.9895 -0.2285
2.5721 0.1126 0.2780
2.4206 -0.0080 -0.7680
2.4192 -0.1013 -0.1516
1.9596 -0.5470 -0.3913
2.3404 0.5456 0.3977
2.0474 0.3630 0.1023
2.2872 -0.0546 0.2542
2.1714 -0.0576 0.0258
2.9520 -0.7098 -0.4828
2.3194 0.3842 -0.1586
2.0927 -0.2087 1.0825
2.6671 -0.3765 0.5737
3.3235 -0.9161 -0.2114
2.5072 -0.0236 -0.0149
2.5203 -0.1308 -0.1848
2.3595 -0.0309 0.0626
1.9035 -0.4130 -0.6268
2.5184 -0.0645 -0.8585
2.4031 -0.0783 0.5787
2.1899 0.0061 -1.5400
2.6162 -0.1185 0.3597
1.9506 0.8097 -0.7636
2.2729 -0.6913 0.4263
2.1752 0.1398 -0.2586
1.9702 0.4373 -0.4834
2.6670 -0.0497 -0.0155
1.7467 0.0361 0.4985
2.5660 0.0099 1.6354
2.6680 -0.0115 -0.0081
2.3721 -0.2626 0.6976
3.0826 -0.9390 0.1299
1.8530 -0.2237 0.2737
2.7438 0.2093 -0.2494
3.0106 -0.3708 -0.2805
2.9277 -0.0451 -0.6696
2.9145 0.3818 0.2718
2.4389 -0.0710 -0.5151
1.9868 -0.4233 1.1652
2.4159 -0.0223 -1.1336
3.5069 0.0173 0.1661
2.9347 0.8370 -0.5188
2.7269 -0.2650 -0.2492
2.3883 -0.0443 0.0881
2.4168 0.0154 0.0618
2.5032 0.0660 -0.0260
2.4532 -0.0780 0.3218
1.9343 0.6222 0.2707
2.4018 0.0084 -0.6337
2.6517 0.0856 0.8992
1.9377 -0.3056 0.6106
2.4457 0.2905 0.0810
3.0635 0.0228 -0.4229
2.3926 -0.0223 0.2633
2.5156 0.4892 1.1340
2.9352 0.2393 -0.5594
2.9494 -0.0215 -0.0347
2.5000 -0.0159 -0.0003
2.6284 0.2234 0.4079
1.4285 0.2457 0.7147
2.5560 0.2036 0.2253
2.7241 -0.3880 -0.8824
2.5691 0.2404 1.1955
2.5762 0.1769 0.0302
2.3508 0.0560 -0.0783
2.7984 -0.4876 -0.7243
2.5970 0.0828 -0.0037
2.2815 0.9568 0.0336
2.4778 -0.0358 0.3919
2.3531 -0.2885 0.0857
2.3454 -0.3457 -0.0959
2.5526 -0.0023 -0.1565
2.1437 -0.2602 -0.1940
1.9647 -0.9754 -0.8128
2.4058 -0.1597 0.2467
2.2801 0.1535 0.2630
2.5290 0.0315 -0.0160
2.7449 -0.0237 0.0222
1.8752 -0.2974 -0.3571
2.4511 -0.1426 -0.3911
