0.1174 -0.6152
-0.0888 -0.7083
-0.1932 0.6979
-0.0096 0.2776
-0.8922 1.3914
-0.0287 0.2586
-0.2026 0.0038
0.6116 -0.6369
0.6457 -0.2729
0.3926 0.4507
-0.0518 -0.0477
-0.4207 0.6583
-0.2416 -0.2231
-0.2025 0.3242
-0.0046 0.0124
-0.0049 -0.0383
-0.7801 0.4172
-0.1587 -0.4816
0.3059 0.6093
-0.6863 -0.2920
-0.0700 -0.0908
0.2375 0.8891
-0.5574 0.7721
-0.0346 0.8097
-0.1675 0.0798
0.6994 -0.7514
-0.3618 0.9184
-0.1171 -1.4846
0.5363 -0.5317
-0.1410 0.0543
0.3681 -0.1716
0.7560 0.5181
-0.0093 0.5318
-0.0522 -0.0135
0.0676 0.1883
-0.8513 0.1475
-0.1306 -0.0723
-0.1819 0.9682
-0.4509 0.1427
-0.2238 0.1557
-1.1254 -0.2127
0.3737 -0.7555
0.3172 -0.6854
-0.4372 0.0487
-0.1194 0.3256
0.1284 -0.0467
0.0616 -0.0431
-0.3179 0.3453
-0.2886 -0.1691
0.2095 -0.6534
0.4017 -0.1365
-0.0745 -0.2663
-0.1830 -0.8279
-0.3014 0.2781
0.0164 -0.5203
0.3852 -0.6819
-0.0231 -1.0557
-0.3648 -0.0194
-0.0288 -0.1267
-1.2965 -0.1644
0.9369 -0.2136
-0.4648 0.5564
0.3827 -0.7897
0.5247 0.3477
0.4100 -0.7899
0.0566 0.9471
1.4628 -0.5544
-1.1045 -0.4515
-0.0963 -0.1166
-0.0429 -0.2592
0.5720 0.6275
0.5435 0.1301
0.2712 0.4581
0.2761 0.9220
0.0604 -0.4605
0.2265 -0.2792
-0.0714 0.1230
-0.2378 -0.3123
0.0507 0.0429
-0.0669 0.5283
0.7482 0.2741
0.5828 -0.3067
-0.1224 -0.7746
-0.2437 0.1916
-1.5853 -0.4878
-0.0992 0.0784
-1.1802 -0.2612
0.0691 -0.1293
0.1890 0.1456
0.3529 -0.5255
-0.0832 0.2932
-0.6937 -0.5762
0.3565 0.4841
0.0666 -0.9121
0.0084 0.0073
0.1016 0.0321
-0.3838 0.2062
0.3604 -0.4019
-0.4971 0.3151
0.1024 0.0622
2.3942 0.0557
2.3679 0.0882
2.0061 0.6576
2.4786 0.6326
3.1058 -0.2112
2.8741 0.1986
3.4776 -0.6386
1.8856 0.5139
2.2842 0.1514
2.8296 -0.0256
2.9689 0.1707
2.6765 -0.9758
3.0363 0.9891
2.9812 0.7289
2.7440 -0.0024
2.3409 -0.1995
2.4499 0.3203
2.0948 0.1559
1.4676 0.5747
2.2006 -0.8364
2.7461 -0.4241
2.8034 0.5000
1.1657 -0.3903
2.5996 0.4250
1.9789 0.4242
1.0373 0.2221
1.7971 0.0483
2.3813 0.6737
2.9696 1.4272
2.7097 0.9064
1.9698 -0.4896
3.3299 0.4971
3.0889 -0.1036
2.5369 0.0282
2.5348 -0.3649
2.2971 0.4344
2.4325 -0.2780
1.9500 0.0674
2.6811 0.0414
2.1681 -0.3009
3.0349 0.1145
2.6131 0.1059
2.5339 -0.0341
1.8169 0.2719
2.3669 1.5661
2.7267 -0.6629
2.5982 -0.4076
3.3102 -0.5545
2.3614 0.0141
2.3966 0.0041
2.7373 0.9082
2.0091 0.2943
2.3957 0.0308
2.5426 -0.0056
2.3345 0.4481
2.1471 0.4630
2.6570 -0.8802
3.2920 -0.5984
2.0449 0.1489
1.9688 -0.6223
1.5531 -0.5554
1.9990 -0.5065
2.6407 0.2032
2.6971 -0.7972
2.3867 -0.2141
2.1081 0.6735
0.8951 -0.1491
2.5218 0.0021
2.0976 -0.8062
2.1198 -0.2839
2.5799 -0.4750
2.3988 0.2117
1.6026 0.3426
1.6891 0.0119
2.3036 0.2504
2.1759 0.3685
2.0556 -0.1389
2.6914 -0.2182
2.5048 -0.0166
1.8843 -0.7246
2.4500 -0.8141
1.5967 -0.1979
2.7240 0.1193
2.1854 -1.0637
2.5196 -0.0448
2.2947 -0.4362
2.4719 0.0722
2.6960 0.6328
2.6448 0.0574
1.6865 -0.3843
2.5079 -0.1841
2.7846 0.1110
2.5033 -0.0026
2.4125 0.9197
1.8472 0.0188
2.6265 -0.9273
3.2489 -0.4751
2.2935 0.0128
1.8892 0.5296
2.3196 -0.4146
