-1.1194 -1.5116 -0.5286
-0.1782 0.2418 0.5697
0.0045 0.0032 0.0318
-0.7104 -0.8286 -0.3886
0.0942 0.6036 0.3248
-0.0447 -0.0288 -0.0024
-0.0270 -0.0661 -0.8674
0.4926 -0.4820 0.0087
0.7595 0.1352 -0.2761
0.0197 0.1023 0.3423
-0.0628 0.0901 -0.8806
0.1062 -0.1172 -0.2051
0.5982 0.3624 0.7616
0.0280 -0.0595 -0.8900
0.2943 0.0341 0.5930
0.5573 -0.3511 0.8449
0.7263 -0.2582 -0.4372
0.3517 -0.1638 0.3252
-0.0532 -0.0542 1.5063
0.1067 0.0878 -0.0053
0.1749 0.0810 0.2091
-0.7732 1.3059 -1.1516
-0.0715 2.5400 -0.3249
0.3218 -0.1962 -0.0930
-0.5606 -0.9620 1.2503
-0.0005 0.0448 -0.4276
0.6569 0.4011 -0.5918
0.0951 0.2059 1.2717
0.2507 0.7501 0.5626
0.2024 0.2206 -0.1399
0.0018 -0.0092 0.0364
0.1966 0.0049 0.1108
0.1721 -0.0742 -0.2235
-0.2594 -0.8137 -0.3841
0.0015 -0.0021 0.0161
0.0217 -0.0243 0.4127
-1.0617 -1.3692 -0.6883
-0.0139 0.0226 0.3297
-0.0279 0.0570 0.0197
0.0441 0.1275 -0.3918
-0.0054 -0.0178 0.0175
0.0675 0.0274 0.2671
-0.0301 0.1210 -0.1849
0.3036 0.3995 -0.3326
0.1008 0.4918 0.0555
0.0100 -0.0011 -0.0991
-0.1043 0.0536 0.0232
-0.0191 -0.0142 -0.5202
0.0012 -0.0046 0.0140
0.2196 0.0779 -0.0126
-0.2245 -0.8051 -0.1614
-0.0339 -0.0443 -0.1519
0.3209 0.5881 0.6603
-0.1436 -0.1900 0.3626
0.0261 -0.2134 0.8752
0.0078 -0.0063 0.0182
0.0288 -0.0020 0.0497
-0.0532 0.1197 -0.5037
0.5310 0.0244 0.3401
0.1133 0.5008 -0.0486
0.6218 -0.2265 -0.4000
-0.0838 0.1087 0.9053
0.0542 -0.0535 -0.1150
0.0083 -0.0487 0.0257
-0.2467 -0.0435 -0.3304
-0.1070 0.1030 0.7414
-0.2338 0.3054 0.1293
-0.3248 -0.5516 0.4751
0.6119 0.0898 -0.0395
0.0958 0.4459 0.0954
-0.2585 -0.0337 0.0652
-0.0213 0.0187 0.3669
0.0604 -0.1187 0.0927
-0.0057 -0.0380 -0.0733
0.9322 0.1301 -0.1983
-0.3683 0.1177 -0.6044
-0.2305 -0.0078 -0.5367
0.0115 0.1253 0.3979
-0.2039 -0.4392 -0.7227
0.2135 -0.5074 -0.2252
-0.0008 -0.1346 0.1287
0.0472 -0.0493 0.5444
0.0058 -0.0077 0.1097
0.3355 -0.4582 0.2706
0.2496 0.7741 0.4067
-0.0462 0.2463 -0.3452
-0.6728 1.0927 -1.0294
-0.0903 0.3793 -0.5763
-0.1785 0.1012 0.3339
-0.3061 -0.2563 1.7066
-0.2610 -0.3502 -0.7554
-0.1962 0.2613 -0.4491
-0.3419 0.0214 0.5001
1.3946 0.1424 -0.4131
0.0029 -0.0104 -0.3118
0.4748 0.7494 1.1881
0.0623 0.1057 0.7361
-0.0008 -0.0784 -0.2017
-0.1076 0.1460 -0.3428
0.1634 0.2545 -0.3763
-0.0309 0.0195 0.0459
-0.1397 -0.5378 0.5883
0.0506 0.0345 0.1105
-0.0278 0.0851 0.2470
-0.3817 0.1234 -0.7779
-0.6028 0.2899 0.4357
0.8929 -0.0547 -0.2925
0.1956 -0.4455 -0.4133
-0.0212 -0.0966 0.0574
0.0013 0.0094 0.2295
-0.0193 0.0053 0.0307
0.0037 -0.0647 -0.2122
-0.2037 -0.2523 0.0888
0.0551 0.0671 0.0519
-0.1688 -0.0234 -0.1283
0.7732 0.4677 -0.0665
0.6800 0.1821 -0.4303
0.1318 -0.1921 -0.0569
-0.0082 -0.2807 0.3939
0.6189 0.5731 0.4917
0.0360 -0.0228 0.0606
-0.1031 0.0071 -0.2695
-0.0017 -0.0248 -0.0198
-0.3497 0.3132 -0.1638
-0.2340 -0.2381 -0.7995
-0.0520 -0.5165 0.2408
-0.0014 -0.0069 0.1415
0.0272 0.0163 -0.0188
-0.0108 0.0271 0.0024
0.4385 0.2364 0.0095
-0.0274 -0.3936 -0.3447
-0.7081 1.3777 1.8019
0.6429 -0.7745 -0.6632
-0.1169 0.2694 -0.7998
0.0384 0.0505 -0.2647
0.0129 -0.0363 0.0240
0.1569 -0.1802 0.3940
0.0058 -0.0119 0.0034
-0.0260 0.0076 0.9041
-0.2371 0.6927 -0.5990
0.0303 -0.1959 -0.9316
0.5037 -0.4211 0.1010
0.0311 -0.0196 -0.4310
-0.0928 0.4047 0.4720
0.1956 0.0504 -0.3845
-0.0479 -0.0133 -0.0915
0.0426 0.0582 -0.7006
0.1960 -0.2688 -1.9869
-0.0088 -0.0203 -0.0301
0.0030 -0.0645 0.8171
-0.0095 0.0117 0.1640
-0.0497 0.0563 0.1718
0.0954 0.1783 -0.1230
-0.0009 -0.0261 -0.8796
0.0771 0.0318 -0.7835
-0.1367 0.1695 -1.3733
-0.1374 -0.0893 -0.3422
0.3935 -0.1075 0.3872
0.4985 -0.0657 0.3303
0.3787 -0.8627 -0.1559
0.0126 -0.0062 0.0052
-0.0723 -0.3499 -0.0476
0.0058 0.0395 -0.0247
-0.0403 0.4180 -1.4285
0.3283 0.0067 1.8050
0.8464 -0.0407 -0.3963
0.3127 -0.9754 -0.6352
0.1563 -0.0566 -0.3865
0.3055 0.6137 0.1536
0.0189 -0.5764 -0.7921
-0.0848 -0.2809 -0.8967
-0.0165 -0.3596 -0.2506
0.0108 -0.0001 0.3710
0.3936 0.2720 0.0397
0.0760 -0.0327 -0.2166
-0.0320 0.0455 0.0640
-0.2122 0.4775 0.7964
-0.2122 0.4662 0.7264
0.6574 0.1889 -0.3214
-0.1119 -0.4104 -0.5193
-0.5092 -0.2316 0.0454
0.3645 0.7440 0.2757
0.0644 -0.2800 0.7774
0.0681 -0.0256 -0.0840
-0.4845 -0.2475 0.2386
-1.1910 -1.0981 1.3383
0.0079 0.0316 0.6862
-0.0998 0.7578 0.5073
-0.4107 0.5471 -0.1760
-0.2366 0.1123 1.2583
-0.1605 0.0181 -0.0077
0.1944 -0.2066 0.7675
-0.0385 0.1875 -1.2410
0.0989 -0.0819 1.2049
0.7611 0.2259 -0.5882
0.6511 0.3361 0.4389
-0.0335 -0.1066 -0.0026
-0.0436 0.1169 -0.1981
0.0091 -0.0130 0.7841
-0.9325 -0.5389 1.5978
-0.0212 0.1769 -0.0312
0.0724 0.5189 -0.2244
0.1943 -0.0931 0.2891
0.1127 -0.2954 0.1885
0.0441 -0.0715 -0.0804
-0.2342 -0.2968 1.3104
0.0876 -0.0448 0.0327
-0.5292 -0.0677 0.5304
0.3198 0.0650 -0.2054
0.4460 0.6237 0.3802
0.6394 -0.4266 0.1721
-0.0081 -0.0162 0.3660
0.0395 0.0133 -0.1784
-0.4088 0.4172 -0.7676
0.4332 -0.3030 0.4970
-0.2171 0.1317 0.0638
0.0040 -0.0011 -0.0188
-0.0101 -0.0114 0.1860
0.1270 -0.0696 0.4487
0.6998 -0.1827 0.3259
0.0345 0.1116 0.1060
-0.6169 -0.8399 -0.2132
-0.0863 0.1111 -0.2087
0.1285 0.2479 0.0070
0.0448 0.0107 0.6929
0.2444 0.4848 0.3632
-0.0180 -0.0218 0.4145
-0.2265 -0.4995 -0.3999
0.0297 -0.2178 -0.7248
0.1354 -0.0519 0.0391
-0.1260 -0.3685 -0.7131
-0.0147 0.0030 0.0392
0.5841 -0.0500 0.2565
-0.3114 0.4727 -0.0235
1.1691 -0.0474 -0.8658
0.2192 0.2353 0.1291
-0.6252 0.1491 -0.5917
0.2516 0.6247 0.3550
-0.0170 -0.1111 -0.3474
0.0549 0.0322 0.1949
-0.1815 -0.3069 -0.2527
-0.0249 0.1803 0.9410
-0.3621 0.0017 -0.7981
0.0335 0.0655 -0.0639
0.0008 -0.0008 0.0044
0.0031 0.0001 0.0623
-0.0054 -0.0023 -0.2082
-0.1232 0.0112 0.3568
-0.0045 0.0418 -0.0316
0.1409 -0.1196 0.1055
3.7467 -0.2619 0.5987
2.6179 0.4270 -0.1762
3.2855 -0.0209 0.9379
3.4883 0.2354 0.8692
3.5878 0.0066 0.8198
3.6708 -0.4424 0.0963
2.8988 -0.2740 -0.1761
3.7310 -0.0544 0.0915
3.4994 0.0142 0.2099
3.5300 -0.0223 -0.0801
3.8670 -0.3147 2.1563
4.0941 -0.3976 0.4575
3.1951 -0.1297 -0.2488
3.4970 -0.2072 -0.0979
3.3539 0.2147 -0.1985
3.4730 0.1369 0.2046
3.1471 0.1843 -0.0199
3.4782 -0.6311 0.1393
3.4824 0.0053 0.1119
3.3193 0.1002 0.2396
3.4923 0.0456 0.2567
3.1045 -0.5095 0.2591
3.5139 0.0089 0.2497
3.5436 -0.0774 0.6028
3.7741 0.1078 -0.7717
2.8845 0.1170 0.0528
3.6889 0.0162 -0.1519
3.6043 0.0787 -0.3746
3.4148 -0.1114 0.0435
4.0228 0.4036 -0.0641
3.2034 -0.1894 0.9109
3.4419 -0.2007 -0.9361
3.4063 0.0734 0.2162
3.1767 -0.2762 0.3488
3.1655 0.6232 -0.1173
3.6165 0.0691 0.1262
3.3893 0.1558 0.0564
3.0813 -0.1995 -0.3887
3.4984 0.0012 -0.0161
1.5443 0.4060 0.3819
3.4542 -0.0641 -0.1719
3.5633 -0.2751 0.2054
3.1780 -0.1550 -0.7389
3.1729 0.1553 -0.7575
3.4234 0.3219 -0.4756
3.1446 0.2837 -0.3060
4.5987 -0.8022 -0.6206
2.4293 -2.3815 -0.0336
4.4369 0.2143 0.3110
3.2444 0.0011 0.3572
2.3776 -0.0248 -1.9660
3.7937 0.1700 0.5450
3.6064 -0.0114 0.0744
3.6238 -0.5993 0.5674
3.6062 -0.0857 0.1170
3.4336 0.0188 -0.3614
2.4363 0.2579 -1.7732
3.4519 0.2258 0.0511
3.7084 -0.1935 0.4686
3.8880 0.0401 0.0703
3.4784 0.0155 -0.1447
3.5115 0.5109 0.6206
3.7492 0.2898 0.1583
3.4975 0.0116 -0.6941
3.4054 -0.0977 -0.1666
3.8353 0.0079 0.1103
3.5563 -0.1373 -0.3233
3.4836 0.0323 0.0090
3.5787 0.2448 0.4201
3.4850 0.1878 0.2579
3.3003 0.2337 -0.2038
3.7932 -0.0941 0.0650
3.5780 -0.0152 0.1073
2.4546 0.6743 1.4692
3.7629 0.6829 0.1465
3.4922 -0.0032 -0.2382
3.8526 -0.1264 -0.5378
3.3377 0.4803 0.7624
3.8516 0.1570 0.2181
3.8176 0.2922 0.4091
3.4842 -0.0391 -0.0997
3.3524 0.4239 0.2666
2.4548 -0.0421 0.9114
3.5255 0.0512 -0.0806
3.5036 -0.0061 0.0741
3.5504 0.0875 -0.2182
3.6362 -0.1034 0.8794
3.5017 0.1111 -0.3289
3.4095 -0.1953 -2.0034
3.5000 0.0000 0.0005
3.6227 -0.1764 0.0069
3.8663 -0.5506 -0.5939
3.4453 0.0791 -0.7812
3.4618 0.0290 -0.0181
3.5401 -0.0031 -0.0756
4.1485 -0.2229 0.2323
3.3124 0.1049 0.3309
3.5582 -0.0844 0.2038
3.9881 1.2819 -2.2965
3.8698 0.1622 0.5804
3.5540 0.4786 -0.0633
5.6270 -0.8347 -1.1090
3.5123 0.3610 -0.1793
3.9495 -1.3438 -0.8372
3.4860 -0.0675 -0.0075
3.1264 -0.4475 0.3484
3.9314 -0.4523 -0.7118
3.4980 0.0031 0.1481
3.6779 0.0553 0.0172
3.6096 0.2022 0.5632
3.4553 0.0232 -0.0036
3.4587 0.0003 -0.0586
3.0162 0.0644 0.1719
3.6185 -0.1091 -0.0814
3.2985 -0.4673 -0.1751
3.6949 -1.6855 -0.3948
3.0858 -0.2661 0.8022
3.5186 0.1107 -0.2000
3.4754 0.0027 -0.0981
3.4787 0.0645 -0.1227
3.4068 0.1114 -0.4041
4.8704 -0.0927 -1.0078
3.4820 0.0193 -0.1745
3.5117 0.0319 -0.0523
3.2688 0.3569 -0.7387
3.5637 0.1761 -0.1126
3.1994 0.1275 -0.2177
3.5292 0.1650 -0.0292
3.4607 -0.0298 0.1125
3.4062 -0.1181 0.5751
3.2536 0.1689 0.2129
3.5063 -0.5323 -0.0425
3.2494 -0.1322 -0.2698
3.4193 -0.2059 -0.5163
3.3671 0.0354 -0.1231
3.4507 0.1015 0.1426
3.1363 -0.3166 0.7194
3.3962 -0.2555 -0.1990
2.9661 -0.0389 -0.5793
3.5133 0.0103 0.3156
3.1775 0.2022 0.1176
3.9627 0.2749 0.5269
3.6851 0.1845 -0.5682
2.7890 -0.3841 0.2866
3.8050 0.3467 -0.2269
3.4042 -0.0026 0.1274
3.6949 0.1816 -0.1424
3.4156 0.2605 0.3469
4.2861 1.7102 -0.9564
3.7961 0.3626 -0.1705
2.9798 -0.2159 -0.0680
3.9357 -0.5362 0.0563
3.7500 0.2000 -0.7567
3.8766 0.4711 0.4123
4.7788 -0.4783 -0.7459
3.7490 0.6174 -0.0524
3.7033 -0.0567 -0.9625
3.5280 0.1395 0.0313
3.5955 -0.1553 -0.4681
3.6928 -0.0587 -0.8707
3.5140 0.0379 -0.6399
3.5024 0.0182 0.4871
3.4479 0.0390 -0.5474
3.6815 0.1129 0.0301
3.4340 0.1331 -0.5383
3.4824 0.0107 -0.3619
3.4940 0.0064 0.0359
3.2946 -0.0337 -0.1174
3.4863 0.0001 0.0121
4.1329 -0.5437 0.2247
3.5855 0.0899 -0.1065
3.5017 -0.0006 -0.0041
3.3461 0.0256 0.2210
3.9395 -0.0234 0.0841
3.4995 -0.0547 -0.1049
3.5290 -0.7948 -0.0685
3.5213 0.0602 -0.6691
4.0611 0.1643 -0.5304
3.5004 0.0085 -0.0693
3.6204 0.0719 -0.5105
3.3217 -0.5767 0.2147
3.4742 0.0052 0.0513
3.3655 -0.2604 -0.4292
3.4141 0.0362 0.1734
3.7843 -0.6321 0.0049
3.4106 0.1223 0.4813
3.3801 0.5648 -0.1406
3.6671 -0.3183 0.5698
4.1639 0.1566 0.5567
3.5277 0.0410 0.2767
3.5003 -0.0002 0.0928
3.4953 0.0169 -0.0295
4.0737 -0.1440 -0.5555
3.2875 -0.2005 -0.0124
2.9658 0.5269 0.3330
3.5125 -0.0048 0.0026
3.5493 0.1453 0.2406
5.0595 0.6961 -1.5941
3.2113 0.3038 0.0428
3.3807 -0.3542 -0.9008
2.8141 0.0685 -0.0884
3.4681 0.2646 -0.6868
3.4163 0.0846 0.0066
3.1618 0.7955 -0.4544
3.4971 0.0009 -0.1099
3.6036 -0.0057 -0.0426
3.7091 -0.0062 -0.3815
3.4411 -0.0227 0.1666
3.5653 0.4862 0.0274
3.4744 -0.0700 0.4033
3.4905 -0.0069 -0.4247
3.6062 -0.6847 -0.3204
3.6138 0.1738 0.4067
3.6249 -0.0086 -0.1949
3.4597 0.4011 0.1382
3.9879 -0.4872 -0.4446
3.6411 -0.0447 -0.4144
3.8069 -0.3881 0.0507
3.5220 0.0103 -0.0175
3.4942 -0.1414 -0.0522
3.8456 -0.0704 0.9038
3.4388 -0.0065 0.0183
2.6778 0.6903 -1.0141
3.4233 0.2372 -0.2628
3.3991 0.0754 0.1322
3.5038 -0.0062 -0.0055
3.4526 0.3034 0.3370
3.1621 -0.2497 0.2408
3.1168 -0.0967 -0.0019
3.9237 -0.3504 -0.5461
3.5731 -0.0909 0.3771
2.8664 0.3309 -0.3610
3.3840 -0.1061 -0.5284
3.5487 0.2184 -0.2205
3.5923 -0.0008 0.3908
3.4337 0.3157 0.4523
3.7804 0.0433 1.9082
4.1200 -0.1814 0.0655
3.5012 0.0801 -0.5969
3.5831 -0.1752 -0.0891
3.5047 -0.0001 0.0554
3.5010 -0.0316 -0.6865
3.7774 1.2896 0.6190
3.9949 0.2423 0.1322
3.5414 -0.0174 0.4260
3.2971 -0.1010 -0.5059
3.5548 0.1483 -0.3171
2.8504 0.1634 0.6824
4.1145 0.1664 0.5519
3.5011 0.0013 0.0023
