0.4924 0.4263
-0.1465 -0.6237
-0.1074 -0.0073
-0.6388 -0.3872
0.6643 0.0394
-0.4390 1.3616
1.0702 -0.5848
-0.1881 0.5070
-0.0202 -0.3108
-1.2504 0.9610
-0.2652 -0.0872
0.7310 -0.3637
-0.7820 0.2132
-0.7516 -0.6560
0.3296 0.1681
-0.0342 0.0056
0.0450 0.1443
-0.8645 0.2298
0.7554 -0.0475
0.4614 0.0105
-0.3421 0.2858
0.7506 -0.0237
0.7243 0.5990
0.0066 -0.0236
1.4229 0.5146
-0.0116 -0.4258
0.3628 1.6378
-0.1668 0.3804
0.2615 0.1195
-0.3721 -1.1995
0.1920 -0.3927
-0.0187 -0.0244
0.4619 0.2792
-0.5845 -0.0798
0.5460 0.0219
-0.1852 -0.3190
-0.3572 -0.5539
-0.2442 -0.2393
0.7610 -0.2667
-0.3203 -0.0246
0.3758 0.4814
-0.3834 -0.6908
0.0573 0.5980
-0.0161 0.0254
0.1437 0.4667
0.0340 0.0223
-0.5742 0.4362
0.0786 -0.0146
-0.1306 -0.7321
-0.2940 0.0589
0.1577 -0.5955
1.1732 0.7626
0.2983 -0.7922
0.7631 -0.5108
0.2818 0.3952
0.4317 -0.5975
0.0067 0.0265
-0.1505 0.0114
0.0055 0.0804
0.0868 -0.2948
0.9055 0.0239
0.1269 -0.0652
0.1022 -0.4557
-0.1343 0.6726
-0.0669 -0.0448
0.0359 -0.0126
-0.1084 -0.7622
-0.2139 0.4120
1.4247 0.0197
-0.2809 0.1862
-0.1403 0.3459
-0.3596 0.1001
0.3039 -0.5034
0.1037 0.6857
-0.0434 -0.1259
-0.4171 0.8424
0.6168 0.4364
0.0510 0.1370
-0.4988 0.4773
0.2520 0.8815
0.1365 0.6801
-0.0546 0.1583
0.9449 0.0513
0.0033 0.0001
-0.6410 0.7202
-1.0544 0.8158
-0.6565 1.0543
0.0688 1.5004
-0.5288 -0.8193
0.5471 0.4878
-0.0432 0.0219
-0.4368 0.2180
-0.5853 -0.2481
-0.1858 0.0777
-0.7165 0.1918
-0.2483 0.8240
0.2295 0.5446
0.3103 -0.2491
-0.2279 -0.6738
-0.2436 -0.0454
-0.2357 0.7790
-0.0285 0.0300
0.2655 0.0029
0.8114 -0.2312
0.0585 -0.6778
-0.0914 0.1373
0.0357 -0.0133
-1.4198 0.6539
-0.4188 0.1155
-0.1961 0.1103
0.0705 -0.1220
-0.0698 0.1471
-0.4406 0.1438
-0.0308 0.3738
-0.5720 1.1622
0.0926 0.4017
-0.1604 0.0728
0.3020 0.8161
0.4969 -1.2228
0.0133 1.1220
-0.6229 0.0939
-0.6048 -0.7554
0.8587 0.2004
0.6827 -0.2964
0.1247 -0.5487
-0.2957 -0.2200
0.0233 -0.1922
0.2333 -0.4696
-0.5115 -0.5524
-1.2207 0.0139
0.0391 -0.0231
-0.0273 -0.0795
0.7557 -0.4772
0.1912 0.0132
0.6037 -0.6545
-0.9495 -1.1699
-0.1061 0.4642
-0.0113 0.0054
0.0076 -0.2500
0.9665 -0.4134
0.0721 -0.5259
-0.1211 0.5774
-0.7353 -0.6613
0.6373 0.8089
0.3246 -0.5939
0.2536 -0.0253
-0.0078 -0.2377
1.0104 1.0314
0.4617 0.2050
0.1750 0.2896
0.2444 -0.4410
0.0076 -0.0118
-0.8847 1.4374
-0.1600 0.0366
0.1171 0.1255
-0.3422 1.1064
-0.4312 -1.3780
1.0512 0.7792
-0.0668 0.5640
-0.0950 0.4207
0.5901 -0.0089
-1.2173 -0.0878
0.0462 -0.0248
0.1340 -0.1163
0.7031 -0.3676
-0.2891 0.1350
-0.4577 0.2080
1.0793 -0.4859
-0.6466 -0.3168
-0.0493 0.2258
-0.4186 0.2031
-0.7363 -0.1104
-0.2376 0.1336
0.4916 0.3137
-0.0438 -0.0214
-0.4043 -1.1757
0.0297 0.3480
0.1750 -0.7293
0.7819 -0.0731
-0.1698 0.6735
-0.3457 0.5466
-0.3815 0.2540
0.2561 0.3064
0.2710 -1.2470
-0.0633 -0.0388
-0.5594 -0.9623
0.3756 0.0927
0.2119 0.7968
-0.5895 0.6156
-0.1168 0.2163
-0.6239 0.3427
0.4176 -0.0991
-0.7620 -0.2532
-0.2986 0.1442
-0.5423 0.5321
0.7048 -0.5373
1.0383 1.0972
0.5294 0.6398
-0.4098 0.5609
0.0809 0.0999
