0.3794 -0.2170 -0.1373
-0.4112 0.1972 -0.3097
-0.2312 -0.0214 0.3476
-0.1233 -0.3006 -0.3221
-0.2076 -0.1262 0.6657
-0.2321 -0.0899 0.2579
-0.6302 -0.5938 0.0496
0.0178 0.1058 0.2844
0.0161 -0.0246 -0.3160
0.3195 0.3500 0.1705
0.4804 0.1058 0.8091
0.0658 0.0941 0.8244
-0.6343 -0.2822 -0.1428
-0.0354 0.0181 0.1630
0.1338 0.3815 -0.4262
-0.5960 -0.1062 -0.0291
0.2299 0.6134 0.7268
-0.0003 0.0986 0.1123
0.0075 -0.0071 -0.0031
0.1693 -0.0156 0.0062
5.5563 -0.3512 0.4482
5.4795 0.3663 -0.3439
5.3997 -0.5297 0.3228
5.0226 -0.0135 0.0651
5.5967 0.1911 -0.4541
5.0237 0.0018 -0.1767
4.6261 -0.5951 -0.0645
4.9227 0.0168 -0.2876
5.2207 0.0730 -0.2723
5.0114 -0.0367 -0.8030
4.9890 0.0108 0.6152
5.1877 -0.5189 -0.3228
5.1414 -0.0166 0.7621
5.1800 0.0149 -0.2328
4.8094 0.2497 0.7644
5.2067 0.0872 0.5447
4.8497 -0.8192 -0.1140
5.6379 -0.4349 0.4700
5.1199 0.0803 0.5228
5.0024 0.2306 0.3894
