-0.0068 -0.1794 -0.6014
0.1832 -0.0984 -0.8882
0.0131 0.0261 0.0101
0.0522 -0.8699 0.1799
-0.0136 0.0220 -0.3373
0.0173 0.0440 -0.3138
-0.3878 0.1392 -0.1855
0.4438 -0.0195 -0.2467
0.5720 -0.3854 -0.1435
-0.0915 -0.1499 0.1246
-0.0293 0.0144 0.1096
-0.0258 0.0679 -0.1620
-0.0067 -0.0029 0.0855
-0.4156 -0.3181 0.0699
0.0939 0.2738 -0.4610
-0.7382 0.4434 1.4806
0.5200 -0.0208 -0.7119
0.1285 -0.1823 0.1537
-0.1986 -0.1161 -0.3970
-0.1512 -0.3281 0.0279
0.1588 0.6528 -0.2208
-0.5939 0.2502 -0.7110
0.0026 0.0116 -0.0953
-0.0348 0.3287 -0.2484
-0.2577 -1.3540 0.5298
-0.0625 0.1050 -0.0236
-0.4534 -0.1460 -0.0906
-0.2355 -0.0140 -0.0716
-0.1589 0.5330 0.2510
0.0158 0.0011 -0.0101
-0.1263 0.0189 0.2862
-0.1733 -0.0916 0.6046
0.1725 -0.4142 0.4398
-0.0138 0.0156 0.0865
0.0453 -0.1719 0.5386
-0.1482 0.1958 0.4704
0.1797 -0.1254 -0.0073
0.3379 -0.1171 0.9336
-0.1575 -0.0845 -0.8300
0.0503 -0.0451 -0.4228
-0.8264 -0.2638 -0.2364
-0.0522 0.1025 -0.5888
0.4247 0.1035 0.4779
-0.2178 -0.2824 -0.0206
0.1190 -0.1352 0.5250
0.3232 -0.0052 -0.3935
-0.0252 0.0188 0.7944
0.0681 0.1024 -0.7933
-1.2392 -0.5469 -0.5433
0.3175 -0.0018 -0.1045
0.4941 -0.1516 0.7152
0.1388 0.0624 -0.4652
-0.0871 -0.2274 -0.0760
-0.0472 -0.1168 -0.2657
0.0376 -0.0530 0.0424
-0.0516 -0.0463 0.4045
-0.0251 -0.0167 0.0317
-0.3272 -0.7804 -0.3141
-0.7769 0.2772 0.3389
0.2401 -0.0076 0.8381
0.2822 0.2093 -0.0225
0.0390 -0.4674 -0.4878
0.0308 0.6667 0.1459
0.7762 0.4180 -0.2185
0.0361 0.0152 0.0330
-0.1922 -0.0651 0.3672
0.4055 0.3363 -0.6958
-0.3428 0.2492 0.1901
-0.0869 -0.0217 0.6150
0.8483 -0.0607 -0.2038
0.2190 -1.6746 0.4601
-0.3704 -0.2461 -0.0448
0.0203 0.0441 -0.4984
0.6190 0.1591 -0.1962
-0.0477 0.1484 0.2211
0.5306 -0.5566 0.5879
0.0043 0.0016 -0.0084
-0.2079 0.1938 -0.9479
0.1034 0.1225 -0.4777
-0.2717 -0.0618 -0.6902
-0.0364 -0.1409 0.6198
-0.0510 0.0075 0.9672
-0.1293 0.0201 -0.1296
-0.3846 -0.4200 -0.7110
-0.0750 -0.0515 -0.0065
-0.1043 0.0738 0.0480
-0.4582 -0.1789 0.6551
-0.0345 0.3255 0.7264
0.0008 0.0011 0.0465
-0.0755 -0.0227 -0.1471
-0.1301 -0.6441 0.6949
0.3132 0.7229 0.3976
0.2021 -0.0001 -0.0686
0.0353 -0.3298 0.2861
-0.3069 -0.6705 -0.0487
-0.3764 -0.1811 -0.2626
0.4747 0.0152 -0.3095
0.7511 0.2833 0.2862
-0.0179 -1.5009 0.6350
-0.2660 0.3136 0.4999
3.3024 -0.0555 -0.1089
3.0171 -0.1250 0.2330
2.9229 -0.4309 -0.1634
2.9811 0.0044 0.0873
2.9695 -0.0641 0.5748
2.9846 -0.9775 0.7664
2.7597 -0.6730 0.6763
2.9974 0.0327 -0.0536
2.8745 -0.1254 -0.1173
3.4275 -0.3469 -0.3289
3.3604 -0.6411 0.8837
2.9451 -0.0173 -1.4904
3.2144 0.5963 0.2324
3.3415 0.2059 0.1896
3.6421 -0.4831 -0.2179
2.8234 0.0800 -0.0920
2.5512 -0.1900 1.0925
2.9944 0.0094 -0.8435
2.9934 -0.0034 0.2198
2.9902 0.0654 0.0235
2.9425 -0.1349 -0.6631
3.1072 -0.7087 -0.2031
2.9548 -0.1196 0.1914
2.9938 0.0136 0.1687
2.1842 0.2555 -0.6199
3.1966 0.0787 0.4876
3.4039 -0.3962 0.2304
2.5034 -0.5355 -0.4592
2.9250 -0.5635 0.7078
3.1393 0.0527 0.0406
3.4355 0.1581 -0.0350
3.2390 -0.1113 -0.1202
2.7490 -0.1614 0.1119
2.4567 0.2752 -0.6252
3.2340 -0.3887 -0.4223
2.0304 0.5093 -1.1327
3.1226 0.0130 0.4143
3.0367 -0.0904 -0.3802
2.9963 0.0029 0.6833
3.0408 -0.0164 -0.6542
3.0559 0.0482 0.1827
2.9946 0.0075 0.0065
3.0146 0.0326 -0.0798
3.0028 -0.0110 0.3951
3.1512 0.6222 0.0125
2.7300 -0.0689 0.2498
2.9392 0.7645 -1.5906
3.0212 0.0255 0.0080
2.9720 -0.2988 0.2367
2.6516 -0.0834 -0.2778
3.2616 -0.4484 0.6534
2.9606 0.1003 0.2144
2.6300 -0.0523 0.1373
3.4863 -0.4622 0.4100
2.0934 0.0879 0.0336
3.1511 0.3689 0.2547
4.0505 1.4277 -0.4429
2.6902 -1.0315 0.1466
4.0294 -0.9554 0.7232
2.9103 0.0320 0.1897
2.9881 0.0963 0.3208
2.9306 -0.3536 -0.4510
3.0888 0.6265 -0.3194
2.3730 -0.6396 -0.2883
2.8977 -0.0738 -0.1557
2.0947 -1.1913 -0.0128
2.9177 -0.2901 0.1617
2.7438 0.4393 -0.1463
2.7186 0.0108 0.6255
3.6018 -0.4372 0.3112
2.9872 -0.1512 0.2147
3.3875 -0.4548 0.2648
2.8316 0.1365 0.6355
3.0352 0.0014 0.0385
3.7459 0.3563 -0.5245
3.9880 -1.0969 -1.2254
3.0718 0.0926 0.3897
3.0494 0.0027 -0.1954
2.9008 -0.1881 -0.7265
3.1525 -0.8718 -0.3291
3.1484 0.0077 -0.0020
2.8867 0.2023 -0.4578
3.0218 0.0031 0.1439
3.3330 0.4673 0.7608
1.9736 0.7531 -1.4097
2.8697 0.0559 -0.1201
3.5063 0.1864 -0.5926
3.0044 0.2633 0.2370
2.8832 -0.0586 0.3370
2.9640 -0.0382 -0.1519
3.2102 0.3018 0.8820
3.5859 -0.4935 -0.4814
3.0098 0.0105 0.0073
3.0485 -0.8617 -1.1422
3.0025 0.0251 -0.1498
2.9932 0.0424 -0.0050
3.0785 0.0984 -0.0690
3.0078 -0.1303 0.0006
2.8687 -0.0166 0.1980
3.2363 -0.8792 -1.5752
