-0.1301 -0.4116
-0.1371 0.8453
0.1317 0.0564
-0.0022 0.0563
-0.0213 -0.0934
-0.2420 -0.5099
0.0028 0.9686
2.9532 -1.3376
-0.0686 0.7055
-0.0586 0.2340
0.0005 0.6884
3.2891 0.9398
0.4705 -0.2100
0.0465 -0.1996
-0.2474 -0.2092
-0.1242 -0.2689
0.0216 -0.8301
0.3526 0.0556
-0.5318 0.1386
0.2230 -0.8603
0.0342 -0.8784
-0.0056 -0.0893
0.1745 -0.2242
-0.3392 0.2257
0.0465 0.1433
3.7069 0.4740
2.6033 -0.0296
4.4796 0.7401
4.3200 0.6781
3.5988 -0.1241
3.5182 -3.0637
3.9354 -0.7898
4.1335 0.3138
4.3796 -0.1405
6.1387 -2.5946
4.8616 -0.2735
4.3989 0.0809
2.4521 -0.7227
4.5164 0.0101
3.9402 0.8032
5.0041 0.5337
4.4340 0.2842
6.1652 0.0052
4.7774 0.0452
4.8351 0.4649
4.7817 -0.6067
4.6022 -0.6887
4.4483 -0.3761
4.2841 0.4254
4.5801 0.0098
