-1.487914320310686489e-01 6.955605140460905389e-01
7.373333450940130485e-01 -5.548607832422084440e-01
2.334405592534723461e-01 -9.070096995656307115e-01
-7.792903761092105919e-01 6.199446206851612073e-01
6.762683763611317955e-01 7.086603892608611677e-01
-2.860554050423294026e-01 -7.239246390877899229e-01
-1.084503445602739702e-01 2.187506446226199497e-01
-4.989907063004869192e-01 4.899135021328885342e-01
1.466741535450722007e-02 6.771724272720746063e-01
-8.343148999515123676e-02 -4.773305078190605011e-01
-1.100907664504855027e-01 -2.398500674746013028e-01
-4.185549457762034464e-01 7.930120219976306561e-01
-4.938245588955999521e-01 3.201809224128648323e-01
4.767446285498329606e-01 -1.719225288061119183e-01
-5.035796488319894265e-02 -1.799840528770576056e-02
-1.625497795182717919e-01 8.939713589199147492e-01
1.382723795715073284e-02 5.261882194120431899e-01
6.555500128718594333e-01 2.082983940627665398e-01
-4.618499879627293442e-02 -1.268693558667477461e-02
1.522110266855059664e-03 6.974046004988787573e-01
-2.446150634875538243e-01 -6.151693687165438185e-01
-4.680549548609526378e-02 1.210627622003272383e-02
-2.658820972512900283e-01 8.557091958339355653e-01
5.687254144074634921e-01 -4.305183592282766369e-01
-1.504165523888980616e-01 5.493650891141700354e-01
-5.847590936923881960e-02 3.764963086943696330e-02
2.758200766045232691e-02 9.602537262859243139e-01
4.567070802948013375e-01 -4.673835993984381543e-01
-4.996909650402283631e-01 9.797403981535410256e-02
-2.420232876565039937e-01 3.623073167224875601e-01
-3.621867650486682577e-01 -5.692658378682654563e-01
-8.035277585953534141e-01 -2.626450611747819797e-01
7.129372076950117876e-01 -4.709663940434120621e-01
-9.505655191670711601e-02 -3.535053251336884861e-01
-4.992871417862997964e-03 -3.144520680563928083e-02
8.413481989928752736e-01 -3.816886041875234420e-02
1.665808621044864435e-01 1.007474355827522039e-01
6.419139099582338304e-01 -2.083743041964974396e-01
-5.298456071555659452e-01 -6.432312622635020238e-01
-3.908758477822418254e-01 -2.548628954354591469e-01
5.183997525623111891e-01 3.969441249537996041e-01
7.320811258288689727e-01 5.317591915704265038e-01
-3.089711855275353303e-01 -6.478000911043236831e-01
1.888292907241491403e-02 5.917916397087488733e-02
8.872556853977203381e-03 -3.416291944708950423e-02
-4.461681117912510430e-01 6.468543878132968494e-01
3.047743042975110117e-01 2.571882342503203356e-01
-3.576902348535127563e-01 -9.292999012374562051e-01
-2.493598260002781175e-01 -8.369400768455804718e-01
2.557585047633274475e-02 2.819710522140566056e-01
3.310074371427314865e+00 8.692503210780729017e-02
3.490632809900802158e+00 -2.416339831041005096e-03
3.716073325628936441e+00 -2.528578827964265974e-02
3.200075590466778586e+00 3.682050597098017741e-01
3.435593949011842341e+00 2.689086159594901160e-01
3.538495052416211983e+00 7.485783209303123464e-02
3.301062494037983797e+00 -5.926585292994356914e-03
3.620661684094042876e+00 4.725444595251997448e-01
3.518347680813572520e+00 1.715419996516150472e-02
3.387056091531139401e+00 -6.116706089857548712e-01
3.611697984003085615e+00 4.898737162556291436e-01
3.891229544466300982e+00 5.145490300492121527e-01
3.588304906861326860e+00 4.627212845330460483e-02
3.114445055880990409e+00 7.590855330713945914e-01
3.878105647992148075e+00 -7.290782827609961769e-01
4.223883658692558996e+00 -1.521745816735829426e-01
3.343480043035949922e+00 9.871921413057610506e-01
3.403584493664838728e+00 3.311026784709786841e-01
2.977792833444516063e+00 2.989759643903026065e-01
3.756453960793129987e+00 -2.515197941242396928e-01
4.092592323954339584e+00 -2.025428724584490414e-01
3.077074414395421620e+00 2.119275804650868344e-01
3.995371688291704082e+00 1.432501330715541532e-01
3.749745965760532318e+00 -5.298573862777008481e-01
3.475843284789521981e+00 5.376724321471505752e-02
3.866374875418731705e+00 -5.098697820035480444e-01
3.605925774103492465e+00 -9.068261338582037645e-01
3.740504632427786191e+00 -2.456190604397206489e-01
2.990028986088971052e+00 -8.422616164983431908e-02
3.469351176622298638e+00 -1.306111525448528862e-02
3.010504810233201045e+00 6.644827107537458755e-01
4.059202588628549435e+00 -7.367037522630135449e-01
4.302148012455479176e+00 -1.697871189872660058e-01
4.188137726908660596e+00 -3.487569710310620685e-01
4.074668066740746220e+00 2.503867805984056893e-01
3.751875152707808247e+00 2.897569506057509625e-01
3.167158981802637996e+00 5.411116353577544169e-01
3.400930872916080538e+00 -5.250509561752599863e-01
3.531437900522473861e+00 2.586604863818227074e-01
3.758201943231209263e+00 -7.245040638112871800e-01
2.803647351019872502e+00 4.858774871795926154e-01
3.688255060649039407e+00 -2.652382825824677881e-01
3.204918375925476681e+00 2.479287378088443905e-01
3.007560307107038255e+00 4.778849186468173693e-01
2.892862784840099177e+00 -4.092901737111594440e-01
3.133269739294586298e+00 -6.885796471448957234e-01
3.635616599623976875e+00 -3.980420475147871673e-01
3.165280711767872734e+00 4.189357728616228266e-02
3.439854195359290934e+00 -2.150704233287063089e-02
3.521661104473651882e+00 1.576553505176845338e-01
