-0.2205 0.7056 0.1248
0.4473 -0.3660 -0.4646
-0.1565 -0.0387 0.0859
-0.0581 -0.1104 -0.0537
-0.3348 -0.1117 -0.1459
0.0622 -0.0385 0.8800
0.0902 -0.1847 0.7537
0.3738 0.4415 -0.1591
-0.7191 0.0109 -0.4902
-0.3785 -0.4777 0.3928
0.3753 0.1438 -0.8395
-0.0122 0.2122 -0.3197
-0.0598 -0.0165 0.6789
-0.3053 -0.3135 0.2505
0.1404 -0.7261 0.1741
0.8032 0.4606 0.1789
-0.3372 -0.4349 0.4738
0.1119 0.0457 0.0144
0.0110 0.0003 -0.0153
-0.3721 -0.1687 0.1557
3.4613 0.0114 0.0276
3.4326 0.5146 -0.2111
3.4835 0.0628 -0.0228
3.0839 -0.6211 -0.1012
3.4984 -0.0032 0.0220
3.5141 -0.0361 0.3123
3.4254 0.0577 0.0485
3.2347 0.1376 -0.4844
3.9821 -0.3232 0.1920
2.7896 -0.0498 -0.4555
2.9915 0.3176 -0.6156
3.5003 0.0397 0.0087
3.8447 -0.1323 0.8786
3.5019 0.0096 0.0777
3.0746 0.7177 -0.6265
3.5811 -0.0046 0.0073
3.5966 -0.1732 -0.6171
3.8885 -1.4139 -0.0681
3.4716 -0.0854 -0.1835
3.7128 0.0165 0.0941
