-0.5245 -0.1051
-0.0045 0.0022
-0.1603 0.2431
0.6852 0.4722
0.7037 0.2884
-0.3078 -0.0682
0.1713 0.2444
0.2686 0.2800
-0.2498 0.4264
0.4695 -0.4179
0.5282 0.1783
0.2878 0.2030
0.1729 0.3206
0.0084 -0.0373
-1.1151 0.0992
-0.0791 -0.0094
0.1280 -0.6031
-0.5905 0.7402
-0.0402 0.1190
0.1527 0.7106
2.4599 0.6800
2.5722 0.5648
2.3386 0.3288
1.0536 -0.1844
1.3656 -0.3663
2.1576 -0.0661
1.6968 -0.9665
1.2579 0.3783
2.3022 0.6099
1.9064 0.3805
1.0437 0.0770
2.8578 -0.0463
2.1712 -0.1900
1.9905 0.0191
2.4172 -0.5009
1.1360 0.0733
2.0194 0.1745
1.2978 0.5070
1.7963 0.4915
1.8582 0.4600
