0.0942 0.6865
0.5778 -0.6763
0.3526 -0.4846
0.4449 -0.1219
-0.7964 -0.5613
-0.2243 0.9014
0.8277 0.2981
-0.0566 -0.0997
-0.1537 0.1358
-0.2155 0.6545
0.5454 0.4176
0.2344 0.7242
-0.6245 -0.2336
0.3157 -0.4925
-0.1333 0.5835
2.9008 -0.1727
-0.0120 0.1009
-0.4279 -0.6526
-0.4721 0.2113
-0.5475 -0.1922
0.4202 -0.5950
0.9192 -0.2423
-0.0164 -0.0373
0.1077 -0.7788
0.4339 0.4614
-0.4414 -0.0610
-0.0823 -0.0561
0.3034 0.0556
0.5487 0.8088
0.5597 0.3399
0.3129 0.1406
0.4333 0.2166
0.4287 0.5554
0.4055 0.0557
0.0302 0.8287
0.1124 -0.0297
-0.1051 0.0112
-0.1407 -0.0612
-0.3317 -0.2791
0.0268 -0.0173
-0.0398 0.9618
-0.2025 -0.3108
0.0334 0.0037
0.1205 -0.1508
0.3914 0.5501
-0.0330 0.0368
-0.1789 0.0285
-0.9051 -0.0447
-0.6120 0.4675
-0.2819 0.2377
0.0616 -0.1912
-0.5427 0.0585
-0.1609 -0.5629
0.1590 -0.9736
-0.0845 0.1501
-0.0584 -0.1451
-0.6496 -0.0915
-0.1474 0.1385
-0.3152 -0.6149
0.3996 0.1857
-0.2762 0.7197
0.1779 -0.4105
-0.0219 -0.0095
-0.0445 -0.7595
0.0215 -0.3883
-1.9253 -1.1857
0.1122 0.6034
-0.7115 0.5885
-0.1004 0.0426
-0.4802 0.6482
-0.4406 -0.1327
0.9385 0.1705
0.1866 0.7755
1.3786 1.0202
0.3994 0.4941
-0.8697 0.4692
0.8611 -0.1069
-0.0900 0.1179
-0.3262 -0.4077
0.3000 -0.1010
-0.3481 0.7772
-0.8484 -0.2695
0.4247 0.5469
2.5022 1.4490
-0.0546 -0.0425
-0.4395 0.5083
-0.3250 -0.1795
0.0204 0.0199
0.0104 0.1510
-0.2064 -0.3629
0.1449 0.2230
0.5132 0.3009
-0.7267 -0.5545
2.0727 -0.5908
-0.0054 -0.0052
0.8963 0.3371
0.0031 -0.0004
-0.3480 0.3668
0.1581 0.1144
0.0375 -0.0566
