-0.1335 -0.1460 0.8624
-0.0467 0.3230 -0.8530
-0.5184 -0.3129 -0.2097
0.1063 0.4138 -0.7151
-0.2376 -0.1106 0.2362
-0.1077 -0.0000 0.8138
0.6772 0.0631 0.7297
-0.4224 -0.1682 0.6337
-0.8920 -0.6449 -1.9597
-0.0236 0.0070 0.0707
-0.0160 0.0479 -0.1780
0.0850 -0.2271 -0.5106
0.3843 0.0058 0.2425
0.0003 0.0047 -0.0415
0.2411 -0.4770 -0.6076
0.0026 -0.0001 0.0035
-0.3445 -0.0877 0.1132
0.3565 -0.5737 0.2075
-0.8953 -0.9834 1.5596
0.2680 -0.2736 0.2038
0.1331 0.1748 -0.8400
0.6659 0.1477 0.4801
0.0102 -0.0929 0.0473
-0.0875 0.4802 0.2093
0.0217 0.1160 -0.0158
4.9811 -0.0962 -0.2367
4.5607 -0.3960 -0.6795
5.6148 -2.4281 -2.5997
4.8244 -0.3930 0.4842
4.8706 0.5206 -0.6129
5.6801 -0.2912 0.6187
4.7350 0.3534 -0.3193
5.2653 -0.3061 -0.3901
4.9890 0.0325 0.0019
4.9283 -0.1116 -0.1218
4.4879 0.3974 -0.3333
5.0640 -0.0118 0.2615
5.2655 -0.1328 -0.0162
4.9789 0.0285 -0.3762
5.2458 0.2342 -0.5808
4.8965 0.0541 0.0062
5.0490 0.3671 0.1149
4.7336 -0.0131 -0.7307
4.9749 0.0090 0.0371
4.6067 -2.5990 -1.8888
5.0903 -0.1165 -0.2071
5.0444 -0.1022 -0.3566
4.8297 -0.1798 0.8455
5.5151 -0.0415 0.4023
4.7709 -0.8155 -1.7060
