0.0267 -0.3160 -0.2075
0.0825 0.8341 -0.4484
0.0252 -0.0170 0.0386
0.0138 0.0174 -0.2081
-0.1952 0.5628 0.1087
0.4563 0.4905 -0.5319
-0.0244 0.2922 -0.4724
-0.0330 0.0112 -0.8759
0.0646 0.0356 -0.0029
0.0251 0.0576 0.5498
0.0975 0.2097 0.2158
0.0583 0.3477 0.6234
0.0041 0.0139 0.4178
-0.0645 0.3659 -0.2934
0.0597 0.2210 -0.6820
0.0181 0.2091 0.0459
-0.1736 0.3613 0.2866
-0.0307 0.1263 -0.0563
0.1321 -0.1911 -0.8004
-0.0175 -0.0269 0.2340
-0.0242 -0.0427 -0.0363
-0.2154 -0.0313 0.4230
0.3664 0.2963 -0.2632
-0.7713 0.3521 -0.1628
-0.0789 0.1929 0.2204
0.0732 -0.0375 0.0443
-0.2422 -0.0631 0.3892
-0.2440 -0.1820 -0.4628
0.3502 0.1845 0.5813
0.2175 -0.1597 -0.0277
0.2572 -0.2314 -0.3271
0.0315 -0.0073 0.4025
0.1618 -0.6667 -0.4685
0.0896 0.1029 -0.5134
-0.4885 0.3679 -0.5811
-0.3456 0.2980 0.0167
-0.1864 0.0900 -0.0021
-0.1452 0.6992 0.2306
-0.0135 0.3618 -0.7723
0.0020 -0.0160 0.4042
0.1779 -0.8798 -0.1066
0.0071 -0.1533 -0.1866
0.0084 0.8522 0.0817
-0.2142 0.0574 -0.0510
0.0002 -0.0005 0.0007
0.2250 -0.5231 0.0232
0.1726 -0.0395 0.5426
0.4879 -0.0651 -0.3713
-0.2951 0.0871 -0.3626
0.0437 0.0188 0.6797
0.1618 0.1493 0.0472
0.0314 -0.1167 -0.0359
0.0520 0.0723 0.9608
0.0747 -0.7745 -0.3699
-0.0440 0.1829 0.0967
0.0549 0.1139 -0.2268
-0.7287 -0.2089 0.0358
-0.0008 -0.0010 0.0070
0.4705 0.4338 0.5354
-0.0887 0.0191 -0.1575
-1.0122 0.1330 -0.0084
-0.1493 -0.0695 0.0774
0.2947 -0.4459 0.4730
-0.0706 0.1519 -0.2608
0.1553 0.5089 -0.1523
-0.0069 -0.0699 0.3906
0.0250 0.4095 0.8398
0.0088 0.1194 0.3597
-0.0007 -0.0029 -0.0016
-0.0015 -0.0058 0.0057
0.2676 0.0973 -0.3859
0.0959 -0.3016 0.8371
-0.0763 0.1515 0.2309
-0.0112 -0.0079 0.0096
0.5233 -0.1573 -0.1062
0.0107 -0.0195 -0.2577
0.0715 -0.3537 0.5286
0.1301 0.1281 0.0974
0.1662 -0.5641 -0.1015
0.2640 0.4630 -0.8012
-0.3202 -0.2377 0.0892
0.1915 0.5850 -0.2278
0.4041 -0.0243 0.4224
-0.0636 0.4012 -1.0981
0.5062 0.7821 -0.0696
0.1461 -0.1122 0.0338
0.3259 0.2991 -0.5515
-0.0878 -0.0230 -0.4364
0.2489 -0.1134 0.9534
0.2749 -0.4578 -0.0507
-0.2927 -0.1215 0.3019
-0.0212 0.0285 0.4130
-0.1471 -0.1055 -0.2879
0.1265 -0.6104 -0.1989
0.6056 -0.3924 -0.1046
0.5462 0.0558 -0.5219
0.0956 0.0563 0.4167
0.7988 -0.3821 0.4817
0.4550 -0.1165 0.5840
-0.3281 0.0866 0.0139
2.1299 -0.0402 0.4979
1.9665 -0.1334 -0.3537
1.5750 -0.4763 0.4575
2.0827 0.4753 -0.0840
1.7607 -0.3290 -0.6157
1.9348 0.1797 0.0948
2.0227 0.0071 0.0142
1.8513 0.1864 0.4965
2.0306 0.1019 -0.1452
1.9071 0.0603 0.3142
1.8956 -0.2326 -0.1919
2.2051 0.0238 0.7049
2.0896 -0.1967 -0.0899
2.1627 0.4153 0.2138
1.6922 -0.5309 0.3379
2.5257 0.4584 -0.5398
2.0149 -0.1206 0.4703
2.3193 -0.5187 0.2230
1.8431 0.4950 0.2263
1.9950 -0.0039 -0.0440
1.8523 -0.6525 0.4936
2.0002 -0.0000 -0.2067
1.0835 -0.3160 -0.4876
1.6798 -0.1593 -0.9027
1.6959 -0.6961 -0.3538
2.5413 0.3811 0.5708
2.2048 -0.1469 -0.7061
2.0658 -0.0662 -0.5416
1.6055 -0.4712 -0.0917
2.1280 0.0331 0.6310
2.6447 -0.0195 -0.2871
1.7861 -0.1934 0.7736
1.8457 0.2319 -0.8468
2.0535 -0.0110 -0.6717
2.5551 -0.0265 0.3267
1.8553 0.0969 0.0045
2.0665 0.1998 0.4685
1.7433 -0.3256 0.3105
2.1105 0.0904 -0.1696
2.0084 0.1383 0.2752
2.5884 -0.5059 -0.8829
2.1117 -0.7563 -0.4420
2.0157 -0.0106 0.0234
1.9609 -0.0141 -0.0529
1.2634 0.2123 -0.0108
1.7333 0.5061 -1.0362
2.0755 -0.0298 0.0715
2.5801 -0.4900 0.4510
2.1839 0.1121 0.6278
2.2619 -0.1598 -0.0066
2.0890 -0.2673 0.5208
2.0902 -0.0359 -0.0222
2.8743 0.1185 0.3203
1.7779 -0.6595 -0.1012
2.7553 0.1916 -0.4250
2.0176 -0.0000 -0.0869
1.7965 0.0584 0.2222
2.0454 0.2853 0.2998
1.9588 -0.1584 -0.2609
2.0485 0.1040 1.0006
1.3800 0.4047 -0.7084
2.0303 0.0188 0.0702
2.0194 0.2639 0.7798
1.8765 0.2730 -0.5252
1.6301 0.1129 -0.8046
1.9196 -0.0200 -0.8940
2.3514 -0.4685 -0.0497
1.2771 -0.3780 0.0038
2.0635 -0.1016 0.0368
1.5561 -0.1677 0.3187
2.1237 0.0207 -0.4332
2.1202 -0.4704 0.8366
2.0658 0.4760 -0.2700
2.0081 0.0016 0.0204
2.4782 0.7215 0.1140
1.9664 -0.0063 -0.0305
1.4234 -0.0633 -0.3860
2.1369 -0.0921 1.0239
1.6131 -0.2553 0.1063
1.9740 0.0753 -0.3242
2.1695 -0.1305 0.7611
2.4430 0.5140 0.0008
1.5857 -0.3943 0.5690
2.1216 -0.1350 -0.5654
2.4242 0.2196 0.4239
1.9845 0.0027 0.0026
1.9290 0.3001 1.1526
2.1487 0.4798 -0.0025
1.9422 -0.2313 -0.2849
2.1556 -0.3256 0.3380
1.9796 -0.0607 -0.0346
1.3082 0.5649 -0.0744
1.9936 0.0021 0.1034
1.9999 0.0007 0.0076
2.2903 -0.4381 -0.1373
1.3175 -0.2691 -0.4522
1.7211 -0.6287 0.2007
2.2059 0.3967 -0.0666
2.4804 -0.4728 0.4289
1.9899 -0.0098 0.3917
