0.0170 0.1523 0.3922
-0.1767 -0.4207 -0.7615
-0.2109 -0.7805 -0.0633
-0.2277 -0.1095 0.4263
0.0395 -0.0218 0.1603
0.0351 -0.3995 0.4913
0.0018 0.0004 0.3063
-0.2007 0.0494 0.0348
-0.0332 -0.0334 0.4744
-0.4166 -0.2318 -0.6838
-0.0083 0.0109 -0.1683
0.0020 0.0023 0.0010
-0.0918 0.0321 0.0178
-0.0048 -0.0034 0.0133
0.0038 0.0029 0.1195
0.0231 0.0053 -0.2362
0.2545 0.1675 -0.3321
-0.0168 -0.0127 -0.4132
-0.1662 1.7823 -1.6692
0.1064 0.0906 0.0504
-0.0700 -0.1134 -0.6436
-0.0977 -0.1853 -0.0242
0.0881 0.2195 -0.0724
-0.0123 -0.0197 -0.9954
-0.2880 0.0053 -0.2154
-0.0097 -0.2209 0.3018
-0.0691 0.0934 -0.1019
-0.2313 0.2675 3.3665
-0.1987 -0.0278 -0.3397
-0.2540 0.0612 -0.0051
0.4148 0.2633 -0.6576
0.1485 0.0987 0.2771
0.0344 0.0070 -0.8602
0.0889 0.2353 0.6992
0.1289 0.0591 -0.3813
0.3059 0.1284 -0.0545
-0.0231 -0.0040 -0.0239
-0.0015 -0.0006 0.0059
-0.0275 0.0909 -0.1293
0.0105 -0.0192 -0.5445
0.4345 0.3065 -0.4169
0.1726 -0.0681 -0.5065
0.2691 -0.5590 -0.3488
0.2247 -0.1651 -0.8957
-0.3240 -0.3095 -0.1832
-0.2274 0.0134 0.5820
-0.2747 -0.1270 0.0138
-0.0237 -0.0100 -0.2351
-0.0582 0.0109 0.2163
-0.1528 -0.4029 0.0478
