-0.3288 0.4488
0.0876 0.3169
0.0248 0.4241
-0.7193 -0.3470
0.3815 -0.0434
0.9100 0.2683
0.0814 -0.5445
0.1204 -0.0170
-0.2538 0.0084
0.8720 0.6279
-0.8536 0.0418
-0.2050 -0.4853
-0.6965 -0.0262
0.0787 0.1891
0.0302 -0.4423
-0.1271 0.8148
-0.0011 -0.0034
-0.5558 0.1568
0.8388 -0.1743
0.4957 0.3207
0.5460 0.7098
-0.0920 0.0974
-0.1949 -0.0657
0.4268 0.1788
-0.7515 -0.1114
0.1240 -0.1893
0.4161 0.1089
-0.2106 -0.0033
-0.0241 0.5566
0.8335 -0.4071
-0.6267 0.5985
-0.6271 -0.4374
0.0397 0.0471
0.4501 0.9743
0.1893 0.6779
-0.4641 -0.1921
0.1154 0.0951
0.4543 0.0815
-0.3691 -0.5077
-0.2350 -0.1259
