-0.1309 0.3163 -0.6362
0.2236 0.0409 -0.8269
-0.0053 -0.0716 -0.1123
-0.0308 0.0654 0.8963
-0.7688 -0.5585 0.3018
0.2368 0.0127 -0.6958
-0.0080 -0.0139 -0.0460
0.0668 -0.0786 -0.2572
-0.2267 -0.2696 0.0299
0.8684 -0.0720 0.3772
-0.1864 -0.3779 0.1850
0.2500 0.3934 0.7651
-0.1295 -0.1474 -0.0830
0.4095 -0.0437 -0.5207
-0.2676 0.0800 -0.0068
0.3914 0.1064 0.4048
-0.0018 -0.0248 0.1242
-0.8167 -0.2206 0.3440
-0.0869 -0.0747 -0.1850
-0.1450 -0.2821 -0.0233
-0.0013 0.0578 -0.4030
0.0041 -0.0021 0.0113
-0.6073 -0.6171 0.1693
0.0529 -0.0135 0.3878
-0.2339 -0.2176 -0.0910
-0.0325 0.4434 -0.3414
-0.5746 0.0464 0.5258
0.4760 0.0805 -0.3957
0.3733 0.3824 0.0144
-0.0321 -0.1202 0.0797
0.0019 -0.0003 -0.0095
-0.1157 -0.4212 -0.2198
-0.0310 0.0029 -0.3709
0.0658 -0.0363 0.1502
0.0289 0.2087 -0.2727
0.2024 -0.1616 -0.7097
0.0654 0.3525 0.7940
0.5972 0.3992 -0.5510
0.0103 -0.0047 0.2149
-0.1940 0.1647 0.1972
0.1710 0.0916 0.1806
-0.1430 0.6063 0.6103
-0.0299 -0.1600 0.0792
-0.1486 0.7177 0.2415
-0.1180 -0.3239 -0.7789
-0.0104 0.0015 -0.0034
0.7774 0.2970 -0.5206
-0.0613 -0.5538 -0.2198
0.0070 0.0459 -0.1303
-0.1296 -0.2006 -0.4659
4.5307 -0.0132 0.5738
4.8477 0.0374 -0.2704
4.4386 0.0343 0.0907
5.0523 -0.3932 -0.4225
4.2917 0.0392 -0.2898
4.7022 -0.1368 0.3790
4.4572 -0.0081 -0.8706
4.3459 0.7141 -0.5509
4.3282 -0.0964 -0.6704
4.6494 0.4338 -0.4045
4.5179 -0.1167 -0.0372
4.0997 -0.2293 0.6525
4.5309 0.0349 0.0105
4.4672 0.2422 0.4962
4.6271 0.0643 -0.1821
4.1278 -0.3949 0.4265
4.5483 0.4528 -0.1965
4.7588 0.3421 -0.4419
4.5166 0.0776 0.0176
4.8452 0.4725 -0.5431
4.6520 0.8563 -0.0389
4.5993 -0.8024 0.4118
4.1697 -0.0152 -0.8017
4.5154 0.0318 -0.0827
4.3480 0.3193 -0.2479
4.6207 -0.4474 -0.1439
4.5955 0.0263 0.1522
4.4541 -0.4072 -0.6415
4.5064 -0.0018 -0.0482
4.1985 -0.7096 0.4242
4.5187 -0.0135 0.0580
4.7450 0.6402 -0.5159
4.5054 0.0013 0.0036
4.4928 -0.0244 -0.0799
4.2475 -0.0952 0.3483
4.1817 0.4851 -0.0836
4.2445 -0.1442 -0.3558
4.2727 -0.1329 -0.0093
4.4386 0.0375 -0.0249
4.7658 0.4539 0.5036
4.2491 -0.6735 0.1341
5.0517 0.0638 -0.4372
4.9168 -0.0493 -0.5306
4.4532 -0.0119 -0.2836
4.3283 -0.0280 0.4563
4.1861 0.2294 -0.2469
4.5190 0.1007 -0.3191
4.6207 -0.1374 0.0787
4.4273 0.4389 0.5440
4.4110 0.0817 -0.1401
