-0.0136 -0.2031
-0.4772 -1.1633
-0.2830 -0.7771
0.0493 0.2189
0.1367 -0.5587
0.2068 0.4610
0.0591 -0.9788
-0.1224 -0.3601
0.0241 0.0460
-0.4640 -0.6214
0.9494 0.9335
-3.9378 0.6355
0.3045 0.4692
-0.7192 0.1682
0.1568 0.3839
-0.5238 0.8286
-0.0487 0.3020
-0.6758 -0.0600
-0.0820 -0.1523
0.3890 -0.3480
-0.4344 0.1418
-0.0546 -0.0036
0.8530 -0.0409
-0.0879 -0.1081
-0.1094 -0.0143
-0.1444 -0.0023
0.5441 -1.2052
0.1343 -0.4393
-0.7324 0.0826
-0.5702 -0.3897
0.0311 0.3307
1.6913 -2.7782
-0.4567 -0.4339
-0.0404 0.5693
0.0937 -0.0096
-0.0166 0.8592
-0.5283 -0.4549
-0.6328 1.3632
0.0694 0.4739
-0.9782 0.0380
-0.6780 -0.0503
-0.3434 -0.7069
-0.0278 0.6554
-0.0435 0.5593
0.3363 -0.9072
-0.0995 -0.1883
-0.2733 -0.5139
-0.2176 0.4169
-1.2596 -0.6415
-2.5875 0.7622
0.0058 0.0673
0.2504 -0.7525
0.9107 -0.0241
0.4801 -0.4064
-0.2543 -0.5521
-0.5885 0.6171
-0.0357 0.0162
0.4041 0.2788
0.0115 0.7390
-0.3314 -0.0849
0.0875 -0.5898
-0.0307 0.1689
-0.5848 -0.2895
-0.2621 -0.3362
-1.6092 0.9809
-0.0193 -0.1060
0.3472 0.0236
-0.0670 0.8302
0.3668 0.1460
1.8329 -1.5753
0.2931 0.0125
-0.0648 0.5722
0.3451 0.8017
-3.4025 -2.2914
0.0578 0.1621
0.3525 -1.6237
-0.4403 0.5976
-0.1748 0.7039
-0.1461 0.8250
-0.5145 -0.2533
-0.1260 0.5033
-0.0440 -0.0724
-0.0146 -0.2760
0.1902 -0.1007
-0.0587 0.0411
-0.7367 0.5825
-0.1459 -0.1090
-0.3477 2.4358
0.0850 -0.0186
-0.5661 -0.4234
0.0794 -0.5054
0.6357 0.3410
0.0079 0.6633
0.3896 0.1752
-0.5440 -0.3265
-0.4580 -0.1202
-0.7112 -0.0412
0.2142 0.1304
-0.4921 0.4556
-0.0534 -0.0396
0.4027 -0.9151
0.0680 0.2218
-0.7147 -0.6012
0.0038 -0.0078
0.7634 1.1031
-1.6335 -0.2990
0.0684 -0.2753
0.0896 -0.2629
-0.0125 0.0224
0.0176 -0.0244
-0.2146 0.1529
-0.1129 -0.7918
-0.0239 -0.2972
-0.2380 0.1596
-0.1121 -0.0293
0.7430 -0.3099
0.8520 0.4733
0.8765 0.2599
0.1715 -0.0901
-0.3593 -0.4769
-1.1086 -1.3218
-2.1841 1.9939
2.0074 -0.1260
0.5165 0.4744
0.3807 0.3401
0.0999 0.0943
0.1989 0.5174
-0.4171 0.6644
-0.4354 0.3679
-3.8116 0.2674
0.0196 -0.7091
-0.3738 2.0952
-1.6940 1.9305
-0.0992 -0.1335
0.0490 0.2701
-0.9462 0.0793
0.7209 -0.6289
0.0940 -0.0928
-0.1512 -0.0603
0.1279 -0.0202
-0.1330 0.3615
2.4087 -2.4938
1.0718 2.3756
-0.7149 0.0581
0.6208 0.2283
0.5145 0.2533
0.7241 -0.2465
0.2491 0.6794
1.2498 -2.2296
-0.6749 -0.1061
-0.0144 0.8252
-0.2453 0.1793
0.2265 0.1074
-0.2737 0.1416
0.6749 -0.2418
0.8310 -0.2345
-0.4254 0.4490
0.0093 0.5397
0.1855 -0.2873
-0.6033 0.2037
-0.3511 -0.3678
0.6098 0.5743
0.9694 -0.0720
-0.3764 0.0803
0.0285 0.0280
-0.0860 -0.0572
-0.4229 0.6215
-0.0334 -0.1264
-0.1242 0.1795
0.0526 0.0904
0.5193 0.1335
-0.6865 0.1870
-1.9361 -1.4941
0.8233 0.3344
0.4430 -0.1851
-0.8167 1.1612
0.0793 -0.5116
2.6980 -2.8903
0.1287 0.6758
-0.2778 -0.0214
0.0002 0.0001
-0.9400 -0.0404
0.4171 0.3534
-0.4616 0.1929
-0.2085 -0.2905
-1.2653 2.7922
0.6895 0.1549
-0.2303 0.1797
-0.4454 -0.0920
-2.8959 1.9722
0.3742 0.3320
0.0424 -0.0547
-0.2514 0.7168
-0.0678 0.9030
-0.2761 -0.0462
-0.5254 -0.4374
0.4099 -0.2824
0.4982 0.2447
-0.1069 0.2432
2.7224 -1.9734
0.4180 -0.8130
0.1509 0.1567
0.6441 -0.1308
-0.1513 0.0116
-0.2947 0.1725
0.5924 0.7951
-0.2837 0.3717
-0.4655 0.3526
-0.3139 0.8132
0.0656 -0.5402
-0.0212 -0.0769
3.9842 -0.3146
-0.0152 0.7426
0.0696 0.6774
-0.0884 0.2184
2.8387 -1.3718
0.2014 0.1229
0.1404 -0.0645
0.0014 -0.0082
-0.4912 0.3351
0.0177 -0.2041
-0.1542 0.6411
-2.6043 3.0010
0.0488 -0.0783
0.8793 0.3342
0.3255 -0.1450
-0.1135 -0.0589
0.8167 -0.4126
0.9215 -0.0510
1.2485 0.8173
-0.4058 -0.1954
0.4130 0.4328
-0.0404 0.0034
-0.6888 -0.3582
0.0123 -0.7340
0.5890 0.6035
1.3939 3.1374
-0.6515 -0.3436
-1.2057 -2.6555
-2.5784 1.9105
-0.4860 -0.7764
0.0422 -0.6537
-0.1781 0.1549
0.3384 0.1279
2.4835 -1.5355
0.1035 -0.2915
2.7744 -1.4375
0.0122 0.9238
0.8279 0.2312
0.1986 0.1911
5.1002 0.0182
5.2698 -0.0323
5.0036 0.0378
5.5994 -0.7368
4.5476 0.4042
4.9713 0.0675
4.3238 0.6289
5.1143 -0.1335
5.0040 -0.1321
4.3384 -0.0700
4.9918 2.9314
5.5430 -0.1520
5.5184 0.2431
5.5469 -0.5558
4.8958 -0.0987
4.9179 -0.8863
5.5979 -2.0047
5.3918 -0.0978
4.8684 0.5245
4.7644 0.6602
4.7521 -0.4145
4.9870 -0.8159
5.0173 -0.1211
4.9724 0.0061
4.4349 0.1381
5.0025 -0.6685
4.9170 -0.1454
4.4216 0.7810
5.1641 0.0652
5.2740 -0.6059
4.9479 -0.0198
5.1343 2.2370
5.0203 0.0533
5.0702 -0.3765
5.7900 0.0379
4.6955 -0.2451
4.9880 0.0492
5.2876 -0.6271
4.0300 3.3259
3.2918 1.8019
5.6944 0.2926
4.9261 0.4094
4.3078 -0.2047
5.2012 0.1328
7.4827 2.0329
5.1086 -0.1031
5.0483 -0.1179
4.6814 -0.4770
4.9470 -0.1499
5.0903 -0.0512
5.7724 0.5034
4.9579 0.6700
5.2182 0.0475
5.9127 -0.3166
4.5586 -0.2730
5.5763 -0.7204
5.9760 -0.1203
4.8678 -0.0937
4.9746 -0.3979
8.1277 -2.6795
5.0888 -0.1505
5.4749 0.0557
4.8338 -0.6832
4.2552 -0.5735
6.5780 -1.5732
3.5752 -2.0953
4.9961 0.0034
5.6761 0.5681
4.3921 -0.0786
5.0706 -0.1166
5.4176 -0.2976
4.6022 0.8523
4.5776 -0.7475
5.0121 -3.0870
5.1540 0.2666
7.7816 -1.0673
5.3554 -0.8381
5.2391 0.4186
4.1779 -3.5258
5.3958 0.7538
4.9749 3.4351
4.7883 0.7048
5.2860 -0.0248
5.0600 -0.0192
5.1366 0.3537
4.3084 -0.6534
4.7187 0.2901
5.0964 0.5035
1.7456 2.4639
5.1390 0.7771
4.0464 -0.2088
5.1749 0.6188
5.6558 -0.5915
5.1670 0.2520
5.6715 2.0385
4.4248 0.6645
5.5029 -0.1927
5.0864 -1.5818
7.7754 -1.5031
5.0772 -0.0937
3.3335 -0.7800
5.6135 0.4736
5.0913 0.4008
4.3439 -0.6028
4.9183 -0.5594
5.9665 -0.1400
4.4240 0.5323
5.2212 -0.4420
5.0789 -0.0167
4.6075 -0.1157
3.3709 -2.1300
4.2095 0.0028
5.1524 0.2337
4.9471 0.1106
4.4781 -0.0701
5.5202 -0.8133
6.8789 1.2504
4.9799 0.0532
5.7034 -0.3479
4.3898 0.7091
4.9433 -0.0421
4.7628 0.7554
5.0876 0.8186
4.9237 -0.3792
4.9206 -0.2637
4.7087 -0.2245
4.8319 0.2018
5.1357 -0.4584
5.4525 -0.2106
4.7907 0.2217
4.9861 0.0732
5.8067 -0.4478
5.3223 0.2993
4.4371 -0.6361
5.3386 -0.3785
5.0204 0.0190
4.9748 -0.9407
4.8559 -0.1197
4.7666 0.1860
3.4763 0.0478
5.1509 -0.0806
4.0905 0.2581
5.0590 -0.0131
4.9752 -0.0274
4.9041 -0.0303
5.2006 -0.1303
5.3008 0.1778
5.7186 -0.2919
4.3261 0.3759
4.8862 -0.1348
4.9998 0.0122
5.2988 -0.5485
5.6644 -0.0795
3.2387 -0.3944
5.6656 0.0210
4.7747 0.3443
5.1162 -0.4248
6.2682 0.2390
5.7483 -0.1765
5.9111 -0.3024
5.9437 0.1675
4.8893 0.8861
4.4737 0.6850
4.7405 0.0277
4.4925 -0.6146
4.8968 -0.3829
4.0806 -0.2888
5.6247 -0.5241
3.6222 2.2370
4.8946 0.4532
5.6276 0.1262
4.7080 0.4349
4.8786 0.3107
7.5774 -2.9052
4.1948 2.0138
4.2403 0.5702
5.0790 0.0805
5.1045 -0.6353
4.8330 -0.0164
4.9744 -0.1801
4.4391 -0.3611
4.2470 -0.6283
5.0265 0.2572
5.1373 0.3355
6.4952 1.9248
4.8927 -0.1710
6.1509 1.3791
4.9566 -0.3137
4.7488 0.7883
5.2047 1.6793
3.8460 0.2559
4.7423 -0.1426
5.9608 0.1607
5.5721 -0.5454
5.8489 0.3800
4.3011 -0.3219
4.0942 -0.1880
5.0564 0.1980
4.5325 0.0292
5.6175 -0.7647
4.3347 0.5830
5.0608 0.7636
4.4161 -0.4820
4.8456 0.1836
5.7507 0.3703
4.6552 0.2125
6.5044 1.5778
4.9826 -0.4181
4.9725 -0.0897
4.2697 0.1050
5.2140 -0.0067
2.7837 -2.2418
5.1125 -0.4317
5.1511 0.0303
5.0781 0.2223
5.5552 0.5215
5.6856 0.1210
4.6447 -0.4622
4.9810 0.1532
5.4036 0.0322
5.3588 -0.4559
5.0113 0.1045
4.6644 -0.4457
3.7977 1.9165
5.2632 0.0204
4.7244 0.3834
3.3317 -1.6008
4.7901 0.5805
5.6993 0.6261
5.2279 0.2891
4.8092 0.8185
4.6334 -0.6109
4.4322 0.4909
5.1764 0.5766
4.8149 -0.2277
4.7852 0.9128
5.6108 -0.4888
4.2772 1.4397
4.5386 0.8399
5.0612 -0.0301
5.1153 -0.7749
5.7791 3.4870
4.8145 0.5254
5.0572 0.5910
5.7196 0.1496
5.5229 -0.6763
4.0787 0.3352
4.4808 0.2511
4.2697 -0.5336
5.0333 -0.0254
