-0.8365 -0.1476 -0.6746
0.0076 -0.2495 -0.0668
-0.1168 -0.0762 -0.3407
-0.4814 -0.1308 0.2807
-0.4831 0.0205 0.6550
0.1504 0.1682 -0.7170
-0.0571 -0.1537 -0.1254
0.2380 -0.6141 -0.4692
0.0119 -0.0625 -0.0311
0.0968 0.1440 0.3167
0.2137 0.2977 -0.4272
-0.0242 -0.0907 -0.6627
0.0178 0.0068 0.0173
0.0672 -0.0340 0.0436
-0.5352 0.5668 -0.2369
4.9993 -0.0002 0.0514
4.9606 -0.1406 -0.3608
5.0120 -0.0773 0.3508
4.6809 0.1685 -0.1427
4.9951 0.0047 0.4259
4.9256 0.2169 -0.0344
5.0155 -0.0505 0.1682
8.2734 2.2573 1.3502
4.9902 0.0080 0.0433
5.0699 0.0567 0.0158
5.5386 -0.3440 0.5735
5.8030 -0.2910 -0.5934
5.4167 0.0045 -0.8812
4.8376 0.0180 0.2704
5.0120 0.0292 0.3264
