-0.0139 -0.0330 0.8670
0.1548 0.3826 -0.1320
-0.0023 -0.1503 0.3881
0.3503 0.0871 0.2431
0.0413 0.7596 -0.0251
-0.0114 0.0232 0.3978
1.3949 0.6080 2.5985
-0.0299 -0.5271 0.3395
0.0087 0.0055 0.2195
-0.0962 0.0584 -0.2768
0.1571 0.0404 0.9139
0.2885 -0.5499 -0.3169
0.0002 0.0001 -0.0007
0.4771 0.4040 -0.5460
-0.0252 -0.3763 0.3346
5.5886 -0.0666 -0.3197
5.4348 0.2357 0.3734
4.9770 -0.0436 0.0005
5.2037 -0.1802 -0.1884
5.0029 0.0022 0.6972
4.8503 -0.4057 -0.0047
4.9213 -0.5410 -0.2329
5.0346 0.0349 0.0617
5.3037 0.7300 -0.2182
5.3003 0.8249 1.3979
7.4900 -0.1212 0.0226
4.7075 -0.3104 -0.1619
5.3177 0.1864 0.4801
5.4565 0.5971 0.1745
3.5515 -0.4422 1.0304
