0.2418 0.5000 -0.1468
0.0269 0.0580 0.0730
-0.0449 0.0572 0.5126
-0.2149 -0.2494 -0.8986
0.0364 -0.0145 0.1463
-0.0124 0.0076 -0.0475
0.2838 -0.1815 0.2525
-0.1684 -0.2200 -0.0773
-0.0944 0.0001 -0.1796
-0.3020 -0.7193 0.3337
-0.0761 0.1625 0.1344
-0.4504 -0.0813 0.2318
-0.1121 0.2385 -0.6567
-0.2212 0.1567 -0.6120
-0.6168 -0.5126 -0.2615
0.0155 0.3712 -0.0668
-0.0263 -0.0218 -0.1231
-0.5725 -0.5179 0.5793
-0.0530 0.0746 -0.6401
0.0105 -0.0079 -0.5795
0.1686 -0.5072 0.5358
0.0038 0.0002 -0.9084
0.0377 0.0605 0.4517
-0.1156 0.0893 0.0459
-0.0047 0.0009 0.0021
-0.2897 -0.4812 0.6823
-2.9467 2.0289 0.9207
0.1532 0.0275 0.0131
0.0852 0.0004 0.1491
0.0815 0.0504 0.4296
-0.3131 -0.2368 0.7751
-2.8051 -1.8647 -0.1439
-0.5395 2.5730 -0.6282
-0.0977 0.2978 0.2235
-0.0780 0.1365 -0.1195
0.0875 0.0570 -0.0411
-0.3297 0.6428 -0.5192
-0.0148 0.0067 -0.1955
0.0437 -0.0224 0.2305
-0.0023 0.0049 0.1791
-0.1560 0.1187 -0.1836
-0.0133 0.0036 0.1148
-0.3511 -0.3140 0.4769
0.5676 -0.7524 3.1630
0.0397 0.0299 0.1838
-0.0664 -0.0247 -0.8852
0.0187 0.0173 -0.2530
-0.0110 -0.0315 0.0208
-0.0696 0.0677 0.2193
-0.1285 -0.0393 -0.0752
-0.0629 -0.0159 0.4949
-0.0184 0.2569 0.3360
-0.2485 0.2871 0.2559
0.0779 -0.5448 -0.7828
0.3359 -0.5869 -0.3546
0.3251 0.4924 -0.1111
0.1038 -0.0342 -0.0109
0.0334 -0.0852 0.8002
0.0917 -0.0572 -0.3082
-0.1134 0.0459 -0.1075
0.7096 -0.1838 -0.3579
0.0526 -0.0454 -0.5872
-0.1062 -0.0216 -0.2257
-0.1359 -0.6425 -0.2602
-0.0106 -0.1766 -0.0264
0.2849 -0.2770 0.0024
0.4928 0.4282 0.7922
0.0521 0.0085 -0.0439
0.0597 0.1678 0.4263
0.4833 0.0540 0.7790
-0.0521 0.0215 0.3704
0.0047 0.0140 0.2197
0.0004 -0.0085 -0.2255
0.2253 -0.1574 0.9179
-0.0045 -0.0855 0.3508
-0.0519 -0.7423 0.4400
0.0831 -0.2160 -0.1906
-0.6592 1.4972 1.9247
-0.0156 -0.0839 -0.8315
-0.3605 -0.7312 0.2527
-1.1814 1.4881 1.4799
0.0684 0.0453 -0.4893
-0.0750 -0.4682 -1.1834
-0.3697 0.0186 -0.1494
-0.0082 0.0187 0.0169
-0.0642 0.0378 -0.3928
0.8550 -0.0089 0.4343
-0.0437 0.2405 -0.2951
0.1861 0.4392 0.4330
0.3305 0.1649 0.0070
-0.1866 -0.2209 -0.7918
0.6813 -0.9258 -0.0982
0.6501 -0.1279 -0.0869
-0.1840 -0.1082 0.7529
0.1790 0.2650 0.6638
-0.2420 -0.0290 -0.1991
-0.7180 -0.5750 0.4841
0.0271 -0.1749 0.0183
0.1080 -0.1492 -0.0469
-0.0223 0.2504 0.9178
