0.6265 -0.2439
0.3117 -0.2207
-0.1564 0.2790
0.4351 -0.1428
-0.9858 -0.4653
0.2826 -0.7314
0.6266 -0.3747
-0.3794 -0.2952
0.8831 -0.7590
0.2004 0.1629
-0.1735 0.2825
-0.5508 -0.7550
-0.6114 0.2080
-1.0927 -0.0713
-0.0431 -0.0580
-0.0648 -0.0879
-0.0318 0.0348
-0.4486 -0.9451
-0.0250 -0.0513
-0.7702 0.2648
0.2622 0.2767
-0.0599 0.2410
-0.0431 0.0731
0.1744 -0.8095
0.2118 -0.0227
0.3478 -0.1250
-0.5932 0.6985
-0.0446 0.1269
0.1722 -0.2466
-0.5811 -0.2401
-0.9292 0.7076
0.5660 -0.1098
0.3995 0.6783
-0.2179 0.4321
-0.1481 -0.9185
1.0972 0.4310
-0.3423 -0.3352
0.5363 -0.5182
0.2127 0.0625
-0.0316 0.8855
-0.1426 -0.0448
0.3260 -0.6935
-0.6492 0.0908
-0.2141 0.1622
0.0958 -0.4710
-0.2813 -0.2162
0.6413 0.1023
-0.0554 -0.3619
-0.9788 -0.1838
-0.5222 -0.7040
2.8038 -0.7202
1.4152 0.2152
1.6431 -0.7535
1.9642 -0.0897
2.1189 0.4077
2.3661 1.1213
2.6645 -0.6438
1.9479 -0.1038
2.1094 0.7836
1.8601 -0.3162
1.5847 -0.8124
1.9631 0.9612
2.2667 -0.6041
2.4933 0.1099
2.1750 0.6019
1.0761 0.1032
1.8811 -0.0626
1.1728 0.3159
1.5144 -0.6597
1.4367 0.0118
2.5490 0.3273
2.3697 -0.3347
2.8078 0.4430
2.2482 0.6995
1.7801 -0.2728
2.3497 0.4329
2.1699 -0.6209
2.4834 -0.4475
2.2366 0.4587
2.4054 -1.0595
2.1860 -0.2342
1.2155 0.5146
1.3288 0.0222
2.1713 -0.4385
2.5915 0.8002
2.2523 0.0733
2.1052 0.1609
1.5032 0.5070
1.7133 -0.7992
2.1297 -0.9946
1.8225 0.8797
1.1036 -0.3526
2.0665 0.0233
2.4956 -0.3848
1.8642 0.1425
2.0143 -0.2272
1.9686 0.0062
1.5615 0.2719
1.4113 -0.7992
2.1448 0.7230
