-0.0070 -0.0123
-0.1175 0.7358
-0.0117 -0.0319
-0.3323 -0.5780
-0.9170 -0.1612
-0.1085 0.3719
0.0274 0.1487
-0.0974 0.0161
0.3473 -0.3441
0.0011 0.5528
-1.1239 -2.6691
-0.3527 -0.4034
-0.0580 0.1043
0.3434 0.4438
0.0253 -0.0429
0.0034 -0.2939
-0.1969 -0.4115
0.4241 -0.2624
-2.9216 -1.3184
-0.1431 -0.1775
-0.0494 0.0005
0.6455 -0.2876
-0.3653 0.6276
-0.6830 0.4162
0.1486 -0.6155
0.2800 -0.3058
-0.3026 -0.0714
0.4175 -0.3848
0.1130 -0.2807
-0.8442 -0.2082
0.4512 0.4027
-0.4940 0.1641
0.2094 0.4283
0.4345 0.0073
-2.8450 1.5717
-0.0055 -0.0131
-0.0716 -0.4222
0.2101 0.2120
-0.0844 -0.5115
-0.1467 -0.4684
-0.0631 -0.5036
-0.8508 -0.3851
-0.0897 -0.7259
0.2090 0.4322
-0.2166 0.6183
0.1744 0.2115
-0.2827 -1.6627
-0.5445 -0.5895
1.4937 -2.8089
-0.7724 -0.4205
-0.5611 -0.6603
1.8084 0.6960
0.3933 0.4926
-0.6734 -0.3111
-0.9173 -2.2339
0.3331 0.6575
-0.0526 -0.3287
0.0600 0.0031
0.1032 -0.5188
-1.1359 1.3378
-0.5102 -0.2149
0.3447 0.0358
-0.6959 -3.1035
0.3876 -0.8055
-0.0306 -0.4516
0.0830 -0.5888
0.1897 0.1083
0.5005 0.1456
0.3218 0.5864
-0.6240 0.0723
-2.4977 -2.7243
-0.0121 -0.0008
-0.3454 0.6905
0.8107 -0.0966
-0.2439 -0.0614
-0.1512 0.2012
-0.0431 0.2182
-0.3322 -0.4785
-0.0270 -0.0517
-0.1037 0.3989
-0.0731 -0.7454
-3.5035 0.6530
0.1355 -0.3373
-0.4031 -0.2065
-1.3475 -0.9925
-0.0519 -0.1723
-0.6812 -0.0038
-0.2580 0.4668
-0.5591 0.5204
-0.2743 0.6516
0.3222 0.7825
0.4655 0.8274
0.7085 0.2396
0.6215 0.0202
-0.1366 -0.8898
2.7700 1.6770
-0.0195 -0.7805
0.7525 0.6554
-0.1147 0.0177
0.1317 -0.0124
-0.3011 -0.4159
0.0773 -0.0201
0.2774 -0.1556
0.0211 0.6755
0.7908 0.3917
0.0933 -0.2774
-0.0058 -0.0235
0.1150 -0.1251
0.0452 -0.0479
-0.1950 0.3606
-0.1422 0.0770
-0.3026 0.2537
0.2571 0.4461
-0.1876 0.0555
-0.2916 0.2641
0.2916 -0.6540
-0.9014 -0.0951
-0.4123 -0.0400
0.1848 -0.1631
-0.6353 -0.1770
1.3464 0.9314
-0.1013 0.0321
0.0104 -0.3649
-0.3043 -0.6208
-0.6336 -0.3212
-1.6463 -1.2449
0.5419 -0.2263
-0.6528 -1.1049
0.5074 0.3296
0.6573 -0.7386
0.1063 0.4735
-1.6548 -0.5497
-0.0853 0.1315
-0.5592 1.0188
0.3487 -0.0199
-1.6299 -0.4865
-0.0000 -0.0000
-0.3837 -0.0967
0.2182 -0.0325
3.5142 0.8048
0.0866 0.1080
-0.2193 0.3389
-0.8650 -0.3064
0.2029 0.2677
-0.0198 -0.0030
0.0902 -0.0359
0.5871 0.4119
-0.6005 0.5765
0.4184 0.1772
0.0958 -0.0680
-0.1178 -0.1362
0.4449 -0.3792
0.0353 -0.5198
-0.3042 0.9402
-0.1561 -0.2031
-3.4013 -0.9853
-2.2808 -1.6776
0.0998 -0.0869
2.9036 -1.4351
-0.5974 0.6270
-0.5687 0.7907
-0.7254 0.2829
-0.3121 -0.8119
0.1256 0.3063
0.0807 1.8556
0.5934 0.3278
0.6262 0.7593
0.3169 0.0839
-0.1800 0.2619
-0.0692 -0.2432
-0.6933 -1.0843
-0.2851 -0.2361
0.0115 -0.3439
-0.0582 -0.3071
0.2037 -0.3735
-0.1002 -0.5124
-0.6177 0.2159
0.5589 0.7984
-1.7452 -0.4512
0.2650 0.1178
-1.7289 -1.8706
-0.0238 -0.0679
-0.5737 0.7796
0.1369 0.0135
0.0810 0.0337
-0.8376 -3.2801
0.1034 -0.0900
0.2681 -0.0191
-0.0366 -0.0726
1.6826 0.1787
-0.0004 0.5298
0.5618 0.8102
-1.3046 -2.9984
-0.1130 0.0264
-0.2470 0.1210
-0.0282 0.0101
0.2895 -0.3049
-0.5340 -0.1624
0.0336 -0.0579
0.2882 0.6813
