-0.6872 -0.2059
0.0765 0.5052
0.1303 0.0828
0.0241 -0.0183
0.3985 -0.1678
0.5864 -0.2289
0.2915 0.5206
0.7905 0.1419
-0.5715 -0.0007
-0.9752 -0.0198
0.8620 0.4704
-0.2071 -0.4771
0.9343 0.1385
-0.2976 -0.0822
-0.6804 0.5552
-0.1852 0.1470
-0.1182 0.7876
-0.2006 -0.2203
0.0591 -0.4290
0.0236 0.3143
0.2679 0.8694
0.1705 -0.5698
0.3501 -0.2000
-0.4573 -0.7150
0.2780 0.6204
0.4417 0.7629
-0.6456 0.1952
-0.7809 0.2093
0.1323 0.5200
0.0071 -0.3685
0.1325 -0.0340
0.3594 -0.9245
0.4849 0.0500
-0.0305 -0.7530
-0.4777 -0.8242
-0.2089 -0.7602
0.3439 -0.4632
-0.0504 0.2235
-0.2472 0.1962
0.0543 -0.0140
0.1302 -0.3612
-0.1697 -0.2674
0.7831 0.0800
0.2603 0.1054
-0.2587 0.5983
-0.6446 0.4796
-0.2892 -0.0173
-0.4231 0.4521
0.4150 0.5803
0.0494 0.3974
2.0413 0.0422
1.9264 -0.4538
2.0514 -0.0731
1.6748 0.3348
1.6263 -0.4482
1.9698 0.1029
2.6696 0.7134
1.5608 -0.4100
1.8392 -0.4067
1.8265 0.0108
1.9083 0.5103
2.5307 0.5833
1.7994 0.0215
2.4285 0.1264
1.8408 -0.1583
2.0540 0.0841
2.9247 0.2253
2.8494 0.2041
2.1626 -0.8011
1.2539 0.1412
2.7554 0.5715
2.8696 0.1027
2.6688 -0.7108
2.4456 0.6836
2.1836 -0.7441
1.5709 -0.1924
1.7340 -0.2677
2.0293 -0.0287
2.2213 -0.5546
1.8085 0.5229
1.3698 -0.7720
1.7045 0.7234
2.0098 0.4366
1.6031 0.2736
1.6149 -0.0682
2.6752 -0.2945
1.6008 -0.0137
1.4938 -0.1093
1.4824 0.5488
1.5000 -0.3301
1.1358 0.1479
1.5584 -0.3227
2.5430 0.0035
1.8121 0.7553
2.6050 0.5667
2.4909 0.0300
1.9249 -0.1042
1.9714 0.7776
1.9775 -0.2924
1.8135 -0.1673
