0.2764 -0.1623 0.9435
0.2791 -0.0946 0.2575
-0.0058 0.0022 -0.3467
0.0145 0.0112 0.1306
0.0222 -0.0019 -0.0305
-0.0209 0.0736 -0.0416
0.5215 -0.3378 0.2541
-0.5605 0.3473 -0.5651
-0.1184 0.2231 0.1314
-0.1587 0.3316 0.3711
-0.2229 0.3045 -0.8605
-0.3990 -0.1933 1.2645
0.4953 0.2620 -0.3937
0.4184 0.3676 -0.3900
-0.0021 -0.0785 0.5416
-0.0482 -0.5090 -3.4144
0.3285 0.1060 -0.0355
-0.0095 -0.1988 -0.1754
0.0777 -0.0057 0.2008
0.1881 -0.4133 0.2912
-0.0543 -0.2148 0.0032
-0.5630 -0.5582 -0.1573
0.3569 0.2435 0.0306
-0.0525 0.5088 -0.3464
-0.1390 0.1225 0.1134
0.0473 0.0335 -0.0224
-0.2382 -0.0315 -0.5227
0.0196 -0.0202 -0.0514
-0.2469 -0.1610 -0.7102
0.3408 -0.1775 0.7669
-0.3588 0.3238 0.6687
-0.0512 0.1307 0.5937
-0.2385 0.0208 0.2358
-0.8829 -0.2425 0.8837
-1.1269 1.0193 -0.4249
-0.0043 -0.0225 -0.0531
0.0270 -0.0447 0.7126
-0.0903 -0.2782 -0.0162
-0.0073 -0.0412 0.0792
-0.7436 -0.4920 0.0063
-0.1309 -0.1156 -0.0175
-0.1096 -0.0787 -0.4723
0.1380 -0.2099 -0.3162
-0.0605 -0.0520 -0.0084
-2.9439 0.0604 -0.2638
-0.0048 0.0033 -0.0650
-0.0404 -0.0700 -0.5703
0.2806 0.3235 0.3495
-0.2588 0.3856 -1.3144
-0.1854 0.4403 -0.3520
-0.7051 -0.9794 2.6015
-0.0057 -0.0384 -0.0554
0.1668 -0.2657 0.7393
-0.0882 -0.1989 -0.2563
-0.4394 -0.8621 -0.0886
-0.0436 0.3217 0.3321
-0.0035 -0.0187 -0.2655
0.1108 0.2071 0.2111
0.0597 -0.1471 -0.0177
-0.0425 0.2097 -0.2342
-0.1017 0.0887 -0.9341
0.0298 -0.1980 0.1095
0.8659 0.3579 -0.0196
-0.0856 -0.0012 -0.1248
0.4930 -0.4678 -0.6183
2.6154 0.3628 -0.5336
0.2687 0.7405 -0.1096
0.0574 0.2329 0.7105
0.3509 0.7254 -0.4966
-0.4281 0.2077 0.4708
-0.2159 -0.2075 0.4012
0.0575 -0.2336 -0.2095
-0.0571 0.0170 0.1525
0.1715 0.0242 -0.0439
0.0867 -0.1400 0.0987
2.6741 -0.0206 1.5378
-0.0673 0.0288 0.0376
-0.1092 0.1961 0.4351
0.0323 -0.0945 0.5022
-0.2187 0.2357 0.8616
-0.0211 -0.0043 -0.3824
-0.0142 -0.0898 0.7165
0.0928 -0.0217 -0.1664
-0.1585 -0.0516 0.0898
1.9107 0.0245 2.2671
0.1644 -0.1306 0.1396
0.0514 0.0575 -0.0354
-0.0146 -0.0847 -0.0235
-0.7595 -0.2722 0.0976
-0.1098 -0.0010 0.3245
0.3828 -0.4582 0.2924
-0.2632 -0.0708 -0.3689
-0.0552 0.0336 -0.4947
0.8772 -0.4891 3.4256
-0.0066 -0.3637 -0.7787
-1.5145 0.3527 -2.2238
-0.3045 0.1809 -0.1588
-0.0098 0.0029 0.0033
0.0872 0.3215 0.9185
-2.0157 -1.5296 -1.6866
-0.2777 0.1269 0.3719
0.3056 -0.1169 -0.8674
-0.1464 -0.1804 0.3642
-0.0641 0.1301 0.7912
0.4894 -0.4883 0.3189
1.4641 -0.6888 0.0175
-0.0322 0.2662 0.4310
0.0048 0.0109 0.0414
-0.5164 0.5436 0.0188
-0.0117 0.7792 0.1855
-0.0026 0.0013 0.0104
0.0391 -0.0494 -0.3673
-0.0358 -0.0197 0.1343
0.0861 0.5424 0.3606
0.0691 -0.0270 0.0591
-0.0133 0.0315 -0.0464
-0.0571 0.0537 0.3144
0.0336 -0.0110 0.4392
-0.0087 0.0594 0.1254
0.0599 -0.0058 -0.1513
-0.0143 -0.0214 -0.3425
-0.6678 -1.6874 -2.8741
0.1183 0.1155 0.4602
0.1505 0.0761 -0.8826
0.0434 0.2468 -0.1917
-0.2106 0.1129 0.3862
-0.1193 -0.0841 0.4702
0.1531 -0.0955 0.0982
-0.2461 -0.1523 -0.2291
-0.0372 0.0140 -0.8907
-0.0858 -0.0779 -0.0152
-0.2315 0.6368 -0.0629
0.3571 -0.3486 -0.1396
0.0698 0.8432 -0.3344
0.0687 0.4319 0.1082
1.7916 0.2478 -0.3466
0.0020 0.0159 -0.6344
-0.1282 0.0592 0.2231
0.7983 0.9683 1.9321
0.0031 0.0005 -0.4163
-0.0013 -0.0078 -0.0195
0.0601 0.0222 0.3945
0.0228 -0.2729 0.6749
-0.0953 -0.3537 -0.4639
-0.2729 0.5162 0.0030
-0.5986 0.6323 -0.1841
-0.4637 0.3727 -0.0969
0.3737 0.1238 0.2192
-0.8374 0.5046 -0.2754
-0.3443 -0.0661 -0.2133
-0.1490 0.2821 -2.6271
-0.0118 -0.0080 0.1470
0.2049 -0.1461 2.2869
0.0023 -0.3665 0.2345
0.0036 0.0024 0.0652
1.3243 0.0337 -0.8983
0.0853 0.1428 0.2553
-0.0252 -0.1351 0.4146
0.2155 0.0791 0.2690
0.5820 0.4912 -0.0818
0.3454 -0.3359 0.5042
0.3615 0.1011 -0.2674
0.4092 0.1850 0.2832
0.5461 0.3580 0.3333
1.6947 0.0705 -0.1010
-0.5740 -0.1530 -0.6223
0.0193 0.2053 -0.3766
-0.0292 0.2046 0.0063
1.1387 1.3679 -0.2244
0.5072 0.0804 0.2927
0.6401 0.5442 0.2226
-0.8488 -0.9190 -1.8176
0.8858 0.1173 0.2609
-2.4945 -1.6568 -0.1276
-0.2893 -0.3761 0.2819
-0.3747 0.4020 2.7983
-0.4200 0.4751 -0.3710
-1.0190 0.5052 1.5485
0.1253 0.1072 -0.0989
0.2182 -0.4694 -0.3624
0.0147 0.0120 0.0107
-0.0837 0.1126 -0.0331
0.0259 0.4209 1.0886
-0.0164 -0.0105 0.1563
0.5555 0.3503 0.4792
0.0776 0.0507 -0.1821
0.0074 -0.0318 0.0081
-0.1567 -0.1703 -0.1762
0.0036 -0.0104 -0.0019
-0.2622 -2.3635 0.8346
-0.0070 0.4935 -0.3121
-0.0447 -0.0737 0.0015
-0.0867 -0.0105 -0.0957
0.0342 -0.0591 -0.0788
-0.0473 0.2219 -0.7342
-0.1887 -0.0893 0.7740
-0.3614 0.2925 -0.2814
1.4453 2.6803 0.4153
-0.3568 -0.3559 0.3905
-0.1094 0.9558 0.1716
