-0.1917 0.1930 0.1344
0.0228 0.0001 0.6526
-0.0526 0.0390 -0.4985
-0.1611 -0.2747 -0.1700
0.8915 -0.7849 0.3237
0.4590 0.3832 -0.6384
-0.2288 -0.1549 0.6601
-0.0075 0.0055 -0.0243
-0.4657 -0.0046 0.3144
-0.0881 0.0205 0.7623
0.5591 0.1705 -0.0997
-0.4693 -0.1506 0.6107
0.1584 -0.3237 -0.1786
0.5752 -0.2348 -0.0029
-0.1914 -0.2632 -0.7701
-0.0701 0.0422 -0.8895
-0.0975 0.7102 -0.5227
0.5988 -0.3551 0.9460
0.2857 0.1782 0.2575
0.5175 -0.4359 0.7082
0.2722 -0.4177 -0.7418
0.4199 0.0773 0.4249
0.0394 -0.4259 -0.0789
0.1214 -0.3360 -0.2426
-0.3727 0.1577 0.1028
-0.1518 0.1469 -0.2932
-0.8014 -0.0411 -0.5508
-0.7467 0.1688 0.0861
0.2878 0.4870 1.7881
-0.0734 0.0358 -0.3212
-0.0511 0.3464 -0.7677
-0.5462 -0.4047 0.2234
0.2248 0.3293 -0.6576
-0.0806 0.1398 -0.1226
0.6116 0.2949 -0.6490
-0.0020 -0.0429 0.7045
-0.1928 0.1353 0.2143
-0.0013 -0.0030 -0.0954
0.4425 -0.1327 -0.7434
-0.7962 0.1028 -0.0167
0.4222 0.2323 0.5232
-0.3041 0.5735 -0.3735
-0.0606 -0.0620 -0.0182
-0.0496 -0.2771 -0.0560
-0.4115 -0.3752 0.4099
0.1297 -0.2377 -0.0277
-0.1435 -0.4291 0.4066
0.0208 -0.0267 0.0016
0.0013 0.1619 0.4353
-0.3632 0.6119 -0.3270
2.9991 0.0012 0.0761
2.9701 -0.2449 -0.6622
2.9587 -0.0228 0.9033
3.0012 0.0006 0.0084
3.0754 -0.0193 -0.1726
3.1884 -0.5686 0.6125
3.0165 0.3510 0.1350
3.2004 0.5017 -0.0182
3.0481 -0.2226 -0.0379
2.9584 -0.0098 -0.8979
2.7356 0.0387 0.1888
3.0022 -0.0011 0.0421
3.1858 -0.1315 0.0039
2.5846 0.6292 0.4551
2.9005 0.1605 0.3426
3.3892 0.1003 -0.3590
2.9464 -0.0995 0.6034
3.0644 0.4867 -0.0851
3.0408 0.0022 0.3370
3.0199 -0.0103 -0.5186
3.6286 0.8663 -0.5607
3.6057 -0.1887 0.7362
3.8095 0.1944 -0.3888
3.1118 0.0092 -0.2019
3.1286 -0.0902 0.4186
3.2049 0.0391 0.3336
3.0482 0.1009 -0.2494
2.8683 -0.1655 -0.0437
3.0238 0.1608 -0.6386
3.3334 0.0987 -0.1523
3.3516 -0.3053 -0.3081
2.9914 0.0071 -0.0141
2.7863 0.2521 -0.5860
2.6076 -0.2928 -0.6639
2.9187 -0.0259 0.1887
3.1690 0.3918 0.4387
2.9553 0.0125 0.0256
2.5127 -0.7084 -0.0083
2.1551 -0.1243 0.4370
3.2212 -0.5950 -0.2465
3.4954 -0.2630 0.7212
3.0274 -0.0394 0.0572
2.4865 0.3253 0.1690
2.9948 0.0084 0.0346
2.8963 0.0697 -0.1982
3.0000 0.0098 -0.0330
2.6744 0.3960 0.4614
2.9259 0.9329 0.6087
3.2530 -0.2007 -0.3153
3.0418 -0.2228 0.4039
