-0.6733 2.3771
-0.0857 -0.0735
-0.1936 1.9940
0.5536 -0.7449
-0.4095 -0.5304
-0.4217 -0.3673
-0.8946 -0.1565
-0.0862 0.2394
-0.4257 -0.0304
-0.9897 -0.3079
-0.0583 -0.0518
-1.6910 -0.5457
0.4864 0.4005
0.6766 0.1739
-1.2136 -0.6582
-0.5355 0.1349
0.3732 0.9233
-2.4297 0.3610
-0.4096 -0.6122
-0.0773 0.1642
0.2053 -1.8821
-1.3437 2.4721
0.0507 0.1267
0.1284 -0.4942
0.0093 -0.0087
0.1243 -0.0306
-0.2255 0.3877
-0.1155 -0.5080
-0.5132 -0.0693
1.3306 -0.8989
0.5302 -0.2767
0.7611 -0.6124
-0.0063 0.0066
-0.4425 0.4522
0.9194 0.0290
0.6913 0.3116
0.3386 -0.1855
0.0387 0.1100
0.6088 0.3553
-0.2620 -0.2648
-0.2404 -0.0063
0.5483 -0.4870
0.6532 0.1995
-0.5475 -0.0271
0.4449 -0.0262
0.7630 -0.6226
-0.6451 0.5409
0.1299 -0.6479
3.1269 -0.1541
0.1376 0.5061
-1.1236 -0.0072
0.2034 -0.0909
-0.1286 -0.1175
-0.1333 0.6293
0.4615 0.0011
-0.0163 -0.2205
1.0777 -0.8206
-0.2309 -0.0966
0.0139 -0.0038
0.1718 0.2627
0.2368 -0.7055
-0.2388 0.5488
-0.0915 -0.3232
0.0214 -0.2002
0.0333 -0.0126
-0.4986 0.1849
2.2475 0.3639
-1.7279 0.1556
-0.0259 -0.9749
-1.3623 -2.1737
-0.5535 0.7964
0.2659 -0.9245
-0.1233 0.5394
-0.0086 0.0627
0.3422 -0.0443
0.0465 0.0402
0.0082 0.0615
-0.4633 0.8097
-0.2275 -0.5831
-0.0518 0.8709
-0.7825 0.4550
0.4668 0.6540
-0.0725 -0.0500
0.2285 0.4501
-0.2915 -0.1670
-0.4532 0.8037
0.5763 -0.5467
-0.0413 -0.0233
-0.3435 -0.2747
-0.3810 -0.2253
-0.6188 0.3842
-0.9761 0.9263
-0.3410 -0.1956
0.2724 0.3780
0.5252 -0.8287
0.4221 -0.4107
0.1562 0.0174
1.6648 2.2626
0.1530 -0.6074
-0.4445 0.5578
0.0839 -0.4773
-0.6884 -0.4603
-0.1883 0.1528
-0.4189 0.4036
0.0617 -0.2398
0.8569 0.4519
-0.2899 -0.5480
-0.1254 -0.0045
-0.2155 0.7657
-0.0605 0.8989
0.7878 -2.0173
-0.9136 -0.8926
-0.3166 0.1803
-1.3190 2.6589
-0.1033 -0.6619
-2.1354 0.0538
-0.3439 -0.4085
0.6293 -0.0697
-0.2237 0.0059
0.6560 -0.5700
0.2604 -0.0065
-0.1590 0.1367
0.3750 0.2906
-0.4019 -0.7009
-0.4644 -0.8459
-0.6819 -0.1569
0.2167 0.6078
0.0324 0.0410
0.0792 -0.0555
-0.3366 -0.9204
-0.2662 -0.0355
-0.8687 -0.4196
0.4613 0.7781
0.0276 0.1276
0.0685 0.1616
0.1480 -0.0330
0.1848 0.2381
-0.0715 0.6428
-0.0336 -0.4310
0.7346 -0.6014
-0.6659 0.2650
-0.1299 -0.1056
0.5330 -0.4371
-0.8925 -0.8226
-0.2134 0.0584
0.0080 -0.0302
-0.5011 -0.2748
-0.8341 0.5636
-0.6439 0.7163
-0.3165 -0.1529
-0.3177 -0.1471
0.2610 0.1801
0.0298 -0.3047
-0.2416 -0.0693
0.3822 0.0638
0.6985 0.0416
0.8167 2.8056
-0.0158 -0.0515
-0.7794 0.0736
0.6604 0.0428
0.6755 -0.3967
-0.1615 -0.3732
-0.0334 0.5270
0.1122 0.0870
0.8710 0.2696
-0.4519 -0.2938
-0.7200 -0.1766
3.0510 -0.6904
0.3206 0.0823
-0.0529 0.2993
1.0994 1.7736
-0.7900 -0.0453
-0.5388 -0.4624
-0.7327 -0.5132
0.2954 -0.7596
-2.2289 -0.5764
-0.3095 -0.2005
0.0106 -0.0029
-0.4483 -0.3161
0.7586 -0.2441
-0.1422 0.1307
0.1534 -0.1300
-0.7500 0.0425
-0.0286 -0.0277
-0.1188 -0.1006
0.0585 -0.6091
-0.1372 0.0362
0.1481 0.2685
-0.0118 -0.0600
-0.0081 -0.0246
-0.0293 -0.3410
-0.0179 0.0053
0.5234 -1.5178
0.1589 -0.9735
3.0891 0.7860
-0.1301 -0.2100
0.4715 0.3497
0.1562 0.0468
2.0274 2.1815
-0.4599 -0.8712
