-0.2155 -0.2881
0.2910 0.1902
0.6057 0.1991
-0.6255 -0.6743
0.1010 0.0870
0.3896 -1.2516
0.0038 -0.0141
0.9108 -0.3358
-0.6238 -0.0150
-0.5389 -0.8226
0.4123 -0.6990
0.0098 0.0126
1.0295 0.4950
-0.2406 0.7684
0.1598 0.2034
0.6577 -0.6870
-0.8591 -0.3350
-0.1350 0.0802
0.0993 -0.4337
0.0908 -0.5969
0.2022 -0.1080
-0.7161 -0.6837
-0.0032 0.0180
-0.0621 -0.4417
0.0244 0.6523
-0.5403 0.1037
0.2659 -0.9386
1.2459 0.5399
0.4044 0.0018
0.9468 0.0018
0.7314 0.6451
0.1846 0.7727
-0.8655 -0.2771
-1.1662 -0.0189
0.0991 0.6995
-0.1601 0.1984
-0.1036 0.0466
-0.0467 -1.0107
-0.2208 0.0748
0.4112 0.2639
-0.0154 0.4042
0.1120 0.1889
-0.0135 0.0116
-1.2139 0.4375
-0.2420 0.7588
-0.2892 -0.7432
0.6508 0.4309
0.8093 -0.2146
-1.0519 -1.2865
0.0070 -0.0092
-0.5391 -0.6303
-0.3500 -0.6950
-0.6287 -0.2690
-0.9475 0.2147
-1.4412 0.8850
-0.1795 0.1719
0.0077 -0.2294
0.5823 0.1372
-0.2041 -1.1963
0.6150 0.4739
-0.5234 0.2201
0.1881 0.3561
0.0656 -0.0838
0.0714 -0.4033
0.2517 -0.7691
0.5854 -0.5436
-0.6502 0.2717
-0.2689 -0.2568
-0.0018 0.1150
-0.0380 -0.4705
0.1303 0.0493
0.2979 0.2756
-0.2747 0.3870
-0.1613 -0.8372
0.5389 0.8347
0.9506 0.5790
-0.3795 -0.2579
-0.1113 0.6073
-0.3197 -0.1872
0.1976 -0.1240
1.4208 -0.5189
0.0034 0.0482
-0.0199 0.2638
-0.0434 -0.0161
-0.0220 0.3012
0.0305 -0.0616
0.4542 -0.7232
0.0554 0.1211
-0.0215 0.0000
-0.2906 -1.3432
-0.0835 0.6175
0.1932 -0.0821
-0.5506 0.1397
0.6121 -0.3554
-0.0387 0.0483
-0.7299 -0.5120
-0.0247 0.7772
0.9506 -0.2297
0.6174 0.1569
-0.0810 -1.3466
0.8018 0.7948
0.4238 -0.1188
1.1847 -0.0702
-0.2825 -0.3305
-0.0004 -0.0020
-0.1382 -0.3795
-0.0332 -0.3159
-0.1234 -0.2240
-0.1405 -0.1358
-1.0698 -1.0718
-0.0284 0.0716
-0.1601 0.0060
-0.6145 -0.0599
0.4475 -0.4524
0.6509 0.6282
-0.4390 -1.3135
-0.0419 -0.5775
0.0174 0.8382
-0.4435 0.2286
0.3146 0.6144
-1.3495 -0.0426
0.2641 -0.6316
0.9092 0.1549
0.7976 -0.2275
-0.0212 0.2353
-0.5443 0.1889
0.3261 0.0986
0.2428 0.1725
-0.3731 -0.3998
-0.2304 -0.2768
0.6532 -0.0731
-0.0650 -0.5442
0.7492 0.2862
0.6657 0.2712
-1.5205 0.5265
0.0360 0.0556
0.7249 -0.0618
-0.4730 0.0305
0.2670 -1.6659
-0.1695 0.0624
-0.0766 -0.4616
0.3088 -0.3559
-0.6037 -1.0767
-0.0537 0.5244
0.5049 0.5187
0.6601 0.1377
-0.1314 0.4724
-0.0760 -0.7548
0.9284 0.8886
-0.5938 0.7270
-0.0718 -0.8735
-0.7079 -0.5457
0.8561 -0.1774
0.4357 -0.6454
-0.3782 -0.3502
-0.0168 -0.1703
-0.2995 0.8785
0.8049 1.3041
-1.0088 -0.6850
0.2729 -0.9070
-0.0824 0.7779
0.6034 0.1029
-0.1836 0.7397
-0.3888 0.5032
0.8951 0.9176
-0.4756 -0.2867
-0.1426 0.2113
-0.8051 0.5704
-0.2876 -0.8141
0.7676 0.3707
0.4144 -1.5872
0.1369 -0.4426
0.3590 0.2226
-0.3904 0.1320
-1.0401 0.7225
-0.1559 -0.0015
-0.1208 0.2935
0.4397 0.1446
-0.9532 -0.0971
-0.3111 0.1756
0.1953 -0.7499
-0.0981 -0.1544
0.0949 0.4053
0.0108 0.0144
0.4861 -0.1502
0.1907 0.3134
0.2233 0.9429
0.3488 0.4789
-0.4196 -0.1892
1.5324 -0.4972
0.3588 0.5963
-0.4902 -0.9771
0.1666 -0.2077
0.9188 -0.2809
-0.9466 -0.1503
-0.3351 0.2174
0.0012 0.0022
1.3675 0.6774
-0.0754 0.6469
-0.1046 0.7438
