-0.2155 -0.2881
1.1143 0.7283
0.6057 0.1991
-0.6255 -0.6743
0.8228 0.7090
0.0551 -0.1770
0.0038 -0.0141
0.9108 -0.3358
-0.6238 -0.0150
-0.6159 -0.9401
0.4123 -0.6990
0.0098 0.0126
0.6533 0.3141
-0.2406 0.7684
0.1598 0.2034
0.7834 -0.8182
-0.8591 -0.3350
-1.1805 0.7011
0.3762 -1.6432
0.0908 -0.5969
0.2022 -0.1080
-0.7161 -0.6837
-0.0032 0.0180
-0.0621 -0.4417
0.0244 0.6523
-0.5403 0.1037
0.3286 -1.1601
0.0778 0.0337
0.4044 0.0018
0.9468 0.0018
0.7314 0.6451
0.1846 0.7727
-0.8655 -0.2771
-0.8860 -0.0144
0.0991 0.6995
-0.1601 0.1984
-0.1036 0.0466
-0.0768 -1.6606
-0.2208 0.0748
0.4112 0.2639
-0.0154 0.4042
0.1120 0.1889
-0.0135 0.0116
-1.2537 0.4519
-0.2420 0.7588
-0.2892 -0.7432
0.6508 0.4309
0.8093 -0.2146
-0.3852 -0.4711
0.9690 -1.2863
-0.5391 -0.6303
-0.3500 -0.6950
-0.6287 -0.2690
-0.9475 0.2147
-0.5599 0.3438
-1.0697 1.0243
0.0077 -0.2294
0.5823 0.1372
-0.0143 -0.0836
0.6150 0.4739
-0.5234 0.2201
0.1881 0.3561
0.0656 -0.0838
0.0714 -0.4033
0.2517 -0.7691
0.5854 -0.5436
-0.9769 0.4082
-0.2689 -0.2568
-0.0018 0.1150
-0.0380 -0.4705
0.1303 0.0493
0.2979 0.2756
-0.2747 0.3870
-0.1613 -0.8372
0.5389 0.8347
0.5633 0.3431
-0.3795 -0.2579
-0.1113 0.6073
-1.2137 -0.7106
0.1976 -0.1240
0.1760 -0.0643
0.0034 0.0482
-0.0199 0.2638
-0.0434 -0.0161
-0.0220 0.3012
0.6577 -1.3293
0.4542 -0.7232
0.0554 0.1211
-0.0215 0.0000
-0.0490 -0.2266
-0.0835 0.6175
0.1932 -0.0821
-0.5506 0.1397
0.6121 -0.3554
-0.0387 0.0483
-0.7299 -0.5120
-0.0247 0.7772
0.9506 -0.2297
0.6174 0.1569
-0.0091 -0.1519
0.2637 0.2614
0.4238 -0.1188
0.5152 -0.0305
-0.2825 -0.3305
-0.0004 -0.0020
-0.1382 -0.3795
-0.0332 -0.3159
-0.1234 -0.2240
-0.1405 -0.1358
-0.5990 -0.6001
-0.0284 0.0716
-0.1601 0.0060
-0.6145 -0.0599
0.4475 -0.4524
0.6509 0.6282
-0.2970 -0.8887
-0.0419 -0.5775
0.0174 0.8382
-0.4435 0.2286
0.3146 0.6144
-1.4119 -0.0446
0.2641 -0.6316
0.9092 0.1549
0.7976 -0.2275
-0.0212 0.2353
-0.5443 0.1889
0.3261 0.0986
0.2428 0.1725
-0.3731 -0.3998
-0.2304 -0.2768
0.6532 -0.0731
-0.0650 -0.5442
0.7492 0.2862
0.6657 0.2712
-1.4012 0.4852
0.0360 0.0556
0.7249 -0.0618
-0.4730 0.0305
0.0201 -0.1254
-0.1695 0.0624
-0.0766 -0.4616
0.3088 -0.3559
-0.4411 -0.7867
-0.0537 0.5244
0.5049 0.5187
0.6601 0.1377
-0.1314 0.4724
-0.0760 -0.7548
0.1192 0.1141
-0.5938 0.7270
-0.0718 -0.8735
-0.7079 -0.5457
0.8561 -0.1774
0.4357 -0.6454
-0.3782 -0.3502
-0.0168 -0.1703
-0.2995 0.8785
0.1933 0.3131
-0.3210 -0.2179
0.2729 -0.9070
-0.0824 0.7779
0.6034 0.1029
-0.3792 1.5272
-0.3888 0.5032
0.2339 0.2398
-0.4756 -0.2867
-0.1426 0.2113
-0.8051 0.5704
-0.2876 -0.8141
0.7676 0.3707
0.0631 -0.2417
0.1369 -0.4426
0.3590 0.2226
-1.1333 0.3832
-0.2419 0.1680
-1.4757 -0.0143
-0.1208 0.2935
0.4397 0.1446
-0.9532 -0.0971
-0.3111 0.1756
0.1953 -0.7499
-0.0981 -0.1544
0.0949 0.4053
0.0108 0.0144
0.4861 -0.1502
0.1907 0.3134
0.2233 0.9429
0.3488 0.4789
-0.4196 -0.1892
0.9226 -0.2994
0.8588 1.4274
-0.2434 -0.4850
0.1666 -0.2077
0.9188 -0.2809
-0.9466 -0.1503
-0.3351 0.2174
0.0012 0.0022
0.4299 0.2130
-0.0754 0.6469
-0.1046 0.7438
