0.0114 -0.0735 -0.0587
-0.1241 -0.0820 -0.0078
-0.2289 0.3112 0.2618
1.3034 -0.4222 -0.8360
0.0074 0.0362 0.7454
0.6756 0.1697 0.0162
-0.0460 -0.0016 0.3703
-0.7466 -0.5583 -0.7383
-0.4092 -0.6869 -0.1577
-0.0665 0.0804 0.0018
0.1717 0.0178 0.2479
-0.3043 0.2940 -0.0380
0.2420 -0.0453 -0.9303
0.0088 -0.0167 0.0253
-0.3475 -0.0137 -0.0897
0.0466 0.1310 -0.1333
0.0315 0.0025 0.3755
-0.0108 0.0052 0.0704
-0.1895 -0.2230 0.4044
0.1680 -0.1966 -0.9026
-0.1662 -0.1025 1.1062
0.1358 -0.0027 -0.3460
-0.5752 -0.3087 -0.2808
-0.0397 0.0397 -0.9413
0.1545 0.2963 -0.4328
-0.4555 0.0217 -0.1680
-1.0719 0.9968 -0.7426
-0.1154 0.4440 0.7211
-0.8447 0.2298 -0.2112
-0.1361 -0.7758 -0.5239
0.1976 0.1512 -0.1959
0.2898 -0.0846 -0.2786
0.3727 0.3007 0.0596
0.0248 -0.0154 -0.0184
0.5545 -0.1086 -1.1106
0.2281 0.1916 0.1131
-0.6281 0.7439 0.0456
-0.0213 -0.4567 -0.8522
-0.6067 -1.0519 -0.4572
-0.0145 0.1864 0.6662
0.0142 -0.0105 -0.0291
0.0232 -0.0394 -0.3830
0.1616 -0.4529 0.9824
-0.1012 -0.0641 -0.0330
-0.1153 0.0830 -0.0732
-0.3030 0.3058 1.2609
-0.6086 -0.0450 -0.1571
0.1526 0.5103 0.2991
0.0764 0.2230 0.0630
0.6050 -0.3793 -0.7423
0.1451 -0.0551 0.2882
-0.0308 0.0267 0.3846
0.2177 0.7647 0.1149
0.3734 0.1260 0.5307
0.0449 -0.0171 -0.4721
1.1297 0.2235 0.4386
-0.5052 -0.2305 -0.0353
-0.0141 0.0659 -0.5382
0.0081 -0.0462 -0.0972
0.0506 -0.0282 0.0356
-0.1459 -0.1158 0.6774
0.1980 0.3613 0.8581
-0.1362 -0.0137 0.0575
-0.2403 -0.0443 -1.2762
-0.5672 0.4792 -0.3335
0.1919 -0.0430 -0.2783
-0.3606 0.4081 -0.6615
-0.0055 -0.1458 0.0458
0.1315 1.2256 -0.0693
0.0715 0.1243 -0.3672
0.4296 -0.0355 0.3797
-0.1804 -0.3412 -0.4305
-0.0101 0.0103 0.1601
0.1313 -1.4701 -0.7937
-0.5347 0.1994 0.5339
0.1389 0.0517 -0.0155
0.0028 0.0333 -0.0357
-0.8075 -0.2389 0.2698
0.0974 -0.0588 -0.2593
0.1251 0.2904 0.3252
0.0045 -0.1055 0.8579
0.4110 -0.3836 -0.5951
-0.0626 -0.3214 -0.4908
-0.0123 0.4663 1.0943
-0.2402 0.0330 -0.3658
0.1358 -0.1480 0.9745
0.0665 -0.4968 -0.5875
-0.0430 0.0169 -0.0746
0.0044 0.0272 0.0171
-0.0101 -0.0177 -0.0911
-0.0145 0.0273 -0.0199
-0.0266 0.0289 -0.0280
-0.0045 -0.0124 -0.2642
0.0289 -0.0135 0.0148
0.0037 0.1766 0.2008
0.1212 0.5268 -0.2307
-0.3476 0.0531 0.6033
-0.0629 -0.0418 0.0537
0.9935 0.5437 0.3997
0.1367 -0.1576 0.4947
