-0.1052 -0.0805 0.6398
0.0503 -0.3763 -0.7234
0.0130 -0.1907 0.1961
0.6488 -0.3633 -0.4245
0.0103 -0.0037 0.0499
-0.0491 -0.0973 0.9167
0.5299 0.0253 -0.6035
-0.4367 -0.0469 -0.0240
-0.8287 0.3415 0.0089
0.0750 -0.1796 -0.1044
-0.5552 0.5128 -0.6202
0.5400 -0.1636 -0.0067
0.4034 -3.4407 0.4352
0.0238 0.3648 0.3105
-0.5624 -0.4869 -0.5045
0.0467 -0.0444 0.2894
-0.4633 -0.3231 0.5118
-0.3015 0.1007 0.6873
0.1792 0.0910 0.2226
-0.1105 0.2523 0.5427
0.5015 0.1725 -0.5998
0.1736 0.2363 -0.4396
0.2558 0.1431 0.9476
-0.2844 -0.6082 0.1340
0.3662 -0.1836 -0.1417
1.7501 0.6776 -0.5578
0.0501 -0.1629 0.6430
0.2139 0.1989 0.2275
0.0430 0.0493 -0.3907
-0.8186 0.2968 -0.2939
-0.1033 0.0393 0.2049
-1.5649 0.3701 1.2472
-0.1464 -0.2785 -0.0511
-0.5007 -0.4693 -0.3702
-0.0185 -0.0635 -0.0097
0.2027 0.1165 -0.5344
-0.2471 0.0439 0.0511
-0.2191 -0.4588 0.5951
-0.1115 -0.1898 -0.6588
0.2072 -0.5254 -0.3607
0.4601 -0.6149 0.2668
-0.0268 0.0431 0.2386
-0.0053 0.0039 -0.0047
-0.7147 0.5934 -0.1350
0.0849 0.5234 -0.3305
0.0623 0.0635 0.1214
0.1811 -0.1771 -0.0480
0.2881 0.1414 -0.8183
0.0467 0.0188 0.1639
-0.0881 -0.1202 -0.0339
4.1834 -0.8288 0.1210
4.5820 0.2578 -0.2852
4.8995 0.0278 0.3791
4.2787 -0.4315 -0.2730
4.9578 -0.2982 -0.5919
4.4846 0.0240 -0.3689
4.2763 -0.0283 0.4782
4.1569 0.0978 -0.1522
4.8980 0.2583 -0.3788
5.2615 0.3699 0.0306
5.1116 -0.1656 -0.4290
4.9835 -0.1154 -0.3000
4.4696 0.0666 -0.0401
4.4759 0.0017 0.3493
4.5384 0.0512 -0.4948
4.5276 0.1607 0.0855
4.6005 -0.6350 0.5772
4.5437 -0.0141 -0.0122
4.3285 -0.1359 -0.3469
4.8756 0.0723 0.0255
4.1165 -0.8277 0.2023
4.6953 0.0160 -0.1033
4.7394 -0.0079 0.0932
4.2641 0.1760 -0.3451
4.3388 -0.1644 -0.2872
4.1783 0.4669 0.7535
4.5669 0.0935 -0.4669
4.7409 -0.2927 0.7131
4.6821 -0.0542 -0.3048
4.4616 -0.0355 0.2816
4.6398 0.3800 0.4162
5.2697 0.3966 -0.2743
4.9931 -0.3282 0.6335
4.4197 -0.1641 -0.1986
5.9551 -2.3982 -0.3534
4.5011 -0.0046 -0.0028
4.4600 -0.3296 0.0520
4.5082 0.1361 0.2161
4.4485 0.1096 0.3382
4.8159 0.0397 0.1738
4.2766 0.2141 0.1814
4.1499 -0.1079 0.0934
4.3430 -0.6086 0.1475
4.5545 0.0257 -0.0530
4.0544 0.0854 0.2604
3.9850 -0.1944 -0.2079
4.9391 -0.2175 -0.7902
5.3408 -0.1911 2.8783
4.3442 -0.1188 0.5462
4.4975 0.0340 0.0159
