0.0896 0.1403 -0.0208
-0.1907 0.1230 0.4028
0.5380 -0.1326 -0.0768
0.1455 -0.3627 0.0851
-0.2381 0.1442 -0.2574
-0.1345 -0.0738 -0.2860
-0.0112 -0.0999 0.2620
0.2430 -0.5393 0.4143
-0.0492 -0.5325 0.1174
-0.2475 0.1694 -0.6781
-0.0027 -0.1258 0.2335
0.4394 -0.2619 0.5456
-0.1281 0.0192 0.2535
-0.0082 -0.0078 -0.0601
-0.2506 -0.4516 0.1316
-0.3037 0.1093 0.0816
0.0030 0.3199 -0.6274
-0.3541 -0.1771 0.0730
-0.0323 -0.0922 -0.8132
-0.0751 0.0623 -0.0207
1.9981 -0.0030 0.0087
1.6094 -0.0191 -0.6244
2.3836 0.8180 -0.2274
1.9213 0.0036 -0.3211
2.3316 -0.4474 0.1324
2.0786 0.0544 -0.1035
2.2242 -0.0084 -0.5586
1.8487 -0.0659 0.1253
2.0846 0.2965 0.3080
1.5642 -0.0638 -0.1381
2.0051 -0.0005 0.0246
2.0189 0.0107 0.0377
2.4297 -0.5284 0.4253
1.8546 0.0354 -0.0848
1.9545 -0.0005 0.0503
2.4860 -0.1517 -0.1497
2.2154 0.3651 0.1849
1.6537 0.4180 0.5838
2.1988 -0.8843 -0.2018
1.9499 0.0317 -0.0488
