0.1565 0.3475 -0.0890
-0.0817 -0.0693 0.4958
0.2078 0.0392 -0.1369
-0.8561 -0.2426 -0.1947
0.0152 0.0854 0.0518
-0.0732 -0.1078 0.0787
-0.7659 0.1832 -0.0035
-0.5221 -0.3618 -0.1898
-0.3687 -0.0781 0.8932
-0.0619 -0.0720 0.5780
-0.5683 0.2479 -1.8311
0.4183 0.7202 0.4754
0.3504 0.0999 0.8941
-0.0538 0.0912 0.0699
-0.0805 0.4512 0.0977
-0.5702 -0.5044 -0.1929
-0.5133 -0.3984 -0.0162
-0.0016 -0.0021 0.0019
-0.0001 0.0001 -0.0007
0.3196 0.3772 -0.2804
-0.7120 0.5262 -0.2422
0.1955 -0.1875 -0.0174
0.0248 -0.0618 0.0998
-0.0424 -0.2561 -0.8264
-0.0778 0.0646 -0.5667
3.5026 -0.0347 -0.0390
3.3285 0.2039 -0.9151
3.4839 0.0135 -0.0378
3.6634 0.9600 -0.4196
3.6469 0.0519 0.2639
3.4575 0.0119 -0.9602
3.3156 0.3332 0.6304
2.8355 -0.2397 -0.1287
3.4524 -0.0472 -0.9553
3.4089 -0.0116 -0.3214
3.4997 0.0011 0.0593
3.4722 -0.1321 0.0113
3.6038 0.0242 0.7598
3.1043 -0.1171 0.1968
3.4291 0.6904 -0.6464
3.9860 -0.3008 -0.0126
3.4588 0.2928 0.3396
3.5296 -0.1163 -0.3193
3.2376 -0.0675 0.3697
3.5068 -0.4684 0.0667
3.4907 -0.0075 -0.7533
3.8440 -0.0165 0.6380
3.5155 -0.1409 -0.7701
3.5049 0.0169 0.0010
3.3932 0.1243 0.1886
