-0.3751 0.7199 0.5711
-0.6451 -0.3289 0.5636
0.0414 0.1344 -0.4390
0.1237 0.2369 -0.5629
-0.0067 0.0502 0.9563
0.6037 0.2164 0.6239
-0.0633 0.3408 -0.1487
-0.0018 -0.3381 0.5462
-0.9267 -0.0940 0.3282
-0.0090 -0.0155 0.3769
-0.2975 -0.3477 -0.3139
0.7222 -0.1843 -0.2724
0.0032 0.0319 -0.0326
0.0672 -0.3470 0.2590
-0.6494 -0.0220 -0.3705
0.0199 1.3024 0.6723
0.0739 0.1240 0.6850
-0.0058 0.0041 -0.7312
0.0057 0.0082 0.1794
0.7257 0.2205 -0.1750
0.2354 -0.1721 1.0218
-0.1204 -0.0159 -0.6351
-0.1747 -0.0590 -0.2523
-0.0394 -0.1095 0.3642
0.1583 0.7970 0.0745
-0.2156 0.1190 0.9406
-0.3408 0.1811 -0.3988
-0.6946 -0.0466 -0.7001
-0.2826 0.4994 -0.0820
-1.0118 -0.2293 -0.3416
-0.9093 0.2653 0.1269
-0.0057 0.2133 -0.2574
-0.3966 -0.4742 -0.2168
0.0024 -0.2864 0.3572
-0.0185 -0.1147 0.8456
0.0705 0.0629 0.0113
-0.0469 0.4841 -0.3705
-0.4482 0.4426 -0.2096
-0.2475 -0.7720 0.3363
0.0221 0.1861 0.1043
0.1675 0.0026 -0.9182
-0.4123 -0.0838 -0.0234
0.1139 -0.2697 0.7120
-0.0206 0.2378 0.2812
0.0444 0.5265 -0.0475
0.0876 0.1031 -0.7246
0.0224 0.0053 -0.0770
-0.2958 0.1313 0.0413
-0.4889 -0.1415 0.4371
0.0189 -0.3668 -0.9127
2.4927 -0.1109 -0.3834
2.5129 0.0193 0.2654
2.7702 0.0843 0.0858
2.2926 0.0991 -0.9403
2.7502 -0.2190 -0.4878
2.4938 -0.4135 -0.2977
2.3828 -0.0658 -0.2724
2.5454 -0.0926 0.8291
2.5041 -0.0725 -0.0591
2.8551 -0.2033 0.8302
3.2237 -0.6388 -0.2767
2.4847 -0.0536 -0.1806
2.3976 -0.1300 0.4391
2.3748 0.1715 0.6722
2.6412 0.1561 1.1250
2.1561 0.0799 -0.4554
2.3756 0.3438 -0.3091
2.9295 -0.1485 -0.1157
2.5002 -0.0036 0.9436
2.4323 -0.0305 0.3413
2.4691 -0.6923 -0.2210
2.8405 -0.0314 0.4400
3.7934 -0.1828 0.1787
2.2511 -0.3185 0.3961
2.4905 -0.0025 -1.6880
2.5217 -0.0499 0.2376
2.1600 0.5007 0.0291
2.6048 -0.5151 -0.3301
2.4663 -0.1644 0.9173
3.7771 0.7909 -0.2198
2.5821 0.1797 0.0274
2.3995 0.3692 -0.4131
2.4468 -0.0053 -0.0111
2.5110 -0.0154 -0.2259
2.4112 0.1887 0.2311
3.7505 -0.1263 -0.1862
2.5644 0.0036 -0.0044
2.4707 0.0053 0.8853
2.3954 0.2172 0.2180
1.8608 0.1488 0.0234
2.5024 0.0075 0.9515
2.4865 -1.0488 0.1411
2.1518 -0.7515 -0.2331
2.2706 -0.1572 -0.7316
2.7074 -0.2040 0.9206
2.3466 -0.1560 0.2611
2.4927 -0.0182 0.0154
2.3335 0.0202 -0.1123
3.2869 0.4047 0.2503
2.1615 -0.3734 0.4048
