-0.8327 -0.1428
-0.4745 0.1983
2.9572 0.4483
2.0340 0.3215
0.4363 -0.1162
0.7438 -0.0300
0.0455 0.0011
-0.1503 0.2558
-0.4303 0.3264
0.0326 -0.0568
0.3849 -0.2060
-1.5472 -1.9501
-0.5006 0.5900
-0.3536 0.6186
1.0600 0.9940
-0.7365 0.4130
-0.0460 0.1377
0.2074 0.7564
0.9363 -0.1143
0.6492 -0.6420
5.3033 -0.2867
4.8253 -0.2222
5.1268 0.1156
5.3549 -0.8408
4.9922 -0.0044
4.5633 -0.0394
4.5245 -0.6877
5.0344 -0.1647
5.1212 0.1379
4.9590 -0.0169
4.5534 0.2466
4.7734 -0.2448
5.1371 0.0199
4.8188 0.9525
6.0581 -0.0384
4.9651 -0.0494
5.2526 0.1534
7.5277 1.9592
4.8245 0.4429
5.0372 -0.0800
