0.3040 -0.1074
0.4271 0.7267
0.2552 -0.2849
-0.2599 0.3801
-0.1477 0.2294
-1.0572 -0.1270
0.5235 -0.0908
-0.1774 0.3865
0.4808 0.4011
0.4177 0.4539
0.1622 -0.5801
-0.4143 -0.2095
-0.0736 0.8391
-0.6716 -0.3238
0.3860 0.4332
-0.0103 -0.0126
-0.4605 0.7857
-0.1150 0.3278
0.2343 0.3893
-0.0882 -0.2038
-0.3453 0.2388
-0.1795 -0.0617
-0.3750 0.2777
0.3648 0.3391
-0.6656 -0.1591
0.7881 -0.7038
0.3463 -0.5640
0.1833 -0.0095
-0.9505 -0.2651
0.1299 -0.0322
-0.7164 -0.8766
-0.0531 -0.0221
0.1931 -0.5577
0.3714 -0.6816
-0.4132 0.4821
-0.0243 -0.1148
0.2972 -0.7206
-0.4284 0.3012
-0.6078 -0.5692
-0.3674 0.0677
0.0039 -0.0578
-0.0389 0.1980
0.3678 0.9013
-0.0721 0.1498
-0.0220 -0.0614
0.0310 -0.0020
0.9407 -0.7308
0.5151 -0.1589
-0.2445 -0.8106
-0.2286 -0.0310
-0.0088 0.1826
-1.0836 0.0596
0.5789 -0.1254
0.3001 -0.7593
0.2134 -0.2708
-0.1226 1.1818
0.0230 -0.0211
-0.0121 -1.0959
-0.3815 -0.0301
-0.3690 0.3592
-0.0669 -0.1332
-0.1515 0.6952
0.0677 -1.0872
0.2187 0.5623
0.7075 -0.7867
0.0799 0.8522
0.1641 -0.2799
0.1890 0.4094
0.6561 0.0201
-0.0114 -0.0202
0.4118 -0.4904
0.2170 1.1116
0.1901 -0.4810
-0.1360 -0.1177
-0.4451 -0.2457
0.5206 0.0984
-0.2457 0.0632
0.1032 -0.0374
0.3161 -0.0965
0.1524 -0.1520
0.8218 -0.2387
0.8784 -0.0137
-0.4255 -0.0392
0.0403 -0.0024
-0.3852 0.2746
1.1680 -0.2281
-0.5579 0.1885
-0.8039 0.4339
-0.1835 -1.0930
-0.1608 0.1385
-0.6389 -0.2361
-0.0080 0.1090
0.5854 -0.8060
-0.0652 0.0209
0.0165 -0.0076
0.5368 -0.8691
-0.2348 -0.6278
-0.0026 -0.0136
0.0411 0.7407
-0.2123 0.9116
1.3575 -0.6397
1.9345 -0.3119
1.0057 0.2700
1.7255 -1.0135
3.0092 -0.4567
2.2727 0.4338
2.2352 0.7332
2.4920 0.3293
2.5007 0.9697
1.8686 0.1066
1.5359 0.6175
2.2050 -0.0345
1.7904 0.2586
2.1113 0.1630
2.4744 0.2110
2.3303 0.0758
2.1503 -0.2550
1.7486 -0.3826
1.9306 0.4639
1.4616 -0.9131
1.9119 -0.4540
2.7629 0.2640
2.0294 0.5554
1.9956 -0.0236
1.4670 0.1656
1.2860 0.3156
2.7040 -0.0830
1.9550 -0.2050
2.2431 1.1580
2.3280 0.4280
3.1115 -0.0897
2.1776 -0.3065
0.8583 0.0881
2.2814 -0.6442
1.8827 -0.8075
1.2982 -0.0364
2.3531 0.0617
1.3760 0.4512
1.9853 -0.4542
2.7445 -0.1804
2.4755 -0.0289
1.9987 0.2101
1.9538 -0.0179
1.5880 -0.1976
2.4679 -0.0459
2.5404 0.2097
2.0559 -0.6617
1.6676 1.1431
2.2060 0.0407
2.0680 0.2410
2.6843 -0.6000
2.8781 -0.4041
2.0000 0.0423
1.6162 0.3224
1.2446 -0.4005
1.7596 0.5128
1.8774 -0.4720
2.0099 0.0050
2.1492 0.1719
2.7982 -0.1470
2.3470 0.2907
1.2635 -0.8923
1.1803 0.0139
2.3461 1.0680
2.3132 -0.1543
1.1844 0.7107
1.8448 -0.2151
3.0058 -0.3755
2.8846 -0.6707
2.9036 0.1781
1.8996 -0.3412
1.7871 0.3092
1.9315 0.0106
2.4181 0.8046
1.7791 -0.0541
2.0531 0.5395
2.2416 0.0808
1.3130 0.0893
2.4750 -0.0296
2.0412 -0.0501
1.5873 -0.6571
1.0433 0.2689
2.0736 0.0476
2.1935 -0.2749
1.1140 -0.5317
1.9393 -0.0423
2.4125 -0.3907
2.3183 -0.8883
2.1509 -0.5423
1.8280 -0.0368
1.6199 0.5413
2.2910 0.0852
2.1022 0.0384
2.6284 -0.2924
1.4846 1.0102
0.8650 0.1374
2.4446 -0.8333
1.8035 -0.0160
1.3926 -0.5187
2.3695 -0.1626
