-0.0521 0.1357 -0.1075
-0.4938 0.6423 0.1670
-0.0995 -0.6411 0.6757
0.3326 -0.3891 0.3935
0.1697 0.9782 0.0411
0.1032 0.0649 0.0850
-0.0916 -0.0782 0.0759
0.3126 -0.6067 0.2893
-0.0423 -0.0934 -0.1082
0.2799 0.4146 -0.3299
-0.0254 -0.1315 0.0289
-0.3568 0.2406 0.2222
0.0092 -0.2396 -0.2049
0.1456 0.1459 -0.0100
-0.3742 -0.5600 -0.6355
-0.2213 0.5928 0.6504
-0.6825 -0.2000 -0.1840
-0.1957 0.3873 0.1687
0.4436 -0.3604 -0.2674
-0.2002 0.0174 -0.1764
-0.2001 -0.2406 -0.4806
0.0041 0.0031 0.0162
-0.2580 0.6743 -0.2893
-0.0421 0.0469 -0.2497
-0.0052 -0.0010 -0.0003
2.9649 -0.0253 -0.4977
2.9510 -0.0163 0.3181
2.9187 0.1917 0.1647
2.9767 -0.0339 -0.4983
3.4023 -0.2272 -0.2448
3.0331 -0.3735 -0.7029
2.9702 0.0538 0.5460
3.2232 -0.1305 0.6722
2.8202 -0.8998 0.3852
3.3582 0.6856 -0.2905
2.6532 -0.0697 -0.0829
2.9187 0.0922 -0.2202
2.7590 -0.0100 0.0767
2.5514 0.1580 0.6682
3.0069 0.0316 0.0038
3.0062 -0.0179 -0.0183
2.9802 0.0150 -0.1640
2.6681 -0.0043 0.1981
3.0619 0.0294 -0.1009
2.8606 0.0950 0.1843
3.2695 0.1451 0.3805
2.9892 0.0673 0.5252
3.0908 -0.1511 0.6032
2.9680 0.0338 0.3685
3.5473 0.0941 0.3490
