0.5082 -0.0050 0.6353
0.0676 -0.1612 0.0004
0.4692 0.0674 -0.8073
-0.1650 -0.2321 -0.9148
0.1900 -0.0749 -0.6006
0.1360 0.2758 0.3893
0.0001 -0.0001 -0.0005
-0.2279 -0.1144 -0.2102
0.0019 -0.0115 0.1363
-0.4038 -0.5250 0.4786
0.0063 0.0022 -0.4327
0.0950 -0.2873 0.2215
-0.0289 0.0089 0.0275
0.0012 0.0405 0.8024
-0.6653 0.1074 0.3684
0.1105 -0.0952 -0.0289
-0.0106 -0.0020 -0.0525
-0.1793 0.0817 -0.1794
-0.1016 -0.2640 -0.0281
-0.0356 0.0072 0.0255
0.0737 -0.1541 -0.0430
-0.0554 0.2006 0.0789
0.7244 0.3155 0.5940
0.5089 -0.3657 0.1626
0.0712 0.0193 0.4083
-0.0700 -0.0339 -0.1719
0.4062 -0.1926 -0.0446
-0.2811 -0.4753 0.4983
-0.3332 -0.1728 0.7072
-0.1055 -0.0901 -0.0646
0.0083 -0.0047 0.1693
0.2282 0.0038 0.2855
-0.0690 -0.0390 -0.1709
0.3626 -0.1211 -0.2410
0.1179 -0.5490 -0.8069
0.0248 -0.0659 -0.1179
0.5002 -0.1631 0.4025
0.1332 0.5124 -0.2007
-0.2376 0.1230 0.2106
-0.0736 -0.1098 -0.3366
0.2876 -0.0307 0.2265
-0.0016 -0.0155 -0.0771
-0.4146 0.7018 -0.3609
0.1783 0.1084 0.0994
-0.5312 0.0515 0.7117
0.4889 -0.2453 -0.4673
-0.0165 0.0158 -0.0102
0.0408 0.0900 -0.0229
0.2413 0.7415 -0.1304
0.0326 -0.0085 0.8947
0.4229 -0.4668 -0.4459
-0.2735 -0.2980 0.8907
-0.1631 0.0422 -0.0592
-0.1923 -0.2771 0.3437
0.0613 0.0158 -0.2148
0.8775 0.3253 0.2779
0.2830 -0.4323 0.6224
0.0945 0.0459 0.3730
-0.1574 -0.0238 -0.1218
0.8885 0.2599 -0.3587
0.2942 -0.8008 0.3490
-0.0816 -0.0099 -0.5609
0.2141 -0.0624 0.5559
-0.0184 -0.1371 0.0914
-0.0050 -0.0011 -0.0775
-0.3962 0.6177 -0.5369
0.4198 -0.2729 -0.0841
-0.0999 -0.7225 -0.2395
-0.2225 -0.0626 -0.1883
0.7969 -0.3304 0.2711
-0.3340 0.0872 -0.1600
0.1498 0.3733 0.4204
-0.0079 -0.3042 -0.7019
-0.2660 0.0940 -0.5788
0.1987 0.6293 -0.2496
0.0030 -0.1598 -0.0395
-0.6148 -0.4998 0.2383
-0.0254 0.0525 -0.1494
-0.0773 -0.0464 -0.1296
0.1861 -0.2964 0.0085
-0.4239 -0.5188 0.0721
-0.0643 0.0435 -0.9454
-0.3395 0.0137 0.3757
0.4994 -0.5258 0.2889
-0.0053 -0.1240 0.2287
0.0664 -0.0511 -0.9495
0.7918 -0.3603 0.1071
0.0777 0.2397 -0.8401
0.1214 0.7242 0.3358
0.7888 0.4539 -0.3221
0.4046 0.4917 0.0694
-0.1642 0.0847 -0.1338
-0.4719 -0.3940 0.1955
-0.0190 -0.0745 -0.0838
0.0330 -0.0009 0.0356
-0.0257 0.0830 0.0644
0.0849 -0.3195 -0.7080
-0.0850 0.1271 -0.1428
0.0032 -0.0444 -0.0679
-0.0421 0.0992 -0.7863
0.3942 -0.5389 0.5842
-0.7763 -0.1810 0.5034
0.4198 0.3547 -0.1680
-0.1188 -0.0183 0.0808
0.4292 0.1683 0.0418
-0.0768 -0.1275 0.1449
0.0985 0.0205 -0.5169
0.0476 0.0107 -0.3462
-0.1692 0.3488 -0.4784
-0.0477 0.0131 -0.0248
0.0387 -0.4138 -0.6540
-0.0272 -0.0550 -0.0847
0.2409 -0.3066 -0.0248
-0.0913 -0.0190 0.7453
-0.1014 0.4051 0.2587
-0.0386 -0.1535 0.4896
0.4724 0.2820 -0.8090
0.0500 0.5431 0.0324
-0.0877 -0.1341 0.8634
0.2471 -0.4583 0.2099
0.1471 0.5705 -0.5195
-0.0014 0.0007 0.0933
-0.6623 -0.4246 0.2921
0.4278 -0.2370 0.0714
-0.0693 0.0137 0.8092
0.9301 0.0657 -0.0329
0.0349 0.0448 0.1162
0.3593 -0.0311 -0.0185
-0.6056 0.3101 0.4724
0.4173 -0.0816 -0.1575
0.0196 0.0739 0.5270
0.1494 0.1869 0.7513
-0.3149 -0.0105 0.8183
0.1921 -0.3622 -0.3926
0.0160 -0.0293 -0.1360
0.3772 -0.8071 -0.3349
0.0010 0.0324 0.1466
0.0159 0.0194 -0.1014
-0.0063 -0.0161 0.0529
-0.4634 -0.7597 -0.2323
-0.0357 0.0516 0.9277
0.0409 -0.2208 0.3523
-0.1223 0.6515 0.4270
0.1970 -0.2101 0.1395
0.0001 0.0013 -0.0164
-0.8335 -0.3915 -0.3486
-0.0007 -0.0244 -0.0947
-0.4393 0.4396 -0.6369
-0.0156 0.0404 -0.1998
-0.3651 0.5222 0.2745
0.6753 -0.2452 0.1063
0.0002 0.1904 0.2040
0.3257 0.1740 -0.1088
0.2997 -0.4851 0.0601
0.0422 0.1093 -0.5371
-0.0246 0.0068 -0.3489
0.0497 -0.1889 0.0246
0.3683 0.3996 0.5582
-0.1469 -0.0947 -0.1304
-0.2074 -0.1985 -0.4347
0.0918 -0.0222 0.6520
-0.2201 0.2723 0.0666
-0.0953 0.0377 0.7954
0.1734 -0.2197 0.2021
-0.5145 0.1786 0.8163
-0.1599 -0.0792 -0.6359
-0.4077 -0.5089 -0.0655
-0.0876 0.0784 -0.5101
-0.0262 -0.0321 0.0846
0.1748 0.1177 -0.6407
0.0277 -0.0481 0.0235
-0.7466 -0.5333 -0.0969
-0.0086 0.0053 -0.0637
-0.0162 -0.0043 0.2989
-0.0005 0.0195 -0.0511
-0.0010 0.2116 0.6243
0.1184 0.0013 -0.0138
-0.1526 0.1365 0.8863
0.5822 0.2203 -0.4384
-0.7734 -0.2322 0.1529
-0.0785 0.0689 -0.1163
0.4345 -0.7078 0.5368
0.2576 -0.4307 -0.4195
0.0665 0.0790 -0.5965
-0.0332 -0.1564 0.0103
0.0365 -0.1469 -0.2771
-0.1263 0.1516 -0.2481
-0.1631 -0.1276 -0.2186
-0.0176 -0.0696 -0.0370
0.4046 0.1534 -0.3290
-0.6422 -0.1267 -0.0071
0.3839 -0.3486 -0.7651
-0.0405 0.1060 0.6073
-0.1345 0.0339 0.2878
0.0061 -0.0062 0.7511
-0.0178 -0.0107 0.0873
-0.5219 -0.2279 0.4169
0.1482 0.1342 0.0786
-0.2467 -0.1258 0.6800
-0.0567 0.6266 0.6224
