0.0134 -0.0200
-0.3279 -0.5636
0.6797 -0.6558
0.0656 -0.1385
-0.0030 -0.0084
2.0957 1.6883
0.2321 0.4739
0.3008 0.0279
-0.6215 0.4693
-0.3279 -0.0988
0.0117 -0.6304
0.5201 -0.6542
0.1460 0.2031
-0.2638 0.1162
0.0445 0.0473
-0.7609 -0.0260
0.4232 0.5672
0.1461 -1.6338
-0.5177 -0.0947
-0.3605 0.1070
0.6662 0.0454
-0.3460 -0.6679
-0.5551 -0.3196
0.5261 0.6066
-0.4354 0.5394
0.3807 -0.4085
-0.1918 -0.4197
-0.1021 -0.0936
0.9004 -0.0312
-0.1049 -0.0659
0.3624 0.0126
-0.0196 0.3215
0.6327 -0.1118
0.0009 -0.0023
0.1264 -0.3744
0.5363 -0.0802
0.1937 -0.9797
-0.3912 -0.7823
0.7041 0.0142
0.0505 -0.7073
-0.2836 0.1406
1.2511 -0.6616
0.1947 -0.1688
-0.0683 -0.0360
0.2605 0.1387
0.1164 0.6609
-0.0985 0.1667
0.4996 0.4893
-0.3934 -0.6609
0.3142 -0.7371
-0.0657 -0.2946
0.0844 0.0664
0.3204 -0.1334
-0.2554 -0.1294
0.3297 -0.2889
-0.3355 -0.7513
-0.1931 0.1834
-0.0154 -0.0061
-0.0022 -0.0987
0.4029 0.0530
0.0063 0.0036
-0.4212 -0.0883
-0.0313 -0.1337
0.3322 -0.1786
0.1027 0.0520
-0.3826 -0.6979
-0.1050 0.2938
0.7216 0.3212
-0.2533 0.2982
-0.3780 -0.1392
-0.6753 0.1917
0.6662 0.2216
-0.2218 -0.3338
-0.2789 0.3637
0.4076 0.8775
0.0150 0.0030
0.0039 -0.0030
0.6686 -0.4164
0.0536 -0.1011
-0.8729 0.1557
-0.3951 -0.5109
-0.3807 -0.3679
-0.5309 -0.4721
0.0278 0.0092
0.4573 -0.2795
-0.2284 0.3338
0.0226 0.0375
-2.2272 -1.6753
0.2939 0.2591
-0.0150 0.0113
0.1213 0.7222
0.1137 0.0214
0.1215 -0.1786
-0.1234 0.3723
0.3926 -0.3873
-0.2033 0.2116
-0.5825 -0.0356
0.0865 -0.1946
0.4486 -0.2177
0.3509 0.9115
4.3211 0.5602
4.6133 -0.0945
3.4519 -0.4044
4.3902 -0.2036
3.7330 0.1422
3.9747 0.0543
3.7429 -0.0895
3.9199 -0.4370
4.2031 -0.1718
3.6265 -0.0613
3.9978 -0.0018
3.9632 -0.0492
3.3738 -0.2606
4.1348 0.7027
4.1714 0.4085
3.7654 0.2254
3.4714 -0.5196
4.0276 0.0794
4.3644 0.7134
4.3659 0.0280
4.2012 0.1670
4.0573 0.1379
4.1104 0.2619
3.7884 -0.0782
3.3530 -0.4335
4.3912 0.4727
4.0808 -0.0649
4.4720 -0.4238
4.4242 0.4573
3.9232 -0.8188
3.9766 0.0335
3.9856 0.5883
2.9140 0.5814
3.3302 -0.1242
4.7077 -0.5321
4.4971 0.7756
4.0000 -0.0000
3.5178 0.6536
4.0995 -0.3436
4.0022 0.0016
4.1671 -0.4517
3.8964 -0.2422
3.9785 0.4178
3.9927 0.0800
3.5355 0.3872
3.2520 -0.1855
4.0238 -0.0720
3.8550 0.1326
3.6172 0.0317
3.7568 0.4379
4.4574 0.0845
3.4645 0.2866
3.9043 -0.3039
3.8446 -0.7077
2.5107 -2.5977
3.4682 0.1195
4.0965 0.1303
4.4902 1.0340
3.5250 -0.2835
4.0545 -0.9346
4.8228 -0.4607
4.1844 0.1401
4.4830 -0.2100
3.6111 0.2701
4.3031 0.0592
3.1933 -0.4668
4.1731 -0.1518
3.6644 0.2481
3.9446 0.0225
4.4068 -0.4930
4.2501 0.2621
3.8851 0.0661
3.2351 0.5291
3.6820 0.5016
3.9280 -0.1655
4.4875 0.1776
3.9414 0.6301
7.1580 -0.0781
4.6672 -0.4679
3.4015 -0.5896
3.9645 0.2118
4.2432 -0.3885
4.3515 0.5097
4.1155 -0.1030
4.1745 0.1305
3.4873 0.5038
3.7375 0.1048
4.5085 -0.6218
4.6517 0.6810
3.8935 -0.0964
3.0869 0.0971
2.8201 2.3071
5.3793 0.7222
3.9886 -0.7522
4.1398 -0.0441
3.7019 -0.2566
4.0850 0.5349
3.4929 -0.7293
3.9478 -0.5919
4.2051 -0.1337
