0.0278 0.0971 -0.0752
-0.0562 0.0224 0.0445
-0.0271 0.0528 -0.0692
0.0042 0.0168 -0.0250
0.0886 0.0649 -0.1812
0.1362 -0.1544 -0.1416
-0.4688 -0.7262 -0.4417
-0.4651 -0.2355 0.2366
0.5360 0.0778 -0.7760
0.1245 -0.0288 0.2756
-0.0307 -0.0395 0.0956
-0.0324 -0.0053 -0.5618
-0.2354 -0.9473 0.0089
0.6028 0.0745 -0.0711
0.1271 -0.0472 -0.2038
0.1473 -0.4543 -0.0539
-0.1205 -0.0003 -0.7858
0.4983 0.1820 -0.0428
-0.0298 0.0870 0.0720
0.0279 -0.0464 -0.3352
-0.0055 0.2683 -0.3059
-0.1687 0.1614 -0.0508
0.1233 -0.3195 -0.0460
0.8627 0.1937 -0.1953
-0.0345 0.0052 -0.0180
0.0608 0.1341 0.8524
0.1700 0.1338 -0.7986
-0.2962 -0.6081 -0.6075
-0.2224 -0.2244 0.2112
0.3292 0.6109 0.1363
0.0410 0.0524 0.2210
0.0796 0.3313 0.1672
-0.0793 -0.4992 0.2523
-0.1729 0.0172 0.0153
-0.0066 -0.1061 -0.2765
-0.0205 -0.4745 -0.6653
-0.0562 0.2316 -0.2809
0.0273 0.0226 -0.2134
-0.2417 -0.1203 0.2274
-0.3868 -0.0119 -0.5589
0.0063 0.0010 0.1844
0.0614 0.1772 -0.7463
-0.0302 -0.0747 0.0514
-0.4603 -0.8052 0.0996
0.0017 0.2316 0.2229
-0.1788 -0.0442 -0.0555
-0.3060 -0.1024 -0.0548
0.1198 0.4065 0.7900
0.1582 0.4351 -0.6203
0.5331 0.3785 -0.3910
-0.0137 0.0028 0.0487
0.2408 -0.3684 0.2168
0.0165 -0.0532 -0.3882
-0.4008 0.7947 0.0033
0.0207 0.0247 -0.3643
-0.1836 -0.2095 -0.3287
0.4196 0.2092 -0.5172
-0.1989 -0.2369 -0.8343
0.0760 0.4950 -0.1119
-0.3372 -0.3135 -0.3003
-0.6394 0.4861 -0.0990
0.1051 -0.2190 -0.4951
0.1936 -0.0351 0.3837
0.0142 -0.0064 0.0875
-0.0018 0.1035 -0.5753
0.2594 0.3063 -0.2637
-0.0101 -0.2847 -0.3960
-0.2523 -0.2992 -0.3494
0.2412 -0.1334 -0.6890
0.2650 -0.1964 -0.2817
-0.1366 -0.0010 0.0073
0.1017 -0.6463 -0.1433
-0.0591 -0.2161 0.2399
-0.3659 -0.2363 -0.5088
-0.1947 -0.7694 0.0208
-0.3672 0.5749 -0.2392
0.2291 0.0174 -0.0087
-0.3413 0.2449 0.4980
-0.5123 0.2136 0.4831
0.2261 -0.2089 0.9013
-0.0519 0.0078 -0.4552
-0.0240 -0.0241 0.0859
0.0576 0.0267 -0.0460
-0.3485 0.7898 -0.2283
0.0286 -0.0313 0.1355
-0.0487 0.0505 0.7384
-0.5969 0.1767 0.3726
0.0917 -0.0698 -0.0417
-0.5789 -0.3715 -0.2666
-0.1976 -0.2783 0.4246
0.1985 0.2265 0.2546
-0.5823 -0.3577 0.0711
-0.3725 0.5198 -0.0332
0.4349 -0.4487 0.4962
0.0926 0.2521 0.4981
0.0148 -0.0048 -0.2048
0.0273 0.0420 0.0928
0.9402 -0.0214 0.1336
0.1035 0.0306 -0.0338
0.0873 0.1588 -0.0044
-0.0296 0.0070 -0.0881
-0.0340 -0.0229 -0.0415
-0.1856 0.5001 0.0722
0.1089 -0.2694 0.2332
-0.0190 0.1538 0.4365
0.1536 0.0587 0.3612
-0.1379 0.6443 0.2280
0.2267 -0.0688 -0.1498
-0.4872 0.0002 0.5855
0.0152 0.0356 -0.1340
0.4451 0.4105 -0.7251
-0.1176 0.0484 0.9449
0.2610 0.0654 0.1024
-0.1677 -0.2373 0.9331
0.3070 0.1523 -0.8753
0.7118 0.1278 -0.3432
-0.0597 0.0910 -0.5899
0.0455 -0.6096 0.6132
0.0009 0.0014 0.0345
0.0883 -0.0218 -0.0932
0.0299 0.0148 0.1765
0.0009 0.0119 -0.0041
0.1185 -0.2239 -0.5074
-0.0820 0.4221 0.6677
0.0184 -0.0003 -0.0503
0.0764 -0.4674 -0.6694
0.6222 0.1787 -0.2660
0.0943 -0.5058 0.3223
-0.0003 -0.0004 -0.8712
-0.6832 0.3232 0.5029
-0.1149 0.5244 0.7101
-0.0900 0.0174 -0.5300
-0.6130 -0.0330 -0.6097
0.0559 0.0271 -0.3482
0.2322 -0.2657 0.2075
0.1323 0.4063 0.0612
0.0062 -0.0278 0.8376
-0.0186 0.2302 0.8344
-0.2780 -0.1535 -0.3055
0.0085 0.0444 -0.0800
0.3445 -0.1730 0.4858
0.0275 0.1952 0.0767
0.4752 0.2624 0.0262
-0.0680 -0.0051 0.0132
-0.1044 -0.2040 -0.1701
-0.1113 0.0342 0.1395
-0.4548 -0.2092 -0.6049
0.5580 0.1824 0.4493
-0.3559 0.1147 0.2300
-0.3066 0.5316 0.2393
0.4074 -0.3241 0.3975
0.0822 0.0800 0.4109
-0.2151 -0.3634 0.6065
-0.2002 -0.0612 -0.5797
0.3044 -0.1066 -0.6358
-0.0638 0.0471 -0.8090
-0.0150 0.1325 0.0829
-0.4033 -0.2386 -0.2054
-0.0490 0.1899 -0.7533
0.1926 0.1109 0.0051
-0.2741 0.1489 0.2285
-0.0408 0.0164 -0.0511
0.0034 0.0608 0.2980
-0.0604 -0.1628 -0.0550
0.0035 0.1693 -0.5944
-0.1804 0.5174 0.2413
0.6953 0.6305 0.2348
-0.1067 0.0483 0.0853
0.6032 0.0077 -0.2997
-0.0146 -0.2893 0.6203
-0.1845 0.2974 0.5309
-0.1107 0.0269 0.1972
-0.2628 -0.4272 -0.2026
-0.0655 -0.4425 -0.0915
-0.1000 -0.0529 -0.4801
-0.0621 -0.0207 0.6529
0.0034 0.0019 0.0403
-0.0101 0.0069 0.2409
0.5299 0.2551 0.4357
0.1502 -0.0147 0.8309
0.7699 0.3313 0.0518
-0.1026 0.0151 -0.4376
0.3180 -0.0529 -0.5136
-0.4869 -0.2546 -0.7110
-0.0694 0.0640 0.0268
-0.0532 0.2402 0.7253
-0.4324 0.2232 0.7667
0.1060 0.2229 -0.1437
0.0554 0.5185 0.2784
0.5207 0.3685 -0.5947
-0.4031 0.1412 0.3780
0.1915 -0.2996 0.1985
-0.0967 0.0987 -0.1535
-0.1313 0.5035 -0.7518
-0.0851 -0.0586 -0.3741
-0.0072 -0.0102 -0.1207
-0.0354 0.0221 -0.2337
0.0855 -0.3385 0.2333
0.0893 0.1814 -0.2485
0.4155 -0.8239 0.3196
