0.2077 -0.5396 0.6137
0.2461 0.0913 0.1496
-0.4267 0.0658 0.3185
0.0110 -0.0156 -0.0255
-0.0032 -0.1213 0.1693
-0.0435 -0.0588 -0.0184
0.4349 -0.2242 -0.4038
-0.0754 0.1518 -0.1407
0.0360 0.3066 -0.0332
-0.0251 0.2722 -0.0697
-0.1578 0.4091 0.0221
0.0034 0.1567 0.6173
0.4850 0.0659 -0.4935
-0.1553 0.4833 -0.2001
-0.0097 0.1735 0.1318
1.7457 0.4158 -0.5940
1.9999 -0.0000 0.1466
2.0395 -0.1592 0.0053
1.9056 -0.1367 -0.1188
2.1059 -0.5691 -0.1938
2.3556 -0.0498 1.0341
2.4157 -0.1721 -0.7181
2.0969 0.0459 0.6755
1.8196 -0.2439 -0.2443
2.0833 -0.3032 0.5701
1.9468 0.0748 0.2138
1.7385 0.0401 -0.3842
1.9584 0.0944 -0.7526
2.0125 -0.0161 -0.2324
2.7038 -0.3638 0.6070
