0.2125 -0.1347 0.6660
-0.2138 -0.3940 -0.2251
0.1674 -0.1703 -0.4242
-0.0028 -0.0091 -0.4213
-0.0148 -0.1202 0.0247
0.4406 0.1001 0.3654
-0.0358 -0.0153 0.0756
-0.0440 0.1606 0.4577
0.0025 -0.0304 0.0409
-0.1642 0.0121 -0.0527
-0.1531 -0.2766 -0.5642
0.0419 -0.0037 -0.3513
-0.1383 0.0566 0.2392
-0.1853 -0.1194 -0.2035
-0.4702 -0.1010 -0.4965
0.2392 0.5299 0.1641
0.2273 -0.1266 -0.0812
0.2176 0.0768 -0.3230
0.0318 0.6166 -0.4838
-0.0698 -0.0596 -0.1464
0.2925 0.0531 0.0174
0.1151 -0.1118 0.4096
-0.0026 -0.0993 -0.0829
0.6735 0.0295 0.6499
0.2747 0.8041 0.1643
0.0191 -0.0189 -0.3626
-0.0011 -0.0033 -0.0083
0.1162 0.0328 -0.3605
0.1882 0.0256 -0.0130
-0.0166 -0.0090 0.4565
-0.1485 0.1163 0.5516
0.5657 -0.1621 -0.3524
-0.7234 0.0448 -0.6245
1.0395 0.5965 2.3120
0.0622 -0.1977 -0.3442
0.0966 0.0642 -0.0037
-0.1184 -0.2551 0.8933
-0.1441 -0.2219 -0.4959
-0.2108 -0.7536 -0.0327
0.2941 -0.1495 -2.1798
0.3845 0.0521 -0.8318
-0.0056 -0.0019 0.0878
0.7504 0.1288 -0.3334
0.1592 0.0331 0.5633
0.5120 0.5142 0.1682
-0.0982 0.4681 -0.3666
0.0559 0.0044 -0.0647
-0.0138 0.0008 -0.0097
-0.0100 0.0063 -0.0105
-0.2542 -0.6805 0.1214
