-0.5791 0.1761
-0.1763 0.1357
-0.2067 0.3267
0.0066 -0.0193
-0.1010 0.6122
-0.1678 0.1339
0.2727 -0.1727
-0.1847 0.0303
0.5668 0.3167
0.0052 0.0200
0.2921 -0.2322
-0.4961 -0.2957
-0.4093 -0.0406
0.3146 0.2059
-0.0516 -0.4818
0.0103 0.0188
0.2294 0.6396
0.3400 -0.4493
0.0542 -0.1503
-0.5433 0.1787
0.1165 -0.0296
-0.8209 0.2661
-0.0836 0.7468
0.0610 0.0047
0.2913 0.1296
0.2360 -0.5968
0.0131 0.0172
0.4243 0.2053
-0.2879 -0.2883
-0.0612 -0.8562
-0.0078 -0.7465
0.5176 -0.1667
-0.1512 0.5144
0.3303 -0.7769
-0.0112 0.4958
-0.3837 -0.0743
0.0538 0.1251
-0.0620 -0.1808
-0.0038 -0.0325
0.0769 0.1589
0.2151 0.8062
0.5415 -0.1604
-0.0741 0.9923
-1.2040 -0.1976
-0.1119 0.0033
0.0660 -0.0377
-0.4204 0.4919
-0.6276 0.7593
0.4773 0.0023
1.4041 0.0752
