-0.6228 -0.6959
-0.1782 -0.4129
0.2824 0.5410
0.2461 0.1802
-0.3931 0.6099
0.0534 -0.8074
0.2654 -0.1168
-0.2173 0.3723
-0.1891 -0.0178
-0.0386 0.2801
-0.2258 0.4372
-0.1435 0.9818
1.2051 0.3133
0.0939 0.0179
-0.0972 -0.0154
-1.2257 -1.7578
0.0177 -0.0276
-0.1227 -0.3182
-0.0074 0.0020
0.7196 -0.0430
0.0488 -0.0181
-2.1745 -0.0866
-0.3763 -0.1921
-0.0114 0.0550
-0.0080 0.0997
-0.0301 -0.4919
1.7876 0.2032
-0.7223 0.3427
0.1590 -0.0040
-0.3730 -0.2450
0.0406 0.0709
-0.4808 0.3930
0.1217 0.1426
-0.4503 -0.1271
-1.6899 -0.3962
-1.3125 1.4824
-0.6228 0.3872
-0.1641 -0.1892
-0.1552 0.2005
-0.1269 -0.8018
-0.2088 0.9667
0.0172 -0.6101
0.5641 -0.0177
-0.6851 0.4826
-0.6723 0.5787
-0.7964 0.8382
-0.1351 0.0653
-0.0441 -0.0811
0.8427 0.0969
-0.1655 0.3928
