-0.3485 0.5432 0.2333
0.2240 0.3035 0.6670
-0.0241 0.0629 0.1401
-0.2328 0.1074 0.4607
-0.0598 0.1082 0.1077
-0.0521 -0.0010 -0.3707
-0.0625 -0.1441 -0.0001
0.2008 -0.1510 -1.0527
0.1568 0.8557 0.0453
0.4885 0.1855 0.2652
0.1761 -0.7702 0.5450
-0.0368 0.0515 -0.0528
-0.1222 0.0118 -0.3348
0.0284 0.0588 0.2846
-0.0860 -0.0211 0.7969
0.0404 -0.0086 1.0222
-0.2605 0.6676 -0.0184
-0.3166 -0.5643 -0.4553
-0.1394 0.2534 -0.0004
0.1031 -0.0347 -0.0435
0.0944 0.1594 0.9050
0.0004 0.0344 -0.1211
0.0065 0.1068 0.9202
0.0647 0.2507 0.5858
-0.8262 -0.4437 0.2976
0.0913 -0.0492 -0.9551
0.2686 -0.3999 -0.0989
0.0468 0.0386 -0.9085
-0.0038 0.0094 1.0753
-0.0311 -0.0350 0.1433
-0.1507 0.1335 0.2473
0.0610 -0.2429 -0.5041
0.5756 -0.2434 0.7007
-0.2990 0.6333 0.5058
0.1621 0.1419 0.1606
-0.0311 0.2094 0.2111
0.7005 -0.0321 0.5037
0.1372 -0.3481 -0.2223
-0.0984 -0.1704 0.5621
0.1537 -0.1826 0.2964
0.0000 0.0053 -0.2345
0.0803 0.1905 0.2306
-0.1174 0.0253 -0.1065
0.5697 0.0479 -0.5392
-0.2519 -0.1262 -0.8749
-0.2406 0.5057 0.9641
-0.0923 0.0348 -0.5694
-0.4021 -0.2935 0.0100
-0.6135 0.4985 -0.3180
-0.2190 0.0304 0.4509
0.3463 -0.0493 0.5606
-0.6562 0.3177 -0.3977
-0.0613 -0.0466 -0.3161
0.0220 -0.0135 0.0200
-0.1200 0.0364 -0.3460
0.3757 0.1914 0.2269
-0.6823 -0.4281 0.2121
-0.1957 -0.1686 0.4445
0.1346 -0.4548 0.9652
0.0325 0.1765 1.0708
-0.2567 -0.4290 0.5153
0.2172 0.1942 0.3448
0.0112 0.0029 -0.2350
-0.4216 -0.0114 -0.7817
-0.3109 -0.6020 0.9168
-0.2756 -0.0169 -0.0178
-0.0742 -0.0708 -0.1218
-0.1332 -0.2630 0.3398
-0.1209 -0.5447 -0.6684
-0.0136 -0.1220 -1.0249
0.4078 0.1361 -0.2241
0.0190 -0.0252 -0.2186
-0.0108 -0.0168 -0.2722
0.0151 0.0051 0.0201
-0.0043 -0.0093 -0.0323
-0.0191 -0.2208 -0.7222
0.2779 -0.3468 -1.0428
0.1035 0.1548 0.4514
0.1266 -0.1490 -0.3460
-0.0762 0.1386 -0.3939
-0.0763 -0.0696 -0.6385
0.3414 -0.3810 -0.2701
-0.5496 -0.0587 0.2037
0.0491 -0.1057 -0.2982
-0.2137 0.7399 0.1452
0.3683 0.3665 0.3061
0.4039 0.5381 -0.5901
0.4762 0.8409 0.6878
-0.0830 -0.0265 -0.0151
0.0449 0.0060 0.0072
-0.3410 0.5158 0.2301
-0.5020 -0.5977 -0.2287
0.0276 -0.0246 0.1067
0.0966 0.0471 0.7053
0.0848 -0.3709 0.2851
0.0756 0.0197 -0.0566
0.0281 -0.0210 0.0279
0.1352 0.0621 -0.8544
0.6293 -0.3673 -0.1172
0.0747 -0.0733 -0.1549
0.0274 0.0049 -0.1376
0.0349 0.0655 0.2773
0.8006 0.7977 -0.3509
0.1111 -0.2424 0.1773
-0.0132 -0.0086 0.5119
-0.0066 -0.0008 0.0046
0.2775 -0.2142 0.2685
-0.0657 -0.1399 -0.0462
0.0545 -0.0783 -0.2200
0.1771 -0.0822 -0.1951
0.6338 -0.1316 -0.7782
0.1600 -0.4217 0.9145
-0.0909 -0.7946 0.7252
0.0322 0.0208 0.0702
0.6682 0.0955 -0.4028
0.1052 0.4937 0.5771
0.0277 0.1696 -0.1522
0.0074 0.2671 0.2862
-0.4631 0.4998 -0.0139
-0.0616 -0.0586 -0.0750
0.0718 0.3695 0.1413
0.1247 -0.1012 0.1325
-0.8436 0.6355 -0.3910
-0.5319 0.4864 0.4432
-0.2573 -0.7438 0.0377
0.3351 -0.6235 0.8927
-0.6558 -0.2673 0.7065
-0.2933 -0.0576 -0.0448
-0.0467 0.2240 0.4449
-0.2208 1.1571 -0.1614
-0.3675 0.2172 0.0549
0.1156 0.1807 -1.1086
0.5593 -0.1262 0.9464
-0.8096 -0.7967 -0.1328
-0.0875 -0.2242 -0.0606
0.6191 0.5395 -0.0019
-0.0100 0.0116 -0.0139
0.0461 -0.1407 -0.1686
-0.1674 0.0225 -0.1018
0.5333 -0.0770 0.6057
-0.3022 0.3638 0.5533
0.1490 0.3582 -0.7810
-0.3256 -0.5942 0.5016
0.1437 0.0445 -0.6684
0.0042 0.0116 -0.0028
-0.0037 -0.0159 0.0096
0.0352 -0.0056 0.0316
0.0155 0.0020 0.0048
-0.0338 -0.0115 -0.4424
-0.6265 0.5281 0.3296
0.1034 -0.0835 0.2942
-0.4815 0.4829 -0.3712
0.1411 -0.2948 0.7099
0.1001 -0.0191 0.0310
0.8700 -0.0549 0.4736
-0.1742 0.0834 -0.1154
-0.3144 0.7340 0.3523
-0.0928 0.3068 1.0943
-0.0334 -0.0621 -0.1630
0.0355 -0.0393 -0.3631
-0.1584 0.7267 -0.2169
0.0374 0.0951 -0.4293
0.4766 -0.3520 0.7486
-0.3551 0.1903 0.6074
-0.0057 -0.0070 -0.0695
0.1182 -0.8616 0.1501
-0.0184 -0.0970 0.1334
-0.0622 0.2316 -0.2923
-0.5887 0.6044 -0.3647
0.0179 -0.0252 0.7237
0.0083 0.2340 0.9293
-0.1610 0.1087 -0.3467
-0.3561 0.1057 0.9195
0.0309 -0.1049 -1.1596
0.0208 -0.0047 -0.1063
-0.0054 -0.0254 0.4146
-0.1007 -0.5639 -0.9172
0.3210 0.0504 -0.3197
-0.0483 -0.2437 -0.0723
-0.3479 0.1075 0.3692
-0.6954 -0.5193 0.0614
-0.5184 0.3792 0.1335
0.0061 0.1939 -0.0362
-0.1202 0.4055 -0.4072
0.0798 -0.1458 0.9607
-0.3459 -0.1063 -0.2278
0.1987 0.1744 -0.2648
0.0022 0.0092 -0.4572
0.1698 0.1895 0.1885
-0.0445 0.6197 -0.8018
-0.0081 -0.1215 0.8311
0.1793 0.4305 0.7986
0.0012 0.0083 0.0011
0.0683 0.0790 0.0841
-0.0124 -0.0234 -0.6563
-0.0988 -0.0532 0.0392
-0.0362 -0.1269 -1.0899
0.0486 0.0859 -0.5095
-0.3388 -0.3109 -0.1860
-0.4767 0.0892 -0.0599
0.3917 0.3128 0.6099
-0.4310 -0.3110 0.3100
-0.0785 -0.2220 0.2104
0.0212 -0.0708 0.0212
-0.1575 0.1717 0.3250
0.5536 0.8776 0.2751
0.0182 -0.1404 0.2279
0.0876 -0.3977 0.1722
0.0012 0.0042 0.4668
0.0810 0.2295 0.5326
0.7314 0.0101 -0.6385
0.0118 -0.0131 -0.0143
0.2294 -0.2822 0.1863
0.0622 0.2703 0.5217
0.0523 -0.0109 0.8330
0.1444 0.0428 0.1496
0.0876 0.2592 0.0961
-0.0247 0.0075 -0.1208
-0.0273 0.4325 -0.3020
0.0170 -0.0029 0.2039
-0.2717 -0.4652 -0.2574
-0.5821 -0.8491 0.2301
0.1536 -0.0845 0.4906
0.7128 0.1706 -0.8892
0.4528 -0.0201 -0.1751
-0.1506 -0.1185 0.1969
0.1439 -0.4374 0.6541
0.1087 0.1709 -0.2099
0.0745 -0.0889 -0.2042
-0.7570 0.2670 -0.6126
-0.0226 0.0020 -0.6226
-0.3606 0.0306 -0.2934
0.0696 0.0454 -0.0422
0.0119 0.0029 -0.0215
-0.0147 -0.0666 0.4508
0.0738 -0.0173 -0.4821
-0.2172 0.0067 1.1396
-0.0813 0.0603 0.3956
0.6928 -0.3150 -0.3391
-0.1726 0.1379 0.4255
0.0003 0.0580 -0.0023
-0.1216 -0.1943 -0.1657
0.1789 0.2545 0.0547
-0.3683 0.5416 -0.9059
-0.0116 -0.0744 0.0326
-0.0877 0.2195 0.2143
0.2210 -0.2301 -0.1387
0.6189 0.0934 0.1048
-0.3629 -0.7682 0.7083
0.8210 0.3223 0.3257
-0.1884 0.0013 0.1100
0.2267 0.0194 0.7915
0.1629 -0.1452 0.0989
0.1790 0.4945 -0.5693
0.3627 0.0646 -0.0376
-0.6854 -0.0373 -0.8229
0.7454 0.2110 -0.7509
-0.2147 0.2891 1.1414
-0.5671 -0.1208 -0.0735
0.9116 0.5920 -0.3413
0.1534 0.4254 1.0938
0.2375 0.0568 0.9678
-0.2020 0.2647 0.2981
0.4367 0.1531 -0.2122
-0.0908 -0.0978 0.1629
-0.2566 -0.2627 0.2560
-0.2250 -0.8501 0.4760
-0.0351 -0.0681 -0.7841
0.4142 0.1675 0.5519
0.2644 0.1664 -0.0573
0.6237 0.5891 0.2905
0.0020 0.0220 -0.5188
-0.2761 0.2059 0.4055
0.6157 -0.5607 -0.6896
-0.6689 -0.8886 -0.1539
0.0184 -0.0036 -0.0601
0.4898 -0.0497 0.8667
-0.0109 0.1739 1.1412
-0.5015 -0.1131 -0.9677
-0.2048 -0.1827 -0.0283
-0.0167 -0.4177 -0.9582
0.8757 0.3048 0.2826
0.1880 -0.0927 -0.0120
0.1118 -0.0318 -0.3526
0.0666 0.0911 0.0592
-0.0096 0.0935 0.5022
-0.7035 -0.7042 -0.5168
-0.0144 -0.0418 -0.4884
-0.2517 -0.0159 0.2948
0.0599 0.0308 -0.0248
-0.0673 0.0366 -0.3258
0.2982 -0.3358 0.4919
-0.0428 -0.2303 -0.0101
-0.3606 0.3308 -0.1305
0.3811 0.1031 0.4250
0.0265 -0.2106 0.3309
-0.2557 0.0103 1.0709
0.0045 0.0589 0.5403
-0.4045 -0.1458 0.6246
0.0280 -0.0136 0.0471
-0.0280 -0.1738 -0.7725
0.2469 0.6574 0.2706
-0.8981 0.1307 0.1516
0.1572 -0.1570 0.1282
0.0281 -0.0409 -0.0337
-0.0271 0.0133 -0.0224
0.0552 0.1267 -0.4226
-0.3675 0.1281 -0.5942
0.6745 0.4225 0.0981
0.0569 -0.1825 0.8498
-0.5794 0.7631 -0.2332
-0.0844 0.0301 -0.0784
-0.0663 0.0288 -0.7415
0.3227 -0.1758 1.1021
0.0235 -0.0243 0.0303
0.7572 0.7347 -0.3553
-0.3288 0.1278 -0.7464
-0.0477 -0.0196 -0.3931
-0.0157 -0.0038 -0.0357
-0.7076 0.4823 -0.0564
-0.4220 -0.2869 0.2422
0.1278 0.4044 0.9848
-0.9714 -0.1611 0.5170
0.3003 -0.2592 -0.5113
-0.0039 0.0008 -0.0537
-0.1185 0.1582 0.7331
0.3364 0.3979 -0.5380
0.1151 0.3153 0.3647
0.0168 0.0006 1.1362
0.1752 0.5002 -0.4814
0.4988 -0.2067 -0.6524
-0.0026 0.0121 0.3897
0.5661 -0.4259 0.4579
-1.0081 0.0581 -0.0339
0.6495 0.6098 0.1750
0.0012 -0.2444 0.6948
-0.0991 0.0998 0.8813
-0.3775 0.2057 -1.0387
0.6188 -0.2820 -0.1059
0.1921 -0.1771 0.5826
-0.0842 -0.0733 -0.6549
-0.1505 0.0921 0.1621
-0.0052 -0.0085 0.0069
0.7017 -0.5692 -0.7616
0.0434 0.0017 -0.3069
-0.1133 -0.1098 -0.0865
0.4226 -0.2527 -0.8215
-0.0504 0.0452 0.9165
0.0100 0.3051 -0.2132
-0.1700 0.5282 0.4858
-0.7356 -0.6055 -0.2482
0.0054 -0.0137 0.0537
-1.0642 0.0182 0.4113
-0.0610 0.0322 0.2875
-0.0213 0.0145 -0.0159
-0.0749 0.0708 -0.3464
0.0013 0.0549 -0.1125
-0.0831 0.0346 0.9076
-0.0401 0.3268 -0.5989
0.0302 -0.1355 -0.1387
0.1557 0.0831 0.1417
-0.3638 -0.1341 0.0061
0.1428 -0.0226 0.0472
0.9239 0.6469 0.3155
0.4729 -0.6973 -0.6850
0.0833 0.0437 0.1314
0.0787 -0.2116 -0.5494
0.1299 0.0497 -1.0413
-0.1906 0.1708 -1.0263
0.0311 -0.0014 0.2898
0.7355 0.1976 0.4385
0.2246 0.3969 0.6283
-0.0008 0.1034 0.9816
-0.0189 0.0015 0.0235
-0.0556 -0.1656 0.7160
-0.0586 -0.0246 0.8467
-0.6319 -0.7813 -0.0985
0.2989 0.3355 0.4601
-0.6615 0.1040 0.6765
-0.3471 0.3604 0.4303
0.1420 -0.2435 1.0541
0.0404 -0.2989 -0.1234
0.0463 0.0494 0.6079
0.6867 0.4949 0.1112
0.0471 0.0278 0.0601
-0.2550 -0.5790 0.9922
0.1045 0.4341 0.0093
0.2772 -0.2399 0.5891
-0.6140 -0.0824 0.2683
0.9757 -0.0031 0.0115
-0.2860 -0.0349 -0.1586
0.0784 0.1103 -1.0166
0.0709 -0.0205 -0.0675
-0.0079 0.0659 -0.3851
0.5998 -0.1633 -0.6785
0.5226 -0.7544 0.1550
-0.0973 -0.0701 -0.2562
-0.0085 -0.1324 0.5734
0.0283 -0.1671 -0.2924
-0.0106 -0.5083 0.2504
-0.2447 -0.0388 -0.0095
-0.4767 -0.0779 -0.7990
0.0329 0.0882 1.1578
0.3087 0.2986 0.6781
0.8069 -0.0654 -0.1182
-0.0882 -0.0173 -0.3212
0.1325 -0.1231 -0.4284
0.0016 -0.0009 -0.7030
0.0329 -0.0189 -0.0445
0.1541 -0.3018 0.6394
0.6034 0.8969 0.1482
0.4225 -0.1027 0.0473
0.5765 0.2872 -0.7436
0.5833 0.2863 -0.5638
-0.0731 0.1067 -0.1258
0.1099 -0.0245 0.3403
-0.1366 -0.1268 0.0471
0.3492 0.1084 0.0787
0.4035 -0.4990 0.3255
0.4707 0.0213 -0.0925
0.3094 0.1848 0.0132
-0.0780 0.0314 0.2404
-0.0265 -0.0383 -0.7760
0.2739 -0.1237 -0.2326
-0.3489 -0.6275 0.0556
0.0553 -0.1383 0.1200
-0.0547 0.3985 -0.1189
-0.5374 0.6049 -0.2063
0.3403 -0.1340 0.6699
0.0129 -0.0197 -0.0067
-0.2004 0.0260 0.3238
0.2429 0.1061 -0.4370
0.2085 0.0910 -0.1225
-0.1002 0.4511 0.8890
-0.5548 0.2358 -0.9826
0.1763 0.0903 0.8063
-0.0329 -0.0900 -0.3394
-0.3970 0.6635 -0.7400
-0.7895 0.1212 0.0505
0.4255 0.2433 0.1412
0.9183 -0.5216 0.1744
-0.3315 -0.3555 0.1997
0.2120 -0.1224 -0.4573
-0.1537 -0.0028 -0.1419
0.2678 0.4683 -0.0618
-0.0553 -0.0364 0.5608
-0.2373 0.7386 -0.8063
-0.1625 -0.1092 1.1313
0.2297 0.9333 0.0583
0.0654 0.0684 -0.1687
-0.0979 -0.4697 0.6325
0.3125 0.7647 0.0466
0.4790 0.3935 0.4902
0.3908 -0.4834 -0.7695
0.1641 0.3631 0.5814
-0.0348 0.0071 -0.6678
-0.0390 -0.9806 0.3086
-0.1245 0.0651 0.0902
0.2591 -0.4735 0.3728
-0.6118 -0.3073 -0.5978
0.0528 0.0430 0.4844
0.0769 -0.1079 -0.0252
0.0201 -0.0265 -0.5211
0.0154 0.0583 -0.0940
0.0077 -0.0198 0.1212
-0.1045 -0.3028 -0.9407
-0.2714 0.4633 -0.6819
0.6428 -0.0686 -0.6827
0.0497 0.1888 -0.7828
-0.1244 0.3801 -0.1938
-0.0587 0.1299 -0.0940
0.1378 0.0661 0.1243
-0.2915 1.0199 0.3917
0.1410 -0.1670 -0.5573
0.0156 -0.1109 0.4165
0.0656 -0.3485 -0.1416
-0.7246 0.0293 0.5011
-0.4665 -0.0314 -0.5682
-0.0983 0.0714 0.5699
-0.2752 -0.2777 0.0486
-0.0331 -0.1211 -0.3472
0.3189 -0.4579 -0.1787
-0.5003 0.1793 -1.0349
0.2662 0.3328 0.0220
0.7111 -0.1024 -0.0357
0.0905 -0.2350 0.3114
-0.7630 -0.3068 -0.5717
0.0971 -0.2560 -0.0573
0.2171 -0.2553 0.2876
0.0031 0.1978 -0.0276
0.0096 0.1093 0.3002
0.4238 -0.7432 -0.2695
0.0067 -0.0641 0.5736
0.3189 0.0528 -0.8512
-0.2207 -0.6873 -0.5468
0.5155 0.5331 0.4050
-0.2599 -0.8740 -0.5804
0.5794 -0.0488 0.5828
0.1218 -0.0274 0.1124
0.0838 -0.0852 -0.0376
