0.3380 0.5489 -0.2944
0.0503 -0.4203 0.0795
-0.0101 -0.6487 0.1040
-0.2537 0.3372 -0.8321
-0.2008 -0.4960 0.2698
-0.1115 0.3224 0.2413
0.0627 -0.6007 0.3972
0.6781 -0.6399 -0.4805
-0.6129 -0.8889 0.0278
0.0401 0.3167 -0.8025
0.2416 0.0342 0.7239
0.1019 -0.0316 0.2917
-0.0281 -0.1774 -0.4275
0.5509 0.0959 -0.3034
-0.4326 -0.5325 0.5338
-0.0538 0.1978 0.1572
-0.0195 -0.1313 0.6953
0.5369 0.0521 0.2202
0.2214 -0.2581 0.1960
-0.8797 0.4221 -0.1986
0.0232 0.0173 -0.0997
-0.1319 0.0423 -0.0563
-0.0075 0.0067 0.0708
0.0065 0.0498 0.0165
0.3440 0.1328 0.1525
-0.2068 0.1131 0.7703
0.1657 -0.1789 0.1198
-0.0099 0.2159 -0.0867
-0.0001 -0.0012 1.0638
0.7091 0.6258 -0.6119
