7.756088217232956494e-02 1.912969688126262280e-01
-2.151034205896393617e-02 -2.105913468940324718e-01
-2.918610264008595356e-01 7.093348856686884640e-02
-2.375898100325548636e-03 3.916699844139100994e-01
7.339390434113851613e-02 -1.537744939392348686e-01
-1.968189247726180591e-01 -3.796133805795372518e-01
2.411155711616704556e-01 8.992340485398245264e-02
3.071913286400654655e-02 -5.473466085443687845e-01
-1.451981910325276792e-01 -4.207325030995280879e-01
-3.966053508710130210e-03 6.058464596205737074e-03
1.015264894797133360e-02 6.701062390839255256e-01
-2.285982935209483757e-02 4.869652183795319389e-01
2.776308849109441756e-01 1.985057135237285608e-01
-5.352310361370583580e-01 -5.574324603173437254e-01
3.180281621097909295e-02 1.259749797533805254e-02
-5.034139680084799284e-01 3.069099699875933451e-01
-6.826551428963852086e-02 6.243092756604916999e-02
-4.867747730339253565e-01 2.611248135333670284e-01
-5.591896574350340154e-01 -2.854446942965498391e-01
-4.724355121428026189e-02 4.183526846265761545e-01
5.637334821836552656e-01 -3.432198262604073125e-01
-3.401090892395852161e-01 -3.664758581098279677e-01
-6.137601671659965730e-01 -3.953526144327002556e-01
-3.081208280255203630e-02 -4.209589030092450446e-02
1.057073522085838213e-01 3.349463914894044991e-02
-9.146625868750136723e-01 3.972524965588987711e-01
1.099500363283062998e-01 -3.563652200138305026e-02
-7.517592715601001396e-01 1.961096024683390004e-01
3.124914692353616963e-01 -3.665832817163188206e-01
6.091752685896428821e-01 5.321321374458222175e-01
1.348706922486658244e-01 1.199590156380270917e-01
-7.542864853598382213e-01 9.481769969952920374e-02
2.844493233314453889e-02 2.376650806105961179e-03
4.465764235202779875e-01 -6.078637530852275539e-01
9.228152907388594839e-01 6.976876882075609687e-02
1.108569010271084482e-01 5.124896870866574305e-01
2.410539251647021708e-01 3.696258034447490459e-01
-2.249867548689984953e-02 -2.746680483903194206e-02
-6.111146445948509864e-01 8.914829600467082116e-02
7.680238582049657703e-01 -3.440599054688018299e-01
9.618603894642485663e-02 -3.674231143666874949e-02
-3.270333091101451095e-01 9.161403213097080167e-02
-1.269849449086437876e-01 5.425865277457004865e-01
1.772540685454826459e-02 1.683801386476692918e-01
-1.938559779281231743e-01 -8.314355790709581084e-01
6.451718125726176034e-02 -5.473483022921763474e-01
-7.765901647588698831e-01 -4.177470160904362545e-02
-5.845626225018812905e-01 -6.825691559349152115e-02
2.105180326170405514e-02 7.236578133874686791e-02
-2.454348175121470396e-02 -1.215570185981305548e-02
4.952008488101109940e+00 1.542797575187358772e-01
4.612227935143200064e+00 -7.202838915050316371e-02
5.301971588374035704e+00 1.948906991826160895e-01
4.766097568931698447e+00 -4.010564326852953942e-01
5.525907778123864134e+00 4.679148474630774324e-01
4.281354571650281216e+00 2.182777396221605715e-01
4.658290678543294483e+00 -3.333911402400149826e-01
5.202260372391019239e+00 3.424232524060679683e-01
5.914936332433329724e+00 -8.130980947132444847e-02
4.936757206144465115e+00 -6.549813276098577219e-01
4.556906777769087036e+00 1.083677692141302683e-02
4.224908246434942782e+00 4.815577619060540937e-01
4.634335192852482521e+00 -6.983728084312176287e-01
5.028230201255976084e+00 2.033259568872387291e-01
5.037449999571735226e+00 -2.609295672825704404e-01
5.442270814976349236e+00 -5.617584406407573061e-01
4.852603130955470689e+00 -2.414883592811897517e-01
5.489108965242713190e+00 2.913308021745464882e-01
5.026640243251312867e+00 -7.566304196552497974e-02
5.926045040826131149e+00 -1.054335044412755829e-01
5.067717495352576762e+00 3.356518709994706084e-02
5.498733482928079397e+00 -4.565211115805645203e-01
4.993182148258815900e+00 -1.685745002061880826e-01
5.314533889983637849e+00 -1.879354748836453148e-01
4.444262328546907170e+00 -7.121839567067748122e-01
5.332264125672041999e+00 -2.674635797098537382e-01
5.550612291033688805e+00 1.272380597247156631e-01
5.218624816213791817e+00 1.186425156734083053e-01
5.378372211023634719e+00 1.820226186000764856e-01
5.012181325013163047e+00 2.201509323821360387e-01
5.119703219368135549e+00 -8.303441039488886066e-02
4.412850794739294535e+00 -1.138417747287343990e-01
5.536474954783611402e+00 -6.179529800215861624e-01
4.803498466715889315e+00 -8.936621669536396473e-01
5.001194581229050584e+00 -1.538383013376138459e-03
5.446262115899146217e+00 7.395037419721955940e-01
4.456984531808664940e+00 -1.023638414226371030e-01
5.550410102292202552e+00 -7.135639603079836357e-01
5.000854745942047153e+00 -1.806146836501633379e-03
5.050779618898094903e+00 3.865349827507355007e-01
5.181132154683966817e+00 2.219516449000062397e-01
5.136686244469697904e+00 -1.723638509739824631e-01
4.950628666654160348e+00 -7.216068998048396077e-01
4.358606990898614697e+00 4.559018380686036265e-01
4.715488164687021033e+00 -6.621691953810826536e-01
4.603820859492736339e+00 -8.867622031852614439e-01
5.292177183749135594e+00 7.065436545919878686e-01
5.050883240574687960e+00 -5.385188425112902993e-02
5.378529896619188122e+00 -3.928273636136860730e-02
4.891308250250085976e+00 -8.114589131786109633e-01
