0.0029 -0.0291 0.6905
0.1720 0.2632 0.2280
0.3038 0.0296 0.5497
-0.1177 0.1128 1.6191
0.3794 -0.2403 -0.3544
-0.0012 0.0036 -0.0668
-0.1356 0.3837 0.6241
0.0990 -0.5539 0.2652
-0.0383 0.0822 -0.2836
-0.0362 0.0356 0.0752
-0.0257 0.0611 -0.1000
-0.0599 -0.1927 0.0669
-0.0444 0.4270 0.4745
0.3315 0.0060 0.4058
0.0000 0.0017 0.0931
0.2320 -0.3613 0.0841
0.7434 -0.3988 -0.3607
0.0284 -0.0415 0.7798
0.1798 0.6932 -0.5578
0.1069 0.1696 -0.0349
4.3216 -0.2167 -0.1726
4.5964 0.3119 0.1467
4.4810 0.0175 -0.0723
4.1510 0.7031 0.3825
5.3094 -0.3917 -0.0245
4.5223 0.0688 -0.1635
4.6170 0.2916 -0.0939
3.9442 0.0800 0.7947
4.6462 0.3648 -0.1943
4.4467 0.4013 -0.2907
5.1961 2.6935 1.8796
4.5483 -0.3630 -0.2455
4.2666 0.0640 -0.2093
4.3766 -0.5351 0.3804
4.4226 -0.0158 -0.7994
4.0923 -0.3292 -1.2302
4.9509 0.2532 -0.4280
3.3507 -3.0434 1.0507
4.4884 0.0238 -0.0131
3.9766 0.7492 0.2293
