-0.3204 -0.2862
-0.7610 0.5157
-0.0128 0.5160
-0.4572 0.8006
0.0028 0.6959
0.0804 0.0003
-0.0729 0.1610
-0.1658 -0.7829
-0.5458 0.2112
0.5738 0.6401
-0.1389 0.5450
0.8785 -0.0812
0.0971 -0.9150
-0.2474 0.4404
0.0020 0.0016
0.3177 -0.6972
0.0010 -0.1348
-0.5807 0.3361
0.4241 -0.4104
-0.7020 -0.4750
0.3105 -0.8044
-0.3477 -0.3139
0.2777 -0.0423
0.5119 0.4483
-0.4692 -0.7563
-0.7898 0.4620
0.8582 0.2861
0.2919 -0.4982
-0.4871 -0.7300
0.2053 -0.1950
0.0047 0.0359
-0.4871 -0.0615
-0.0062 -0.4306
-0.1399 0.0224
0.1042 -0.5662
-0.6428 -0.7505
-0.2858 -0.5490
0.5000 -0.3408
0.7903 -0.1234
-0.0439 -0.6762
-0.0189 -0.1426
-0.0891 -0.1016
0.0442 0.7825
-0.0023 -0.0422
-0.0126 0.0010
-0.0072 0.4155
-0.1139 -0.5185
0.2161 -0.7038
0.1476 -0.0911
-0.7076 -0.2346
