-0.0397 -0.0113 0.0533
-0.6546 -0.2785 1.6669
0.8104 -0.1597 0.1843
-0.1792 0.0886 0.4132
0.5501 0.7727 0.0114
0.6932 -0.3160 0.3246
-0.1687 0.6003 0.0894
0.6015 0.3668 -0.4720
-0.0179 0.0100 0.0596
-0.0165 0.0637 0.0124
-0.0937 -0.1092 -0.2609
0.2485 0.1029 -0.2041
0.6420 0.1947 0.1233
0.0845 0.0882 0.1222
0.3242 -0.2294 -0.8149
-0.6483 0.1491 -0.5298
-0.0837 0.0781 1.5596
0.2602 0.4171 -0.4841
-0.0330 -0.1329 -0.3597
0.5190 0.2585 0.4392
0.3658 0.4287 0.4458
-0.0135 0.0006 -0.6134
0.1335 -0.0189 -0.6179
0.0275 -0.1550 -0.2155
-0.0368 0.0362 -0.2557
0.5525 0.6739 -0.8708
-0.2930 0.7639 -0.1959
0.3383 0.2752 0.6262
-0.5671 0.3768 0.6195
-0.0591 -0.0402 -0.2492
0.9544 -0.4458 -0.5093
-0.0039 1.8241 -0.8446
-0.1957 0.2033 0.4321
0.2942 -0.5799 -0.3602
-1.5094 -0.0508 0.7447
0.1960 0.4307 -0.4098
-0.0130 0.0395 0.0071
-0.6108 0.4658 -0.4443
0.3292 0.4148 -0.8005
0.4556 0.6867 -0.4337
-0.0018 0.0545 0.0440
-0.1357 0.6174 -1.1541
-0.6258 0.1074 -0.1635
0.0379 0.1738 0.0243
-0.2743 -0.3626 0.3345
-0.1576 0.2653 0.2866
0.1535 -0.2939 0.2154
-0.1507 0.2413 0.4420
0.1611 0.7093 0.2403
-0.0039 0.0079 0.2995
-0.5206 0.4933 0.4704
-0.2054 -0.1369 0.1292
0.0004 -0.0008 -0.0740
0.0348 0.0198 0.7858
0.0732 -0.4174 -0.3415
0.3744 0.1782 -0.7727
0.3947 0.7864 0.3550
-0.0050 -0.0071 -0.0191
-0.0183 -0.1210 0.0805
-0.3957 0.2873 0.5245
0.7880 -1.2391 1.0391
-1.1208 0.2478 0.1820
0.0652 -0.8779 0.0864
-0.0034 -0.0101 0.3161
-0.0286 -0.0938 0.1567
0.0249 -0.0529 -0.2398
0.1342 -0.8014 -0.0219
0.3216 -0.1590 0.1459
-0.1012 -0.1625 -0.2866
-0.3226 -0.6516 0.1095
-0.0277 0.0044 -0.3495
-0.4218 0.1981 -0.5449
-0.1064 0.0374 -0.0900
0.1496 0.0750 -0.1775
0.3084 0.0475 -0.2258
-0.0971 -0.2016 -1.4256
0.0289 0.3142 -0.1424
-0.8573 -0.1280 -0.0188
0.3396 0.3306 -0.2282
0.0506 -0.0125 -0.6887
-0.0222 -0.0396 0.0152
0.2984 -0.1606 0.3947
-0.0246 0.0979 -0.3990
0.3740 -0.2828 0.1969
0.0145 0.0224 -0.1261
-0.0291 -0.2291 0.2254
-0.2057 0.0494 0.1042
-0.0481 -0.4715 0.6860
0.4509 0.3878 -0.1142
0.3823 0.0148 0.1440
-0.0395 -0.1659 0.2213
-0.0028 0.1046 0.0550
-0.3167 -0.2284 0.4450
0.3019 -0.0887 0.4406
0.0807 -0.1133 0.0824
0.3143 0.1088 0.1549
0.2471 -0.1881 -0.6100
0.2864 0.0050 0.7800
-0.1644 0.2570 -0.4673
0.0708 0.0655 -0.3274
