-0.5245 -0.1051
-0.0045 0.0022
-0.1603 0.2431
0.6852 0.4722
0.7037 0.2884
-0.3078 -0.0682
0.1713 0.2444
0.2686 0.2800
-0.2498 0.4264
0.4695 -0.4179
0.5282 0.1783
0.2878 0.2030
0.1729 0.3206
0.2379 -1.0552
-0.9071 0.0807
-0.0791 -0.0094
0.1280 -0.6031
-0.7174 0.8993
-0.0402 0.1190
0.1527 0.7106
2.4599 0.6800
2.5722 0.5648
2.3386 0.3288
0.8805 -0.2181
1.3656 -0.3663
2.1576 -0.0661
1.9814 -0.0591
0.9875 0.5161
2.3022 0.6099
1.9064 0.3805
1.0437 0.0770
2.8578 -0.0463
2.1712 -0.1900
1.9905 0.0191
2.4172 -0.5009
0.8829 0.0948
2.1290 1.1602
1.2978 0.5070
1.7963 0.4915
1.8582 0.4600
