-0.0583 -1.8460 -1.1905
0.1051 0.1498 -0.2661
-0.2745 -0.4815 -0.0427
-0.8358 0.2555 0.6440
-0.0330 -0.2160 -0.5158
0.0801 -0.1115 1.3836
0.4411 -0.4545 -0.0179
1.3668 -1.3223 -0.2475
-0.0686 0.0611 0.3662
0.6709 0.0284 0.1612
-0.8034 0.0458 -0.4549
-0.0532 -0.2420 0.2436
-0.0941 0.5686 0.2895
0.2371 0.7865 0.0513
-0.0000 0.1923 0.1640
1.4059 0.8331 -1.3538
0.3104 -0.1155 -0.0499
0.1069 0.1191 -0.1021
-0.0064 0.0212 0.7805
0.4567 0.0414 -0.0737
0.0276 0.0148 -2.0650
-0.0028 -0.0003 0.0327
0.0842 0.0239 -0.0185
-0.0364 0.0729 0.5875
0.4351 0.1568 0.1960
0.0453 -0.0043 0.1383
-0.2940 0.5324 0.1806
0.5505 -0.3232 1.1413
0.2361 -0.1386 0.0484
-1.0374 0.7560 0.8164
-0.2933 0.9259 -1.2785
-0.5590 -0.2298 1.7390
-0.0026 -0.0062 0.0468
0.1572 0.1431 1.4485
0.2999 0.0358 0.2123
0.0206 0.0263 0.1332
0.2855 -0.1576 0.3309
0.0702 0.6636 -0.1266
1.1824 0.4467 -1.5969
0.0601 -0.0410 -0.5664
0.3139 0.6365 0.3676
-0.4850 -0.9265 0.7837
-0.0050 0.0027 0.0836
0.1621 -0.0592 -0.1161
-0.1401 -0.4180 -0.3792
-0.2657 0.1647 0.3066
0.4633 -0.7210 0.0773
0.6522 0.2550 0.2882
0.1472 0.0422 -0.9792
0.0994 0.0859 2.1149
-0.0761 -0.0948 -0.5063
0.1476 -0.1397 0.0045
0.0811 0.7982 -0.1035
0.0378 0.0384 0.0007
0.1158 0.1845 -0.2986
-0.0885 -0.0214 -0.4693
-0.0059 0.5702 -0.6499
-1.4273 0.1003 -0.2900
0.3177 -0.3381 -0.3705
-0.0741 0.0363 -0.1242
-0.0017 0.0504 0.2163
-0.0982 0.1527 0.0246
0.6354 0.1347 0.4035
-0.0703 -0.1909 -0.6008
-0.0693 -0.1508 -0.0430
0.9303 1.7007 -0.7029
-0.0304 -0.0171 -0.8421
-0.4187 0.0667 0.3084
-0.6200 -0.2737 0.0786
-0.2577 0.1499 0.0655
0.2808 -0.8206 0.1682
0.7075 0.4465 0.6466
-0.1696 0.8736 -0.3511
-0.0413 0.0797 0.2911
0.7237 -0.1994 -0.0052
-0.7382 1.8782 -0.6517
0.2025 -0.1639 0.8798
-0.2844 0.6706 0.2772
-0.0915 0.0299 0.0155
0.3691 0.5183 0.5680
-0.0047 -0.0361 -0.0097
-0.2768 0.5509 1.8519
-0.7513 0.0873 -0.1391
0.4661 -0.3968 -0.4406
-0.6132 -0.5893 -0.2579
0.1127 -0.2968 0.0374
-0.0484 0.1103 -0.8097
0.0861 -0.0172 0.1239
0.2853 0.5199 -0.5860
-0.0333 -0.0833 -0.5196
0.0240 0.0089 -0.0268
-0.0411 -0.0186 -0.0155
0.4788 0.2252 -0.4761
-0.1465 -0.0429 0.3388
-0.2637 -0.3412 1.4907
-0.0100 -0.0013 -0.0415
-0.0017 -0.3216 -0.2491
-0.1435 -0.0801 -0.1098
-0.5571 0.1415 -0.0256
-1.6181 -1.1963 0.1906
0.1048 -0.0523 0.1654
-0.0622 -0.2992 -0.0107
-0.1536 -0.0648 0.5681
0.4027 0.0166 -0.7547
0.0066 -0.0104 -0.0037
-0.1340 0.1363 -0.3841
-0.0143 0.0490 0.0289
0.1760 -0.2626 0.2932
-0.2083 0.2135 0.2799
0.2489 0.0351 0.2727
0.3772 0.5132 0.2661
0.0777 -0.2660 -0.1635
-0.1478 0.1761 -1.4535
-0.7138 0.0403 -0.2156
0.0496 0.4502 -0.2061
0.2371 -0.2043 -0.6062
-0.2326 0.0121 0.2098
0.0563 0.0944 0.3463
0.0306 0.0627 0.7871
0.0582 0.0079 -0.2332
0.1801 0.0805 -0.5374
-0.0006 -0.0007 -0.0019
0.0318 0.5217 0.1662
0.0874 0.0514 0.0655
-0.0001 0.0003 -0.0020
0.1120 0.0006 -0.0774
-0.4423 0.0085 -0.2196
-0.3181 0.1089 0.7703
-0.4625 0.0389 0.4083
-0.0166 -0.0476 -1.4302
0.3297 -0.4493 -1.4626
-0.7814 0.7838 0.1697
0.0968 -1.4454 -0.6558
-1.0313 -0.2191 -0.5293
-0.1017 0.1149 -0.1486
0.0631 -0.0854 -0.3059
0.1970 -0.0447 -1.2713
-0.1596 -0.1323 0.7298
0.5627 0.1407 1.8949
0.0939 0.0164 -0.5515
0.0207 -0.0517 -0.2712
0.2831 0.2191 0.4000
-0.0995 -0.0404 0.3365
-0.3139 -0.5381 -0.6760
0.2865 -0.0762 0.2195
0.2090 0.5298 1.4498
0.0475 -0.1813 0.0011
0.3795 0.6552 -1.6812
-0.0901 -0.1320 -0.1044
-0.2010 -0.2890 0.2869
-0.0002 -0.0008 0.0447
-0.0290 0.0152 0.1376
0.1093 0.1619 0.0324
0.7706 -0.0057 0.0555
-0.5514 0.1598 0.1909
0.0862 0.0079 -0.0170
0.0451 -0.0072 0.0649
-0.0496 -0.2462 -0.8548
-0.4213 0.2669 2.0840
-0.0036 -0.0308 -0.0054
-0.1074 -0.0558 -0.2553
-0.0304 -0.3499 0.5783
0.1098 0.0467 0.3211
-0.4260 0.5403 -0.3853
-0.2790 0.1502 -0.4623
-0.0058 -0.0063 0.0948
0.3719 -0.0605 0.0729
-0.2570 -0.4976 -0.4533
-0.0039 0.0201 0.1625
-1.1223 0.8095 -1.5799
-0.2476 0.1504 -0.0149
-0.1358 -0.2719 -0.1098
0.3275 -0.3632 -0.5456
0.0319 -0.0736 0.0415
-0.3199 0.5985 0.0490
-0.0470 -0.0728 -0.3188
0.0746 -0.4575 0.5296
0.0451 0.0581 -0.3154
0.8679 -0.3677 0.2375
0.0646 0.0857 0.0826
-0.0197 -0.0128 0.0299
0.0788 0.1679 -0.0922
0.0917 -0.4703 1.3873
-0.0599 0.0341 -0.6239
0.0804 0.9125 0.0844
-0.1511 -0.0837 0.2288
0.0013 -0.0391 0.3180
0.0041 0.0429 0.0542
0.0335 -0.1528 -0.0646
0.2730 0.0247 0.8040
-0.0063 -0.0554 0.0734
-0.0041 -0.1159 1.7092
-0.2241 -0.1575 -0.0982
0.3765 0.0474 0.2547
-0.2016 -0.0749 -0.0813
-0.5812 -0.4482 -0.2947
-0.0030 0.0075 -0.0202
-0.0002 0.2634 -0.1119
0.0266 0.0286 -0.0997
-1.0559 -0.6888 0.3314
1.6142 1.1397 0.7267
0.1335 0.0512 -0.0128
-0.6252 0.4105 0.6094
0.1804 -0.0045 -0.2985
0.1759 0.0742 0.2383
-0.0376 0.0540 0.3110
0.0792 0.0797 -0.5301
-0.0395 -0.0864 0.7981
0.1433 0.6300 -0.0065
-0.0354 0.0272 -0.0888
-0.0152 -0.1816 -0.1984
1.0595 0.6444 0.9132
-0.3439 -0.0441 0.0782
0.0564 -0.0269 -0.5264
-0.2505 -0.2338 0.2268
0.0472 -0.1306 0.4791
-0.0598 -0.2017 -0.9170
-0.0125 0.1372 -0.2631
0.2666 -0.1164 -0.3735
-0.3796 0.0808 0.3758
0.2369 -0.2652 -0.1885
-0.4932 -0.1533 -0.5166
-0.4670 0.5633 -0.2700
0.0225 0.0292 0.0058
0.0001 -0.2990 -0.1582
0.0089 -1.1047 0.6627
0.2484 0.1140 -0.3646
-0.0719 -0.0074 0.0597
-0.0039 0.0038 0.0033
-0.0045 -0.0118 -0.2595
-0.0101 -0.2899 -0.7733
-0.1032 0.0620 0.0500
-0.4728 -0.6305 1.0379
-0.2923 -0.5768 -0.0655
0.3525 -0.4426 -0.1973
-0.1139 0.0474 0.0507
-0.0007 -0.0776 0.2574
-0.1151 -0.2106 0.3938
0.4615 -0.2799 0.2448
0.0328 0.5621 -0.2027
0.5948 1.5056 -1.0774
0.5727 -0.2670 0.2102
-0.0246 -0.0188 -0.0271
0.2019 -0.0670 -0.3599
0.2648 -0.1592 0.0004
0.1539 -0.2737 0.3073
-0.0013 0.4257 -0.3132
-0.0628 -0.0301 -0.6199
-0.1026 0.0822 -0.5634
-0.7149 -0.0269 -0.4912
2.9594 0.2738 0.4519
3.4065 -0.3995 2.0252
2.6546 -0.1181 -0.0791
3.0095 0.0069 -0.0016
2.9514 -0.0317 0.0730
3.1953 -0.2615 0.0039
2.9420 -0.0301 0.1485
3.3428 0.4416 0.4330
2.8713 0.0168 -0.0015
2.9684 -0.3430 0.2253
2.9522 0.7030 -0.4193
3.1339 0.3657 0.2670
2.9366 0.0453 0.3623
2.9124 0.2455 0.2164
2.9327 0.0217 -0.1574
2.9672 -0.0116 0.3195
2.6912 0.1731 -0.5618
2.9447 0.1418 -0.6142
3.0247 0.0226 -0.0487
3.1656 0.0600 0.2276
2.7779 0.0760 0.1010
2.9918 0.0017 -0.0015
2.8998 0.2030 0.1598
2.9128 0.0202 -0.9011
2.9581 0.2062 -0.1264
3.0252 0.0211 0.5347
2.4265 -0.5567 -0.5956
3.1453 -0.1061 0.1371
3.1599 -0.0167 -0.1691
2.6289 0.1710 0.1218
3.5268 0.2086 -0.3293
2.9578 -0.0957 0.2543
2.9725 -0.0024 0.2812
2.8781 -0.3594 -0.7225
3.0207 0.0443 -1.6961
3.7689 0.7312 1.6679
2.5506 -0.1004 1.8593
3.1842 0.7048 1.6908
2.8238 -0.3299 -1.6011
3.1331 -0.1454 0.1865
3.2333 0.0142 0.0456
2.8053 -0.0181 -0.0763
3.0135 0.2086 -0.2160
2.9323 -0.6408 2.0726
3.1513 0.6496 -0.0413
3.0646 -0.7691 -0.2511
3.0496 0.2187 -0.2683
2.0493 0.0521 0.2074
2.3363 -0.3697 0.1711
3.1745 0.4077 -0.7697
3.0942 -0.0605 -0.8801
3.5781 0.0449 -0.0633
2.8611 -0.8732 -0.1569
3.0090 0.0311 -0.3172
2.8166 0.0139 0.0956
2.9261 -0.2963 -0.0363
3.0156 -0.0186 -0.7452
3.0074 0.0059 0.0787
2.9710 -0.0211 0.1150
3.0876 0.0120 -0.4826
3.2822 0.1671 -0.9404
3.0707 -0.0911 -0.4226
3.1118 0.0029 -0.1754
1.9576 0.6458 1.4010
2.9940 -0.0021 0.0200
3.0153 -0.0150 0.1430
2.9444 0.4228 -0.1720
2.2350 -0.4947 0.1404
3.1214 -0.5123 -0.2927
2.9607 0.1297 0.1550
3.2266 -0.5889 -0.4666
3.0447 0.0155 0.1603
2.7381 -0.0469 -0.2231
2.5611 -0.6871 0.3687
3.3492 0.5675 -0.0698
2.8758 -0.0450 0.1687
3.0876 0.0300 0.2605
3.5095 -0.7497 -0.3999
3.0488 -0.0476 -0.0409
3.0046 0.0205 -0.0100
3.0351 -0.3411 -0.6693
3.0844 0.0507 0.7337
3.4946 0.0904 0.3592
2.5243 -0.3299 -0.7381
2.7956 0.1825 -0.2674
2.9173 -0.1253 0.2627
2.7970 0.0123 -0.8815
2.5606 0.4420 0.0627
2.3346 -0.0648 0.9221
3.3878 -0.0473 0.3855
2.9360 0.2146 0.4066
2.9796 0.0053 1.9236
2.7212 -0.6158 0.5191
3.1445 0.3009 -0.0245
3.1441 0.1542 -0.2585
3.7293 1.8357 -0.4644
3.0867 -0.1358 0.0755
2.9964 0.0027 -0.0023
2.9690 0.0002 -0.6419
2.9282 0.0746 -0.5786
3.3199 -0.2056 -0.6688
2.5789 -0.1219 0.0218
2.9939 0.0057 -0.0651
3.0403 -0.1080 -0.1584
3.2920 0.3397 -0.6795
1.8257 -0.4397 -1.1509
3.1510 -0.7702 0.2106
2.9030 0.0130 -0.2822
3.4544 0.6645 -0.3400
3.1245 0.2294 -0.0543
3.2076 -0.5101 0.0341
2.8356 -0.0566 0.3315
3.0074 0.0007 0.0023
2.9937 0.0004 -0.5164
3.2498 0.1640 -0.7340
3.1118 -0.1791 -1.7337
3.2284 -0.0558 -0.3132
2.7692 0.1821 -0.2044
3.0271 0.1820 -0.7870
2.9322 0.0786 0.0188
3.0835 0.4214 -0.7781
3.1643 0.0585 0.3877
2.9845 0.1099 -1.7071
2.1656 -0.5278 -0.8291
3.3373 0.0674 0.0606
3.1778 -0.7742 0.0638
2.0941 0.2140 -0.0696
2.9101 -0.5531 0.3361
3.3606 -0.4586 -0.2989
1.2798 -1.1901 -0.5528
2.9629 -0.0517 0.3356
3.2127 -0.1893 -0.1152
3.2551 0.2061 0.1407
3.7420 1.3538 -1.4592
4.3668 -0.3973 0.5035
2.9546 -0.3300 -0.4810
1.0223 -0.7279 0.6109
2.9962 0.0123 0.0169
2.9309 -0.0210 0.2372
2.1878 -0.1795 -0.9404
2.4503 -0.4019 -0.8254
3.2613 -0.6904 0.5481
3.2932 0.9850 0.2186
3.4938 0.5316 -0.6235
3.4741 -0.3006 -0.7040
2.7704 1.0712 -1.2700
2.9250 0.0275 -0.5451
3.1084 0.2108 0.6359
3.2187 -0.4647 -0.1494
2.2975 0.0653 -0.2253
3.1105 -0.2474 0.5390
2.7989 0.0701 0.4414
2.8682 -0.4876 -0.5309
2.9350 0.0032 0.3107
3.0466 -0.1817 -0.8263
2.9984 -0.0038 -0.1520
2.8266 0.3481 0.6404
3.0872 -0.0871 -0.5209
3.5474 0.4342 0.0179
2.9705 0.0105 -0.1874
2.7374 -0.2617 -0.6467
3.4616 0.1480 -0.2660
3.1142 0.1677 -0.1299
3.8966 -0.1872 -1.0385
3.0075 -0.0378 0.1791
2.9811 -0.0290 -0.0026
3.1465 0.0379 0.6487
2.5845 -0.3793 1.3136
1.9661 -1.6062 0.1725
2.9210 -0.0057 0.8139
2.7249 -0.0507 -0.0830
2.9803 -0.5775 -1.9432
2.9999 -0.0286 -0.1501
3.0028 0.0038 0.0140
2.9874 0.0073 -0.0013
2.4421 -0.5315 -0.1557
2.9990 -0.0343 -0.0692
2.1982 0.3149 0.4218
2.9621 0.3692 -0.6841
2.9783 -0.0155 -0.1324
3.1483 -0.1825 -0.3698
3.0283 0.0050 0.0106
3.0028 0.1790 -0.5390
2.9131 -0.1019 -0.0718
3.0482 -0.0020 0.1527
3.0935 -0.0093 -0.2542
2.4541 -1.0603 -1.3949
3.2538 -0.6699 -0.1364
2.9604 0.1784 0.2938
2.7653 -0.5728 -2.0029
2.9204 0.0424 -0.2302
3.5128 -0.8426 -0.1504
2.9138 -0.3366 -0.3631
2.3417 -1.1357 -0.3075
3.2491 0.4780 -0.0909
3.1093 0.1039 -0.1096
3.0285 -0.0127 0.1503
2.7122 0.7467 -0.2401
3.1163 -0.1514 0.7106
2.3963 0.1676 -0.4580
3.0978 -0.4550 -0.1466
2.9067 0.0682 0.2484
2.7634 -0.0331 -0.9302
3.0176 0.0073 -0.0020
3.8150 -0.2996 -0.1663
2.3801 0.3612 -0.2022
3.0924 -0.3330 0.4524
3.1696 -0.1424 -0.1308
3.0017 0.0118 -0.1980
3.0069 -0.0087 -0.2705
3.0976 -0.0507 0.3065
3.0044 -0.0005 -0.0074
2.9979 0.1102 0.1063
3.0055 0.0171 -0.0041
3.4289 0.1572 0.7592
2.8574 0.1411 0.0375
2.9713 -0.0047 0.2733
3.2727 -0.1357 -0.1495
3.0973 0.0034 -0.0896
3.0721 0.2075 0.3370
2.9699 0.0375 -0.0948
3.0652 -0.2629 -0.9464
2.9478 -0.6198 -0.3040
3.3298 -0.2680 0.2650
3.0096 0.1325 0.0256
3.0227 0.0031 0.0233
2.6601 -0.0136 0.1104
3.0426 -0.2561 -0.3504
3.0036 -0.4413 0.8076
2.9551 -0.0404 -0.2748
3.1406 0.1754 -0.4102
2.9179 -0.0168 0.3275
4.2909 -0.3348 1.3184
3.0695 -0.1163 -0.0529
2.8965 0.2761 0.0971
3.1075 -0.3834 -0.0011
2.7275 -0.2538 0.5644
2.1994 -0.0781 -0.1995
2.8898 0.2687 0.1369
3.1344 -0.3476 -0.5904
2.8345 -0.0522 1.9606
2.9238 -0.0728 0.0928
3.4022 0.5069 0.5645
3.0148 0.1456 -0.5206
2.9931 0.3595 0.0176
3.0075 -0.0083 0.0704
3.1063 -0.1407 2.1613
2.8708 -0.1528 0.6454
2.9979 -0.0016 -0.3124
3.5921 0.7354 -1.3819
