-0.3759 -0.2767
0.1146 0.2042
0.3013 -1.2406
-0.0579 0.0675
-0.5895 0.5444
-0.1708 0.1767
0.5666 0.5625
0.6213 -0.1557
-0.0033 0.0037
-0.3313 1.5891
-0.0945 0.1672
-0.6141 0.7300
-0.0783 0.1798
-0.0725 0.8534
0.2464 -0.6373
-0.1545 -0.1085
-0.5349 1.7412
0.7027 0.0587
-0.4674 1.5938
0.2800 -0.5331
2.6495 0.7005
3.0176 0.8616
3.0005 0.7324
3.1953 0.0482
3.3778 -0.2463
1.7231 0.6636
3.3669 0.8208
3.5288 -0.2314
3.2432 -0.0137
2.5912 -1.4353
2.9663 0.0455
2.9642 0.9875
2.4132 0.4317
3.1000 0.4986
2.8272 -0.1782
2.3341 0.0624
2.4906 -0.4391
2.6485 -0.4011
3.5808 -0.5888
3.0528 -0.1150
