0.1345 0.3397 0.0015
-0.1025 -0.0413 0.7092
0.0197 -0.3417 0.2404
-0.2153 0.1343 -0.7198
-0.1206 -0.4172 -0.5756
-0.3927 -0.0757 -0.8667
-0.9315 0.2697 0.1986
0.3619 -0.3739 0.5395
-0.1067 -0.0410 -0.1043
-0.1259 -0.1232 0.3918
0.0888 -0.2455 -0.6435
0.2238 -0.0420 0.8372
-0.0068 0.0062 0.1395
0.0116 0.0284 -0.1563
-0.8102 -0.1554 0.1388
0.3461 -0.4778 0.3897
-0.0264 -0.2693 0.0357
-0.8601 0.3380 -0.1429
0.0971 -0.0254 -0.6466
0.3426 0.7152 0.2918
2.5774 -0.1588 0.0019
2.6714 -0.4481 0.2441
2.5460 0.3198 -0.2031
2.7954 0.1799 -0.3860
3.1474 -0.0844 0.0415
2.4658 -0.1869 0.3497
2.3650 0.1277 0.2706
2.9511 -0.0700 0.0039
2.4742 0.1223 -0.1424
2.5562 -0.0069 0.6959
2.5433 -0.1108 0.0671
2.7125 0.2157 0.3035
2.4822 -0.0228 0.1384
2.5008 -0.0003 -0.0060
2.0485 0.2620 -0.2715
2.3776 0.4810 -0.1660
2.4548 -0.0913 0.0859
2.5022 -0.2074 -0.1233
2.7961 -0.1651 0.1444
2.4957 0.0732 0.0329
