-0.0866 0.2722
-0.0696 0.1258
-1.2134 0.3048
-0.2907 -0.3881
-0.0637 0.1787
-0.2099 -0.4643
0.0028 -0.0049
0.6473 0.2302
-0.6335 -0.3984
0.2674 -0.6709
-0.8040 0.1111
-0.2804 0.1166
0.9924 1.4050
0.7959 -0.1267
-0.2978 0.2797
0.4751 -0.1572
-0.6868 -0.3243
0.8826 -0.0196
-0.3029 0.1371
-0.6349 -0.7322
-0.0085 -0.4682
-0.9330 -1.9115
0.1928 -0.2454
-0.0147 -0.1679
-0.0798 0.2571
2.7103 0.0706
2.3519 0.2333
2.5255 -0.5561
2.9828 0.0659
3.0071 0.4192
3.3998 0.3792
2.3444 0.3060
3.0523 -0.0314
2.5649 0.3719
4.1688 -1.8217
3.1839 0.3659
2.8273 0.0137
3.6500 0.6550
2.9261 -0.1341
2.6650 -0.1523
2.7358 0.1038
2.9556 -0.1795
2.4248 0.1914
3.0140 0.0662
1.9881 -1.1538
3.0567 0.0694
2.5615 0.2559
3.0332 0.3765
2.0916 0.2236
3.2082 0.4257
