-0.8314 -0.0556 -1.4022
0.6441 -0.2251 0.3886
0.0619 -0.0053 0.0187
-0.0382 -0.0512 0.0686
0.1985 -0.0618 -0.6530
0.0194 0.0531 -0.0295
-0.0717 -0.0312 -0.3288
0.0060 -0.0223 0.1861
-0.0372 0.0036 0.3631
0.1157 0.1730 -0.8439
-0.0519 0.2375 -0.3830
0.1213 -0.0043 0.2529
0.1202 -0.0673 -0.1000
-0.0124 0.0697 0.1199
0.0424 -0.2218 0.1173
0.2277 -0.1272 0.1943
0.5856 0.0220 0.6352
-1.2465 -3.9165 0.8498
-0.1855 -0.1129 0.7814
0.0684 0.1327 0.0626
0.5121 0.3735 0.3089
-0.8019 0.9594 -2.9210
-0.0305 -0.6618 0.5276
-0.0633 -0.5395 -0.3288
-0.5167 0.0950 -0.4995
-0.0844 -0.1911 -0.0787
-0.1443 0.0297 0.1612
-0.0315 -0.0483 0.0348
0.2582 0.5904 -0.1380
0.4841 0.0489 -0.6778
0.0157 -0.0044 0.0435
0.0024 -0.0268 -0.0039
-0.7655 -0.0434 -0.5204
-0.0307 -0.1576 0.0530
-0.3961 -0.0292 0.2585
-0.0011 0.0098 0.0303
-0.1442 0.0192 0.3332
-0.0336 0.0370 0.0026
0.0456 -0.1111 0.0221
0.2394 0.2667 -0.7327
-0.1139 -0.0002 0.0513
-0.0883 -0.2271 0.2848
-0.4170 0.4326 -0.6773
-0.0538 -0.1871 0.9072
0.2636 -0.0648 0.1277
0.0060 -0.0950 -0.0300
-0.0263 0.0605 0.0442
0.0508 -0.0718 0.0710
0.3606 -0.3505 0.7184
-0.0733 -0.1347 -0.0072
-0.1521 0.3912 0.0876
3.6257 0.0700 -0.5981
-0.0268 0.1956 -0.9479
-0.0230 0.0961 -0.0699
-0.1520 -0.0485 0.7415
-0.0291 0.4418 -0.7200
-0.1442 0.4550 -0.6485
0.7968 0.0528 -0.1785
0.4334 -0.3365 1.5544
-1.3786 -0.0768 -0.3354
-0.0222 -0.0359 -0.2212
-0.0409 0.0696 -0.0379
-0.2007 -0.0329 0.6084
-0.0043 0.7822 0.0463
0.6059 -0.1070 -0.1379
0.0060 -0.0015 0.0201
0.1669 -0.1196 -0.2002
-0.0365 0.6185 -0.1205
0.3777 -0.2331 -0.0320
-0.0218 -0.0709 -0.0079
-0.1787 0.0123 -0.0490
0.0530 -0.9869 0.0998
-0.0796 -0.1155 -0.3430
-0.5356 0.1980 0.3019
0.7613 0.3805 3.2064
1.2547 -1.4791 -0.4608
-0.6066 0.1080 0.0340
-0.1706 0.0617 -0.5241
-0.0500 0.0911 3.9420
0.0733 -0.2398 3.3678
0.1180 -0.2407 -0.6152
-0.1724 -0.4012 0.0282
-0.5779 -2.2057 -0.8030
-3.1216 1.4307 -1.6670
0.3472 -0.0163 -0.3625
-0.4804 0.2804 -0.8411
-0.0781 -0.2190 0.4002
-0.2586 -0.0215 0.1260
-0.0203 -0.5411 0.1804
-0.7200 0.1237 0.2383
-0.0242 0.0375 -0.1904
0.3564 0.4120 -0.2440
-0.0195 0.0036 0.0547
-0.0149 0.1865 0.0589
-0.5928 -0.2893 -0.4770
-0.0104 -0.0421 -0.0781
0.0153 -0.0516 0.0482
-0.0044 -0.0318 -0.3879
0.8441 -1.2369 1.6227
0.1812 0.1902 0.7636
5.0421 0.1299 0.9426
5.9013 0.1663 -0.3378
4.9931 -0.0597 -0.0706
5.1397 0.4437 -0.1944
5.0135 0.0010 -0.0676
5.0101 -0.0058 -0.0199
4.9955 0.3448 0.2921
5.0280 -0.2037 0.1600
4.9721 -0.0601 -0.0290
4.2045 0.3097 0.3791
4.8148 0.1359 0.2583
5.0511 -0.0629 0.0761
5.6342 0.6345 2.7492
4.9993 0.1333 -0.2427
4.7536 0.2044 0.6498
5.0373 -0.1755 0.1738
4.9759 -0.2035 -0.2228
4.5355 0.1453 0.8101
5.0203 -0.5666 -0.3972
4.6764 0.2631 -0.8643
5.2954 0.2535 -0.2830
5.0322 -0.2956 0.7771
4.8404 -0.1325 -0.9184
5.8290 -0.2573 -0.2456
8.2625 1.9696 1.4363
4.9889 -0.0026 -0.6925
4.9986 0.0129 0.0237
4.8191 -0.0862 -0.5485
4.9972 0.2186 0.7120
5.0302 -0.1194 0.4901
4.9678 0.2064 0.1552
5.2830 0.0895 -0.1091
4.9171 -0.0157 -0.0270
4.7148 -0.0071 -0.0386
4.9735 0.0506 -0.9535
4.7887 -0.6334 -0.5298
5.1831 0.2606 -0.6730
4.9571 -0.3333 -0.2028
4.7899 0.0742 -0.3638
4.9999 0.0020 -0.0692
4.7769 0.3279 -0.2741
5.0357 -0.0424 0.9921
4.9800 -0.0104 -0.5373
5.3458 -0.6017 0.2310
5.9018 0.4323 -1.1418
5.7741 0.9530 2.3866
5.1163 0.3340 0.1728
4.7928 0.0423 1.0962
4.9912 -0.2371 2.3511
5.0355 0.0186 0.5815
4.9206 -0.0394 0.3965
5.8543 -1.4457 -1.0419
4.9004 -0.0879 0.6266
4.6644 0.1329 0.7882
4.6609 0.7181 -0.3352
5.0622 0.0015 0.9416
5.0032 0.0083 -0.0526
4.9290 0.0531 0.0603
4.7719 -0.1713 0.9120
5.0690 0.0479 0.2273
4.8336 -0.0439 -0.0983
2.6395 -2.4815 -1.2742
4.9035 0.0580 -0.6857
5.0234 0.0864 -0.3030
5.0838 0.1985 0.2160
5.2935 -0.0390 0.0727
5.0038 -0.0181 -0.2000
4.9460 -0.5151 0.0678
4.8897 0.2554 0.7217
5.1784 -0.2406 0.6545
5.3721 0.2772 0.7661
4.5675 0.5051 -0.2108
4.9977 -0.0027 0.0473
5.1495 0.0503 0.1128
4.9893 0.2893 1.5680
5.2451 -1.0953 2.9688
4.8560 0.1200 -0.0083
4.9650 -0.2483 0.3161
4.7744 0.0069 0.1275
4.9986 -0.0056 0.0122
4.9765 0.0024 -0.0173
4.9048 -0.2804 -0.7093
5.1884 0.1762 0.0529
2.3685 -2.3109 -1.3032
4.9804 -0.1009 -0.4901
4.8441 -0.1294 0.0803
4.2227 0.3566 -0.5178
6.0196 0.1745 -1.5199
3.4726 -1.3846 3.2521
4.8786 -0.0732 -3.9795
4.8294 0.4561 0.7768
7.0573 -0.4274 0.6000
5.2588 -0.1711 0.3716
5.2983 -0.2145 -0.5899
4.4346 0.3475 0.0406
5.7557 -0.2132 0.0306
4.8380 -0.1551 0.6676
4.8721 0.8471 0.9789
5.0372 0.1827 0.3127
5.7334 0.3712 0.0127
