-0.0074 0.0124 0.4434
-0.0286 -0.6451 0.2693
-0.0451 -0.0752 0.3444
-0.0908 0.5842 -0.3979
-0.0566 -0.0092 0.7936
0.5313 -0.6543 0.2066
-0.0154 -0.0258 -0.0054
0.0201 -0.0156 -0.0672
0.0562 -0.0227 0.1072
0.4681 0.3925 -0.4050
-0.3525 -0.1528 -0.2523
0.3413 -0.3809 0.1643
0.0042 0.0086 -0.1649
-0.0805 -0.0521 0.0185
-0.0031 -0.4584 -0.6930
0.0089 -0.0077 -0.0046
-0.3625 -0.2552 0.1902
-0.1085 -0.2860 0.4354
-0.0757 -0.0398 -0.1625
0.1218 -0.0394 0.1529
0.0130 0.2483 0.1880
0.5558 -0.2837 -0.7376
0.8087 -0.3192 0.3741
0.0183 0.4261 -0.5566
0.0273 -0.0966 0.3920
-0.1226 -0.4759 0.3748
-0.0524 -0.3472 -0.3400
0.1680 0.1212 0.5118
0.0838 -0.0907 -0.0456
0.0078 0.0016 0.0078
-0.2828 0.0385 -0.0674
-0.1010 0.1080 0.3849
-0.0408 0.0383 -0.2841
-0.1016 -0.3135 0.1401
0.0130 -0.0600 -0.1908
0.1430 -0.7384 0.3842
0.0363 -0.0470 -0.1640
-0.0131 -0.0037 -0.0927
0.0029 0.0082 -0.0021
0.2951 -0.1822 -0.7497
-0.1516 -0.4843 -0.7425
-0.2437 -0.1090 0.0684
0.5258 -0.1820 -0.2980
0.2357 -0.0015 0.7546
0.0003 0.0168 0.3894
0.4854 -0.0202 -0.0039
-0.1094 0.0369 0.9192
0.2847 0.5099 -0.1024
0.4970 -0.1302 -0.2911
-0.0029 0.0065 -0.0829
4.1104 0.0601 -0.7284
4.1844 0.1096 0.0075
4.0475 -0.0153 0.2562
3.8709 -0.2584 -0.4214
4.4257 0.1240 -0.4264
3.9041 0.0876 -0.4827
4.1696 -0.2343 0.0782
4.0990 -0.0141 0.3883
4.2957 0.8559 -0.1379
4.1732 -0.0213 0.4584
3.6196 0.5178 0.7613
3.9765 -0.3475 -0.4139
4.0090 0.0879 -0.0613
4.0018 0.0027 0.0071
4.4007 0.4469 -0.2525
4.3390 0.7203 -0.2994
4.8240 0.2508 -0.2959
4.0781 -0.1329 -0.1421
3.9481 0.5303 -0.5307
3.9496 0.1057 0.2967
3.3439 0.2169 -0.5507
3.9435 -0.0770 -0.2936
4.8421 0.0286 0.5334
4.3358 0.1339 -0.1608
3.9429 -0.0622 0.2183
3.8892 0.2898 -0.3627
3.7216 0.9134 0.1807
4.1444 -0.1818 0.2344
4.0456 0.1552 -0.2433
4.3448 0.2198 0.1374
3.9214 -0.1714 0.4608
4.1416 0.0045 -0.7735
3.4704 -0.0097 -0.1215
3.9998 -0.0061 -0.0018
3.9621 -0.0710 -0.2003
3.4495 0.1811 -0.4004
4.0808 0.2612 0.7296
4.0136 0.0884 0.0195
4.0520 -0.0469 -0.1757
3.8838 0.0221 -0.5255
4.1143 -0.0561 -0.2280
4.1348 0.0750 0.1287
3.9316 0.0810 0.7229
4.2129 0.1875 -0.0144
4.0999 0.2209 0.0143
4.0564 -0.0688 0.0510
4.0899 0.6341 0.2778
3.6553 -0.1353 -0.5789
3.9894 0.0299 0.1786
3.8558 0.0714 -0.4097
