0.4002 -0.0228
0.6606 0.7733
-0.8094 0.5190
0.1759 -0.0234
-0.1118 -0.0629
0.0136 -0.8601
0.1546 0.4390
-0.3987 0.1426
-0.1776 -0.0139
-0.2389 -0.2641
0.8057 -0.6443
-0.1991 -0.2268
0.0032 -0.2184
-0.1611 0.3296
-0.6929 0.5657
-0.2086 0.1580
-0.8083 0.0440
-1.0328 -0.1269
0.1313 1.1644
0.2689 -0.2587
0.8831 0.2599
-0.1657 0.2031
-0.1863 0.6125
0.0944 -0.3804
-0.9396 0.7418
-0.5017 -0.6187
0.0024 -0.0008
0.3164 -0.1180
-0.1601 -0.0034
-0.1426 -0.2467
0.8679 -0.8028
0.4521 -0.6407
0.0502 -0.2482
-0.5991 0.1721
0.4015 0.0365
-0.0833 0.0016
-0.0210 -0.0012
-0.0556 -0.4549
0.6296 -0.5036
0.1624 -0.4721
