0.6622 -0.3344
-0.1427 -0.6483
0.2754 -0.5682
0.0344 0.0322
0.0632 -0.1307
-0.2770 0.8135
-0.1045 -0.1616
0.1751 0.6275
-0.6566 -0.6525
0.1120 0.4312
0.3546 -0.3530
-0.2224 -0.0181
0.3372 0.4677
0.5884 -0.2407
-0.4321 0.7512
-1.9871 0.4987
-0.2120 0.0083
-0.0142 0.0548
0.8074 -0.1170
0.4267 0.1613
-0.0073 0.0963
-0.1204 0.0077
-0.2512 0.7047
0.3633 -0.4706
0.9488 -0.4823
-0.6337 -0.0917
-0.1138 -0.7087
-0.7774 -0.0862
0.1546 -0.9828
0.0030 -0.3837
-0.4248 -0.3888
-0.4253 0.6094
-0.4737 0.3563
0.4515 0.1797
0.2084 0.6266
-0.6621 -2.0143
-0.0732 0.2185
0.9175 -0.7270
-0.8235 -0.2799
0.0037 0.0084
1.4909 1.4334
-0.2284 -0.7281
-0.8368 0.3442
0.6398 -0.6510
0.7471 0.3710
-0.1181 -0.1631
-0.2324 -0.3375
0.0243 0.6796
0.2106 0.1747
-0.1719 0.0387
2.8504 -0.2880
3.4326 0.3301
2.6528 -0.0179
2.9728 -0.0578
2.2067 -0.5520
3.9357 -0.0826
2.8397 0.9241
3.0069 0.0574
2.8642 0.0971
3.7436 -0.4407
2.5580 -0.6708
2.8739 -0.7960
2.1856 -0.4629
2.0825 -1.2505
3.1786 0.3529
3.0589 0.0577
3.4164 -0.3028
2.9841 -0.1545
2.6626 0.2317
2.8264 -0.1582
3.6811 0.7053
2.9229 0.9908
2.9370 -0.4801
1.2018 0.0024
3.0165 -0.0196
2.5775 -0.0161
2.8312 0.3346
2.9464 0.6265
4.3146 0.9335
2.6558 -0.4287
2.3474 0.4080
2.5424 0.5173
3.3007 0.8422
2.9465 0.3616
3.2493 -0.2068
3.7507 -0.0076
3.4021 -0.0585
2.3635 -1.0104
2.6544 -0.9286
2.8697 -0.0685
3.2801 0.0783
2.9967 0.3696
2.5930 -0.6736
3.1654 0.7926
2.7179 0.2418
2.9918 -0.0157
2.9581 -0.0425
2.1169 0.5208
3.1495 0.2811
3.1193 -0.1536
