-0.0460 0.2784 -0.8975
-0.1234 0.1793 0.5680
-0.0959 0.0641 0.4961
0.1921 -0.2913 -0.1045
0.0019 0.0047 0.1614
0.2843 0.1228 0.0473
-0.0813 -0.0711 0.0668
-0.2068 -0.1629 0.2335
-0.5741 0.3704 -0.2363
-0.0297 0.0111 -0.0014
0.0161 0.0222 -0.3154
-0.1135 -0.8928 0.4303
0.8770 1.0045 0.6835
-0.4550 0.7114 0.2025
0.2413 -0.1541 -0.1195
0.0919 -0.0779 0.4855
-0.1061 -0.1254 0.8920
0.1474 -0.3453 0.4311
-0.1316 0.3181 -0.2004
-0.1112 0.4317 1.7602
-0.4110 -0.0489 1.9534
0.1349 -0.0891 -0.0775
-0.1556 0.1226 0.3060
0.0704 0.4482 0.6258
0.1024 0.0133 0.0557
-0.0549 0.6574 -0.1640
0.0000 0.1062 -0.8997
0.0292 0.0136 0.0470
0.3440 -0.3509 0.2474
0.0641 -0.1209 -0.0895
0.3389 0.5388 0.0921
-0.1002 -0.2552 0.0144
-0.0271 -0.0520 -0.0823
0.0897 0.1537 -0.0891
-0.0030 0.0114 -0.0485
0.0447 -0.0001 -0.1385
-0.1363 -0.0165 -0.3799
-0.1367 -0.3073 -1.8358
-0.2509 -0.0114 0.4862
-0.1775 0.2944 0.8804
-0.2519 -0.1929 0.2087
0.0059 0.0002 -0.0057
-0.0163 -0.1840 -0.1657
-0.1383 -0.1405 -0.1721
0.2511 0.2644 -1.9587
-0.3909 -0.5008 0.2727
0.1164 -0.0073 -0.2043
0.0846 0.0444 0.1296
-0.0153 0.0524 -0.0268
0.0039 0.0418 -0.5430
0.0504 0.2736 -0.0112
-0.0786 -0.2098 -0.0236
-0.0801 0.1164 -0.1037
-1.3592 1.3744 -0.9057
-0.0725 0.1415 0.0870
0.3125 -1.0825 -1.3530
-0.0051 -0.0348 0.1695
-0.3920 -0.3342 0.7113
0.4831 -0.0084 -0.0600
-0.1646 0.0808 0.7443
0.0467 0.0465 0.0381
1.7946 1.4359 0.2461
-0.0006 -0.0033 -0.1172
-0.2147 0.2002 -0.0114
0.4924 0.1132 -0.2890
-0.3065 0.6053 -0.4836
-0.1959 0.0325 -0.8385
0.1839 -0.3465 0.1128
1.4825 -0.0273 -0.9245
0.6435 -0.1616 -0.3642
-0.0497 0.0220 -0.2510
0.2964 0.5573 -0.6237
0.9073 0.1623 0.1545
0.0712 -0.0843 -0.9322
-0.5693 -0.4012 0.3754
1.0204 -0.9990 0.4296
-0.3582 -0.4404 -0.0991
0.0699 0.0731 -0.4733
0.1692 -0.0504 0.1356
0.6606 -0.5742 1.2116
-0.0520 0.2644 -0.8017
0.2142 -0.0236 -0.0936
0.0346 -0.1157 -0.1070
-0.0953 -0.2831 0.2961
-0.1710 -0.0135 1.8684
-0.0054 0.0046 -0.0621
-0.0128 -0.0118 0.0508
0.1694 -0.4208 -0.0627
-0.2588 0.3965 0.8909
-0.2339 -0.8155 -0.3115
0.0872 0.1993 -0.0586
0.2786 0.2317 -0.1718
0.1182 0.0211 0.0663
-0.1110 -0.2263 0.6178
-0.2415 0.0196 -0.0652
0.3793 0.0867 -0.1644
-1.1305 0.8795 1.0069
0.0009 -0.0007 0.9433
0.2212 0.4273 -0.1357
-0.7244 0.1398 -0.4674
0.2178 -0.4672 -0.0816
0.0020 0.0374 -0.0190
-0.0578 -0.0542 0.0369
0.4574 0.4410 0.1516
0.3672 0.3276 -0.0335
-0.8177 -0.0277 -0.1233
-0.6347 0.2254 -0.3604
0.0282 -0.0442 0.2024
0.5727 0.8783 0.0926
0.1069 -0.2893 0.4636
0.1041 0.0023 -0.1588
-0.7868 0.4545 -0.6408
-0.0364 0.4552 -0.6277
0.0337 0.0420 -0.0768
-0.3061 -0.1314 0.0964
-0.7498 -0.0169 -0.2688
0.3001 -0.2496 2.2919
0.3913 -0.8865 -0.0385
0.6050 0.5921 -0.2205
0.2217 -0.3732 -0.6184
0.1478 0.6918 0.3205
-0.0735 -0.1351 -0.1192
0.1412 -0.0450 0.0373
-0.0066 -0.0022 0.0005
-0.8190 -0.8561 0.4169
-0.5343 0.1052 0.0927
-0.0099 0.0089 0.0216
-0.0062 0.0111 -0.4959
-0.2328 -0.1853 -0.1099
0.0623 0.6540 -0.1876
0.5146 -0.8577 1.0229
0.1397 0.0112 -0.0613
-0.5849 0.5441 -0.3647
0.0079 0.0089 0.3086
0.0931 0.0088 0.7057
0.0476 0.1126 0.1014
0.3930 -0.3676 -2.2766
-0.2194 0.4037 -0.0529
0.7414 0.5317 0.0268
-0.2218 -0.0653 0.9113
0.0407 0.3536 -0.6540
0.2413 -0.1004 -0.6757
-0.0651 -0.0286 -0.5394
-0.1089 -0.0518 0.0548
0.2191 0.2486 0.9143
0.0471 -0.0585 0.1250
-0.2489 0.2907 0.7568
-0.2751 -0.8986 2.2760
0.4923 -0.4597 0.4052
0.0182 0.4537 -0.0984
0.2900 -0.3168 -0.0008
-0.0354 0.0398 0.4213
-0.0178 -0.0392 0.1193
0.0002 -0.0035 -0.3922
0.2004 -0.0178 0.0009
-0.8028 -0.1372 -0.4270
0.1016 -0.0599 0.5058
2.0645 -0.9092 0.1620
0.0528 -0.0152 0.5547
0.0016 -0.0404 0.0176
0.2252 0.0145 0.0290
-0.1191 -0.0307 -0.9037
0.0398 -0.0225 -0.1656
0.5542 0.0485 0.1387
-2.3590 -1.0380 0.3415
-0.0565 0.0519 -0.3924
-0.0162 -0.0052 -0.8819
-0.0257 -0.0046 0.0345
0.3124 -0.8382 -0.9545
-0.0121 0.1356 0.0570
0.6615 -0.7810 -2.4544
-0.0633 -0.0560 0.5230
0.0298 0.0864 0.2235
-0.0015 -0.0003 -0.1012
0.2107 0.8385 1.2744
-0.3802 -0.1771 -0.0674
-0.0225 0.0117 -0.2149
0.1094 0.6705 -0.3196
0.6026 -0.2923 0.0648
-0.4620 -0.1789 0.6074
-0.0797 -0.1497 0.4501
-0.3632 0.6637 -2.2443
-0.3311 -0.2583 -0.6688
0.1806 -0.2904 -0.0718
-0.0370 -0.0282 -0.0643
0.0145 0.0511 -2.0697
-0.0092 -0.0635 0.1080
-0.0074 0.0229 -0.0879
1.2021 -0.1469 0.6752
1.1210 2.3385 -0.3136
0.3627 0.2450 0.1931
0.5530 0.3328 -0.0928
-0.1502 -0.0635 0.6384
-0.1054 0.0571 0.2454
0.2435 -0.1022 0.2182
-0.0371 -0.0766 -0.6530
-0.3770 -0.3252 -0.5826
-0.1204 0.1449 0.5627
-0.0030 -0.0032 -0.1616
0.1845 -0.1801 -0.7193
