0.6739 -0.0001 0.4825
-0.0849 -0.0017 0.0576
0.4724 -0.5208 0.0658
0.3195 -0.3026 -0.5988
-0.0468 -0.1019 -0.1313
-0.0021 0.0093 0.0159
-0.2529 -0.7771 0.3720
-0.0228 0.0988 0.6937
0.0262 -0.0017 0.3144
0.1443 0.4173 0.5809
-0.4953 -0.3444 0.0126
-0.0133 -0.1242 0.1909
-0.3533 -0.2080 0.1605
0.1039 0.2184 0.3300
0.3563 -0.3609 -0.2721
-0.0694 -0.1711 0.0445
0.2191 0.0908 -0.9192
0.4654 0.2553 -0.7754
0.0338 -0.4974 0.5444
0.3421 0.1279 0.0829
-0.4911 0.0870 0.1876
0.2831 -0.0668 -0.1210
0.4819 0.1189 0.2882
-0.0039 -0.0026 -0.0968
0.1112 0.0543 0.1211
2.3308 0.0306 0.8582
2.3407 -0.2763 0.8883
3.1358 0.1547 0.5699
2.9951 0.3929 0.2925
3.1108 -0.2375 -0.9282
3.1759 0.2145 -0.1485
2.5527 -0.2250 0.9715
2.5418 -0.0517 -0.0194
2.1292 0.2328 -0.6194
2.1937 -0.1320 -0.7693
1.8121 0.0393 -0.0348
2.6507 -0.1038 0.0529
2.4989 0.0173 0.0212
1.9555 0.4741 -1.1681
2.4969 -0.0008 -0.8181
2.5295 -0.0869 -0.1733
2.1889 0.0080 0.1971
2.3967 0.0532 -0.1542
2.5001 0.0005 -0.0010
2.8457 -0.1661 -0.8042
2.4778 -0.0053 0.0485
2.7964 -0.5858 0.1445
2.0954 0.0208 0.8691
2.5177 -0.1358 -0.3439
2.5873 -0.0321 -0.0226
