-2.500381553591811135e-01 4.341083252337408771e-01
2.728387080469221650e-03 -1.158608415179210836e-02
-2.762325445071927010e-01 4.587921283266826467e-01
6.562961418140285386e-02 -5.148196822504095271e-01
8.900792824610575388e-03 -2.997692374538635240e-02
7.914663956492112851e-01 1.022091601384639004e-01
1.736839401298827523e-01 -5.415893243231628684e-01
-3.411308518009352475e-02 -1.800493086928120837e-02
-2.498783983412641158e-02 3.346380511584048228e-02
3.487144964054691987e-02 1.482603373675567549e-01
2.707318516374768724e-01 -1.627647210483055551e-01
-2.123026132422638473e-03 -2.709318687867202646e-01
-4.799247273654132506e-01 -2.809061087172392557e-01
-2.209343500099077173e-04 2.981791193236808194e-03
7.335639042263815135e-01 -2.651557459875825695e-01
-4.461128112818417146e-01 1.596015964354607561e-03
-6.397773780333742000e-01 -6.221157558643511942e-01
-3.203672415266025642e-01 -2.445940067969062381e-01
3.851000361827757179e-01 -8.564118803720883744e-01
-9.272014783113526892e-01 -3.599869800278513998e-01
-1.627304567490126253e-01 -7.883249635574296477e-01
5.761582357250519815e-01 4.571932667000456751e-01
1.457682333825879861e-02 4.200681140295285942e-01
5.300822459828483657e-01 -1.133751739353261873e-01
6.447325458018967614e-01 4.531237600926525944e-01
6.109001354022386421e-02 4.405764153510539072e-01
-2.086011748959017420e-01 -1.525024099819538292e-01
-2.872755460394390420e-03 2.511970325422112071e-01
-5.713018095667838914e-01 -7.130086311048634551e-01
7.822713537834358188e-01 -7.735937474603478414e-02
-6.524205438215894270e-01 3.625403010571157658e-01
2.100459827446325423e-01 5.407840689134548740e-01
-1.897838237505259096e-01 5.883062686201138147e-01
6.665897320264631276e-02 -7.311749537657139530e-01
-3.453499162500790802e-05 7.688534708566159281e-01
-2.234498235351365936e-01 1.841971015007059786e-01
3.136057175079607351e-01 3.735995334024627690e-01
6.352069236235333705e-01 -5.075615705723196536e-01
-4.425644819504116756e-02 -1.560281733052727715e-01
1.878924212054583140e-02 -5.802584727054096309e-02
6.792243751872667490e-02 -5.979282550010860120e-02
-6.186604715631796036e-01 2.232411117279145263e-01
4.709636385063619146e-01 -5.370858033234536810e-01
-3.894344045183726344e-01 -4.573979371548280159e-01
3.027129869060948483e-02 -4.554641464809547347e-02
-2.770304751669399046e-01 1.678904365480548763e-02
-8.831519361400693713e-01 -1.797646375220753601e-01
-2.560948774936334660e-01 4.309920786716365249e-01
-2.712153500065626627e-03 -8.857956552505026268e-03
-3.575562970961370102e-01 -2.129099033832049237e-01
4.767964298051048821e+00 -1.397828999395815397e-01
4.362530242176716477e+00 -9.388388176490758755e-03
5.101504314117870642e+00 -6.488550421152176895e-02
4.799201379483789331e+00 6.481602627036425757e-02
3.759629991993617359e+00 3.477944439219274875e-01
4.322206502644625914e+00 -1.280337331169465465e-01
3.871704244697070862e+00 -1.714073951708825760e-01
3.700830162005292578e+00 3.115441795005061132e-01
4.504727788746679451e+00 -2.927573614583381389e-01
4.249645403269999733e+00 8.005766238310120242e-01
3.810661452832138529e+00 1.288706760724402378e-01
4.590043953541777633e+00 -2.660552464911497550e-01
4.735360194201082784e+00 1.701436140602415048e-02
4.578387470356392264e+00 8.157312522903291396e-02
3.648978385702412286e+00 -3.688435368476344345e-01
4.544953509694577676e+00 -3.018399468202222491e-01
5.417587703984043657e+00 -9.050779772476949536e-02
4.352574504974118241e+00 -7.987959158787706349e-01
4.161756416761379640e+00 1.749044118943142434e-01
4.499591183267441785e+00 2.484242790015847233e-02
4.637256000295402636e+00 3.795692522398488311e-01
4.537087861245200138e+00 -1.361583377664981297e-02
4.332301289696459001e+00 -1.714971591899192849e-01
4.507327201110737036e+00 4.137837444701196465e-02
5.148539352038250527e+00 -8.959753138518504814e-03
3.950112509034852337e+00 2.185011699193843415e-01
4.511572170038293805e+00 -3.518357102628714705e-01
4.456225281002489602e+00 7.042286711485975514e-01
4.276241163163642334e+00 2.986315627561225150e-01
4.601322062623390607e+00 2.450354742912598804e-01
5.314640638622690538e+00 2.551980723059292522e-02
4.361708701615623518e+00 4.541679570419406009e-03
3.823425954776379587e+00 -4.741384486680567251e-02
5.062762718953841556e+00 -6.622123850034525860e-01
3.836996693480493104e+00 5.485754471109531849e-01
3.903512926007170147e+00 2.172501027078558022e-01
5.014404216539332104e+00 -1.158356761255113498e-01
4.356738837126284736e+00 -9.067247053168830950e-03
4.377466374416530748e+00 2.864319258167130275e-02
4.141395799083790408e+00 -1.115115183311468500e-01
5.223258301178418606e+00 -2.545153061727390420e-01
4.724825482922668130e+00 -4.455535862848305495e-01
5.066907426186031849e+00 -5.062025422511686606e-02
4.756535327265793534e+00 -2.270502345874794436e-01
4.905662867522615933e+00 5.292739603088012501e-01
4.398635353093977685e+00 -6.753670452859134032e-01
4.094620360702872830e+00 -6.534385024472434411e-01
5.432657281032969188e+00 2.021856697694411620e-01
4.732788935840990696e+00 4.179195315218483392e-02
5.084049187022111838e+00 6.438807911196935407e-01
