0.0003 -0.0019 -0.0553
-0.4845 0.1831 -0.0584
-0.0478 0.1384 0.0380
-1.2132 2.3960 2.2004
-0.0178 0.0864 0.0089
-0.0038 -0.0011 0.2162
0.1194 -0.4565 0.3174
-0.0887 -0.0172 0.2042
-0.0536 0.0154 -0.0104
0.1261 -0.0847 0.4326
0.2674 0.0706 -0.7560
0.3444 0.0829 0.5894
-0.7369 0.1028 -0.0686
-0.1401 -0.0681 0.0353
0.4706 0.0035 0.0916
0.0065 0.0882 0.0263
-0.0612 0.0038 0.0214
-0.4566 -0.0053 -0.2466
0.3415 -0.0762 -0.6153
0.0087 0.0168 -0.0108
-0.0508 0.5634 0.5049
-0.0949 0.1617 -0.0246
-0.0917 -0.0784 -0.5937
-0.3677 0.1233 -0.1252
0.6182 -0.4568 -0.3140
0.2562 0.0489 0.3187
0.3901 0.3833 -0.0945
-0.0434 0.1527 0.2368
-1.4972 -2.6700 -0.3295
0.0678 0.3278 -0.4189
0.0696 0.0325 0.9897
-0.2655 -0.2172 0.1478
-0.3177 -0.0971 -0.7753
0.0001 0.0025 -0.0888
0.2719 -0.2121 0.6336
0.1411 0.1957 0.0141
0.0331 -0.0815 -0.0550
0.4531 0.4125 -0.6748
-0.5516 -0.1501 -0.6255
-0.6030 -0.3209 -0.1375
