0.1405 -0.1966 0.2604
-0.6401 -0.0811 0.4476
1.6603 -0.4589 0.3600
-0.1506 -0.0922 -0.1210
0.0824 -0.3017 0.0341
0.0740 -0.1794 0.0036
0.0002 -0.0006 0.0062
-0.0401 0.5224 0.2509
-0.1067 0.1836 0.2567
-0.0338 -0.1006 -0.4206
-0.2676 0.3492 -0.4748
-0.0769 -0.0911 0.2487
-0.3224 0.0096 0.1258
-0.0677 0.0299 0.3059
-0.0633 -0.0872 0.1058
-0.1504 0.0098 0.1309
0.3488 -0.2956 0.7050
0.1672 0.1525 -0.1011
-0.1105 -0.0690 0.9197
-0.1348 -0.6068 0.7640
-0.5498 -0.4736 -0.2064
-0.6451 -0.3253 -0.3349
0.2934 -0.2673 -0.2795
0.8504 0.0824 0.0900
0.2321 0.1371 -0.9320
-0.0010 -0.0021 -0.0490
0.0931 0.1647 0.4290
0.0566 -0.0041 0.1732
0.0599 -0.0465 -0.0398
-0.0110 -0.6764 -0.0161
-0.4067 0.3997 -0.4705
-2.7017 -2.2130 1.5610
0.3426 0.1947 -0.0560
0.2835 0.4195 0.0690
-0.4269 -0.6067 0.6676
0.1975 0.1427 0.1320
-0.2382 0.1681 -0.1778
-0.5093 0.3525 0.2741
0.2880 0.7803 0.4963
0.4566 0.6743 0.2648
