0.0139 0.0894 0.1982
-0.0316 -0.0023 -0.8949
-0.2292 -0.0556 -0.1969
-0.1848 -0.1052 -0.3122
0.0061 -0.0242 0.0119
-0.1588 -0.3000 -0.7459
0.4156 -0.0278 0.0498
-0.0523 -0.1537 0.0078
-0.2668 -0.3120 -0.0188
-0.6250 0.1836 0.3562
-0.0212 -0.0277 -0.1132
-0.0153 -0.0072 -0.0169
-0.0569 -0.0075 0.0130
0.2084 -0.3996 1.0909
0.7603 -0.4110 -0.3845
0.3243 0.2882 -0.4497
0.4642 0.8032 -0.3809
0.4914 0.6224 -0.3079
0.1100 0.3086 0.8385
-0.5485 0.3452 -0.1388
0.3338 -0.6738 -0.0520
0.1218 0.1415 0.4215
0.0260 0.0411 0.3274
-0.5334 -0.0968 0.1321
0.0215 0.0381 -0.7387
0.3064 0.2641 0.0802
0.4720 -0.0721 -0.7385
-0.0543 0.2092 -0.2396
-0.0541 0.0302 -0.3997
-0.1627 -0.4267 -0.5358
-0.0731 0.1452 -0.0588
0.0714 -0.1432 0.3093
0.2495 0.1572 0.7533
0.7198 0.0483 0.1756
0.1603 0.2998 0.2515
0.4568 0.5898 -0.2234
-0.5877 -0.3849 0.5373
-0.1719 0.7274 0.4708
-0.0411 -0.1655 0.2383
-0.3638 0.1562 -0.5279
0.2327 -0.2287 0.7388
0.0394 -0.1035 0.2118
0.0096 -0.0490 -0.1164
-0.1436 0.2492 0.0471
0.2613 -0.0773 0.3916
-0.4675 -0.5570 -0.1473
0.2545 -0.3446 -0.5326
0.0064 -0.0545 0.1045
0.1768 -0.1949 0.3716
0.4673 -0.0014 -0.6830
0.0049 -0.3027 0.2438
0.0266 -0.1216 -0.6505
0.0023 -0.0012 -0.1312
-0.2321 -0.6815 0.6353
-0.3956 0.3519 -0.3408
0.0496 -0.6203 -0.3138
0.2718 -0.4185 0.0009
-0.0595 0.0282 -0.3390
0.1854 -0.0075 0.0906
-0.0021 0.0634 0.0408
0.1395 -0.0047 0.1705
0.0160 0.1549 -0.4158
0.1490 0.1278 -0.2119
-0.1619 -0.0336 -0.0233
-0.0253 -0.0384 -0.1428
-0.2779 0.0624 -0.5618
0.2347 0.3760 -0.5235
-0.0524 -0.2763 -0.3418
0.2356 -0.6798 0.4118
-0.3370 0.1837 0.5199
-0.1225 0.0561 -0.7778
-0.0055 0.0717 -0.9963
0.2223 -0.1183 -0.4381
0.5746 -0.0081 -0.0215
-0.0043 -0.0942 -0.1065
0.0172 -0.0693 -0.0055
0.0085 0.0051 -0.0939
-0.1032 -0.1250 -0.2508
0.5797 -0.2292 -0.3880
-0.1557 -0.0427 -0.8006
-0.1011 -0.1354 0.3384
0.2348 0.2866 -0.2736
0.0047 -0.0008 0.0322
-0.1239 0.0585 -0.1506
-0.0427 0.6067 -0.9751
0.0931 -0.3951 -0.3419
-0.3121 0.0949 0.0605
0.3239 -0.8974 0.4525
0.1528 -0.2756 0.3836
-0.5364 -0.7752 -0.2864
0.4491 -0.4570 -0.1307
0.4319 -0.1133 0.1443
0.6609 -0.7124 0.0718
0.0640 0.0707 0.0685
-0.0057 -0.0029 -0.0943
-0.0293 -0.0235 -0.1091
0.1608 0.1851 0.5050
-0.1251 -0.0177 -0.3507
-0.3468 0.1186 -0.5146
-0.0398 -0.0092 0.6382
-0.3733 -0.1292 -0.3433
0.1391 0.0816 -0.2328
0.0138 0.0241 0.4503
-0.3525 -0.4822 -0.5833
-0.0311 -0.0207 0.0386
0.1085 0.1473 -0.1791
-0.8119 0.3460 -0.5180
-0.1686 0.0611 0.2438
-0.0796 -0.0114 1.0358
0.0286 -0.0098 0.0320
0.0002 -0.0004 0.0479
0.0020 -0.0111 -0.8067
0.8946 -0.2032 -0.2685
-0.0917 0.1970 -0.2593
-0.0014 -0.3142 -0.8460
0.9293 -0.0358 0.2957
-0.5088 -0.4509 -0.5096
0.0748 -0.1443 -0.5636
-0.0627 0.0389 0.8260
-0.0932 0.2588 -0.2009
0.1190 0.0120 0.8076
-0.6117 0.4453 -0.2812
-0.7736 0.4328 -0.5900
-0.0133 0.0050 -0.0432
-0.6533 -0.0523 0.6607
-0.0141 0.0740 0.3351
-0.2118 -0.7949 0.1399
-0.0054 -0.0829 -0.7021
-0.0046 -0.0033 0.0112
-0.4097 -0.1348 0.0961
-0.4986 0.1318 -0.1924
0.5194 0.6889 0.4378
-0.0938 -0.0667 -0.1142
0.0907 0.0797 1.1099
-0.2994 -0.0943 0.0419
0.7326 0.2766 -0.4841
0.5887 -0.2918 -0.3752
0.5227 -0.1415 0.8105
0.4388 0.0908 -0.2406
-0.0874 0.1689 0.1059
-0.0016 0.0009 0.0004
0.1630 -1.0900 0.1345
0.4845 -0.4919 -0.1578
-0.0033 0.0054 0.1640
0.1589 0.1402 -0.8518
0.9747 -0.2874 -0.5173
-0.2285 0.6109 -0.3457
-0.3737 -0.2978 -0.0667
-0.0703 0.1258 -0.8487
0.0155 0.6593 0.6105
0.0423 -0.0450 -0.0673
0.0521 -0.1606 0.0702
-0.5507 0.0741 0.2897
0.3574 -0.4230 -0.5982
0.0009 -0.0069 -0.9656
-0.7535 -0.4699 0.0078
-0.5639 0.1323 -0.4271
-0.1813 0.0951 -0.5326
0.6242 -0.6893 -0.6380
0.0180 -0.0057 -0.2440
0.0147 -0.0296 0.2488
-0.2004 0.6818 0.4137
-0.9047 0.1641 0.5891
-0.0049 -0.1013 -0.1483
-0.0637 -0.0304 0.3566
0.0097 0.0334 0.0023
-0.0271 0.6281 -0.7743
0.0076 -0.0184 0.3430
0.2788 0.1990 -0.1586
-0.1308 -0.0348 0.4220
-0.8227 0.2315 -0.3592
0.8949 0.0681 0.0667
0.0748 -0.6237 -0.0491
-0.3376 0.1316 -0.8126
0.1051 -0.0049 -0.5415
0.0146 0.1019 -0.2126
-0.2669 -0.2352 0.2297
-0.6798 -0.2626 -0.6318
-0.0469 -0.0049 -0.1728
-0.0134 0.0421 0.1095
0.0831 -0.0771 -0.3015
0.6879 -0.2875 -0.0555
0.4175 0.3813 0.4193
0.3142 0.1512 0.6731
-0.4576 -0.0749 0.1527
0.2086 -0.1009 -0.5079
-0.0996 -0.4638 -0.5488
0.1116 0.0661 0.2487
0.0358 0.0556 0.0325
0.0047 0.2187 0.0253
-0.5641 0.1112 0.7341
0.0341 -0.0024 -0.0340
-0.1587 -0.7082 0.8323
0.3221 0.0437 -0.1931
-0.0046 -0.0290 0.0052
-0.1552 -0.1294 0.3179
-0.0982 0.0226 -0.1079
0.4770 -0.7415 0.0651
0.0918 0.0566 -0.8257
0.8326 0.4151 0.4126
-0.0817 -0.0049 0.7998
0.2380 -0.0647 0.3480
0.1001 0.2967 0.6730
-0.2395 -0.4746 0.6732
-0.0749 -0.5595 -0.0922
-0.0008 -0.0001 0.0238
-0.0133 0.1038 0.4259
0.0492 -0.2250 0.2851
0.5874 0.0307 0.8660
-0.1341 0.2673 0.0656
0.3346 0.6514 -0.0186
-0.0068 0.0281 -0.8417
-0.2776 0.0332 0.2551
-0.4160 0.6495 0.3178
-0.0405 -0.0280 0.4014
-0.0375 0.1126 -0.6252
-0.2822 0.8660 -0.0071
0.4015 -0.3082 0.5459
0.0386 0.0006 0.1646
0.6308 0.3654 -0.2441
-0.0071 -0.0258 -0.3328
0.0022 0.0051 0.1286
0.1464 -0.4392 0.1651
-0.4463 0.6556 -0.1568
0.1679 -0.0157 0.2129
-0.4274 -0.3388 -0.7339
-0.1549 0.1662 -0.0790
-0.1718 -0.1073 0.0259
-0.0189 -0.2638 0.3161
0.0075 0.0026 0.0028
0.1115 -0.4436 0.1603
-0.2802 0.0759 0.1270
0.0192 0.0162 -0.0225
-0.6568 -0.5696 -0.2746
-0.1692 0.0322 -0.0634
-0.4564 -0.1981 0.6319
-0.1625 -0.5061 -0.3048
0.4126 0.3483 -0.4743
-0.0077 -0.0098 0.0609
0.0289 -0.0700 0.4831
0.7448 0.5583 -0.3542
-0.0567 -0.0330 0.0685
-0.5630 -0.0544 -0.4480
-0.5664 0.6795 -0.4290
0.0565 -0.4549 0.0391
-0.8691 0.3755 -0.1762
-0.0202 -0.0055 -0.0445
-0.0210 -0.1254 -0.0412
0.0666 0.2195 0.9522
0.2854 0.0112 -0.7486
2.0960 -0.1506 -0.0987
1.6076 -0.2454 0.5276
2.0565 -0.3109 0.2646
2.0031 0.0133 -0.4585
2.0113 0.3238 -0.3142
1.9326 0.1208 0.0283
2.0146 0.0732 0.5260
1.8619 0.3639 -0.0176
2.2295 -0.0836 1.1568
2.2084 -0.2629 -0.0166
1.7666 0.2762 -0.9597
1.9348 0.0395 0.3186
2.1487 0.4687 0.6271
2.0670 -0.0345 -0.0040
2.2547 -0.0565 -0.5372
1.8418 -0.2645 0.2645
1.7347 -0.0860 0.1231
1.9975 0.0026 -0.0230
2.2529 0.2316 0.4016
1.8885 0.1380 0.2724
2.0765 0.0824 0.3401
1.8399 -0.6019 0.1111
2.1342 0.4499 -0.1724
1.9870 -0.0309 0.0087
1.7616 -0.4857 0.3433
2.7798 -0.5538 0.5288
1.8087 0.0235 -0.0460
2.0059 0.0019 -0.0055
1.8454 -0.0563 -0.2083
2.0224 -0.8720 -0.0704
1.7733 -0.0325 -0.0312
2.4275 0.4046 -0.6298
2.0298 -0.0534 0.0037
2.0327 -0.1124 0.0455
2.0520 0.0751 -0.4376
2.5639 -0.0102 0.7655
1.9317 -0.3344 -0.1640
1.2842 0.4265 0.4825
2.2090 0.0917 -0.7883
1.8860 0.0201 0.3418
2.2298 -0.3398 -0.8442
2.0317 0.0981 0.7797
1.9924 -0.0041 -0.5492
2.4177 -0.1415 -0.4251
2.2635 0.0953 0.5501
1.8463 -0.6981 -0.4369
2.0957 -0.0464 0.4230
2.4798 -0.1416 -1.0080
2.0145 0.0397 -0.1717
1.9584 -0.1572 -0.0183
1.9564 0.0677 0.2494
1.8649 -0.0754 -0.1687
1.8525 -0.5075 -0.1042
2.0696 0.4272 0.8725
2.2567 -0.0772 0.6738
2.0022 0.0016 -0.2803
2.4137 0.3723 -0.4551
1.9652 0.0264 -0.1053
1.6781 -0.3352 -0.6211
1.7437 0.0183 -0.0725
2.0241 0.1027 0.0535
1.4082 -0.2468 -0.6397
1.9797 -0.0235 0.1518
2.0693 -0.0324 -0.3626
1.9682 -0.0610 0.4887
2.3001 -0.2151 0.1047
1.7699 0.2491 0.3469
1.6106 0.6523 0.0060
1.8604 0.0042 0.7350
2.1834 0.1075 0.0023
1.9707 -0.0659 -0.3572
2.0045 0.0008 0.0245
2.1932 -0.4679 0.1712
1.4527 -0.3303 0.5881
1.5711 0.1192 -0.3987
1.9960 0.0112 0.1892
1.9014 0.1003 -0.2391
2.0005 -0.0007 0.0275
2.1953 -0.2829 -0.1348
1.6882 -0.0362 1.1035
1.5259 0.0710 0.0882
1.7578 0.2149 0.4378
1.9961 -0.0075 0.3257
1.7918 0.6917 0.2809
2.1250 0.2885 -0.8901
2.1863 0.1353 -0.7308
1.9239 -0.1717 -0.4769
1.8362 0.0168 0.2336
2.0998 -0.1505 -0.6810
1.9403 0.2038 0.0752
1.8290 -0.3662 -0.8672
1.9416 -0.3057 0.6906
1.8001 -0.0941 -0.8614
2.0297 -0.0871 -0.4275
2.0139 -0.0046 -0.0181
1.7858 0.0803 0.0070
1.8838 0.0236 0.4045
2.1464 -0.4240 0.7416
2.0941 -0.0877 0.0414
1.9436 0.3499 0.1481
1.6632 -0.8233 0.3445
2.0029 0.0160 -0.0207
2.1458 0.4738 -0.0481
2.2120 0.1677 0.3660
1.5978 0.4461 0.7056
1.8709 0.1556 -0.9731
1.4319 -0.0944 0.2552
2.2719 0.4964 0.4042
2.0563 0.0123 0.0282
2.0231 0.0488 0.9861
2.7577 0.1284 -0.0240
2.0715 -0.8048 0.5113
1.8632 0.0037 0.0398
2.1386 -0.1286 -0.2213
2.7586 0.8650 0.0436
2.6347 -0.3089 -0.6335
1.9775 0.1035 0.0947
1.8217 -0.1902 -0.1799
2.0807 -0.0101 0.2062
2.6687 0.1230 0.1528
2.2147 -0.1389 -0.0787
2.7470 -0.1951 0.2419
1.9935 0.0189 0.5794
2.3184 -0.1371 0.6446
2.1275 -0.2621 0.0016
2.2273 -0.3462 0.1017
2.0345 0.0804 -0.2502
2.1645 0.1624 -0.9427
2.4154 0.0278 -0.0936
1.3902 0.5369 0.0478
1.9565 -0.0327 0.8849
2.0827 0.2549 -0.7354
1.8752 -0.4042 0.1563
2.0004 0.0706 0.3034
1.8436 0.0586 0.3146
1.1924 -0.2011 0.6652
2.1175 -0.0388 0.0619
2.0142 -0.1083 -0.2603
2.1930 -0.1434 -0.4731
1.9091 -0.3312 -0.0398
2.2893 0.3575 0.1177
2.0560 0.1723 0.1052
2.1454 -0.1128 0.1254
1.9997 0.0002 0.1638
1.9798 -0.3041 -0.6545
1.1639 -0.2400 -0.3187
1.8900 -0.1712 -0.8464
2.2425 0.4877 0.6133
2.1504 -0.0307 -0.1566
1.9728 0.2281 -0.5943
1.5188 0.0025 1.0092
1.4833 -0.0670 -0.2062
1.8649 -0.0253 -0.0921
1.3175 -0.1991 0.1700
2.0503 -0.1930 0.1612
2.1435 -0.1304 0.1181
2.6116 -0.4828 0.3082
2.1677 0.0498 0.3192
1.8297 -0.1723 0.0485
2.0075 -0.6360 0.1440
2.3654 -0.2489 -0.0600
2.0691 0.1019 -0.4845
2.0890 0.0952 0.8900
2.1317 -0.0254 0.1121
2.1615 -0.0060 0.0700
2.6680 0.0657 0.6227
1.9315 -0.0759 0.0203
1.9865 0.0130 -0.0238
1.9629 -0.8167 0.4390
2.1344 0.1047 0.1828
1.8227 0.0111 -0.0466
2.0517 0.2027 -0.3879
2.1368 0.0158 -0.1826
1.9636 0.1545 0.2777
2.1218 -0.0059 -0.6819
2.1696 0.6127 -0.1695
1.6364 0.2189 0.3090
2.1783 0.2938 -0.0008
1.7376 0.2445 -0.8406
1.9865 0.0689 -0.2430
1.7149 -0.2743 0.7482
1.9967 0.0201 -0.0234
1.7469 -0.1093 0.3283
2.1566 0.7551 0.2503
2.0051 0.0092 0.9005
1.9994 0.1391 0.9827
2.0478 0.0218 -0.9352
1.9087 0.1148 0.1763
2.0535 0.4587 -0.0265
1.9421 -0.0094 0.0790
1.9068 -0.5740 0.0646
2.3989 -0.3712 -0.1237
1.6124 -0.3246 -0.3401
1.9859 0.0743 -0.4485
2.0087 -0.0141 -0.0180
2.1850 0.0465 0.0002
1.6707 0.4360 0.4245
1.3177 0.5842 0.6123
1.8293 0.1878 1.1355
2.0801 0.0803 -0.2061
1.9941 -0.0305 -0.0063
1.5876 0.2742 0.7698
2.3047 -0.0051 0.3649
2.7405 -0.1895 -0.2407
2.1916 0.2107 -0.2411
2.0125 0.0337 0.8108
1.7641 -0.2039 -0.6561
2.0080 0.0221 0.8903
2.1678 0.1167 -0.2101
1.9691 -0.0126 -0.4011
1.9655 0.1153 0.7690
1.8492 0.2131 -0.2390
2.2755 -0.4743 0.5030
2.0222 -0.0016 -0.2996
2.0012 -0.0331 0.0230
1.9743 -0.0425 0.8328
2.0101 -0.0020 -0.1354
1.6139 -0.2302 -0.7665
2.7667 -0.5010 0.3762
1.9504 -0.9067 0.1087
1.8759 0.1933 0.1743
1.9942 -0.0067 -0.0570
2.2720 -0.5424 0.2087
1.9761 0.2242 0.0816
1.9902 0.8626 -0.0293
1.7743 -0.0988 0.4879
2.1010 0.0025 0.0043
2.0969 -0.9014 -0.1927
2.0714 0.0526 -0.6663
2.0876 0.0093 0.9529
2.0116 -0.3613 0.2122
1.3560 -0.4667 -0.2946
2.0784 0.4998 0.1617
2.3127 -0.0805 0.4024
1.8587 0.2857 0.7893
2.3349 0.7386 0.0822
2.1481 -0.1390 -0.2716
1.5549 0.2646 0.1458
1.6856 0.2108 0.8094
1.8519 -0.0354 -0.1173
2.1578 -0.1035 -0.0425
2.1411 0.1305 -0.1897
2.0038 -0.0157 0.0031
2.1527 -0.7816 -0.2796
2.0656 -0.2080 -0.6522
2.0035 -0.0022 -0.0069
2.1860 -0.0284 0.0691
2.0609 -0.0172 -0.0104
2.1894 0.4106 0.8713
2.1930 0.1416 -0.1629
