-0.1253 -0.2998
0.0652 0.2897
0.2622 0.9233
0.4739 -0.9448
-0.4315 0.4778
0.9077 0.6609
0.8795 0.0265
0.0656 -0.5763
0.2595 -0.1690
0.4951 0.5499
0.2633 0.5017
0.2329 -0.3152
-0.7959 0.4592
-0.8285 -0.2657
0.1527 0.5988
-0.3885 -0.0117
0.5480 0.3336
-0.2921 0.6886
0.0633 0.0449
1.0833 0.4011
0.1506 -0.0602
-0.0767 -1.0964
-1.0178 0.0368
0.3464 -0.3881
0.0661 0.4414
0.1684 -0.8422
0.0054 -0.8155
-0.7320 -0.2354
0.4056 -0.5190
0.3260 -0.4724
-0.6044 -0.0684
-0.2087 -0.5265
0.6794 0.5444
0.4500 -0.7373
-0.2215 0.0325
0.7086 -0.6190
0.3127 -0.7303
0.0208 -0.0116
0.2394 -0.3550
0.2581 -0.2498
0.6198 0.6674
-0.2854 0.1406
-0.0753 0.1720
-1.1354 0.3358
0.5379 0.1468
-0.3583 1.0296
-0.1367 -0.2420
-0.8014 -0.0738
-0.1780 -0.0098
-0.1248 -0.7607
-0.0130 0.0645
-1.0114 -0.1319
-0.8864 0.4036
-0.0438 0.2650
-0.1113 0.0598
-0.0119 -0.1828
-1.1313 -0.0314
-0.1074 -0.0720
-0.1491 0.1039
-0.1958 0.3055
-0.4361 0.2942
0.4581 -0.0781
-0.0980 -0.8194
-0.0417 0.5471
-0.3556 0.7105
0.0729 -0.0969
-0.8027 0.4758
0.1470 0.0224
0.7908 0.5398
-0.3605 0.5698
-0.0796 0.0703
0.0780 0.4432
0.1956 -0.8728
-1.0538 0.4689
1.0815 0.1957
1.0673 0.5429
0.9892 0.1704
0.0054 -0.0106
0.7787 0.3641
-0.1570 -1.1559
0.8266 0.3030
0.0749 0.1585
-0.0258 -0.0356
0.8424 0.4327
0.7356 0.3295
0.5233 -0.7007
-0.1690 -0.2440
0.1724 -0.3648
-0.3937 -0.9763
-0.5065 0.0607
0.1907 -0.5263
0.7373 -0.0901
0.0828 -0.1749
-0.2764 -0.1216
-0.9073 0.5674
-0.3128 0.2216
-0.1428 0.2004
-0.4565 -0.3255
-0.7381 0.6601
0.1836 0.3583
-0.0945 -0.3052
0.6408 -0.4784
-0.5786 0.2574
-0.5878 0.2888
-0.4225 -0.0083
0.0390 -0.0441
0.3014 -1.0094
0.4058 -0.1256
0.0726 -0.2590
-0.3037 0.5641
0.0342 -0.0782
0.1347 -0.0063
-0.2300 0.1511
-0.0074 -0.1948
0.1874 -0.0140
-0.1341 -0.2435
-0.0188 -0.1410
-0.7556 0.6014
-0.0462 -0.0034
-0.6893 0.3501
0.0253 0.0797
-0.0865 0.1505
-0.1800 -0.1615
0.3951 0.8757
-0.6699 0.3352
0.3194 -1.0020
0.0110 0.0427
0.0651 -0.1164
0.3016 0.4100
0.2029 -0.5000
-0.4007 0.1614
-0.1806 -0.1136
0.0211 0.0346
0.0961 -0.8956
-0.1434 -0.4321
0.0869 0.2955
-0.2809 0.3525
0.1403 0.8614
-0.1066 -0.4450
0.0622 -0.5728
0.2813 0.0614
0.3641 -1.1358
-0.9013 0.1788
1.0002 0.0693
-0.4857 -0.7626
-0.2657 0.0229
0.1660 -0.0727
0.0845 0.0823
-0.3257 0.9773
-1.0234 -0.0721
0.8780 0.6071
0.6095 0.4061
-0.0128 -0.1287
-0.5483 0.2506
-0.2445 0.1303
-0.3687 -0.8950
-0.0386 -0.0713
0.2606 0.2366
-0.6771 0.5230
-0.0093 -0.1102
-0.3283 -0.5819
-0.0068 0.6244
0.1440 -0.1788
1.1044 0.4542
-0.4200 0.0266
1.1677 -0.0384
0.1729 -0.6511
-1.1059 0.3074
-0.7138 -0.3577
-0.0720 -0.0385
0.6493 0.5139
0.0392 -0.0817
0.6862 -0.4476
-0.5829 -0.3014
-0.2213 -1.1115
0.2890 -0.9404
0.0233 -0.3193
-0.7339 0.6084
0.9673 0.1162
-0.1696 -0.1654
-0.5860 -0.5189
-0.1156 -0.4563
-0.8137 -0.2156
0.4555 -0.1165
0.1278 0.1668
0.8005 -0.6371
0.2477 0.0189
0.1796 -0.1663
0.0047 0.0304
0.6233 -0.9263
0.5430 0.6946
0.9872 -0.4028
-0.0284 0.0083
-0.0120 0.6224
0.1642 0.4390
0.4495 0.6179
-0.7029 0.0899
-0.0734 0.4587
0.8052 -0.1425
-0.8912 -0.4243
