-0.4735 1.1855
-0.3788 -0.6952
-0.0024 0.4751
0.0255 -0.1485
-0.1399 -0.1817
0.2152 0.1064
-0.3519 -0.8952
0.1924 0.4984
-1.5662 0.8067
0.5409 -0.1889
-0.8155 -1.4621
-1.3995 0.9344
0.6853 -0.3231
-0.6889 0.6952
0.0664 -0.0828
1.7466 -0.3509
-1.0155 -1.0263
0.1515 -0.3382
0.8558 -0.0360
-0.2028 0.0006
-0.0908 0.0504
0.5695 0.3333
-0.8327 -0.1049
0.0037 -0.0176
0.7636 -0.4746
0.2749 -0.1557
-0.4269 0.0813
0.0067 0.1990
0.5401 0.0580
0.9760 0.8142
-0.2842 0.1753
-0.7748 -0.3775
0.8761 -0.4368
-0.0760 0.5720
-0.6116 0.0784
0.1391 0.2149
-0.5474 -0.6659
-0.1586 0.0787
-0.3550 -0.5232
-0.7552 -0.6104
0.3284 0.1499
-0.1350 -0.1953
-1.7368 -0.6025
1.0480 1.2726
-0.6820 0.5057
-0.2498 0.4794
-0.2738 -0.6379
-0.3155 -0.1387
0.2380 0.0378
-0.3987 -0.7952
0.6919 -0.3277
-0.5162 -0.2686
0.3269 0.3410
-0.1175 -1.3794
-0.0118 -0.0716
-1.5839 -1.5166
-0.4526 0.8786
0.7786 0.4824
0.0352 -0.8590
-0.4599 -0.6483
-0.6377 -0.0399
-0.0423 -0.0761
-0.6338 -0.1151
0.6656 0.2235
-1.0440 0.8530
-0.1239 0.6266
-0.3820 0.5412
-0.6856 0.4277
0.5403 -0.2825
0.1579 0.1914
-0.2326 -0.0723
0.1578 -0.0748
0.7180 0.5475
0.0084 -0.1186
0.4737 -0.4331
1.6318 0.5744
1.4174 -1.1095
-0.2884 -0.6155
-0.5232 0.6106
-0.3097 0.8391
0.7060 0.3099
-0.4528 0.0927
-0.2639 -0.2108
0.5721 -1.0858
0.7756 -0.3523
-0.8112 -0.1364
0.3928 -0.5669
0.2708 -1.1834
-0.1105 -0.3679
-0.1779 0.2113
0.5625 0.2575
-0.0030 -0.0339
-0.6237 -0.0992
-0.7683 0.0488
0.0743 0.1450
-1.2125 -0.6339
0.3077 0.3566
0.1046 -0.6608
0.3649 -0.1714
0.8160 -0.1285
-0.8817 -0.2285
-0.1518 0.1299
-0.1391 -0.6605
-0.4837 -1.6961
0.4181 0.5027
-0.0410 -0.3860
-0.0308 0.0660
-0.3714 0.4456
-0.3606 -2.0136
1.1843 0.4353
0.0656 0.4545
0.0586 -0.1067
-0.6310 0.6408
0.4797 0.1166
0.5997 0.0168
-0.3184 -0.0523
-0.4199 0.0325
0.4381 0.5670
0.5638 -0.6263
-0.0070 -0.0106
0.0655 -0.3351
-0.2053 -1.8583
-0.3377 0.1899
-0.5268 0.2428
0.3922 -0.6942
-0.0237 0.1226
-1.7835 0.8164
0.7519 -0.2706
0.5965 0.0484
-0.4385 -0.4084
0.1800 -0.2663
0.1599 -0.2426
0.6178 0.1252
0.0766 -0.4317
0.0722 0.1292
-0.3722 0.0141
-0.8794 0.3289
-0.0473 0.3118
-0.4642 -0.4586
0.3890 -0.2232
-0.0162 -0.0206
0.1518 0.3136
0.6360 0.4794
0.3745 0.4711
-0.3687 0.6722
-0.7083 0.5365
0.7773 -0.3749
-0.7017 0.0587
-1.4699 0.2776
-0.6572 -0.4569
-0.3038 0.3874
-0.2719 0.3577
-1.8901 -1.0158
-0.8661 1.2466
-0.9161 -0.2652
-0.1599 -0.9729
-1.4471 -1.1187
0.2095 0.4828
0.1063 0.4861
-0.4736 0.0772
-0.5681 -0.5115
-0.1539 0.3853
-1.6381 1.1125
-0.0404 0.9441
-0.4542 -0.0299
0.4585 1.1736
0.6243 0.2096
0.9195 -0.1448
-0.0667 -0.2270
-0.0410 -0.0043
0.1452 -0.1479
0.3344 0.0315
-0.7968 0.1643
-0.9712 0.2183
0.2566 -0.0263
-0.0219 0.0165
-0.1480 -0.5823
-0.2639 0.0351
-0.1259 0.1238
-0.8895 -0.1745
-0.1762 0.0723
-0.9667 -0.0641
0.0508 0.0738
-0.2388 0.8638
-0.2840 -0.3325
0.2937 0.3046
-0.1951 0.2323
0.0105 -0.0617
-0.1621 0.2460
-1.0742 0.4437
-0.3866 0.8553
0.0488 -0.1929
-0.7169 0.5213
0.7169 -0.1320
0.5523 0.1027
-0.0424 0.5030
0.1339 -0.0317
0.9086 1.0030
-0.1996 0.1209
0.5877 0.0693
