-0.8064 -2.6499 -0.9368
-0.1624 -0.0006 0.1737
0.1609 0.1809 -0.9568
-0.1379 -0.0730 0.7271
-0.3129 -0.2321 0.0064
0.0894 -0.5834 -0.1441
0.1972 0.0339 -0.4841
0.4187 -0.4272 0.3412
0.0421 -0.0139 0.0442
-0.0216 -0.0199 0.1309
0.1414 0.0834 -0.8824
-0.0214 -0.0260 0.0816
0.4753 -1.5332 -2.4912
-0.0555 0.0258 2.3423
0.1033 0.4603 0.2431
-0.2073 -0.0845 -0.0378
0.1445 0.2216 0.1895
-0.2158 -0.1704 0.9182
0.2564 0.6804 0.1613
-0.3686 0.1569 -0.3234
-0.1537 -0.1661 0.1203
-0.1553 -0.0011 -0.8762
-0.0576 -0.0152 -0.2007
-0.2544 -0.1128 0.7211
-0.2967 0.3159 -0.2819
-0.2673 -0.7601 -0.0734
-0.1601 0.2504 0.0985
0.2368 -0.2503 -2.0773
0.0336 0.1969 0.0453
-0.3945 -0.1057 -0.4887
-0.0128 0.0633 -0.8061
-0.0336 0.0259 0.3811
0.5797 -0.4597 0.6699
-0.7611 0.0464 -0.1552
-0.1725 -0.1510 -0.2422
0.0043 -0.0125 -0.2576
-0.3878 -0.1198 0.8310
0.3173 -0.1853 0.6541
-0.0443 0.0157 0.1050
-1.1466 -1.6077 1.6663
-0.0940 0.2816 -0.1552
0.7392 -0.1973 -0.0606
-0.1198 0.3539 0.6404
-0.3770 0.5867 -0.4215
1.4255 0.4424 0.4999
0.1251 -0.2056 0.6782
0.2401 0.0826 1.7212
-0.3543 -0.1049 0.2593
1.0219 0.0599 -0.1812
-0.2580 -0.4095 -0.2367
-0.7353 0.3639 0.0887
0.4781 0.4711 0.1211
0.3807 -0.4900 -0.5984
-0.1192 -0.0186 0.0384
0.0691 -0.2828 -1.4464
1.1722 -0.4002 0.4181
0.0012 0.0052 -0.1231
0.1036 -0.0536 0.5077
2.0641 0.4722 -0.0749
-0.2263 -0.1171 0.6343
0.7442 0.1760 -2.3886
0.1665 0.4816 0.7529
-0.0036 0.1095 -0.3274
0.8907 2.3908 -1.0998
-0.1613 0.3328 0.3973
0.0487 0.0467 -0.3587
-0.0021 -0.0238 0.0626
0.0740 -0.0195 -0.1685
-0.0012 -0.0073 -0.0955
0.2979 -0.0485 -0.5844
2.2736 -0.7205 -1.0340
0.0164 -0.0455 -0.1327
-0.0656 0.0917 -0.9911
0.0007 -0.3697 0.3014
1.0029 -0.3469 2.5679
0.4355 0.6766 0.3906
-0.0014 -0.0148 -0.6890
0.9607 0.5756 1.6599
0.4563 0.2337 0.7468
-1.9395 1.4387 -1.3290
0.0165 0.0558 -0.1207
-0.2197 -0.3046 -0.2078
0.0451 0.0987 -0.0629
0.6636 -0.4434 -0.4531
0.2974 0.0615 0.5642
0.6773 0.4351 0.3155
-0.0024 -0.0495 0.3938
0.2509 0.0887 2.5592
-0.0284 0.6121 -0.0364
0.0180 0.0116 -0.1020
0.0192 0.0622 0.3695
-0.1519 0.0055 -0.0874
0.2524 0.2041 0.0177
0.0447 -0.0274 0.7454
-0.2068 -0.2608 0.6796
0.0618 -0.1087 0.1209
-0.2165 0.0554 -0.2703
-0.3139 -0.1641 -0.5270
-0.1708 -0.0231 -0.0557
0.1995 0.1828 0.7569
0.1275 0.1146 -0.7180
-1.4166 1.4265 -1.3468
0.0872 0.0832 -0.0943
0.2152 -0.5939 -0.2644
-0.0152 -0.2094 0.1479
-0.5522 0.5037 0.0874
-0.1288 -0.0461 0.1913
0.3024 0.1413 0.0339
-0.1806 -0.0479 -0.9132
0.2358 0.5508 0.0156
0.0738 -0.1515 0.2144
0.2062 -0.7722 -0.0261
0.2622 -0.2922 0.0162
0.1662 0.0927 0.2984
0.0672 -0.0980 0.0840
-0.0023 -0.4519 0.3556
0.4929 0.5622 -0.4149
-0.0751 -0.1453 0.1217
-0.0103 -0.4253 0.2548
-0.0318 0.2074 -0.3828
-0.0054 -0.3383 -2.3140
-0.1126 0.6922 -0.6530
-0.3867 0.0874 0.1880
0.2810 -0.1507 0.0340
-0.1054 -0.3752 0.3837
0.2606 -0.2183 0.0252
-0.3225 0.0422 0.3435
0.2773 0.0809 -0.5599
-0.0658 -0.4250 0.8292
-0.1473 0.1406 0.0227
0.1973 0.3729 0.3398
0.0404 -0.5991 0.2817
0.0431 -0.1021 -0.4897
0.0582 -0.0988 -0.2445
0.5783 -0.2065 0.3619
-0.0035 -0.0104 0.1870
-0.6069 -0.5264 -0.4727
0.1905 0.6340 -0.6573
0.0676 -0.0280 -0.4997
-0.0449 -0.3454 1.1786
-0.0031 -0.2816 -0.2961
-0.0005 -0.0026 0.0798
0.9142 0.6559 2.2592
-0.5619 0.2641 0.6660
0.7299 -0.0077 -1.1454
1.3886 -1.8805 0.7073
-0.0798 0.0698 -0.6696
0.0451 0.0039 -0.0946
0.1320 0.4469 0.7374
1.6485 0.1415 1.2851
0.1813 0.0792 0.5943
-0.6752 -0.1393 0.0315
-1.1964 0.2611 0.7677
-0.2740 0.0055 0.5190
2.9381 -0.8411 0.5694
-0.3693 -0.2021 0.7154
0.0599 0.0138 0.1132
-0.0133 -0.0000 -0.0108
0.1689 0.0485 0.2800
-0.4335 0.1701 -0.3735
-0.0452 0.0197 0.9383
0.1951 -0.0273 0.1230
0.0075 0.0793 -0.3456
0.8295 -1.3090 -1.3478
0.1764 -0.3331 0.3002
-0.0754 0.4401 -0.2824
-0.1305 0.1957 -0.9526
0.2200 -0.0012 0.7588
0.1149 0.1133 0.5859
-0.0116 -0.7561 -0.3376
0.1012 0.3674 0.4035
0.8908 0.0128 -0.1519
-0.1795 0.3472 -0.2304
-0.8290 0.2602 -0.3032
-0.7002 -0.2082 -0.4011
-0.1909 -0.1366 -0.5083
0.0762 -0.0052 -0.7482
-0.0676 0.1211 0.3879
-0.4524 -0.2872 0.1847
-0.0602 0.0072 -0.9411
-0.2106 0.9104 -0.2351
0.2882 0.5409 -0.5641
-0.2229 0.5473 -0.2121
0.0357 -0.0126 -1.8678
-0.0022 -0.0196 -0.2128
0.4013 0.5459 -0.0920
-0.2438 0.4121 0.4051
-0.0132 0.0009 -0.0595
-0.5779 -0.1831 -0.2199
-0.6165 -0.1483 -0.2878
-0.5048 0.3982 0.4848
0.0227 0.0052 0.0096
0.0304 0.0352 0.3560
-0.0021 -0.0475 0.0505
0.0030 -0.0052 0.4387
0.7257 -0.0632 0.0809
0.3709 -2.7434 0.4618
0.7132 0.3681 0.2070
-0.7249 0.4530 -0.1250
-0.0629 0.0899 -0.0504
