-5.827917757777405505e-01 -2.824918666055149519e-01
1.553327809855418740e-01 -1.728386952649678399e-01
-7.315875934622722010e-01 3.778886977048218632e-01
-1.839029278390257038e-02 1.592780465757940578e-01
1.513259933244076316e-01 -4.834203749905169878e-01
1.240646276235801530e-02 -8.645078832306902772e-01
-8.635236730980037911e-03 2.383161218351517729e-02
-1.008743350661800570e-01 -5.733735061900355895e-02
3.045336132777721194e-01 1.018800639293669374e-01
-7.925642679881591546e-01 -3.767331919142384578e-02
1.971416719708470391e-02 -2.291415813360299456e-03
4.187048561298885030e-01 9.755728794914543534e-02
2.103094642664564695e-01 -2.223122804627161442e-01
6.924164479244550030e-01 2.927202167585653617e-02
3.083364566102499427e-01 3.806873783425011593e-01
1.580297783480689999e-01 -5.603832586497969198e-02
7.047023017113124288e-02 2.418396878800745387e-01
1.210278714334274697e-01 3.951171985536812703e-01
-1.175025185105588316e-01 6.126405214693178558e-02
-3.261352611389704559e-01 -2.532471656612442223e-01
2.086730552187675003e-01 -2.151535774304433046e-01
3.398884350638675667e-01 7.608123125237683526e-01
5.569501561823238245e-02 -6.871804620811455822e-02
-1.129162527156316043e-01 -8.339878415321866356e-01
-9.099515375853086674e-01 3.869318929909336402e-02
8.677831287942594507e-02 -8.406291722680305778e-01
2.282093451976893173e-01 -7.658042468430534822e-01
9.367628903343958036e-02 9.279214690421485612e-01
-4.393909297515750656e-01 1.480520712438935793e-01
1.228773165512761500e-01 4.954455738939440579e-01
-3.134059401801384537e-01 1.293952496159747889e-01
1.110480846643025973e-02 -4.798310927304429985e-01
5.183375015559923277e-02 -1.791077089846850878e-01
-6.077768213663780478e-02 -1.613672095739325796e-01
-1.070412248220412865e-01 5.369916916618487912e-01
5.473875496731464008e-01 -2.594552040383441560e-01
1.114251891711071502e-01 -1.611325686551063341e-01
4.139626418416496589e-01 -5.207195278184634235e-01
5.432635369119248603e-01 -5.287963779275102472e-02
2.609756968239274610e-01 -6.761837582100235222e-01
4.185683122364910469e-01 3.377780275582275005e-01
-1.248317007402786893e-02 4.864634304266430842e-01
-9.069130769704226991e-02 -1.649186281888853634e-02
4.675152675018771631e-01 -3.133632886701082088e-01
6.603180989401777889e-01 -6.615999318665725104e-01
-2.457070448587583000e-01 -9.155169012452959443e-01
1.122150573863546497e-01 -2.324755357486002483e-02
-1.317018663549729407e-01 9.504787495553132515e-02
-2.100365348116362274e-01 -7.846741229191916273e-03
-2.318981411008114446e-01 2.637492894392808318e-01
1.581041653345831799e+00 4.520041318574487543e-01
2.030316887659317171e+00 -3.111395280782118800e-01
2.460968641297881287e+00 -9.324816000212414469e-02
1.727864643631700448e+00 -1.245254314030558862e-01
2.783922612882022918e+00 -2.410933719289643229e-01
1.670806256980888138e+00 8.268791685050059792e-01
2.576371031659151711e+00 -8.005747872173009094e-01
2.045509979217694063e+00 -5.202192390865036098e-02
1.848676705464623815e+00 -6.893853791679087628e-01
1.329947597019297323e+00 5.375845878433127556e-01
1.328606729605109615e+00 -1.980056942647144547e-01
1.194486346196349746e+00 2.088499030637160914e-01
1.054964562179430576e+00 8.646468155502474995e-02
2.586791696124207895e+00 1.409256377036605945e-01
1.301886892181335353e+00 -2.013412451434240802e-01
2.736388409073670314e+00 3.778776164159164397e-01
1.228933962050820394e+00 -1.493970065588108576e-01
1.944163278993923161e+00 1.001870936463332418e-01
1.802142382617147209e+00 -1.265923377925272097e-01
1.447206642342885319e+00 -2.186693965425586250e-01
2.570252881429325509e+00 3.330004136554735039e-01
1.825266817424242571e+00 5.539905143829402245e-01
2.630370485555894700e+00 -6.475584787287341770e-01
1.538450605659828607e+00 7.755980617401702082e-01
2.062661055556129330e+00 8.592250113201041484e-02
1.799839558441486354e+00 2.513063268658366489e-01
1.354885583041972819e+00 -1.157173174481002792e-01
2.813072547404409374e+00 5.435618797392279822e-01
1.678651212843363272e+00 -1.969207134497288902e-01
1.754240989485353897e+00 1.525483888429820245e-01
1.226951662117240049e+00 3.011502371566248670e-01
1.629824148054960897e+00 -3.314848434123693899e-01
1.729159221475313535e+00 -8.916302622267536782e-01
2.527996211586921227e+00 8.944082457336367808e-02
2.259413372779305540e+00 2.466054084523470191e-01
1.489110636009476352e+00 9.519145655748986745e-02
1.899700536412032292e+00 4.245891424241986511e-01
1.966332056881728629e+00 -3.153383616708981818e-01
2.486517987104421845e+00 1.331192976427125751e-01
2.077817330988955824e+00 -3.001230694818924349e-01
1.916116528314821821e+00 -2.953569541720316161e-01
1.962994551379241726e+00 8.621756050067859532e-04
1.992634204374181373e+00 9.845934874340400711e-01
1.670449210580750021e+00 -2.971843835920852661e-01
1.899291796560940604e+00 3.016138793172458699e-01
2.232083702103894396e+00 9.525011220419739300e-02
2.056428691099676076e+00 2.637499406666052870e-01
2.479904468684728247e+00 5.516058303321424994e-01
2.160240532010115011e+00 -8.985708818345821136e-01
1.462444030470205103e+00 1.114375261492325381e-01
