-0.0494 0.0813 -0.1837
0.0193 0.1564 -0.2485
0.2566 -0.2634 -0.3095
-0.0032 0.0025 -0.9691
-0.7757 0.5244 0.1403
0.0441 -0.0279 -0.4906
0.0486 -0.0396 0.3085
0.0092 -0.0086 0.1474
-0.3433 0.5126 0.0998
0.4999 -0.0148 0.5536
0.0405 -0.0261 0.1476
0.2672 0.2558 0.3673
0.0003 0.0103 0.0371
-0.5118 -0.2757 -0.6131
-0.4381 0.4139 -0.3900
0.0064 0.0088 -0.0495
0.0941 0.1352 -0.2188
0.0078 -0.1410 0.4634
-0.1984 0.0930 0.2792
-0.0456 0.0045 0.0676
0.3336 0.1537 0.2309
-0.2886 0.2428 0.6564
-0.0021 -0.0349 -0.0016
0.5803 -0.0580 0.0005
0.6712 0.0784 -0.3706
0.0351 -0.0948 0.0297
0.0748 -0.7230 -0.4895
-0.0916 0.1350 -0.3635
0.1590 0.1755 -0.2027
-0.0629 -0.0154 -0.0402
-0.8816 0.3985 0.0362
-0.0956 0.5431 0.4322
-0.0272 0.0002 -0.0130
0.5441 -0.4639 0.1525
0.0040 -0.0190 -0.1545
-0.0797 0.1342 0.0794
0.0966 -0.0097 -0.2725
-0.5662 0.6371 0.2049
0.3517 -0.1731 0.6296
0.0772 -0.0298 -0.0638
0.0415 -0.0152 -0.4915
0.0524 0.0249 -0.1225
0.0414 -0.1357 -0.2254
0.0091 -0.0014 0.0189
0.1656 0.0827 -0.0851
0.5375 -0.1308 -0.5021
-0.0519 -0.0766 0.5009
0.1195 0.3121 0.6475
0.5154 -0.3818 0.2262
0.0832 0.3562 0.1142
1.4938 -0.4223 -0.0322
1.7300 0.1221 -0.2930
1.9943 -0.0373 0.1852
1.9492 -0.2938 -0.3494
1.7278 -0.4295 0.3435
2.0096 -0.4433 0.1125
1.8499 -0.0368 -0.2040
2.1092 -0.3801 0.7651
1.9664 -0.0100 0.3227
1.7841 -0.0362 0.2734
1.9940 0.0131 -0.3221
2.6224 0.4086 -0.3575
1.9135 -0.1006 0.2462
1.5740 0.4156 -0.0777
2.0297 0.0074 -0.0675
2.1899 -0.1170 -0.3427
2.3193 0.0272 0.7298
1.9748 -0.0714 -0.1951
2.3270 0.7817 -0.1468
2.2095 -0.0564 -0.3292
1.7587 0.2101 -0.0088
1.9800 -0.0937 0.6820
2.0365 -0.0537 -0.0340
2.0117 0.4972 -0.2026
1.9707 -0.0112 0.4175
2.0957 -0.0152 -0.4847
1.7349 -0.5516 -0.2709
1.9152 0.0562 -0.8379
1.8680 0.0563 0.1899
2.0281 0.0342 -0.0681
1.9103 0.0184 -0.3024
2.0487 0.0380 0.8523
1.9987 -0.0034 0.3863
2.2249 -0.3835 0.0647
2.0403 0.1698 0.0149
2.1280 -0.3762 -0.4945
2.0036 -0.0180 0.0241
1.4950 0.2794 0.4901
1.7792 0.2285 -0.3539
1.9978 0.0030 -0.0068
1.6471 0.0186 -0.2570
2.2890 -0.4691 -0.0078
1.5714 0.4356 0.4204
2.2289 0.5210 -0.0821
2.0191 0.0322 -0.0526
2.4141 0.7626 0.4180
1.6523 0.6913 -0.4706
2.1328 -0.1418 -0.4201
1.4722 0.4640 -0.5060
2.7321 0.1324 0.2044
