-0.2470 -0.0462 -0.7650
-0.0236 -0.0783 0.2570
-0.3997 -0.1142 -0.6786
-0.4715 -0.3519 -0.1174
-0.3179 0.0175 0.4625
0.0771 0.1603 -0.4528
0.0009 0.0008 -0.0190
0.5065 -0.0146 -0.6017
0.0723 -0.2106 -0.1125
-0.1579 0.0119 -0.1261
0.8001 -0.0188 0.1075
-0.1708 0.0444 -0.0948
0.0474 0.3094 -0.6733
0.0302 0.0456 -0.0043
0.0248 0.0038 0.1502
0.0410 0.0058 0.9253
0.0187 0.7203 -0.4560
0.2118 0.0770 0.5134
0.3677 -0.0827 0.4387
-0.4964 -0.1966 0.3751
0.1580 -0.2902 0.0429
0.4836 0.2630 -0.6857
-0.3639 -0.3831 0.5657
0.0127 0.0510 0.1041
0.3197 0.6553 -0.0415
-0.0635 0.0707 -0.0243
-0.1297 -0.1748 -0.1840
-0.7159 -0.2790 -0.1706
0.4993 -0.0391 0.3572
-0.3130 0.1353 -0.1870
-0.1525 0.1669 0.7967
0.2421 0.0817 -0.0697
-0.2530 -0.1089 0.0606
-0.6443 -0.6108 0.0425
0.0820 0.2864 0.5201
-0.1698 -0.0611 -0.4231
0.0736 -0.0433 0.9546
0.1100 0.6583 -0.2158
0.8349 -0.2452 -0.4747
-0.5331 0.5325 -0.4699
0.1953 0.5525 -0.1580
0.0086 0.0625 0.0997
-0.1276 -0.1061 0.0671
-0.3253 0.3570 -0.3835
-0.1526 0.4313 0.7464
-0.1475 -0.2644 -0.3644
0.0652 -0.5321 -0.0957
-0.1766 -0.0382 -0.2538
0.0234 -0.0225 -0.7176
-0.1796 -0.0490 -0.7319
2.6210 0.4942 -0.5449
2.8295 0.6647 -0.5305
2.5587 -0.5362 -0.4139
2.1869 -0.0178 0.1692
2.4995 -0.0027 -0.1269
2.5349 0.5935 -0.6800
2.5095 0.0406 0.1070
2.5699 -0.2646 -0.5939
2.4426 -0.0363 -0.0304
2.3494 0.4066 -0.0205
2.3121 0.2176 -0.2119
2.7290 0.5872 0.4078
2.1912 -0.0401 0.7230
2.2557 -0.2324 -0.3210
2.3133 -0.0245 -0.1512
2.4950 0.0262 -0.6145
1.6892 -0.3607 0.1053
2.4359 0.0003 0.2558
2.9706 0.2078 -0.1231
2.5886 -0.0235 -0.1495
2.2187 0.1639 0.6668
2.9171 -0.7383 0.2436
2.3257 0.2710 -0.0913
2.5079 0.0053 0.1153
2.4757 -0.0490 0.4614
2.2398 0.1740 -0.2023
2.5854 0.1816 -0.6437
2.5931 0.0943 -0.7858
2.2740 -0.0695 -0.8251
2.5618 0.0330 0.3012
2.4685 -0.4285 0.1663
2.5682 -0.1274 -0.0156
1.8094 0.1594 -0.2815
2.4415 0.3874 0.3103
2.3730 0.2736 -0.1431
2.4832 -0.0237 -0.1026
2.5837 0.4138 -0.3529
2.7831 -0.3892 -0.4448
2.7052 -0.4095 0.8062
2.5778 -0.2143 0.3788
2.5460 -0.0542 -0.1200
2.6852 0.2589 -0.4209
2.6789 -0.2572 0.1487
2.3585 -0.6374 -0.0681
2.9091 -0.6164 -0.4678
2.4833 0.0060 0.0352
2.6113 0.2929 -0.1428
2.5229 0.0028 -0.1086
2.4614 0.3704 0.4681
2.4935 0.0908 0.2906
