-0.0495 0.1094
0.0147 -0.0029
0.1561 -0.4290
-0.2393 4.1797
-0.0158 -0.1277
0.5851 0.0084
0.8884 -0.0304
-0.0338 -0.1871
-2.1198 -0.6324
0.1905 -0.0947
1.5316 0.0926
-0.2285 -0.8729
-0.5820 -0.1089
-0.2597 0.0088
0.4993 0.7439
-0.7209 -0.0714
-0.5665 -0.6247
-0.0634 0.0241
-1.4919 -0.2978
-0.4204 -0.5520
0.0133 -0.1130
-0.3200 0.7562
0.1229 0.0305
-2.3165 -0.3152
0.2062 0.1703
-0.4476 -0.2878
0.2861 -0.3295
-0.1055 -0.7916
-0.0662 0.0752
-0.7594 0.2629
-0.2528 0.1300
-0.2188 -0.0545
-0.3485 0.6151
0.4172 -0.2938
-0.5025 -0.6837
0.0620 0.0927
-0.0837 -0.0805
-2.4910 -0.0059
2.2223 -2.4912
0.5574 -0.3141
-0.2084 0.0486
0.5411 0.1225
-0.1736 0.1317
-0.2386 -0.2319
-1.5234 -0.7295
0.4976 -0.9143
-0.6581 0.4629
0.1600 -0.8432
-0.1694 0.4058
-0.2431 0.3687
-0.3998 0.5267
0.5666 0.1066
0.6023 0.0350
-0.7569 -0.1915
0.2988 -0.1169
0.2455 -0.5353
-0.1951 -0.1082
0.3244 -0.9378
-0.3274 -0.2603
-0.0308 0.7088
0.6346 2.9091
0.1114 0.0390
-0.5299 0.6876
0.0301 -0.0224
-0.8519 -0.1052
-0.3883 0.4382
3.0743 0.5582
-0.2466 -0.0205
0.6683 -0.5750
-0.7971 -1.7841
0.8412 -0.1992
0.2673 -0.9587
0.0558 -0.6869
-2.7568 -3.0311
0.0502 0.4132
0.1953 -0.5816
-0.2562 -0.2332
-0.7206 3.3436
-0.4708 0.2297
0.7974 0.0304
-0.6200 -0.1673
0.0089 -0.0139
0.2353 -0.1312
0.1698 -0.6120
0.0041 -0.2747
0.9126 0.1931
-0.4106 0.7791
-1.5067 1.6711
0.2950 0.8376
0.0244 -0.6767
0.6179 0.3732
0.8585 0.1549
0.0470 -0.1443
0.9863 0.0148
0.2989 -0.8765
0.2835 0.1407
-0.0141 0.0203
-0.1965 -0.7857
-2.9176 2.2199
-0.5926 -0.0972
5.7027 0.3474
5.8946 -0.1327
4.3423 -0.0234
5.5425 -0.0498
5.0270 0.0193
5.2353 0.0106
5.0354 -0.3582
5.7501 0.4912
4.7444 -0.3532
5.3552 0.9081
4.8030 0.2346
5.3867 -0.1318
5.4594 -0.5000
4.0820 -0.1322
5.0518 -0.1706
3.2101 -3.5808
5.1908 -3.6509
4.5778 -0.0469
3.4699 2.1033
4.9321 -0.5206
5.7508 0.5865
4.9819 -0.1759
5.1739 -0.4124
4.3493 0.2552
5.2100 -0.3958
4.6660 0.4412
5.0126 0.0029
5.1559 -0.4056
5.1326 0.2277
4.2085 3.0670
5.1269 0.1302
4.8012 0.3982
4.9522 0.1223
4.9935 -0.1075
4.6785 0.2014
5.0238 -0.1202
5.2111 0.2237
5.1933 -0.3592
4.8057 0.1366
4.8960 0.0495
4.7183 -0.3527
6.4946 0.2588
4.4117 0.7907
4.9529 -0.1336
2.7821 -2.9030
5.3235 -0.6055
5.1983 -0.3614
3.8366 -1.1415
4.4929 -0.4141
4.3172 0.4630
4.5432 -0.3325
5.2936 -0.1032
6.9886 3.1883
4.9715 0.2309
5.3290 0.7653
4.9648 0.0294
4.8447 0.0679
5.1722 0.4452
5.3038 -0.0484
4.6023 -0.1677
7.8584 2.8017
2.6940 -2.9119
5.1915 0.4540
5.1781 -0.5725
4.6435 0.7193
4.2868 -0.6904
5.2895 -0.2557
4.6242 0.7701
4.5105 0.4994
4.3911 3.0737
4.8774 -0.4588
4.9503 -0.1363
4.9513 -0.0243
5.8554 0.0575
5.8066 -0.2987
4.5955 -0.5864
4.5083 0.8182
4.8240 -0.5974
4.8631 -0.0180
5.1925 0.2832
5.0785 0.1111
5.6490 -0.6724
5.0712 0.0407
5.1692 0.3265
4.1569 -0.4910
4.7254 0.0997
4.5708 -0.6675
4.8914 0.4134
4.9958 0.6981
2.2140 1.5277
4.9795 -0.1862
7.4963 -1.7497
8.0314 1.4062
5.0693 -0.5083
4.9425 -0.3023
4.8432 0.9788
5.6499 -0.0091
5.0138 0.1491
5.4218 0.2480
4.4272 -0.5935
