-0.1596 0.6686 0.6294
-0.1694 0.0053 -0.3507
-0.0097 0.0178 -0.0168
-0.4209 -0.2742 -0.0628
0.4717 -0.0770 0.6310
-0.3681 0.1363 -0.3447
0.0782 -0.3440 0.1350
0.0110 0.0271 -0.0690
-1.7898 0.7124 0.8325
0.0181 0.0782 -0.1428
-0.1004 0.0323 0.9333
0.0027 0.0066 0.0349
0.0111 0.0018 0.0143
0.0393 -0.3364 0.7054
-0.1930 0.0921 -0.1290
0.2312 0.0304 0.5540
0.0020 0.0024 0.0102
0.1455 0.2537 -0.5600
1.3959 -1.7808 0.4039
0.2804 -0.3736 0.6692
-0.0369 -0.3826 0.0763
-0.0566 -0.0860 0.7596
-0.1717 -0.6803 0.4592
-0.0189 0.0155 0.7128
0.2408 0.2987 -0.2298
0.2838 0.3216 -0.6412
-0.5736 0.3712 0.6234
-0.0119 -0.3203 0.5242
-0.0052 -0.1074 -0.0118
-0.0830 0.1162 -0.3761
1.3108 -0.1638 0.3612
0.0058 0.5752 -0.2472
-0.0660 -0.0550 -0.1212
-0.0001 0.0094 0.0453
0.1406 0.0467 -0.1061
0.0001 0.0000 0.0005
-0.1375 0.1764 -0.2416
0.8290 -0.6263 -0.8451
-0.0758 -0.0448 -0.9120
-0.7926 0.1707 0.5359
