-0.0053 0.6068
2.4044 -1.1679
0.4694 -0.6025
0.5897 -0.1542
-0.5069 -0.7750
0.4119 -1.1212
-0.9045 0.3288
0.2234 0.6365
0.0275 -0.0042
0.3262 0.2928
-0.1459 0.4067
-0.6743 -2.3510
0.3627 0.2049
-0.1142 -0.5094
0.0004 0.0919
-0.2766 -0.2115
-0.2718 -0.9192
-1.0039 0.4780
-0.0427 -0.0486
0.3430 -0.2864
-0.8390 0.3647
0.0114 0.6285
0.1120 0.9493
-0.1912 -0.2503
0.0594 0.6413
-0.2470 0.1155
-0.1410 -0.8998
0.6898 -0.6159
-0.4293 -0.8287
-0.1520 -0.0997
0.1133 0.1685
0.0309 0.1543
0.1964 0.1146
0.1111 0.2618
0.1134 0.2705
1.1684 0.9361
0.4910 -0.1476
-0.1396 -0.8169
1.0146 -0.3187
-0.0365 0.0545
1.0298 1.8759
-0.1791 -0.4565
-0.0117 -0.0802
0.5510 -0.1020
0.6266 -0.0162
-0.3265 0.7160
0.3299 0.4802
0.5504 -0.0712
-0.0236 0.1101
-0.3030 -0.1234
