-0.2811 -0.2220
0.0147 0.1941
-0.0078 -0.0336
-0.0735 0.3283
0.2243 -0.6791
-0.5876 -0.3090
-0.0280 0.2910
-0.5181 -0.2756
0.0883 0.0377
-0.1362 0.5042
0.0201 0.3478
-0.1563 -0.0424
0.1297 -0.0373
0.0171 -0.1119
0.1830 -0.6563
0.0633 0.2222
0.4710 -0.1222
0.0109 -0.2572
0.3762 -0.5404
0.5781 0.4895
0.0126 0.0160
-0.1682 -0.0521
0.9226 -0.3630
0.4017 0.7058
0.2172 -0.2160
-0.3197 0.1339
-0.1027 0.1343
0.0144 -0.0102
-0.1302 0.0325
0.6391 -0.1013
-0.4290 0.6330
0.2620 0.2752
-0.4293 -0.2832
0.3741 0.0173
-0.4770 -0.7964
0.7168 0.4956
-0.5823 0.0005
0.0804 0.7342
0.1678 0.2591
-0.1765 -0.0725
0.6565 0.4458
-0.3244 0.4065
0.0145 0.0502
0.2937 0.6059
-0.1320 0.1927
0.1220 0.9287
0.1815 -0.0380
0.8525 0.0046
0.1536 0.1684
-0.7095 0.0600
0.5454 -0.7783
0.0656 -0.3609
-0.5331 0.3650
-0.6979 0.3666
-0.5619 0.0104
0.5787 -0.2148
-0.2411 -0.1217
0.2915 -0.1785
-0.0462 -0.0883
-0.1793 0.3918
0.2201 0.0577
0.5060 0.0126
-0.5720 -0.3184
0.0254 0.0339
-0.0519 0.0155
0.0518 -0.1271
-0.2358 0.8881
-0.4326 -0.2174
0.4086 0.2561
0.1408 -0.8406
0.1736 0.7153
0.6073 -0.3638
0.4891 0.3892
-0.5970 -0.5032
-0.1068 0.2308
-0.0878 0.6657
0.9306 0.2379
0.0805 0.1313
0.4465 -0.3196
-0.1238 0.0491
0.0242 0.6328
-0.3575 -0.4781
0.1023 0.1155
0.0442 -0.0425
-0.0768 -0.8218
-0.0314 -0.0388
0.0641 0.4483
0.7842 0.0730
0.2817 0.4935
0.3602 -0.3941
-0.0249 0.0725
0.1246 -0.9505
0.1869 0.0126
0.6393 -0.3160
0.0028 -0.1246
-0.8362 -0.4301
-0.2336 0.0709
0.8499 -0.0346
0.9139 -0.3593
0.0732 0.1006
3.9411 0.1697
4.1325 0.3421
3.0814 0.1603
3.8138 -0.4918
4.5794 0.6965
4.0675 -0.0375
3.8710 -0.5925
3.9686 -0.3395
3.5228 0.4669
3.9032 0.2337
3.2010 -0.0956
3.9582 0.0049
3.6977 0.7107
3.9436 -0.4881
3.6510 0.0308
4.0550 0.0777
3.2653 -0.0751
3.5159 -0.1053
3.4354 -0.8147
4.0308 -0.2819
3.3926 0.3505
4.4056 -0.8876
4.9446 -0.1098
3.5510 -0.1416
3.4848 -0.2086
3.9616 0.0435
4.1857 0.3045
3.8800 -0.2796
4.7227 -0.1747
4.4078 -0.6425
3.3040 -0.5922
3.2425 0.6521
3.9880 0.0568
4.1371 0.0372
3.9726 0.0015
3.6342 -0.7496
4.0370 -0.0393
4.1387 -0.4207
4.1063 0.0070
4.0704 0.6577
3.8848 -0.3749
3.9852 -0.0235
4.1289 0.0688
3.2187 -0.0247
3.5665 -0.4777
3.6502 -0.2040
4.7493 0.0361
4.0945 0.7609
3.8774 0.0217
4.6196 -0.3827
4.0138 -0.8998
4.5602 0.5138
3.9321 0.2090
4.0501 0.0530
3.6805 0.0661
3.9350 0.0979
4.0122 -0.0059
3.8540 -0.0478
4.0432 -0.3524
3.7148 -0.3010
4.1614 -0.3269
3.9612 -0.1893
3.7374 -0.8590
4.0133 0.0260
4.2036 0.0873
3.9932 -0.2248
4.3051 -0.1930
3.6498 -0.4238
4.3994 0.8175
3.4019 0.4037
3.6901 -0.5168
3.3475 -0.5819
3.3062 0.0882
3.7391 0.4077
4.4102 0.7444
3.9473 -0.0071
3.9474 -0.0023
4.0042 -0.0088
4.2583 -0.2196
4.1483 -0.2599
4.2928 0.2031
4.0037 0.0159
4.8608 0.2081
3.3842 -0.7819
3.9207 -0.1241
4.2393 -0.0468
4.4537 0.3979
3.8716 0.0270
3.8998 0.4700
4.0414 0.0547
4.0694 -0.0795
4.0002 0.0012
3.2985 -0.2047
3.9765 -0.0718
4.7279 -0.0630
3.4952 -0.3361
4.8895 0.0277
3.7819 -0.1021
4.0177 -0.0004
4.1590 -0.4270
