0.1486 0.1377 0.8819
-0.0053 0.0625 0.1250
0.3096 0.2471 0.8463
-0.7432 -0.1970 0.8320
-0.0170 -0.0245 -0.0502
-0.0038 0.0152 0.1752
2.8238 -2.0015 0.4257
0.0741 0.0195 0.1035
-0.6310 0.3806 -1.9761
-0.0591 0.0948 -0.4309
-0.5820 -0.1322 0.1021
-0.8086 0.4470 -0.0434
0.1527 0.1071 -0.7813
0.0263 0.1205 -0.8820
0.5166 -0.0207 -0.0217
0.0056 -0.6142 3.3223
-0.1127 -0.2511 -0.2371
-0.2844 -0.2009 -0.2712
0.0854 -0.2264 -0.9130
0.0561 -0.1472 0.5423
5.0741 0.0128 -0.6407
4.3277 -0.8427 0.4798
4.5011 -0.0097 0.2839
4.5312 0.0231 0.1572
4.4498 0.0169 -0.0098
4.4751 0.0433 -0.8828
4.3624 0.0436 0.0048
4.5265 0.0551 0.0324
4.3593 0.5014 0.4515
4.5136 -0.0009 -0.7739
6.5866 -0.7038 0.8662
4.5925 0.1528 -0.4479
4.5473 -0.0929 -0.0689
4.5762 0.4890 -0.1412
4.4507 0.2843 -0.3468
2.6261 0.3599 1.5060
4.3063 -0.3465 -0.8300
4.6011 -0.0308 -0.3264
4.6534 -0.4581 -0.0041
4.5112 0.0324 0.9865
