-0.5709 -0.4309 0.3780
0.3760 -0.1944 0.6582
-0.2256 0.1636 0.6318
-0.0368 -0.6650 -0.2208
1.2179 -0.3568 -2.2728
0.0612 0.1291 -0.2321
0.0595 0.7760 0.2375
0.2945 0.2862 0.2126
-0.0258 0.0918 0.6632
0.0047 0.3940 -0.3225
0.1184 -0.0324 0.5803
0.1332 0.0364 0.5597
-0.1807 0.0310 0.7235
-0.1981 -0.1129 -1.3567
-0.0542 -0.0030 0.0088
-0.2798 -0.2877 -0.0555
-0.3934 -0.1656 0.7605
0.0005 0.1072 0.3247
-0.3555 -0.3988 -0.3215
-0.0751 -0.0073 -0.8700
0.3713 -0.0000 -0.6537
-1.8952 -1.2975 -1.0421
0.5115 -0.3941 0.6838
-0.0760 -0.0033 0.0360
0.1159 0.1087 -0.4516
-1.1317 2.4578 -0.4059
-0.1346 -0.3423 0.0583
0.1529 -0.3491 -0.5880
-0.5194 -0.1494 -0.4200
-0.3183 0.6363 -0.2156
