0.4226 -0.7387
0.0212 -0.0173
-0.1552 0.1482
0.0524 -0.1325
-0.0901 -0.0098
-0.2370 0.0334
0.2580 0.0547
-0.4509 -0.1435
0.4142 0.6351
0.9383 0.1182
-0.1244 0.0597
-0.2748 -0.3755
0.1556 -0.0622
-0.3242 -0.1612
0.0570 0.0837
0.1409 -0.0022
0.6010 0.1331
-0.4516 0.1731
0.8038 -0.3367
0.2460 0.2022
-0.7168 -0.7439
0.0388 0.0466
-0.0842 0.4155
-0.0029 0.0007
0.3851 0.7807
0.4996 0.8260
-0.2542 -0.8810
-0.6818 0.1224
0.4068 -0.5223
0.1019 -0.3688
0.3102 1.0690
0.4259 -0.2165
-0.8123 -0.0164
0.0203 0.0317
0.2062 -0.3054
-0.2090 0.9520
-0.7245 0.2447
0.0642 -0.0809
-0.9011 0.6338
0.3024 -0.3741
-0.1885 0.1143
0.3543 0.1093
0.2576 -0.4842
0.1454 0.0357
0.1515 -0.1050
0.3885 -0.6151
-0.0974 0.0404
0.5031 0.0527
-0.3942 0.7974
-0.0599 0.0216
-0.4759 0.8449
0.0166 0.0359
-0.3537 0.6166
0.4135 0.8117
0.0427 -0.0873
0.3638 -0.4085
0.0182 -0.2527
0.1346 0.5745
-0.4282 -0.5218
-0.0033 0.0046
0.1120 0.1458
0.1724 0.1402
-0.1321 -0.5426
0.4181 -0.2045
-0.4096 0.7094
0.2865 -0.4006
0.6491 -0.5241
0.0547 0.5132
-0.0123 0.1102
-0.5286 0.1463
0.4222 -0.6115
-0.3127 -0.2197
-0.8425 -0.3785
-0.1970 0.8862
-0.1852 0.1830
0.8571 -0.3060
0.4249 -0.3095
0.2769 0.7616
0.8429 0.3809
0.2868 0.0650
0.8582 -0.1477
0.0797 -0.1014
-0.1285 0.3673
-0.2566 -0.1506
-0.0764 -0.0591
-0.1918 -0.2485
0.1918 0.2652
0.7782 0.1804
0.5575 -0.8941
-0.4411 0.6651
0.7970 0.2701
0.0586 0.0517
0.5795 0.1260
0.3115 0.0804
0.0858 0.1546
-0.1390 0.3463
-0.5841 0.3838
-0.1764 0.0790
0.3713 -0.5607
0.4583 0.2385
-0.1729 -0.8195
-0.0545 0.3039
-0.0960 0.0001
-0.5091 0.5140
-0.1480 -0.1623
-0.0321 0.8785
0.6838 -0.3489
0.1639 0.0788
0.2521 -0.4457
-0.4029 0.3352
0.0076 0.0435
-0.7301 0.3303
-0.4218 -0.2958
0.4246 0.0895
-0.5395 0.3294
-0.5716 -0.0653
0.4917 -0.6801
-0.0647 0.2978
0.1748 -0.4654
-0.3094 0.3677
0.2156 0.8171
-0.5370 0.3975
-0.0002 -0.6718
-0.1442 -0.9307
-0.2521 -0.0538
0.3045 0.4429
-0.8280 0.6542
0.0144 0.1048
-0.7249 -0.6568
0.4613 0.0423
-0.5000 0.7649
0.8423 -0.4935
-0.7372 -0.6625
0.0163 -0.0026
-0.3186 -0.1613
-0.5754 -0.7403
0.0240 -0.3035
-0.0435 0.1632
0.1617 -0.4166
0.8863 0.0081
0.3839 0.3980
-0.1789 0.9245
-0.4842 0.1573
-0.0359 -0.0453
-0.5071 -0.6567
-0.2499 -0.2706
-0.7288 -0.4011
0.1235 -0.0415
0.2480 -0.3626
-0.2274 0.1150
-0.1347 0.4252
-0.4111 0.6568
-0.4855 -0.6554
0.2115 -0.7310
0.5971 -0.2199
-0.2428 0.1210
0.0056 0.0256
0.0777 -0.0506
0.4404 0.3454
0.0811 -0.0048
0.3932 0.1052
0.1488 0.1598
-1.1328 0.0802
-0.2993 -0.3811
-0.4477 -0.9054
-0.2665 0.4145
0.4069 -0.2127
-0.6698 0.0861
0.1998 -0.2675
-0.3095 -0.3391
0.0800 0.5020
-0.0428 0.0557
0.3678 0.3550
-0.3400 0.1473
-0.3440 0.6999
-0.7148 -0.1656
0.0907 0.1676
-0.1559 -0.2264
0.3787 0.4177
-0.0062 -0.0005
0.1776 -0.1841
-0.7085 0.4355
0.5321 0.0977
1.0604 0.0853
-0.0907 -0.0903
0.0068 -0.0042
0.2845 -0.0517
-0.3015 0.5885
0.1060 -0.2232
-0.2757 0.5565
-0.3103 0.4673
-0.0400 0.0092
0.2919 0.0296
-0.2060 -0.6494
0.1508 -0.5068
-0.1233 -0.7728
0.4695 0.0931
-0.6104 0.9834
-0.3918 0.0145
0.1284 0.2520
0.0374 -0.1814
0.1904 0.3480
0.3047 0.0315
-0.3947 0.8579
-0.5242 0.4833
0.6458 0.3247
-0.0967 -0.2232
0.0235 0.6499
-0.6634 0.1796
0.0694 0.8569
0.9705 -0.3045
-0.9388 -0.1193
-0.1141 -0.6513
0.2182 -0.0839
0.5277 -0.0932
-0.0373 -0.8863
-0.1422 -0.8434
-0.0259 0.1046
0.1828 0.1629
-0.6035 -0.5353
-0.1649 -0.0906
-0.2910 0.2726
0.0902 0.3483
0.2894 -0.0477
0.0020 0.0072
0.3665 0.1507
0.5980 -0.6434
-0.1347 -0.0198
0.0019 -0.0041
-0.0331 -0.3239
-0.4107 0.5541
0.0723 0.0072
-0.1016 -0.5003
0.0932 -0.0957
0.0742 0.0305
-0.4256 -0.1511
1.1931 -0.0314
0.1485 0.0777
-0.2820 -0.4112
0.0080 0.3376
0.0006 -0.4099
0.1386 0.2056
0.2574 -0.4381
-0.7076 0.3644
-0.1994 -0.0067
-0.3794 0.2143
-0.0972 0.2178
0.1565 0.2711
-0.0375 -0.5582
0.2002 -0.1403
-0.1685 0.6994
0.2498 -0.1499
0.8220 0.5579
-0.2380 -0.7557
-0.3837 -0.7553
-0.0896 0.3575
0.6581 0.0918
0.0002 0.0401
1.1417 0.0826
0.3098 0.0875
0.1373 0.7028
0.0308 -0.0069
0.0785 -0.0925
-0.7727 -0.7948
0.0126 0.3537
0.0026 -0.4222
-0.5593 -0.1425
0.1134 0.2552
-0.1938 0.1085
0.1623 1.0186
-0.2322 0.0830
0.3906 0.6348
0.5480 -0.0241
-0.4448 -0.1929
-0.3423 0.8551
0.3721 0.1211
-1.1812 -0.0138
0.3453 -0.4999
0.0284 -0.2550
-0.4646 -0.0943
0.1947 0.0205
-0.5083 0.8772
0.6324 -0.4951
0.5394 -0.1544
-0.6081 0.0949
0.6945 -0.3754
0.1384 0.1465
-0.0352 0.0560
0.0139 -0.0068
0.2612 -0.8529
-0.8715 0.4450
0.1688 0.2760
0.4334 0.4013
-0.1340 0.2632
0.5093 -0.3658
0.4441 -0.7007
-0.3806 0.0773
0.3691 -0.6128
-0.3604 -0.7631
-0.0290 0.0145
0.6187 0.4445
-0.1959 0.2122
0.9671 -0.2052
-0.0161 0.0053
0.4788 0.6401
0.0919 -0.0459
0.0816 -0.2988
0.1703 -0.0648
0.1295 -0.8924
-0.6965 0.0154
0.8616 -0.1421
0.6574 -0.3380
-0.2617 -0.7774
-0.3094 0.2844
0.4046 0.3380
0.4016 0.0918
-0.0273 -0.0453
-0.7199 -0.0319
0.0040 -0.1348
1.1214 -0.2106
0.7705 0.6875
-0.1323 0.1378
0.7491 0.2227
-0.4711 0.3267
0.4188 0.2711
-0.8409 0.3816
0.6153 -0.5154
-0.2650 -0.5843
-0.1520 -0.0360
0.0487 -0.3224
0.4111 0.3270
-0.1050 0.7861
0.5728 -0.1440
0.8015 -0.4196
-0.0719 0.7189
-0.0258 0.4068
-0.5155 0.1870
0.0214 0.0930
-0.7936 0.1320
0.0453 -0.0822
0.9180 -0.1980
0.1052 -0.2116
0.0275 0.0827
-0.2085 0.1613
-0.7408 0.5789
-0.8464 -0.4373
-0.0023 0.4474
-0.5498 0.4891
0.0241 -0.4965
0.5480 -0.5641
-0.7448 -0.0959
0.6305 -0.0139
0.3987 -0.7008
-0.8126 -0.3274
0.1198 -0.3050
0.2641 0.6140
0.0153 0.0382
0.0831 -0.5423
0.3309 -0.1715
0.1533 -0.0013
0.3075 0.2940
0.0038 -0.0123
0.5869 -0.4105
0.1552 -0.3588
-0.1531 -0.3006
0.1860 0.0831
0.3895 0.6765
0.4534 -0.4081
0.4312 -0.7019
-0.4374 0.1289
-0.2930 0.2228
0.3791 -0.0064
-0.0259 -0.0158
-0.0117 0.1068
-0.3932 0.8597
0.4378 -0.4690
0.2206 0.0801
-0.9215 0.0715
-0.4671 0.0722
0.5830 -0.8211
-0.7928 -0.5854
-0.3246 -0.0635
0.8111 -0.5756
-0.0573 -0.0121
0.5015 0.7513
-0.7080 -0.3786
-0.4535 0.2442
0.6447 0.7499
-0.1887 0.0990
-0.1540 -0.6514
0.3780 -0.5418
0.4703 0.4176
0.0298 -0.0754
-0.0642 0.0957
-0.9497 -0.3047
-0.2997 -0.3459
-0.0796 0.0528
-0.7205 0.1097
-0.5857 -0.2098
0.0006 0.0257
-0.0547 -0.0935
-0.1511 0.1878
-0.0298 0.0321
0.0645 0.4824
-0.0155 -0.0271
0.4112 0.9430
-0.0602 -0.1272
-0.4625 -0.4320
-0.6155 -0.1330
0.2756 -0.2443
0.0523 0.0516
0.3897 0.5751
-0.6245 0.0256
-0.2742 -0.2557
-0.1053 -0.0058
-0.6054 0.9335
0.0832 0.0961
-0.8279 0.2945
-0.1767 -0.0757
-0.0391 -0.1878
0.4067 0.4353
0.5949 0.3089
0.4363 0.0689
-0.0607 -0.0335
0.4309 -0.0205
0.4544 0.6875
0.7668 -0.2235
-0.0410 0.2607
-0.0374 0.0353
-0.0069 -0.9123
-0.0484 0.0142
-0.1292 -0.1624
0.3147 0.0027
-0.7331 -0.1808
-0.2486 0.6997
-0.1070 0.8825
-0.7281 0.6699
0.1186 0.0800
-0.1508 -0.1157
0.4287 0.1725
-0.3774 0.5474
0.5826 0.4876
-0.7410 0.2432
-0.0339 -0.4204
-0.6543 -0.1669
0.0332 -0.8254
-0.5567 0.1241
0.1125 0.1278
0.1858 -0.0253
0.3720 -0.3855
-0.1022 -0.0579
-0.3397 0.6013
0.0192 -0.0022
-0.0122 0.2454
0.0934 -0.1917
-0.7739 0.4977
0.0268 -0.0989
-0.9479 -0.0475
-0.3620 0.0804
0.1464 0.4481
0.3364 -0.4018
0.5333 0.2561
0.0464 0.0827
0.5661 -0.9263
0.4264 -0.0575
0.7736 0.0065
-0.0903 0.0649
-0.2484 -0.1383
-0.2352 0.0072
0.4347 0.2269
1.0265 0.0826
-0.2615 -0.9330
-0.0586 0.4712
-0.2892 -0.1175
0.3469 0.3175
0.9010 -0.4633
-0.2264 -0.6324
0.1566 -0.4024
-0.1040 -0.2036
0.0689 0.4682
0.3710 0.3432
-0.0829 0.3180
-0.1380 0.0925
-0.7529 -0.5078
0.1173 0.3882
-0.0366 0.0826
-0.7290 0.3849
-0.0226 0.2049
-0.2133 0.3514
0.0807 -0.0020
0.5707 -0.5446
-0.0631 0.3306
-0.3873 -0.2071
-0.8534 0.5750
0.5142 0.3847
0.3316 -0.3409
0.1914 -0.2495
-0.4009 0.4146
0.5352 0.7136
-0.6201 -0.1211
