-0.0053 0.0076 0.0220
0.2275 0.0250 -0.4705
0.0001 -0.0697 -0.0142
-0.6996 0.0431 -1.0923
-0.0143 -0.0001 0.7481
0.3146 0.3904 0.7398
-0.4986 -0.5339 -0.1343
0.0160 0.0907 -0.7416
-0.2088 -0.1882 -0.4925
-0.1465 -0.1015 -0.2291
-0.0109 0.0377 0.1721
-0.1426 -0.4136 0.2213
0.0380 -0.8340 0.5417
-0.0006 0.0012 0.0921
0.0225 -0.5918 0.3951
-0.0213 -0.0787 -0.0556
0.0658 -0.4900 0.6274
0.0005 -0.0064 -0.1509
0.2387 -0.4457 -0.4996
-0.1688 -1.8420 -0.6318
-0.2277 0.0445 0.6512
0.0260 0.0073 -0.7719
0.2515 -0.0557 0.0857
0.0250 -0.0052 0.0094
0.2872 0.6648 -0.5469
-0.6733 -0.2201 -0.1325
-0.1021 -0.1276 0.3178
-0.0582 -0.0015 0.9225
0.0513 -0.0086 -0.0252
-0.0511 0.1586 -0.0580
-0.4833 -0.0478 -0.3839
-0.0483 -0.0384 0.0469
0.0400 0.3166 0.2708
-0.4349 -0.3933 0.1032
0.0151 0.0011 -0.6118
-0.0231 0.2278 -0.1067
-0.1509 0.7884 0.4319
-0.1169 -0.0117 0.3010
-0.2073 0.0831 -0.4179
0.0530 0.0117 0.1212
0.7076 0.5153 -0.2366
-0.4796 -0.7799 0.0239
0.0761 -0.2558 0.4647
-0.0463 -0.1961 -0.1337
-0.1349 0.1389 -0.2451
0.0504 -0.4327 -0.3457
0.5351 0.0470 0.1177
-0.0909 0.0115 -0.3976
0.4936 0.3811 0.6270
-0.2468 -0.4704 0.0863
