0.2242 0.4925 0.7501
-0.0834 0.4902 0.0974
0.6497 -0.2927 0.3350
0.4131 -0.6972 0.2188
-0.2488 -0.5284 -0.3211
0.2989 -0.4904 -0.0852
-0.2528 -0.2131 0.1779
0.7828 -0.5473 -0.2285
-0.1340 -0.1509 0.1969
-0.0528 -0.5386 0.8042
0.6780 0.4777 0.2451
0.1545 -0.0190 0.1787
0.0017 0.0016 0.0242
-0.0402 -0.7545 -0.2130
0.1572 -0.2239 0.9362
0.2085 -0.0382 -0.3856
-0.4052 -0.0010 0.2025
0.2832 -0.1779 -0.3810
-0.3444 -0.3921 0.3830
0.0166 -0.0021 -0.3265
0.0003 0.0205 -0.0382
0.1160 0.8393 0.4899
0.7244 -0.0658 -0.5501
-0.5151 -0.1121 0.8250
0.4323 -0.3069 0.2931
-0.1575 0.0447 0.5939
0.0165 0.0170 -0.2284
-0.0019 0.0055 0.1647
0.0151 0.2531 0.2618
-0.1261 -0.1248 -0.5575
-0.0017 -0.0006 0.2190
0.1204 0.0845 -0.6215
-0.0308 -0.0930 0.3183
-0.6054 -0.0775 -0.0744
0.0119 0.0420 0.1321
-0.2120 0.3540 -0.0558
-0.0956 -0.5492 0.2432
0.2327 -0.0266 0.1557
0.0683 -0.1234 0.3079
0.0308 0.0084 -0.0210
0.0176 -0.0213 0.0371
-0.0273 0.0170 0.0558
-0.2994 0.3950 0.2489
0.3626 0.4142 -0.6307
-0.0299 0.0494 -0.0171
0.5252 -0.2923 -0.5297
0.0027 0.0164 -0.8045
0.2492 -0.5415 0.0999
0.1458 0.5708 -0.6801
-0.1354 0.3695 0.5383
-0.1786 0.1082 -0.3540
0.6052 -0.1193 0.3135
0.0344 -0.0558 -0.8185
0.3764 -0.1454 -0.2738
0.7447 -0.1889 0.0494
-0.3638 -0.1754 0.2136
-0.1053 0.6334 0.4122
0.2471 0.2019 -0.5412
-0.7855 0.2339 0.0016
-0.0579 0.1300 0.0599
-0.9259 -0.0399 0.2386
0.2453 -0.2060 -0.0301
0.0214 -0.2807 0.8115
-0.5543 0.1213 -0.5520
0.0307 0.0844 -0.1479
-0.0454 -0.1075 0.0009
0.0032 -0.0041 0.4647
0.0890 0.0748 -0.4303
-0.5010 -0.0177 -0.1312
-0.1814 -0.0078 0.1097
0.2536 -0.5386 0.1386
-0.3337 0.1383 0.1567
-0.0016 0.0005 0.0126
-0.3857 0.0807 -0.2357
-0.3917 -0.1311 0.1365
0.5330 0.5298 0.5148
-0.1377 0.1817 0.2659
-0.0536 0.1472 -0.0156
0.1928 0.0842 -0.0072
0.1054 0.2502 0.1548
0.1860 -0.4406 0.4231
-0.0006 -0.0159 0.5477
0.0109 0.0001 -0.0631
-0.3330 -0.1214 -0.0047
-0.1050 0.0454 0.1852
-0.1380 -0.1201 -0.6000
-0.1362 0.1275 -0.0366
-0.3922 -0.3750 0.0881
-0.0225 -0.2004 -0.6988
0.2149 0.0314 0.1238
-0.5423 0.0563 0.0666
-0.0072 0.0512 -0.1848
-0.0688 -0.0200 0.1555
0.6064 -0.5105 -0.0653
0.1334 0.1566 0.3461
-0.0123 -0.1863 0.3035
-0.0261 -0.0928 0.2445
0.0010 -0.0436 -0.0177
0.3587 0.3923 0.1875
-0.1232 0.0853 -0.0118
1.8044 0.2684 -0.1077
1.9944 -0.0090 -0.5837
1.7690 -0.0064 0.1939
1.7974 0.5654 0.2426
1.8447 0.0385 0.3738
1.7219 0.4692 0.1605
2.1938 -0.2743 0.9126
2.6187 0.0873 -0.5293
1.9710 0.0077 -0.0140
1.7664 -0.3945 -0.3257
2.1101 -0.0547 0.2534
1.9896 0.0097 -0.0065
1.5771 -0.2919 0.0577
1.4464 0.5356 -0.4402
1.7594 0.0961 0.5787
2.2077 -0.7566 0.6081
2.1532 0.0466 0.3493
1.6817 -0.4190 -0.1596
1.9412 -0.0072 -0.0152
2.0277 0.0787 -0.0704
2.1820 0.0712 -0.3572
1.9913 0.1375 -0.1131
1.2385 -0.1932 -0.4842
1.9936 -0.0905 -0.0317
1.7646 -0.3296 0.6604
1.1064 -0.0667 0.3788
1.9705 0.0546 -0.1026
2.1710 -0.5242 0.7672
2.0275 0.0563 0.4746
1.9959 0.0205 0.2361
2.0717 -0.0106 -0.1073
1.8972 0.2788 -0.5970
2.2171 -0.0280 0.9651
1.9147 -0.2804 0.3458
1.8637 0.2384 -0.3053
2.0107 -0.0166 -0.1812
2.1254 -0.6232 -0.5491
1.9283 -0.0427 -0.1101
1.8370 -0.2437 -0.0740
1.4000 0.1121 0.2170
2.0809 -0.1689 -0.6340
1.9910 0.0021 -0.0088
2.1584 -0.3047 -0.2674
2.1969 -0.3652 -0.3539
2.0997 -0.4015 0.3551
2.0558 -0.1638 0.1851
2.2017 0.0960 0.7473
1.8691 -0.0652 0.0252
1.9533 0.0450 0.3609
2.0086 -0.0096 0.1737
2.0209 0.0472 0.8930
2.0037 0.0030 -0.0044
1.6928 0.0484 -0.9300
2.2866 0.0958 0.0797
2.4000 -0.1386 0.0350
1.9610 0.1949 -0.7299
2.1281 0.0669 0.2265
1.8658 0.0982 -0.5224
1.9869 0.0355 -0.0030
2.0938 -0.1415 -0.0189
1.7764 -0.1272 0.7856
1.5270 -0.0124 0.5576
1.9987 0.0144 -0.4058
2.5760 -0.5868 -0.1607
1.6044 0.2931 -0.6250
2.1834 -0.1707 0.0359
2.0545 0.0607 0.0034
1.7159 -0.3660 -0.0691
2.0021 0.0015 -0.0103
2.0121 -0.0055 0.0363
1.8935 0.0956 0.0459
1.8567 -0.0894 0.7148
1.4195 -0.1019 0.0722
2.0397 -0.0123 -0.0558
1.6293 -0.2781 -0.1750
1.8744 0.4523 0.2853
1.8133 -0.0928 0.9271
2.0056 0.0286 -0.0567
2.0326 0.1450 0.8619
1.8034 -0.2839 0.2494
1.3746 -0.0335 0.0521
1.9638 0.1254 -0.5322
2.2813 0.2024 -0.2676
2.4474 0.0398 0.5498
1.3935 0.0692 0.3874
2.6189 -0.2126 0.5257
2.0048 0.1341 -0.2709
1.9248 0.2977 0.3266
2.0264 0.0415 -0.0947
2.0142 0.0212 -0.2943
2.0281 -0.1610 0.0708
1.9851 0.0454 0.0797
2.0092 0.2153 -0.6749
2.0544 -0.0976 0.3364
1.9296 0.3385 0.6737
2.0396 -0.0163 0.3370
1.9443 -0.1204 -0.0368
1.9866 -0.0001 0.1004
2.1799 -0.0970 0.6858
2.4225 0.3775 -0.1944
