-0.0028 -0.3344
0.0429 0.0026
-0.7795 -0.0168
0.4331 -0.5036
0.7918 -0.1350
-0.0091 -0.0117
-0.3576 0.5977
-0.6163 -0.6194
-0.3836 0.8364
0.6264 -0.1540
-0.0685 0.1551
0.2761 0.0176
0.3970 0.0881
-0.5183 -0.5474
0.0293 0.3217
0.9447 0.0958
-0.2242 0.2966
-0.7453 0.1412
0.0429 -0.0653
-0.0220 -0.1571
-0.8053 0.3835
-0.6221 -0.4070
-0.4889 -0.3507
-0.5766 -0.4526
1.4059 0.1019
0.6248 0.1687
-0.6346 0.4816
-0.0197 -0.0577
0.2188 -0.0892
0.1343 -0.3785
0.0450 -0.7642
-0.0704 0.2329
0.0267 0.2353
-0.1616 -0.8215
0.0415 0.1939
-0.0850 -0.4924
-0.4782 0.3047
0.0040 -0.2933
0.3492 1.0924
-0.5149 -0.6088
0.1350 -0.4678
-0.2261 -0.8626
-0.1044 -0.6363
-0.4357 0.1880
0.1863 -0.0744
-0.1385 0.0020
-0.9691 0.0644
-0.4581 -0.0286
1.0738 0.1912
-0.4813 1.2719
2.1761 0.5905
2.4558 0.0583
2.2375 -0.7184
1.9329 0.0179
2.4513 0.0145
2.0532 0.2715
2.6366 -0.0991
2.4524 0.0180
1.8196 0.1329
1.9600 -0.1251
2.5299 0.1555
2.4238 -0.0156
2.4509 0.1519
3.2066 0.6401
1.9983 -0.6461
2.4307 -0.0098
2.3101 -0.3009
3.2028 -0.4005
2.6112 -0.2901
3.0674 0.5560
1.9722 0.0075
2.8868 0.3993
2.4588 -0.1106
2.4668 0.0010
3.0580 -0.5805
2.5544 -0.2339
2.8657 0.1031
2.8310 0.8287
2.4798 0.0888
2.3811 0.0404
1.9661 0.0208
1.5683 -0.3625
2.8400 -0.0670
1.6135 -0.2595
3.0300 -0.6452
2.4764 -0.5865
1.6142 -0.1675
1.8466 0.0498
2.5414 0.9045
2.7464 0.6866
3.5150 0.3909
2.5756 0.0653
2.5717 -0.3905
1.7915 0.6587
2.4922 -0.0761
2.5534 0.3018
2.0637 0.3679
2.8321 0.7455
2.2251 0.4139
2.4931 -0.0007
