0.0014 -0.0010 0.0611
2.0731 -0.0450 -2.0262
0.0022 0.0729 -0.0251
-0.4072 -0.1066 -0.0309
0.0618 0.0111 -0.5222
0.0199 -0.0176 -0.0511
-0.1167 0.6973 0.2743
0.2554 -0.0960 -0.2974
-0.3228 0.0524 0.5072
-0.0510 1.5235 2.7116
-0.5695 -0.1403 0.4407
0.2748 -0.1133 0.3405
-0.0040 0.1169 -0.0609
0.0794 0.1004 0.8226
-0.0887 0.0987 -0.6696
0.2283 -0.0219 0.1943
-1.7556 0.4068 0.2156
0.5121 0.1033 -0.8101
-0.0031 -0.0288 -0.3320
0.1259 -0.1062 -0.5537
-0.3346 -0.5466 -0.7406
0.4023 -0.0047 0.3590
-1.8489 -0.1801 -0.1128
-0.4425 -0.4606 -0.4558
0.0467 0.0700 -0.0726
3.8939 -0.3248 -0.3422
3.7981 0.0139 -0.1764
3.0670 0.0342 0.1447
2.4469 -0.3823 1.1879
4.3623 -0.2639 -0.1003
3.8004 0.1944 0.1217
3.9527 -0.0653 -0.1453
3.4835 0.1854 0.2798
4.0023 -0.0869 0.3810
4.1357 -0.1329 -0.0157
3.9296 -0.0813 -0.2762
4.0636 0.6832 1.7386
3.9070 1.0389 1.5961
4.5229 0.6685 -0.4470
4.1549 0.2182 0.1139
3.6388 -0.4878 0.5014
3.9909 0.0088 0.1862
4.2060 0.1859 -0.2361
3.9371 -0.0358 -0.0893
4.4915 0.2173 -0.1679
4.0346 0.1892 0.5604
3.7069 -0.3922 -0.5960
4.0436 -0.0767 -0.1935
4.0124 -0.0371 0.0499
4.1443 -0.1132 0.1250
