0.8454 -0.3744 -0.0441
0.0179 0.2621 -1.3015
-0.0567 0.1917 0.4983
-0.0163 -0.8981 0.3435
-0.6931 0.4968 0.0235
0.1003 0.0510 0.0123
0.1274 0.0299 0.4729
-0.2692 -0.3206 -0.4536
-0.6380 -0.4062 0.0294
-0.7600 0.7044 3.4905
-0.3125 0.0700 -0.3609
0.4083 0.4381 -0.0052
-0.5396 0.2933 -0.4370
0.0484 0.0447 -0.1235
0.1295 0.3772 -0.3725
-0.0534 0.4898 -0.1443
-0.2142 -0.2974 -0.1302
0.2857 0.0382 -0.1371
0.1383 -0.0272 0.1405
0.1904 -0.4193 -0.0834
-0.2192 0.1365 0.0652
-0.0173 -0.0069 -0.0407
0.0234 -0.4974 -0.1874
0.5940 0.0575 -0.1477
0.3972 0.0829 -0.7789
-0.3895 -0.1639 0.0499
0.1555 0.0556 -3.1601
-0.2915 0.3962 0.0878
-0.1690 0.0608 0.1125
-0.3254 -0.5317 -0.6954
0.9561 -1.5843 -2.2463
-0.1424 -0.1721 0.5376
-0.0096 -0.0344 0.0913
0.0806 -0.1226 0.2107
-0.0118 0.0209 -0.4679
0.5837 0.1690 0.3377
0.0530 -0.1161 0.5548
0.1115 0.3642 -0.5301
-0.1894 -2.4536 0.6986
0.4600 0.4309 -0.4314
-0.4618 -0.5785 -0.4323
0.1647 0.0047 0.0855
0.4219 0.4576 -0.2181
0.0110 -0.7908 -2.3527
-0.0222 -0.0055 -0.0045
-0.0098 0.1162 0.0362
0.0097 -0.0696 0.9189
-0.3479 0.0963 0.3333
-0.4171 0.2213 -0.2851
-0.0192 -0.1677 0.0329
0.0658 -0.0471 -0.3412
0.3231 -0.0455 0.3827
-0.7118 0.1205 -0.0307
0.0272 -0.0187 0.0364
-0.3525 0.1684 -0.0761
-0.1256 0.3432 0.3362
0.3956 -0.3820 -0.6854
-0.0997 -0.0596 0.1797
0.5354 0.6946 -0.1975
0.0105 -0.0033 0.1000
-0.0891 0.0541 0.3118
-0.3217 0.1152 -0.1916
0.0368 -0.0549 0.2904
-0.1913 0.1221 0.0110
-0.0787 0.1985 -0.1920
-0.6429 -0.3721 -0.6118
-0.0047 0.0391 -0.0510
0.6521 0.2136 0.2295
0.0990 0.0433 0.9321
0.0022 -0.0014 -0.4132
0.3151 0.5239 0.4583
0.0824 -0.2921 -0.4616
0.0837 -0.0970 0.3772
-0.0011 0.0007 -0.0887
0.3858 -2.9681 -0.0982
-0.0151 -0.0144 0.7329
0.0023 -0.1000 -0.0555
-0.0521 -0.0149 -0.1346
0.0130 -0.0349 -0.3701
0.0918 0.1363 0.3730
0.0416 0.2001 -0.1248
0.0255 0.0050 -0.7112
0.4903 0.0794 0.4972
1.0281 -1.7624 -1.3010
0.1613 0.7989 -1.9526
-0.5842 0.7536 -0.0142
0.0455 0.0415 -0.2676
-0.4242 0.3906 0.2966
0.0412 -0.0196 -0.0116
0.2256 -0.0707 -0.0975
-0.3531 -0.2056 0.3587
0.0229 0.0134 0.4452
-0.0317 0.0963 -0.1575
0.4627 -0.4134 -0.4195
0.0232 0.0014 0.1066
-0.0012 0.0346 -0.7280
-0.0003 0.0001 -0.8316
-0.0057 0.0037 -0.0159
0.7077 -0.1706 -0.6625
-0.4260 0.1805 -0.2954
-0.5756 0.0173 -0.0931
0.0771 -0.5687 -0.3152
0.0062 0.0109 0.0441
0.4913 0.0185 0.4579
0.5754 -0.3974 3.3596
-0.1361 -0.0804 -0.2190
-0.4477 0.1183 0.2009
0.0774 0.0067 -0.2264
-0.0042 0.0217 0.0994
-0.1897 -0.1056 0.1237
-0.0459 -0.2173 -0.4397
-0.0101 0.1215 -0.6093
-0.1263 -0.2026 -1.8739
0.0132 0.0141 -0.1045
0.0097 -0.1457 0.8324
0.4903 0.1287 0.4745
-0.1913 0.0099 0.1543
-0.0920 0.0688 -0.1279
-0.0054 -0.0224 0.0178
0.0726 0.1847 -0.0849
0.0880 -0.1535 -0.4933
0.5899 0.2274 0.5815
-0.0049 0.0111 0.0041
0.0823 0.0659 0.2097
0.2003 0.2472 -0.0616
-0.2263 -0.1009 -0.5302
-0.6802 0.1347 0.0888
-0.0561 0.0571 0.2240
-0.3434 -0.0941 -0.1892
-0.1169 0.1096 0.2709
0.0484 -0.1226 -0.5453
-0.1979 -0.0892 0.1544
0.0200 -0.0503 0.2196
0.0128 0.0080 0.0056
-0.0013 -0.0826 -0.1319
0.4983 0.2651 -0.0273
-0.2999 0.0472 0.2944
0.0601 0.0875 0.3618
0.2176 -0.0966 0.0414
0.2374 -0.1521 -0.0124
-0.0093 0.6656 -0.0081
-0.6720 -0.2520 0.3842
-0.4663 0.5280 0.4933
0.0485 0.0452 -0.2189
0.5465 0.2844 -0.0233
0.1783 0.2128 0.3492
-0.1887 0.3002 0.1823
0.0182 -0.1388 -0.0942
0.3564 -0.1713 -0.7703
0.1858 -0.1635 -0.0195
0.0048 -0.0058 -0.9669
0.0370 0.0291 -0.4542
0.4138 -0.0626 -0.8693
-0.0454 -0.0806 -0.0086
0.0724 -0.0655 -0.0656
0.0001 0.0003 0.0195
0.0159 0.0004 0.0677
-0.0787 0.5252 0.6620
0.3315 -0.1600 0.6388
-0.7086 0.0648 0.1867
-0.4382 -0.1029 0.6818
0.0774 -0.6263 -0.1338
-0.0771 0.1527 0.0059
-0.3613 -0.3144 0.1174
-0.5308 0.4955 -0.4882
-0.3346 0.3745 -0.4872
0.1173 -0.0795 -0.4333
0.0228 -0.1682 0.1392
-0.4924 0.2490 0.6629
-0.0392 0.1009 -0.1534
0.0039 0.0026 -0.4071
-0.0001 -0.0001 0.0033
-0.7366 -0.1615 0.2691
-0.0023 0.0058 -0.0133
-0.0338 -0.1485 0.6300
0.0192 0.0042 0.5543
0.0015 -0.7623 0.4866
-0.0051 0.0130 -0.1884
-0.2504 0.0452 -0.1407
0.1528 -0.0379 -0.4338
-0.0220 0.1658 0.2184
0.2147 -0.0987 -0.3679
-0.0734 0.1031 0.4434
0.0002 0.0294 0.0547
-0.0113 -0.0937 -0.2254
-1.1765 3.0871 0.6984
0.1989 0.1446 -0.4930
-0.0469 -0.5278 0.0646
0.0864 0.4892 0.2128
-0.0183 0.0249 0.3121
0.2236 -0.2958 -0.1017
0.0056 0.0047 -0.0343
-0.3339 0.1826 0.5791
-0.0035 -0.0091 -0.9180
-0.1336 -0.0555 -0.1160
0.0254 0.0382 -0.3455
0.0595 0.1327 0.1975
-0.0116 -0.0803 0.9570
-0.0735 0.0148 -0.5965
0.0380 0.0480 0.4003
1.3349 0.6625 0.5189
-0.5324 0.1117 -0.5423
-0.7586 0.1884 -0.6073
-0.5317 0.1369 0.0858
-0.2453 0.1407 -0.4159
0.0941 0.1246 0.0959
-0.0964 0.2835 -0.4254
-0.0829 -0.0688 0.9599
-0.0853 0.3717 -0.4018
0.4207 0.2688 -0.6663
0.1175 0.0009 0.3087
0.4212 0.4809 -0.0675
-0.5476 -0.2352 0.1574
-0.0868 0.1426 -0.0210
0.1333 0.1778 -0.3475
-0.2633 0.2008 0.0427
-0.0060 -0.0086 0.0172
0.0748 -0.1717 -0.2501
0.1028 -0.0128 -0.1984
-0.0130 -0.0095 0.5423
0.0246 -0.2725 0.0356
0.1944 -0.0121 -0.1168
-0.0044 -0.1109 0.0788
-0.0597 -0.0209 0.3425
0.0804 -0.1027 0.0863
0.0362 0.0400 -0.7155
0.0020 -0.0128 0.0070
0.0331 -0.0305 -0.8259
0.4651 -0.1289 -0.0149
-0.4562 -0.1988 0.3634
0.0196 0.0318 0.4674
-0.0015 -0.0002 -0.2089
0.0005 -0.0050 0.0031
-0.0210 0.0375 -0.5390
-0.7778 0.2322 -0.3000
-0.1809 0.2428 0.8692
0.2767 0.4419 -0.0257
-0.1383 0.1524 0.3813
-0.1204 0.1254 -0.5388
-0.0110 -0.0168 -0.0288
-0.0486 -0.0476 -0.6430
-0.6672 -0.0152 0.5316
-0.0003 -0.0088 -0.0179
0.0870 0.2954 0.5262
-0.1446 -0.0818 -1.2243
0.1292 -0.1501 -0.2663
0.3162 -0.5452 0.1400
0.0237 0.1850 -0.4143
-0.3964 0.6067 -0.5601
-0.0913 -0.0271 0.4627
4.5064 0.0440 -0.4007
4.5758 -0.2852 0.4415
4.7593 -0.1173 -0.4672
5.4440 0.0598 0.0444
4.2102 -0.2377 -0.1510
4.6593 -0.0174 -0.0973
4.5381 0.0422 0.0276
4.6808 0.1565 -0.3127
5.0325 0.2756 -0.5564
4.5353 -0.0195 -0.0569
4.4699 0.1433 0.1657
4.8546 0.3122 -0.3582
4.4777 -0.1015 -0.0568
4.5477 -0.3343 0.5110
4.2453 -0.5937 0.3455
4.5159 0.0892 -0.9520
4.5876 0.1176 0.0873
4.9505 -0.2886 0.0298
4.8898 -0.6418 -0.0588
4.1635 0.6883 0.5447
3.9742 0.3930 -0.1838
4.5612 0.1332 -0.2094
4.5027 0.0035 0.4400
3.9989 0.1353 0.0709
4.5111 0.0884 0.4144
4.3406 -0.0365 0.3805
4.6534 0.1095 0.4654
4.4820 -0.0895 0.4859
3.7905 0.2638 -0.0597
4.2459 -0.1848 0.1723
4.3466 -0.0035 -0.0019
4.3882 0.0604 0.1359
4.5173 0.0085 0.1152
4.4859 0.0057 0.4829
4.5320 -0.0566 -0.0864
4.5175 -0.0906 -0.7133
3.9859 0.4175 -0.4832
4.4268 0.0272 0.4372
4.0508 0.5719 0.0424
3.6154 0.0408 -0.3891
4.3945 -0.2108 0.2080
4.3657 -0.1913 -0.6569
4.5096 0.0050 0.4660
4.5124 -0.0352 0.1309
4.5110 -0.0333 0.5561
4.4379 -0.1263 0.6288
4.3057 -0.2880 0.2164
4.5301 0.0436 0.5871
4.4803 -0.2248 0.9458
4.8388 0.2680 -0.3120
4.9054 0.3869 -0.4644
3.6228 0.0165 -0.0851
4.9634 0.0517 0.4039
4.8544 -0.0523 0.1613
4.4678 -0.0514 -0.0824
4.7821 0.0568 0.5994
4.3730 -0.3610 0.4307
5.0683 0.2850 0.5368
4.4982 0.0664 -0.2445
4.6953 0.5626 -0.3955
4.5409 0.4057 0.4835
4.5499 0.0500 0.0456
4.5435 0.0255 -0.0191
4.4666 0.1172 -0.2974
4.6631 0.4868 -0.2233
4.5620 -0.0184 0.7723
4.7723 -0.7557 0.1462
4.4343 0.2722 -0.6080
4.0622 -0.1326 0.7618
4.3550 0.5670 -0.4352
4.4393 -0.1252 0.6781
5.0701 -0.8094 0.0566
4.3174 0.2210 -0.7120
4.2812 0.1599 -0.8830
4.8966 0.0899 -0.4871
4.4828 0.3063 -0.4374
4.4044 -0.1464 -0.2166
4.5933 0.5773 0.2524
4.5548 -0.1902 -0.7759
4.6123 -0.0613 -0.6098
4.3806 0.4486 0.6517
4.5200 0.0525 0.7078
4.7821 -0.1723 -0.3896
4.3313 -0.1913 -0.2335
4.5337 0.0006 0.0302
4.1720 0.0311 -0.2598
4.7303 0.6073 0.3002
4.5488 0.0634 -0.4243
4.5130 -0.0344 0.0490
5.2366 1.9804 -2.2008
4.6172 0.5929 0.4020
4.5129 0.0039 0.4759
4.5694 0.1851 -0.3468
3.9000 0.1231 0.2851
4.3979 -0.1891 -0.7530
4.3447 -0.4584 0.5022
5.0009 0.4157 -0.3602
4.4278 -0.0492 0.0389
5.0171 0.7031 -0.0141
4.9631 0.3589 0.7519
4.5786 0.0193 0.3811
4.7841 -0.4233 -0.4794
4.3672 0.5098 -0.6137
5.0190 -0.0682 -0.2765
4.4865 -0.5762 0.6404
7.0943 2.1772 -0.4602
4.3521 -0.0376 0.3794
3.6103 -0.1858 1.7357
4.5433 -0.2950 -0.4420
4.6117 0.1161 0.0700
4.6926 0.0721 -0.4932
3.8621 0.5787 -0.4098
4.4282 0.0138 -0.5495
4.3501 0.1182 0.9347
4.1952 -0.1215 0.6257
4.4237 -0.0131 -0.0285
4.4667 0.3478 -0.1148
4.3315 -0.1393 -0.6088
4.5284 0.0752 0.4366
4.5188 0.8739 -0.0119
4.6494 -0.2096 0.5183
4.7076 0.3152 0.5893
4.5150 -0.0103 -0.6664
4.5113 -0.0379 -0.2855
4.5097 0.0078 0.2265
4.6610 -0.0120 0.0280
4.9640 0.2574 0.3963
4.9715 0.5690 0.0819
4.4905 -0.0054 -0.0576
4.6715 -0.6011 -0.4531
4.3206 0.5539 -0.6333
4.5010 0.0012 -0.0047
4.3833 0.0489 -0.0465
4.4814 0.1129 -0.5818
4.8669 -0.2028 -0.0987
4.3718 -0.5742 -0.3866
5.2282 -0.6487 -2.4629
4.5106 -0.3155 0.2882
3.9860 -0.3266 -0.6458
4.3502 0.0511 -0.7389
4.7667 -0.0388 0.1326
4.3501 0.2205 0.7929
3.9789 0.0981 0.5938
4.5996 -0.4395 -0.5853
4.5946 -0.0059 -0.1841
4.5515 0.1628 -0.1000
4.8322 0.1697 -0.5210
4.6097 -0.2964 -0.0419
4.5133 -0.0213 -0.8271
4.4959 -0.0058 -0.0187
4.6731 0.2399 0.5652
4.9524 0.0483 0.1514
4.4882 -0.0326 0.1328
4.4584 0.0301 -0.8238
4.3478 0.3924 0.3581
4.9925 0.4292 -0.1718
4.3230 0.3596 0.2859
4.4714 -0.0852 0.1311
4.5008 -0.0006 0.0007
4.1439 0.7859 0.3212
4.5222 -0.0014 0.0423
4.2815 -0.0015 -0.4822
4.5275 1.6163 -1.8927
4.4047 0.2214 -0.7832
4.4986 0.0011 -0.0012
4.3421 0.3092 -0.1398
4.4860 -0.1819 -0.0980
4.2986 -0.3473 0.5114
4.4907 -0.0150 0.0904
4.4979 0.0222 -0.3558
4.6975 -0.3586 0.4661
4.5249 -0.0655 -0.0319
4.6635 0.0872 0.3072
4.4688 -0.0290 -0.1370
4.5054 -0.6426 -0.0718
4.5894 0.0155 0.2599
4.4999 0.1199 0.3131
4.2429 0.4680 -0.8255
4.5264 0.0698 -0.3664
4.5574 -0.1035 -0.8739
4.6246 0.1690 0.1988
4.4836 -0.0228 0.0301
4.7972 0.3623 -0.3429
4.5096 -0.3973 -0.0686
4.8067 -0.1787 -0.1494
4.5730 0.0591 -0.1478
4.4970 -0.2529 -0.3275
4.4943 0.1307 -0.8941
4.4922 0.0670 0.0656
3.9582 0.0432 -0.4318
4.5676 -0.0932 -0.4104
5.1521 -1.2485 2.0989
4.5675 -0.0816 0.1235
4.4974 0.5311 0.6702
4.1241 -0.4790 -0.7917
4.4890 0.1124 -0.4092
4.5043 0.0093 0.0092
4.4155 -0.1861 0.1083
4.4230 -0.0493 0.0804
5.1812 -0.2842 -0.1656
4.3831 -0.3435 0.7847
4.1963 -0.4512 0.0358
1.2683 0.3477 -1.1612
4.5386 -0.0188 -0.1406
4.4563 -0.0780 0.2419
4.2704 -0.2921 -0.1755
3.8657 0.3202 0.0739
4.1910 -0.2838 0.1457
4.2682 -0.6218 0.7054
4.4442 -0.2529 0.7746
4.5340 -0.0373 -0.0668
4.5921 0.1230 -0.4086
3.5523 2.1322 0.9558
4.5217 -0.3862 0.3116
4.4686 0.0690 0.1259
4.2440 0.0753 0.4237
4.9933 -0.0815 0.7829
5.0669 -0.2756 0.0581
4.3788 0.0738 -0.5412
2.0666 -2.5907 -0.7590
4.3417 -0.2700 0.2054
4.6121 0.0342 0.3164
4.3390 0.1746 -0.3835
4.7457 -0.3899 0.6326
4.5705 0.1335 0.3004
4.5678 0.4559 -0.3164
5.1060 0.3121 -0.6553
4.5087 -0.0069 0.0445
5.0915 -0.6007 -0.1751
4.4527 0.1990 0.7464
4.5479 0.0199 -0.4800
4.4011 0.0364 0.1252
4.4821 -0.0440 -0.7193
4.4592 -0.0135 0.0671
4.3533 -0.2113 -0.0442
4.8647 -0.1897 -0.6387
4.4281 0.2952 -3.0671
4.5410 -0.0962 -0.1555
4.4800 -0.0087 -0.0247
4.0868 0.6200 -0.0647
4.9977 0.2018 -0.2213
4.5084 0.0789 0.2210
4.0499 -0.0335 -0.1009
4.5313 -0.0398 -0.6732
4.8009 -0.2530 0.2820
4.5607 0.1820 0.2332
5.5403 -1.9733 2.3947
4.5310 0.0672 -0.2291
5.0089 -0.3299 -0.6706
3.9752 -0.0049 0.0111
