-0.7295 0.1035
-0.2236 0.3311
0.7990 -0.3140
-0.0834 -0.4521
0.0392 -0.0338
2.5313 0.3622
0.1856 -0.0171
0.4949 -0.7567
0.6163 0.0981
-0.1889 -0.8464
0.7332 -0.4577
0.0985 -0.1408
-0.5411 -0.0779
-0.2239 -0.4522
-0.1392 0.0315
-0.1443 -0.5074
-0.7379 -0.2471
0.1546 -0.6955
0.1239 -0.1129
0.2533 0.6406
0.3032 -0.2106
-0.0450 0.8106
-0.0096 0.0132
0.0864 0.0760
0.7593 0.2811
0.4360 0.3639
0.3169 0.3455
0.0194 -0.0097
0.7476 0.8848
-0.3379 0.1116
-0.4418 -0.3561
0.1243 0.3276
-0.4233 -0.3091
0.4024 -0.1532
1.9443 1.7333
0.2396 -0.1534
0.4290 1.1134
-0.1223 -0.2137
-0.1633 -0.8173
-0.7252 0.6014
