-0.8719 -0.4632
-0.3759 0.2878
-0.1241 -0.5155
-0.6199 -0.0696
0.3943 -0.8822
0.8652 -0.4227
0.0430 0.3684
2.5486 0.3369
0.0157 0.6694
0.0512 0.3414
0.6470 -0.6068
-0.5225 0.0158
-2.8704 -0.9233
-0.4958 0.1824
0.2038 -0.9420
0.4482 -0.1088
0.0533 0.7401
-0.1644 -0.0826
0.3371 -0.3141
2.9862 -0.9822
-0.4911 -0.6624
-0.3243 0.8096
-0.2002 0.5868
0.2060 -0.2193
-0.1825 0.2025
-0.7851 -0.3577
0.5467 0.6016
-0.3456 -0.2757
-0.0501 -0.8541
-0.1515 0.0089
-0.5450 -0.7801
0.0465 0.6324
-0.4654 -0.2245
0.2482 -0.5079
2.8203 -1.4092
0.3957 2.3096
-0.2633 0.8453
-0.0047 0.7420
0.1694 -0.3803
0.0002 -0.1671
0.3679 -0.1684
-0.0673 0.6117
0.0103 0.0684
-0.0162 -0.4741
0.1653 0.8444
0.4144 -0.6903
-0.0539 0.0699
-0.4936 -0.3743
0.4964 0.2898
0.6757 0.0683
-0.9134 0.2231
-0.2246 0.4494
-0.5036 -0.6693
-0.1070 -0.7369
-1.7008 -0.9855
0.3261 -0.0997
0.0196 -0.2620
-0.0551 -0.0321
2.2400 0.5107
0.5305 -0.9867
0.7585 0.2326
0.9946 2.1257
-0.1080 -0.0481
0.9758 -0.2069
-0.0247 0.3402
0.4062 -0.3741
0.1985 0.5632
-0.1199 -0.0229
-0.1894 0.1957
-0.1190 0.6012
0.3318 0.0169
-0.0642 0.3826
0.1100 -0.7704
3.0548 -0.0453
-0.3139 0.6651
-0.6588 -0.0604
-0.2812 -0.1053
-0.2094 0.1917
0.0338 -0.5235
0.0480 0.1694
-0.0360 0.7211
-0.5147 -0.4640
0.0404 0.0890
0.1205 3.1079
-0.5840 0.1538
0.1995 -0.6264
0.0061 0.0105
-0.1372 -0.1265
0.6684 -0.4386
0.7667 0.0161
1.3110 -1.7699
-0.5431 0.2630
-0.0891 0.0041
-0.4159 0.7369
1.2798 0.8099
-2.2763 -1.0270
0.0452 0.0487
2.1712 -0.0960
0.2508 -0.4492
-0.4913 -0.6063
0.5062 -0.0970
0.9769 0.0120
-0.3290 0.1487
-0.3274 0.3645
0.8369 0.5591
-0.0039 -0.0022
-0.1157 -1.0174
0.8134 -0.1603
-0.4594 -0.1982
0.5670 -0.5076
-1.9577 0.5661
0.0305 -0.0545
-0.0051 0.3829
0.1911 -2.8013
-1.7824 1.3453
-3.0475 -0.4187
0.5357 -0.3747
-0.4674 -0.2258
-0.6367 0.1171
0.1072 -0.0051
-0.1153 0.2791
-0.1751 0.3212
0.1107 -0.2476
0.2386 0.1196
0.7136 -0.0318
0.9377 0.1536
-0.4456 -0.5034
0.0630 -0.1217
0.5811 -0.0333
-0.2143 -0.1862
-0.0054 0.0573
0.4984 0.1173
-0.0343 -0.0680
-1.0963 -1.1592
-0.0855 -0.0672
0.2328 -0.3523
-0.4185 -0.8269
-0.4839 -0.4224
-0.0398 0.3407
0.4030 -0.1888
-0.4559 -0.4033
-0.0339 -0.1663
-0.0871 -0.0262
-0.3691 0.2632
0.2972 0.2287
-0.6698 -0.7327
0.0008 -0.0459
0.3027 -0.0411
0.8123 -0.4662
0.0390 -0.4451
0.2363 -0.1090
0.0323 -0.2289
0.1039 -0.2563
-0.4248 0.2716
-0.8043 -0.4668
-0.2321 -0.8010
-0.1476 -0.0982
0.4577 -0.6118
1.9620 -1.8864
-0.7925 2.5021
1.1437 -1.3678
0.2584 0.1956
0.0643 -0.1868
-0.0577 -0.0968
-0.5399 0.7170
-0.2166 -0.1296
0.0002 0.0016
-0.2444 -3.0996
-0.1709 0.4177
-0.1892 0.1696
0.1162 0.6264
0.2543 -0.6112
0.1221 -0.5705
-0.1609 -0.9580
0.0082 0.0197
-0.5401 0.3151
-0.4857 -0.6681
-1.8495 -2.5197
-0.7597 0.4051
-0.2192 0.1135
0.0990 -0.3470
0.4395 -0.3472
2.0267 -1.0220
-0.6685 -0.6241
-0.5975 0.5293
-1.8356 1.7842
0.6957 0.0678
0.3343 -0.4145
0.1122 -0.0447
0.2621 -0.8285
0.4374 -0.4247
2.5192 -1.4677
0.3843 0.5170
0.7403 0.6633
-0.4886 0.5244
-0.0150 -0.1712
0.6993 -0.1920
0.3198 0.4401
0.0571 -0.0427
0.1535 0.3161
