-0.0415 0.8206
-0.2189 -0.1254
-0.0408 0.5575
0.3988 -0.0444
-0.1812 0.2718
0.8466 0.4586
-0.5036 0.2965
0.2916 0.2872
0.2625 -0.0588
-0.0104 -0.0028
-0.1777 0.0526
0.5094 0.7060
0.0120 0.0097
-0.0713 -0.2695
0.5827 -0.1205
-0.4333 0.7966
-0.2963 -0.2324
-0.2022 0.0210
0.0839 0.1553
0.7217 0.4060
-0.0189 -0.1806
-0.1390 0.1159
0.0462 -0.0895
0.3591 0.8054
-0.6034 -0.2627
0.0281 -0.1011
-0.0004 -0.0160
0.1402 0.0410
0.1501 -0.3892
0.2692 -0.4002
-0.0695 0.0997
-0.0892 -0.3130
0.4371 -0.8158
-0.2430 -0.6965
-0.3475 -0.0113
0.5459 -0.3087
0.0368 -0.0057
-0.3065 0.2669
0.0507 -0.8876
-0.9698 0.1350
