0.4076 -0.2805
-0.3862 0.1268
0.3393 0.1940
-0.3798 -0.0880
-1.1731 1.8183
-1.2063 -0.2300
0.0018 -0.0007
-0.5419 0.1845
0.0650 2.0768
-0.0909 -0.1891
-0.1202 -0.0967
-0.0235 0.2467
-0.2324 0.1444
-0.5132 -1.8667
-0.2825 -0.2674
0.4367 -0.2060
-0.3860 -0.1959
-0.2486 0.0276
-0.0296 0.8588
0.5746 0.5329
-0.1548 -0.7980
0.1351 0.2671
-0.5923 -0.5691
0.0401 0.2465
-0.0285 0.0311
0.1131 0.1449
-0.0597 -0.7210
0.5082 -0.3340
0.0403 0.0104
0.1166 0.1405
0.0967 1.5620
-0.8621 0.0637
-0.0011 0.2052
-0.0545 -0.3414
0.0284 0.0563
-0.3856 0.0034
1.6335 -1.6680
-0.2673 -0.7570
-0.0152 0.0399
-0.2587 0.1718
-0.3762 0.5443
-0.7243 0.4676
0.2335 -0.0365
0.0098 -0.5044
-0.1986 0.3017
0.5696 -2.3859
-0.0374 0.1252
0.3307 -0.3156
0.9609 -0.2323
-0.3323 -0.0077
-0.2091 0.2642
0.8656 -2.5398
0.0557 0.7903
-0.7062 -0.6116
0.5489 0.3326
-0.6873 0.3518
-0.0882 -0.3629
-0.0186 -0.6709
0.6882 -0.2261
-0.0634 -0.9219
-0.6475 0.5375
0.0181 0.1009
-0.5149 -0.0358
-0.6899 -0.1931
-0.2073 -0.6098
0.1065 0.1249
0.0652 -0.0418
-0.0484 0.1293
2.1972 0.6989
0.6723 -1.2269
0.5296 0.6326
0.1601 0.2114
-0.0143 0.5098
-0.5560 0.3771
0.0781 0.2576
0.1149 0.2066
-0.4392 0.3612
0.3511 -0.8420
0.4243 0.7110
-2.3415 1.0621
-0.1817 -0.9653
0.0972 0.0114
-0.1117 0.1325
0.0002 0.0006
-0.0973 0.0406
-0.1422 -0.2700
-0.0255 -0.0356
0.1183 0.1924
-0.6985 -0.0824
-0.0139 -0.0644
-0.3187 0.0244
-0.8505 -0.2925
-0.5333 -0.8198
0.0205 0.0277
0.4458 -0.4249
-0.5129 0.4245
0.8055 0.1264
0.2655 0.6837
0.1244 -0.0274
0.6270 -0.6933
0.5110 0.9665
-0.1728 -0.5449
0.0833 0.0362
-0.7691 0.4338
-2.5035 0.2370
-0.5666 -0.3712
-0.5902 0.1910
-0.1834 -0.1104
-0.0456 -0.2840
-0.8261 -0.0123
0.1596 -0.0394
0.4482 0.2295
0.4770 -0.4518
-0.4988 -0.0348
-0.6829 -1.4843
0.2383 -0.3192
0.2367 0.1296
-0.3337 0.1295
-1.2593 0.1332
1.1507 0.5738
-0.1902 -0.1576
-0.0825 0.1558
0.0079 0.0953
0.3070 1.0699
0.4681 1.0042
-0.0925 0.0240
0.0785 -0.4055
0.2217 0.1945
-0.3938 -0.7162
-0.4181 -0.0055
1.2249 1.2325
0.0952 0.0326
-0.2132 -0.1733
0.1957 -0.1615
0.5383 -0.2163
-2.5132 0.0598
1.1443 -0.0136
-0.4190 -2.2513
0.4848 -0.2399
-0.5303 0.3542
0.4489 0.5591
-0.5030 0.7631
0.5378 0.4632
0.0980 -0.1857
0.3060 0.7480
0.0573 -0.1342
0.9708 -0.0022
0.2139 0.6044
0.1794 0.3391
0.5312 1.1618
0.9224 -0.0178
0.4765 -0.7711
-0.9443 0.6803
0.2162 0.0067
-0.4112 -0.7093
0.5602 -0.3382
-0.1450 0.8269
0.8562 0.1423
-1.6178 -2.0750
-0.6758 0.5319
0.2015 0.4286
-1.3719 0.3325
-0.0530 0.8375
0.6340 -0.6215
0.3581 0.6280
0.2902 -0.6334
0.1194 0.0699
1.5985 1.0380
0.0608 0.7243
0.8856 -0.0714
0.0950 -0.2451
-0.2010 0.0345
-0.1449 1.6266
-0.8175 0.5208
-0.9658 -0.6058
0.0929 0.5378
-0.0404 -0.0318
0.5932 -0.5316
0.1678 -0.4543
-0.1311 -0.4061
-0.0168 0.9409
-0.6896 0.1933
0.1474 0.6304
-0.0612 -0.1483
-0.3492 0.1865
-0.0739 -0.5613
0.2120 -0.4427
0.0860 -0.3508
-0.1444 0.0753
0.4224 0.4905
0.1216 -0.2994
0.9279 0.0959
-0.1699 -0.6902
0.0763 0.0464
0.7336 -0.2590
0.2189 0.5594
0.1440 0.3038
0.8033 -0.2143
1.9655 -0.1756
-0.2217 -0.2714
