-0.6298 -0.2755 1.1647
0.1771 -0.0718 -0.0460
0.0038 -0.3290 0.3755
-0.0980 -0.3485 0.1364
0.1138 -0.1952 0.3513
-0.2621 -0.6327 -0.2309
-0.0031 -0.0052 0.8178
0.0363 0.0070 0.0343
-0.0453 0.0946 0.8618
0.1129 -0.4797 -0.0645
0.2948 -0.3674 0.5851
0.2588 -0.6179 0.1745
0.0921 0.5566 -0.4335
-0.7795 0.3107 2.6932
0.0510 -0.0091 -0.0164
0.1312 0.0476 0.2368
-0.1690 -0.4823 0.6760
-0.0463 -0.1247 0.0276
0.0479 0.0292 0.0845
-0.1119 -0.8576 0.2490
0.2770 -0.1318 0.6399
-0.4402 0.1764 0.8622
0.0330 0.0042 0.0598
0.2771 -0.3294 0.0143
0.0134 0.1343 -0.9095
0.3304 0.2410 0.0917
0.5584 0.1721 0.1150
0.0077 0.7296 -0.4419
0.4539 0.0353 0.2848
2.5248 0.5873 -0.8051
0.3643 0.8152 0.3565
-0.4631 -0.3642 -0.6981
-0.1826 -0.4668 -0.6371
-0.0025 -0.0507 -0.0592
0.2276 0.6479 -0.2380
-0.0545 -0.1825 0.3135
0.0012 -0.0039 -0.1639
2.1816 -0.3396 -1.7500
0.0400 -0.0082 -0.1655
-0.0639 0.1571 0.5103
0.0275 0.0379 0.0043
-0.2143 -0.0416 -0.2217
-0.5998 0.0386 -0.2419
-0.3064 0.1644 -0.2084
0.0046 -0.0372 -0.0749
-0.4233 0.0068 -0.2601
0.4879 -0.3318 0.4103
-0.8493 -1.3088 -1.2418
-0.0641 0.0730 0.0444
-0.2144 -0.2443 0.6193
