-0.1090 -0.0124 0.8705
0.0397 -0.0011 0.0725
0.2163 -0.4986 0.2180
0.0600 -0.0711 -0.4803
-0.0118 0.1567 0.3008
0.4633 0.3853 -0.2395
0.2676 -0.0150 -0.2393
-0.1733 0.0744 -0.0110
-0.3227 0.0383 -0.6192
-0.0443 0.0943 0.9761
-0.2329 -0.0555 -1.1728
-0.2515 -0.3746 -0.1630
-0.5829 0.6505 -0.6680
0.4216 0.8380 -0.4308
-0.0098 -0.0393 -0.0716
0.0232 -0.1751 -0.7671
0.0245 0.1456 -0.3500
0.0081 0.0492 -0.4670
-0.0069 -0.0032 0.0195
0.4458 -0.4434 -0.8258
-0.0567 -0.1806 0.3153
0.0211 0.1895 -0.2422
0.4692 -0.3151 -0.4518
-0.0487 0.1607 0.6051
-0.0863 0.1714 0.0877
0.2691 -0.1434 0.0490
-0.4828 0.3262 -0.2950
0.0770 0.0321 0.0407
0.3698 0.2887 -0.2996
0.2839 -0.6111 0.3766
0.1036 -0.0699 0.7747
0.0343 -0.1374 0.4123
0.2499 0.2068 -0.4022
0.1199 0.0756 0.1113
-0.0811 0.5043 0.0196
-0.5279 -0.4399 0.6600
0.1942 -0.1601 0.9642
0.0065 -0.0057 -0.0199
-0.0645 0.0627 -0.0043
-0.2107 -0.0130 -0.2031
0.2033 0.5716 -0.3885
-0.0077 -0.0224 0.0108
0.2621 -0.1185 0.7215
0.3770 0.4822 -0.3978
0.4695 0.6520 -0.2198
-0.1256 -0.0068 -0.2388
-0.1174 -0.5470 0.2880
0.0118 0.0026 -0.1831
0.1266 -0.0167 -0.0281
0.0792 -0.0661 0.1104
1.8133 0.0741 -0.1766
1.7597 0.0662 -0.0863
1.7260 -0.1719 -1.0146
2.0002 0.0003 0.0010
1.9216 -0.1726 0.7226
2.2089 -0.2666 0.2736
2.3619 0.4034 -0.5051
1.9727 0.5743 1.0109
2.2098 0.0053 -0.9393
1.1141 -0.0276 0.6230
1.9214 0.0116 0.7456
1.9512 -0.4368 0.8353
2.0261 -0.0691 -0.1292
1.1910 0.3775 0.5044
1.8681 -0.7351 0.6245
1.7875 -0.5865 -0.4766
1.8971 -0.3545 -0.8437
1.8285 -0.2558 0.1048
2.0391 0.1077 0.3477
1.9087 -0.0891 0.4566
2.5228 -0.4082 0.8610
1.8049 0.0902 -0.1050
1.9787 0.0022 0.0702
1.8827 0.0242 -0.1544
1.3586 -0.2168 -0.8620
1.4396 0.4427 -0.9409
1.9382 -0.0838 -0.4536
2.3470 0.9265 -0.5142
2.0045 0.0548 -0.5386
1.9886 -0.1606 0.2706
2.2814 0.1830 -0.2041
1.7869 -0.1246 1.1105
2.0201 -0.1140 -0.2218
1.7917 -0.0348 0.0075
1.7196 0.1644 0.7909
1.9927 0.0239 -0.5555
2.0418 -0.0200 -0.4491
2.0222 0.0371 -0.3396
1.8880 -0.1554 -0.2802
2.1660 0.1314 -0.7936
1.8781 -0.3134 0.4476
2.5086 0.3550 0.2696
1.7320 -0.0737 0.0859
2.1025 0.0342 -0.4524
2.5648 0.8704 0.3931
2.1644 0.8809 0.2050
1.8269 -0.1571 -0.0553
1.9105 0.0227 -0.0643
1.7930 -0.5433 0.9619
1.8875 0.1524 0.6355
