2.3732 -0.5515
-0.2773 0.1192
-0.2268 0.1451
-0.0378 -0.0128
-0.3149 -0.5719
1.2102 -1.2758
0.3262 -0.0234
-0.7557 -0.4397
-0.0918 -0.1558
-0.1461 0.6779
-0.3114 -0.1303
0.2403 -0.3881
0.1791 -0.2161
0.7696 0.2007
-0.4407 0.0782
0.5703 -0.1605
0.3335 -2.7323
0.4215 -0.7368
0.6089 -0.6313
-0.6420 0.1756
0.0593 -0.0214
-0.2617 0.5061
0.4487 0.1511
0.3143 0.1060
-0.2134 0.2433
0.7252 -0.1176
0.0071 0.0093
0.2608 -0.6131
0.0411 0.0279
-0.3285 0.2876
0.8019 -0.3746
-0.5190 0.2341
-0.1234 -2.7494
0.0086 0.0050
-0.8337 -2.3942
0.2067 -0.1043
0.0120 0.0327
-0.9015 -1.7212
2.6042 -0.4019
-0.3844 0.1018
-0.0411 0.0089
-0.0504 0.0713
0.3390 0.1845
-0.8452 -0.3330
-2.1640 0.2953
0.1013 0.0514
0.0431 0.1836
-0.5346 0.2930
-0.0675 0.0424
0.0279 0.0096
-0.2786 0.4309
-0.0143 0.2176
-0.1283 0.8727
-0.2889 0.7499
-0.3809 -0.5945
-0.0671 0.0297
0.0213 -0.5348
-0.2423 0.3153
-0.3362 -3.6043
-0.4838 0.8224
-0.1847 0.5930
-0.2559 0.7499
-0.7645 -0.3534
-0.3098 -0.2450
0.3012 -0.1283
0.5966 -1.1984
-0.2337 -0.8910
0.0214 0.0146
-0.0503 0.1107
0.6079 0.9170
0.3619 -0.1460
-0.0988 -0.0787
0.3069 -0.6864
-0.2181 -0.4176
0.4048 -0.7751
1.0353 -0.6549
0.4919 0.1471
-0.3251 0.3370
0.1721 0.0513
0.9546 0.2816
-2.1233 0.1287
0.4365 0.6228
0.5496 -0.9203
0.2108 0.2636
0.4668 0.3073
0.6782 -0.4724
-0.4970 0.3289
-0.5633 0.6791
-0.0970 -1.6156
-0.1891 -0.1534
0.0054 0.0412
0.0435 -0.0523
-0.2738 0.0940
-0.8445 -0.0825
0.9578 -0.0543
0.2583 -0.1759
-0.1441 -0.9253
0.0267 -0.0053
-0.0640 -0.5311
0.1424 -0.6291
