-0.3487 0.4065 -0.7278
-0.2798 0.2887 -0.0436
0.4391 -0.1674 -0.3745
0.4673 0.1338 0.1323
-0.0047 -0.0069 -0.9907
0.2365 0.1262 -0.0866
-0.0148 0.0055 -0.6726
0.1164 0.3054 -0.1452
0.0024 1.7992 1.0987
-0.0540 0.0273 0.0253
-0.0255 0.1371 -0.2375
-0.0206 0.0260 0.0989
0.0808 -0.0932 0.0116
-0.4416 0.7111 0.1933
-0.3501 0.5487 0.0105
-0.0165 0.0006 -0.7600
0.9578 0.1333 -0.0684
0.0792 -0.0065 -0.1130
-0.2905 -0.0832 -0.3418
-0.0185 0.0679 -0.0621
-0.4139 -0.8721 0.0968
-0.3688 -0.3470 0.0795
1.0524 0.3179 -0.0361
-0.0198 -0.4339 0.4150
-0.6383 1.2211 -2.8880
-0.1014 0.1795 0.1408
0.0678 0.2486 -1.2342
0.1308 0.3397 0.5919
0.5452 0.0129 0.7819
-0.2869 -0.4403 0.7271
