0.3483 0.2211 0.4619
0.8272 -0.9086 -1.8009
0.3459 0.0080 -0.1302
2.7346 0.5112 -0.6033
0.4376 -0.2699 -0.3872
0.6596 0.2950 -2.3160
0.0730 0.2137 0.4791
0.1654 0.3741 0.1267
0.0988 -0.2617 0.8035
-0.0069 -0.1006 -0.4206
-0.7814 1.3519 -0.9607
0.3012 -0.5604 0.0972
-0.0110 -0.1761 0.0650
-0.2439 -0.0080 0.0141
0.0737 -0.0761 -0.0975
0.0040 -0.0350 -0.2873
0.5846 0.2115 0.1925
0.0175 0.0016 0.7928
0.0668 0.0024 0.7237
0.0214 -0.0251 -0.0606
5.1337 0.3735 -0.1740
4.2750 -0.4544 0.3395
5.3702 0.2889 0.1849
5.1236 0.0303 0.1297
3.3484 -0.5176 2.1820
4.9964 0.1406 0.1144
4.5185 -0.2199 -0.6382
5.5853 -0.1457 -0.6319
5.0095 0.0035 0.0565
5.3037 0.3429 0.2083
5.0579 -0.0704 0.8506
5.2387 -0.0411 -0.4468
5.3135 -0.4673 0.7599
4.9095 -0.2957 -0.6010
4.9771 0.0116 -0.0465
2.4919 -0.8213 -1.6596
4.7582 -0.0189 0.0820
5.3182 -0.4984 -0.2201
4.7884 -0.0156 -0.0695
4.9971 0.4602 -0.5558
