0.4209 0.8101
-0.4085 0.0120
-0.0816 -0.4199
0.1573 -0.5373
-0.0141 0.0197
0.2904 -0.1933
0.0193 -0.1297
-0.5332 0.5784
0.6068 -0.2022
0.0168 0.0244
0.1807 0.0427
0.3511 0.5247
0.0994 0.1525
-0.9267 1.2354
0.0683 0.5693
-0.1754 0.0397
0.0412 -0.0702
0.2031 0.4141
-0.9363 -0.1108
-0.1250 -0.6145
0.7758 -0.5763
-0.5340 0.5172
-0.3159 -1.4756
-0.4061 -0.5011
0.1077 -0.0017
0.2416 -0.6456
0.0269 0.6334
0.5918 -0.0512
-0.7575 -0.2031
-0.0663 -0.2812
0.1929 -0.2205
0.0499 0.7532
0.2968 -0.1565
0.0149 0.1283
-1.5769 1.1620
0.1332 0.1340
0.0347 -0.0980
0.7802 -0.1260
-0.1710 0.0104
0.4126 0.0411
0.1324 0.0126
-0.7074 0.4645
-0.0643 -0.3266
-0.7416 -0.3548
-0.2970 0.7070
-1.1985 1.6228
0.2795 -0.1416
-0.1242 -0.4137
0.0272 -0.0203
0.7243 -0.9490
2.9480 -0.1230
2.5282 0.2863
3.5409 -0.2137
2.2562 0.4163
3.4615 -0.5879
2.4062 0.4669
2.9956 0.0099
3.0666 -0.0240
2.5073 0.4535
3.9368 0.0888
3.4416 -0.6752
3.6135 0.3140
2.4892 -0.1914
2.8236 -0.4596
3.0102 -0.0084
3.4554 -0.1033
2.6410 -0.8162
2.7405 -0.3195
3.3453 -0.1481
3.2318 -0.2687
2.6254 0.0181
2.9047 0.3520
2.6902 0.7027
2.7492 -0.7822
3.6609 -0.0129
2.6710 -0.8534
2.9311 -0.5819
2.7856 0.6369
3.1790 -0.2638
3.1173 -0.0447
2.7109 -0.5623
3.4577 -0.3178
3.1021 -0.1842
2.4320 -0.1638
2.9437 -0.0624
2.2696 0.1098
2.9752 0.3152
2.9494 -0.3803
3.3463 0.0553
2.8280 -0.1365
3.0593 0.9366
3.0247 0.0030
3.5686 -0.1672
2.6241 -0.3606
3.2251 0.1068
2.3767 0.4293
2.7449 -0.9239
2.6153 -0.3994
3.2342 -0.2974
3.0193 0.4068
