0.0531 0.0026 0.1121
0.0300 -0.0346 -0.0091
-0.0037 -0.0192 0.0211
-0.1024 -0.0544 0.0536
0.0046 -0.0062 0.0025
0.0805 0.1232 0.2279
0.1960 0.1438 0.0920
-0.2914 -0.1938 -0.2023
-0.0017 -0.0499 -0.1915
0.4845 0.3743 -0.4783
-0.0957 0.7793 0.4099
-0.3398 0.0326 0.2041
0.2119 0.3092 0.8230
0.0085 0.0250 -0.0189
0.1070 0.4629 0.5551
-0.0496 0.2942 -0.5081
0.0463 0.6423 0.3027
0.0322 0.1200 -0.3611
-0.2863 -0.2998 0.2585
-0.0220 -0.0076 0.6691
0.0819 -0.0988 -0.0683
0.0205 -0.1140 -0.0066
-0.2785 -0.1856 -0.0862
0.0113 0.0139 -0.8206
-0.0006 -0.1082 -0.9095
0.2498 -0.1327 0.4784
0.8079 -0.1265 -0.4986
-0.3282 0.9586 0.6870
0.0027 -0.0020 -0.1100
0.3466 -0.5166 -1.1672
-0.0337 -0.0277 -0.9564
-0.2482 0.0747 0.3073
0.0917 0.3235 -0.1669
0.2502 0.0778 -0.0849
-0.0948 0.4042 -0.0766
-0.0009 -0.0013 0.0666
0.0049 0.0009 -0.0032
-0.2427 -0.2272 0.5975
-1.8498 1.5045 1.2194
-0.2625 -0.6139 -0.1031
0.0094 -1.0551 0.0294
-0.0083 0.0098 -0.0550
0.1314 0.0144 -0.1986
-0.0881 0.1235 0.0531
0.5359 -0.2416 -0.3149
0.2858 0.0544 0.3541
-0.6408 0.2242 -0.5366
-0.4590 0.3313 0.7629
-0.4925 -0.2367 1.2171
-0.4517 -0.2561 -0.3496
0.0512 -0.1084 0.9175
0.3519 -0.2821 -0.0950
-0.7241 -0.0166 -0.5465
0.2703 -0.2381 1.2482
0.1663 -0.0645 -0.9414
0.3770 0.1070 -0.0587
-0.0417 -0.1860 -0.5372
1.2465 0.6702 1.2390
0.0442 0.0224 0.2983
1.0781 -0.7536 -1.9793
0.1423 -0.3976 -0.7160
0.2575 -0.1940 -0.5405
-0.0325 -0.0725 -0.4518
0.1177 -0.1832 -0.5845
-0.0311 -0.4161 0.7715
0.0588 -0.1431 -0.7849
-0.0354 0.0130 -0.0490
0.6322 -0.1180 -0.2742
0.2359 0.1633 -0.1643
0.2728 0.0964 0.6017
-0.1037 -0.0833 -0.5315
-0.3515 0.3852 0.8268
-0.0130 -0.0793 -0.0328
-0.2385 0.1022 -1.6967
-0.4036 0.0387 -0.3546
1.3606 -0.8063 2.0367
0.2449 0.4039 -0.3070
-0.0781 -1.5870 1.2719
-0.1507 -0.8162 0.2790
-0.3667 0.0099 -0.0977
-0.7534 -0.4109 -0.0461
0.0137 -0.0107 0.0471
-0.7683 -0.4298 0.3752
0.0233 0.0111 0.1880
-0.3253 -0.5030 0.3254
-0.0715 0.0084 -2.4943
0.0996 0.2213 0.1075
0.1592 -0.0667 0.9219
-0.0022 0.0026 0.1923
0.0675 -0.1742 -0.0437
-0.1059 -0.3106 0.5745
-0.0821 -0.0175 -0.9331
0.4985 -0.7743 0.6039
0.0145 -0.0084 -0.3982
0.8837 1.6815 -0.1329
-0.5801 -0.1460 -0.6727
1.6624 -0.6312 0.1332
-0.0059 0.0409 -0.1219
0.0271 0.0091 -0.0665
-0.2600 0.3812 0.5712
-0.0391 -0.4039 -0.1944
0.0795 0.0650 0.2226
0.6305 0.8169 0.1453
-0.1965 1.4176 0.0521
0.1131 -0.2103 -0.1605
0.0586 -0.0948 0.5854
0.3620 0.1155 0.4034
-0.0780 2.0999 0.8847
-0.0062 -0.0067 0.0127
0.2107 -1.5460 0.7942
-0.3415 -0.2209 -0.3375
0.0666 0.0872 -0.8018
-0.1121 0.1287 0.2147
-0.1374 -0.0305 -0.4232
-0.0580 0.1911 0.2477
-0.8818 -1.0514 -1.8566
0.3654 -0.2195 -0.3089
0.0027 -0.0066 -0.1753
-1.0084 0.0624 2.1554
0.3633 -0.3386 -0.1250
0.0573 -0.3623 0.7735
0.0076 0.0076 0.4642
-0.0112 0.0481 0.1413
-0.1047 0.1723 -0.0657
0.1488 -0.6547 -0.2701
0.0130 0.0991 0.2491
0.0654 -0.4382 0.1613
1.6986 1.8539 0.3247
0.0702 0.0085 0.1445
0.3079 0.1965 -0.8350
-0.6706 2.1784 -0.8407
-0.2576 0.0547 1.1088
0.1711 0.0281 0.0055
0.1659 -0.0551 0.1667
0.0813 0.2142 -0.2437
0.1970 0.0614 -0.1027
-0.0083 -0.0132 0.0128
0.1013 -0.1362 -0.0338
-0.0182 0.2351 0.5317
-0.2266 -0.1336 0.7229
-0.0295 -0.1413 0.4704
0.2010 0.0708 0.3865
0.1037 -0.0128 0.9112
0.2028 -0.1202 0.0432
-0.0485 0.0449 0.4113
-0.0742 -0.7538 0.0555
-0.0355 -0.0330 -0.0859
0.4291 0.2346 0.1786
0.1974 -0.0817 0.7980
1.3134 0.4428 -0.3931
0.0552 0.0793 -0.2553
0.0019 0.0013 0.0083
0.0815 -0.0578 0.1927
0.6495 -0.4086 -1.4252
-0.3458 -0.1671 0.1905
-0.0733 -0.1739 -0.1213
-0.0702 -0.2357 -0.0005
0.7782 0.1845 0.2642
-0.0956 -0.1135 0.1579
0.2345 -0.1796 -0.8456
-0.0777 0.0370 0.1426
-0.0818 0.1174 -0.0664
-0.0218 0.0452 -0.1971
-0.1232 0.0801 0.3309
0.0118 -0.0395 -0.7088
0.0733 -0.7042 0.4787
-0.1931 -0.1688 -0.9543
0.0022 0.0058 0.0838
-0.0946 -0.6571 -0.0311
-0.3745 -0.6446 -0.6587
0.0200 -0.0489 0.0013
-0.0326 -0.0240 -0.0926
-0.5788 -0.3010 0.2532
0.0105 0.0029 0.0021
-0.1999 0.1783 -0.1631
0.4468 0.4458 -0.3065
0.4577 0.1370 0.2540
0.2760 -0.2255 0.0495
0.0621 0.1693 -0.8893
-0.1936 -0.0691 0.1040
0.2380 -0.5693 0.2843
-0.3693 -0.7652 0.9617
0.0228 -0.0464 0.2382
-0.0514 0.0081 -0.3823
0.0936 0.0420 -0.4919
-0.0489 0.1339 -0.1023
0.1292 0.3558 0.5838
-0.6779 0.1851 0.6646
-0.2521 0.1547 0.7333
0.0032 0.0018 0.0179
-1.2279 0.5333 0.3586
-0.0265 -0.0977 0.0737
0.0000 0.0101 0.0476
-0.0047 0.0008 0.9578
-0.2923 0.1130 -0.1013
0.5301 -0.4747 -0.6008
0.0055 -0.0532 -0.0503
-0.0088 -0.2041 -0.3952
-0.0014 0.0001 -0.0006
0.0197 -0.0855 -0.7930
0.0698 0.0938 0.7020
-0.0921 -0.0706 -0.5925
-0.8077 1.6755 -0.2585
-0.0905 -2.0923 -0.2533
-0.1332 0.1608 -0.4623
0.0735 -0.2164 0.4760
-0.1056 -0.8680 0.1367
0.1108 -0.2160 -0.2398
-0.1234 -0.2403 -0.4141
0.1663 -0.4780 2.1859
0.0209 -0.1387 -0.7567
-0.0117 0.0185 -0.0301
-0.0027 -0.6466 0.5029
0.0360 -0.4066 -0.0056
0.0021 0.0942 0.0844
-0.1776 -0.3463 0.3338
-0.1730 0.6165 0.1723
-0.9826 2.1091 1.0133
-0.0221 -0.1718 0.3027
0.5258 0.1665 -0.2289
-0.5586 -0.6896 -0.3090
-2.0025 -0.1928 1.0284
0.0603 -0.0455 0.4701
0.0021 0.0587 -0.7168
-0.1719 -0.2271 0.3688
0.5910 -0.0209 0.1211
-0.5515 0.2144 -0.3525
-0.4473 1.4058 -1.5903
-0.0002 -0.0177 0.0014
0.0967 -0.0079 0.1795
0.5066 0.5610 -0.0466
-0.4352 -0.1125 -0.2929
0.0180 -0.0086 -0.0510
-0.1739 0.2793 0.5607
0.1055 0.1443 0.3729
-0.7871 -0.3490 1.0216
0.2157 0.0230 0.0614
0.1427 -0.3637 -0.0640
-0.1319 0.0569 0.3697
0.9301 -0.2194 -0.0374
0.0371 -0.3280 0.3831
0.0574 -0.0513 0.1655
-0.2559 0.5731 -0.2475
0.6237 0.4096 -0.4027
-0.1895 -0.1591 0.4145
0.0186 0.0172 -0.2581
-0.0069 -0.2058 0.0495
0.5555 -0.1794 0.0968
-0.0531 0.5820 0.2280
0.1317 0.3117 0.3021
2.7927 1.5226 -2.1143
3.4075 -0.1669 -1.2403
3.6050 0.4301 -0.0687
3.5361 0.0239 -0.0506
3.4172 -0.1270 -0.0889
3.5729 -0.8276 -0.6077
3.4984 -0.0005 -0.0814
3.5225 0.1651 -0.2182
3.7136 -0.2884 -0.6284
3.0791 -0.9507 0.6962
3.8972 -0.2522 0.3629
3.4824 0.3612 -0.4831
3.7399 -0.7549 -0.1815
3.4391 0.8374 -0.2773
3.4983 0.1889 -0.3429
3.4619 0.0190 -0.2141
3.2311 0.0834 0.7524
4.0450 -0.5034 -0.0557
3.4950 0.0226 1.1536
3.4951 0.0116 -0.4275
3.4795 -0.0824 0.0383
3.8990 0.0498 0.2240
3.6180 0.3433 -0.3557
2.9890 -0.5918 -0.3668
3.5036 -0.0150 -0.0495
3.8647 0.3446 -2.2160
1.7884 -1.1855 0.0699
3.4781 -0.0131 0.0223
3.5251 0.1620 -0.4184
3.8071 -0.1329 0.4908
3.4513 -0.0754 0.0927
3.5398 -0.1483 -0.5190
3.5089 0.0025 0.3091
3.7717 -0.1039 2.1898
3.4055 -0.0458 0.1287
3.5244 0.1708 -0.1778
3.0123 0.6990 0.2350
3.8413 0.9082 0.0697
2.9082 -0.0901 0.3817
3.4317 -0.0320 0.2333
3.5793 -0.1270 0.0505
3.5909 0.0602 -0.4513
3.4378 -0.0795 0.5264
3.6055 0.0178 0.1053
3.5788 -0.0919 0.0504
3.5905 -0.0899 0.0160
3.5147 0.0097 -0.0104
3.4456 0.0731 0.1399
3.8807 -0.5181 -2.5173
3.9367 -0.1821 0.6546
3.6051 0.4160 0.0610
3.1703 -0.1228 2.3344
3.5005 -0.0016 0.0206
3.5301 -0.0888 -0.4313
3.6164 -0.2391 0.1789
3.4598 -0.0080 -0.1803
3.5096 -0.0130 0.0031
3.4785 0.0100 0.3038
3.8237 -0.0367 -0.7894
3.7232 -0.3349 1.2358
3.5059 -0.0003 0.0262
3.8823 -0.0951 -0.4756
3.4453 -0.0089 0.3220
3.5809 -0.0677 -0.0700
4.3086 0.8590 1.1251
3.7925 0.7539 1.1431
3.9511 -0.4846 -0.6667
3.2129 0.0470 0.4405
3.5082 -0.0299 -0.0032
3.2303 -0.7986 0.7995
3.4749 0.0130 -0.4608
4.1423 -0.3058 -0.6658
3.5128 -0.0200 -1.9503
3.4708 -0.0987 0.3196
3.4059 0.2820 0.2456
3.3762 -0.2115 0.1005
3.4821 -0.0019 0.0492
3.7967 0.5639 -0.0872
3.5636 -0.1986 -0.0058
3.5011 0.0016 0.0080
2.7953 -1.2536 0.9835
3.4802 -0.0366 0.2590
4.2084 0.5434 0.2371
3.4537 0.2800 0.1656
3.5142 -0.0295 0.8220
3.5058 0.0125 0.3795
3.5060 0.0043 -0.0052
3.4673 -0.1351 -0.4774
3.3593 0.3650 0.4366
3.2969 -0.1258 0.1223
3.4014 0.0078 -0.8389
2.7794 -0.0663 -0.3096
3.7745 -0.0062 0.0543
3.4366 -0.0720 0.6373
3.8055 0.1772 2.0123
3.4813 0.0122 -0.1246
3.7707 0.2996 -0.2399
3.1647 -0.1343 -0.5309
3.5906 0.0326 -0.0288
2.6732 1.0747 -0.3881
3.7657 0.1664 0.0795
3.6238 -0.4191 -0.2685
3.4527 0.1176 -0.4503
3.5484 -0.0937 -0.4222
1.2742 -0.6881 -0.0600
3.2081 0.3528 0.0806
3.3591 -0.3008 0.4532
3.7944 -0.1145 0.2296
3.6861 -0.7771 -1.0697
3.2490 0.3388 0.3642
3.5704 -0.0646 0.2058
3.4140 0.0189 -0.6100
3.4605 0.0431 -0.2362
3.5101 -0.4588 -0.4124
1.8541 -0.8438 -0.2419
3.5110 0.3900 -0.0586
3.4757 -0.0115 0.1455
3.4474 -0.0874 0.3499
3.7177 -0.0503 -0.0948
3.4926 -0.0091 0.0021
3.5188 0.0912 -0.0131
3.4428 -0.0495 0.1049
3.4803 -0.0852 -0.7912
3.3150 0.0686 -0.0653
3.3459 -0.3653 1.9702
3.4981 0.0010 -0.0366
2.1008 -0.0025 0.7972
3.3166 -0.0894 0.7593
3.5618 -0.1246 0.3072
3.5823 -0.0991 0.0134
3.5594 0.0516 -0.7116
4.1211 -0.3117 0.8294
3.5730 0.1268 -0.1130
1.4401 0.3909 0.1951
3.5003 -0.0001 -0.0002
3.5689 0.0487 -0.2270
3.4878 -0.1348 -0.4876
3.7905 0.6324 -0.3982
3.3779 0.2230 0.6738
3.5283 -0.1932 0.2800
2.6643 0.1057 0.1972
2.8316 0.7981 2.0512
3.7599 -0.5718 0.2218
4.1432 -0.6206 -0.2548
3.9814 -0.7275 0.0167
3.8521 0.3229 -0.1794
3.6978 0.1194 -0.1135
3.2911 -0.0538 -0.0830
3.8008 0.0372 -0.4966
3.0190 -0.7284 -2.5395
3.6039 -0.1791 0.4445
3.5079 -0.0877 0.1851
3.6539 0.0341 1.0340
3.4853 -0.1518 -0.5402
3.5104 0.0049 -0.0812
3.1894 0.1235 0.1172
3.5011 0.0063 -0.9957
3.2921 -0.1209 -1.2084
3.4995 -0.0636 -0.0715
3.6026 -0.0021 0.5387
3.7680 0.2552 -0.0094
3.7700 -0.0673 -0.0460
2.5836 0.1784 -0.2448
3.4990 0.0039 -0.0548
3.7823 -0.0323 -0.0249
2.9944 -0.2252 -1.0065
3.2064 0.4236 -0.0974
3.8270 -0.0598 -0.8459
3.9728 0.4889 -0.0586
3.7447 -0.0897 -1.5468
3.7545 -0.0633 0.2167
3.7935 0.0363 0.3447
4.3693 0.1417 0.2718
3.5007 -0.0487 0.6312
3.2437 -0.0817 -0.1922
3.5152 -0.0875 0.9092
3.3491 0.0823 -0.0474
3.2892 0.7098 0.3219
3.4040 -0.2609 0.2022
3.4290 -0.0329 -0.1791
3.6233 0.1190 -0.5757
3.6941 -0.2168 -0.7557
3.5459 -0.1141 0.5606
3.1822 0.5962 0.4222
3.8661 -0.0976 0.4022
3.5941 0.7242 -0.2783
3.2300 0.1264 0.0688
3.5044 -0.1196 -0.5902
3.6997 0.2149 -0.1525
3.1315 -0.1638 -0.6070
2.2384 -0.1045 0.6949
3.7689 0.0256 0.5730
3.4810 0.3423 -0.1231
3.5042 0.0016 -0.0021
3.4305 0.3841 0.4124
3.8893 0.0717 0.7767
3.5662 -0.2111 0.0967
3.2620 -0.1454 -0.8699
2.9497 0.1971 -0.2661
3.5534 -0.2814 0.0135
3.4879 0.0327 0.0588
3.2799 -0.3304 -0.0898
3.5267 -0.0399 -0.0837
4.2611 -0.2300 2.5428
2.2929 -0.8604 -0.9934
3.4970 0.1909 -0.5540
3.6238 -0.0614 0.2489
3.2649 -0.0851 0.1510
3.5344 0.0688 0.4025
3.6457 -0.1587 0.2003
3.5076 -0.0053 0.0026
4.3525 -0.4290 -0.1075
3.4309 0.2227 -0.0441
3.1224 -0.0174 -0.7967
4.0475 -0.7392 -0.2046
3.4607 0.0639 -0.2723
3.5002 -0.0006 0.0163
3.2861 -0.3143 0.3822
3.5933 -0.2722 -0.8739
3.6035 -0.5395 0.9044
3.4483 0.1227 0.2979
3.4987 0.0552 0.1083
3.4974 0.0261 -0.0321
3.5496 0.1386 0.4698
3.2165 0.1521 -0.1029
3.4462 0.0663 -0.3279
3.8390 -0.8100 0.1795
3.7723 0.7421 0.5146
3.0915 0.0179 0.4386
4.0739 0.7033 -0.5486
3.4120 -0.0529 -0.1499
3.2455 -0.0005 0.9660
3.4294 0.0515 -0.4742
4.2642 -0.5929 1.3915
3.7242 0.0059 -0.0750
3.8021 0.7333 -0.5155
4.9128 -1.6830 0.0469
3.8363 -1.0411 -0.5764
2.7271 -1.0179 0.6250
3.5166 -0.0870 0.0454
3.4838 0.0352 -0.0143
4.1613 0.1535 -0.0741
3.5110 0.0731 0.2773
3.6023 -0.0948 0.5276
3.4868 0.0323 0.4567
3.4958 0.0051 -0.0267
3.2413 -0.1221 0.0563
3.5010 0.0044 0.0040
3.3614 -0.1303 -0.2090
3.4375 -0.1067 -0.3054
