0.6884 0.0215 1.0537
-0.0247 0.0193 0.0671
-0.0879 0.0310 -0.0180
-0.0371 -0.0172 -0.1265
0.5165 0.6085 0.3591
-0.0178 0.0036 -0.0709
-0.2911 -0.2961 -0.2993
-0.0211 -0.0611 -0.1345
-0.3807 0.2714 0.5228
0.1956 -0.0440 0.5838
-0.0069 -0.0234 0.3230
0.2650 -0.0847 0.1958
0.0120 -0.0907 0.1262
0.1498 0.0750 0.1783
-0.1324 0.0645 0.2846
-0.0258 -0.0136 0.3905
0.4129 -0.8620 -0.4821
0.0022 -0.0042 0.1101
-0.0042 -0.3905 -0.4364
0.3603 -0.1229 -0.2955
-0.1416 0.0207 0.5016
-0.7855 -0.3100 0.2468
0.0199 -0.0806 0.1989
-0.7305 -0.4426 -0.5057
0.0011 0.1701 0.7430
0.0032 -0.5441 0.0119
-1.6709 0.5262 0.2315
-0.5136 -0.1470 0.0306
0.2532 -0.3550 0.3713
0.0703 -0.0458 -0.0511
-0.3541 -1.3943 1.1075
0.1569 -0.1767 0.6314
0.2056 0.0580 -0.2497
0.3988 -0.3274 -0.1833
-0.0773 -0.2725 -0.2823
0.0499 0.0001 -0.6165
-0.0228 -0.0559 0.0741
0.5686 0.5928 0.3205
-0.6269 0.4519 -0.9866
0.1570 0.0542 0.0109
-0.1382 0.3811 0.2835
0.0098 -0.0138 -0.0053
-0.5492 0.5663 0.0649
0.4598 0.0417 0.2239
0.5677 0.0199 -0.3043
0.4168 -0.2383 0.7463
0.2155 -0.2536 0.4565
0.2961 -0.4026 -0.7620
-0.0044 0.0036 -0.0175
-0.0020 0.0226 0.6043
0.0455 -0.1016 -0.2418
0.0319 -0.0874 1.9241
-1.4396 -0.7114 -0.2219
0.1589 0.4847 -0.3317
0.0266 0.0145 -0.0324
0.2733 0.3753 0.8855
0.0360 0.9025 -0.1374
0.0433 -0.0180 0.6574
0.6432 0.6272 0.0299
-1.5895 -0.2477 -0.7503
-0.1316 0.1038 -0.3182
-0.0353 -1.1502 0.7146
-0.1203 0.6297 -0.5043
-0.0065 0.0379 -0.0196
0.0576 0.0871 0.5084
-0.2505 -0.2925 -1.2910
-0.0156 0.0028 -0.0036
0.0213 -0.0424 -0.2743
0.1061 0.1011 0.6575
0.0188 0.0499 -0.0822
-0.3005 -0.6147 -1.8391
0.0768 -0.0289 0.2825
-0.1811 -0.5541 0.1744
0.2459 0.0974 0.3465
-0.1347 0.1262 0.8594
-0.0363 0.0781 0.1178
-0.2016 -0.1530 0.4539
0.0400 -0.2421 -0.0743
0.3215 -0.1127 0.2466
0.2602 0.6744 -0.6264
0.1061 -0.0978 -0.0461
1.1387 -0.9592 0.3573
-0.2839 1.2767 -0.4494
0.0014 -0.0108 -0.0243
0.0018 -0.0119 -0.0135
-0.0175 -0.1151 -0.1191
-0.1093 0.2113 0.5185
0.0775 0.1824 -0.3481
-0.0479 0.1534 -0.2690
-0.0247 0.0061 -0.0258
0.0686 0.0441 -0.2899
-0.9432 -0.0086 -0.5569
0.6806 -0.1971 -0.1795
-0.0756 -0.8290 0.0088
-0.0250 -0.2108 0.1971
0.0166 -0.2232 0.3784
-0.0971 -0.1364 0.2329
0.1238 0.5793 0.2602
-0.3102 0.0541 0.3321
-0.2333 -0.0766 -0.0732
3.2656 -0.8381 -0.2505
3.0204 -0.0667 1.2857
3.0210 0.2776 -0.1056
3.3247 0.4228 0.4075
2.6361 0.4626 0.8875
2.9538 0.0272 0.0125
3.0104 0.0012 0.3718
2.9994 -0.0789 -0.0722
2.9646 -0.0471 0.0419
2.9649 0.1489 -0.3227
2.9794 0.0207 0.2655
3.3380 0.0023 -0.1376
4.0263 0.9125 -0.0101
4.4038 0.6990 0.6979
2.8755 0.3598 0.3994
2.6763 0.2366 -0.3422
2.9949 -0.0703 -0.3283
3.0016 0.0002 0.0011
3.0203 0.0356 0.5137
3.2700 0.0933 -0.4325
2.8247 0.2182 -0.2637
2.7825 0.1077 0.2970
2.8488 -0.2344 -0.2277
2.4817 -0.4319 -0.1897
2.6709 0.0707 -2.0972
3.0195 0.0036 -0.0965
3.0411 0.0000 -0.3037
2.9835 -0.3717 -0.3776
2.9658 0.5818 -0.1773
3.1565 -0.0649 0.2047
2.9849 0.0131 -0.1070
2.2607 0.2061 0.3213
2.7777 0.6404 -0.5699
2.6957 0.0544 -1.8312
3.2780 0.2485 -0.0631
3.8972 1.2314 -0.4972
3.5463 -0.0656 -0.2052
2.9066 -0.2099 0.9276
3.6431 -0.2485 0.5097
2.7598 -0.1641 -0.2268
3.0558 0.1565 0.0419
2.7037 -0.5877 -0.2512
3.2581 0.2651 -0.2554
3.0417 -0.1704 -0.2849
3.0882 0.1265 -0.2587
2.7472 -0.5064 -2.0410
2.9895 0.0648 -0.4721
2.9299 0.1996 -0.5307
3.0379 0.0334 0.1144
2.7430 -0.3957 -0.0440
2.9629 -0.1034 -0.4857
3.5631 0.1027 -0.3576
2.9527 -0.2515 0.2439
2.5321 0.4944 0.5575
2.7065 -0.0421 0.3466
2.9976 0.0115 -0.6609
3.5851 0.7362 -0.0791
4.4709 0.8357 0.7033
3.0805 0.0235 0.2403
3.0316 -0.1946 0.0415
2.3365 -0.1443 0.3590
2.9611 0.0847 0.7003
3.1450 -1.6229 0.1927
1.8165 -0.3635 -1.5215
2.9042 -0.3745 -0.8152
2.9945 0.0002 -0.2521
2.9736 0.1639 -0.0545
3.6209 -0.7680 1.4987
2.1920 0.3951 1.6557
2.5679 0.2315 0.1823
5.1023 -0.0282 -0.2156
2.9564 -0.5574 0.1687
2.8879 -0.3149 -0.4264
2.5715 -0.1030 0.0192
2.9972 -0.0030 -0.0151
3.0128 0.0265 0.0298
3.0193 -0.1493 -0.5835
2.8917 0.3196 0.3641
2.8163 0.3267 0.1295
2.8718 0.2678 -0.6602
3.2133 0.0843 -0.9730
3.7505 0.4054 -0.9154
3.0684 0.2009 0.3802
3.0302 0.1446 0.9494
2.8050 -0.5650 0.1098
3.2703 0.4144 -0.3429
3.3184 0.3306 0.0990
3.2043 -0.0145 0.0246
3.0129 0.0040 0.1706
3.0222 0.0953 0.0122
4.5401 0.4476 -1.3679
2.8617 -0.0278 0.0019
3.2979 0.3881 0.0495
2.5993 0.3964 -0.6077
2.9524 -0.1193 -0.0887
2.6722 0.8602 -0.0612
3.2103 0.2447 -0.1225
2.9084 0.1839 -0.0462
2.9902 -0.0581 -0.3312
2.5685 0.3758 -0.3529
