-0.1048 0.3137
-0.2189 -0.0413
0.4458 0.1635
-0.7697 -0.3731
0.1308 0.0508
-0.1199 -0.3394
0.1021 -0.0629
0.1066 -0.2463
-0.8344 -0.5013
-0.2886 0.1721
0.4184 0.2552
0.3652 0.3954
-0.3074 0.1802
0.2920 -0.0043
0.0696 0.0013
-0.0112 -0.0080
0.1754 0.0932
0.1477 -0.2578
-0.1375 0.2181
0.2655 0.1957
0.3791 0.3425
0.2892 -0.1537
-0.6260 -0.0507
-0.6019 -0.6275
0.5984 -0.3343
0.5813 -0.1151
0.0821 0.1309
0.6472 0.6447
-0.2404 0.1915
0.2988 0.1582
0.1990 -0.4420
0.0106 -0.0603
0.0750 -0.7362
0.1596 0.1253
0.4079 -0.2116
0.1304 0.2997
0.6812 -0.5705
0.6332 0.2545
-0.0303 0.4587
0.2732 -0.1753
-0.1177 0.2863
0.0610 -0.7921
-0.6077 -0.6632
-0.2025 -0.8701
0.6490 -0.1388
0.2206 -0.0767
-0.3726 0.0582
-0.0188 -0.0317
0.1233 0.0015
-0.0975 0.7028
-0.1899 0.1205
-0.4069 -0.0366
-0.4519 -0.6036
0.3626 0.7617
-0.3022 0.3027
0.1554 0.1953
-0.3219 0.2733
0.5133 0.1351
-0.4848 -0.0580
0.0395 0.3013
0.1896 0.0315
0.0101 0.0713
-0.6580 -0.1956
0.0199 -0.0094
-0.0183 -0.1416
0.2006 0.7546
-0.0913 -0.1835
0.1394 0.4597
-0.0067 -0.0124
0.8189 -0.5348
-0.1390 -0.1720
-0.0162 -0.0506
0.7278 0.4864
-0.1198 0.0767
-0.1884 0.4707
0.0617 0.5840
-0.5964 0.2720
0.9540 0.0403
0.6212 0.6437
-0.3718 -0.7381
-0.2380 -0.3467
0.1082 0.0754
0.3779 -0.4792
-0.1558 0.6430
0.2649 -0.2128
-0.5660 0.1027
-0.2477 0.4361
0.8736 0.0304
-0.0319 -0.0256
-0.0297 0.0100
-0.1791 -0.5611
-0.2450 0.4474
-0.2122 -0.2627
0.6478 -0.6460
0.1201 -0.5300
-0.8523 0.5106
0.4985 0.2599
0.3315 0.0102
-0.2152 -0.3008
-0.0966 -0.1318
-0.2081 0.7131
-0.3159 -0.1944
0.7850 0.5871
-0.5317 0.7464
-0.2344 -0.0997
0.0166 -0.0115
-0.0786 -0.8730
-0.5145 -0.3115
0.2490 -0.2117
0.2708 -0.0354
0.2278 0.1042
0.2017 0.0979
-0.4550 0.0957
-0.1190 -0.0552
0.6431 0.1994
0.7522 0.5705
0.0296 -0.1722
-0.2230 -0.8223
-0.6199 0.2838
0.9368 0.1957
-0.4750 -0.0336
-0.1599 -0.0281
0.0807 -0.8383
0.5774 -0.2339
0.7084 0.3801
0.0257 -0.4538
0.3396 -0.0995
-0.1699 0.9134
0.5081 0.2560
-0.0397 -0.0602
-0.1360 -0.4063
0.1872 0.4796
0.0771 -0.7449
-0.4070 0.3256
-0.0925 -0.0394
-0.0177 0.0165
-0.0282 -0.8725
-0.1333 -0.7984
-0.4433 0.4683
-0.4060 0.1165
0.6731 0.1010
0.0510 -0.1659
0.0288 -0.0223
0.8703 -0.2426
-0.3561 0.3167
0.7870 -0.3257
-0.1492 -0.7730
0.0368 0.2159
-0.3234 0.7045
0.8378 -0.4236
-0.7286 0.4164
-0.1008 -0.0114
0.8849 0.2208
0.6094 -0.2341
-0.0750 -0.6025
0.3317 0.0772
0.0629 0.4109
0.2546 -0.2333
-0.4678 0.8449
-0.1247 0.7787
-0.0096 0.0123
-0.0051 -0.0013
-0.6605 -0.5004
-0.0167 0.0114
-0.1899 0.1996
-0.8390 0.1632
-0.2831 0.8978
-0.0394 0.0121
0.0789 0.1118
0.0378 0.1283
0.3505 -0.2403
0.1426 0.6038
-0.0944 0.2636
0.0042 0.0288
0.2847 0.0060
0.2984 -0.1161
-0.2714 -0.9382
-0.3821 0.1918
0.5554 -0.5992
0.0099 0.4091
-0.1287 -0.3422
-0.4939 0.2065
0.6782 -0.4521
-0.6242 0.2963
0.7598 0.2905
-0.1174 0.1694
-0.2580 0.1412
0.1958 -0.3699
-0.0141 0.0708
-0.3148 0.6132
-0.0229 -0.0069
0.0722 -0.1494
0.0110 -0.0058
-0.0601 -0.2278
0.5752 -0.4705
0.0035 -0.3015
-0.1904 0.0180
0.0784 0.0324
0.3693 0.5541
0.6863 0.0904
0.4224 -0.1353
-0.5926 -0.1091
0.5122 0.1693
0.1604 0.6235
-0.0209 0.4457
0.5555 -0.0425
-0.3462 0.4096
0.0003 -0.0192
-0.6282 0.7342
0.0688 -0.5630
0.7072 0.0677
0.3584 0.2070
0.4441 -0.4209
0.1500 -0.0971
-0.3885 -0.0249
-0.2223 -0.2580
0.5130 -0.2879
0.0974 0.6656
-0.1324 -0.4375
-0.6111 -0.0975
-0.3411 0.4629
0.0671 -0.3695
-0.0551 0.0004
0.0865 -0.2066
-0.6762 -0.2328
-0.6613 -0.5366
0.2332 0.3082
-0.0796 -0.1528
0.3489 -0.2036
-0.2304 0.4487
0.3270 -0.4071
-0.0397 0.0024
0.6725 0.1107
0.5077 -0.6955
-0.2666 0.4943
-0.1343 -0.3116
-0.6604 -0.6902
0.3562 0.0189
-0.2672 -0.1536
0.0895 -0.8872
0.8670 -0.0843
0.5268 -0.2770
0.1857 0.0451
0.2393 -0.2327
-0.6317 -0.2336
-0.1643 0.9743
-0.3027 0.1848
-0.1515 0.7279
-0.0481 0.4748
0.0768 -0.5612
3.9861 -0.6273
3.9261 0.0621
4.2427 0.5172
4.1869 -0.0257
4.1915 0.6360
4.3379 -0.0680
3.6816 -0.5878
4.2963 0.8002
3.3820 0.5265
4.8237 0.2184
3.5561 0.2158
4.1250 -0.9875
3.8932 0.2330
3.9231 0.4021
4.3421 -0.1144
3.5623 -0.1193
4.2466 0.2123
4.7008 -0.4157
3.9168 0.9512
3.7308 -0.1013
3.8089 0.9091
4.2664 0.1704
3.7797 -0.0198
3.5459 0.4045
3.6889 -0.2481
3.6886 0.1004
4.7293 0.1766
4.4491 -0.5150
4.0675 -0.2785
3.6652 0.0923
3.9783 0.5250
3.4253 -0.1662
3.4587 -0.0974
3.8543 0.9041
3.1039 0.0688
4.0143 0.0471
3.4763 0.3206
3.4018 0.5625
4.1324 0.2160
3.2713 -0.0871
4.2999 -0.1390
4.1292 0.0444
4.0216 -0.1921
4.6306 0.4783
3.9783 0.0658
3.4117 -0.1738
4.0302 -0.1090
4.5678 0.4532
3.8992 0.1514
3.9696 0.8069
3.2735 0.5779
3.7089 0.8879
3.9449 -0.5573
3.4934 -0.3266
4.3359 0.4432
4.9033 -0.3006
3.5982 0.0957
4.1051 0.6513
4.0684 -0.0553
4.0720 -0.8233
3.2876 -0.1017
3.8878 0.0864
4.7090 -0.3091
3.9964 0.0060
3.8105 0.1894
3.7134 0.9027
3.3979 -0.1682
3.3888 -0.5440
3.9146 0.0456
3.9088 -0.5775
3.6034 -0.0267
3.2062 -0.2541
3.2802 0.4798
4.2815 0.8087
3.8645 0.3533
3.8474 -0.8069
4.4069 -0.6415
4.0060 -0.2471
3.2917 -0.3458
4.7889 0.2831
3.7825 0.0680
3.2232 0.6291
4.8597 0.4130
3.9710 -0.6691
3.7089 0.4901
4.1921 0.1329
3.9931 0.0875
3.4613 -0.7813
3.6882 0.2037
3.5435 0.0925
3.5639 -0.5858
4.3751 0.3422
4.0004 -0.0004
3.7564 0.4164
4.3355 0.1702
4.6485 -0.1052
4.6889 -0.0386
3.2769 0.4315
3.9799 -0.9146
4.6643 0.5512
4.4357 -0.3545
3.4693 0.1995
3.3348 0.3738
4.0588 -0.1899
3.4330 -0.1528
4.0034 -0.8312
3.4941 -0.1947
3.6515 -0.6382
3.9304 0.7128
3.7092 -0.0894
4.2289 0.2951
4.1759 -0.3807
4.2229 -0.0876
4.2338 -0.0286
4.4980 -0.8227
4.4294 0.6503
4.4188 -0.7662
3.4008 0.1609
3.9945 -0.0297
3.7546 -0.7756
3.3565 -0.0450
3.8764 -0.0760
3.7728 -0.3783
4.2418 -0.7235
3.8184 0.1882
3.4796 0.8297
3.9834 -0.0012
3.9017 -0.5944
3.7823 -0.7457
4.0916 -0.0546
3.5716 -0.8657
4.3908 -0.2976
4.7009 -0.3881
4.0271 -0.0455
4.6027 -0.5332
3.8064 0.4276
4.9166 0.1333
3.8120 0.0458
4.3810 0.3048
4.6839 -0.0539
4.7950 0.0146
4.3703 0.1892
4.0371 0.7843
3.9524 0.4935
3.8362 0.3691
4.6761 -0.1355
3.3865 0.6085
3.6507 -0.5569
4.1880 -0.6871
3.4288 0.7292
4.3545 -0.5993
4.2617 -0.6961
4.0236 -0.6182
4.1875 -0.4000
4.4640 -0.8365
3.9351 -0.1559
3.6965 -0.5202
3.8237 0.1286
3.4954 -0.7650
3.3429 -0.2471
4.1391 -0.0256
3.9006 0.7374
3.7712 -0.1180
4.8281 -0.1255
3.4781 -0.8049
3.9563 -0.0313
3.4055 -0.6604
4.0025 -0.0675
3.8105 -0.4730
3.6019 0.1114
3.3563 -0.3260
3.3833 -0.1189
4.1873 -0.5620
3.9943 0.1609
3.9813 0.0185
4.0746 -0.4712
3.7195 0.5495
3.8227 -0.1414
3.2384 0.0214
3.8859 -0.2267
3.9796 -0.5461
4.2783 -0.2632
3.9720 -0.3920
3.0844 0.1809
4.2160 0.2987
4.3837 -0.4300
3.8661 -0.3473
3.8132 -0.3707
3.9621 -0.0304
3.3030 -0.2317
4.1561 -0.1132
4.7811 0.6191
4.3176 0.1136
4.0487 0.7132
4.1925 0.0031
4.7508 -0.0770
3.9912 0.2765
3.9629 -0.0607
4.4079 -0.0534
3.9495 -0.0824
3.6043 0.2765
3.9887 0.5502
4.4158 -0.1643
3.7466 -0.9164
4.5336 0.3083
4.2216 -0.6990
4.5466 -0.4974
4.1866 0.4173
3.6152 0.7691
4.2465 -0.2759
3.8958 -0.1702
3.8567 0.2090
4.0548 0.1212
3.7592 0.9247
4.0929 0.0154
3.8802 0.3724
4.3064 0.9043
4.1974 -0.0034
4.7351 0.1123
3.6986 0.1107
4.1088 0.0406
3.9878 -0.0764
4.0994 -0.1229
4.1843 -0.4573
4.1365 0.1978
4.1013 0.4438
3.6429 -0.1874
4.3093 -0.3643
3.8488 0.0285
3.9937 -0.1406
4.5904 0.1622
3.8203 -0.0245
4.4445 -0.4236
3.6379 0.7400
3.8509 -0.0116
3.2442 -0.3196
3.2233 -0.2929
4.0487 0.0372
3.9899 -0.0074
4.0613 0.3054
3.1633 -0.0214
4.1074 -0.0151
4.0839 0.7224
3.6783 0.4892
4.2922 -0.8061
3.9087 -0.4226
3.7288 -0.1766
4.4702 0.0823
4.1855 -0.1790
3.9826 0.0449
