4.517403664569586974e-01 -2.937247326519003554e-01
-6.753801365805042756e-02 7.661755690145632958e-02
2.995390711336551326e-01 3.966706257264168006e-02
-1.415631015666760084e-01 3.055755621604357500e-02
2.867313658173247792e-01 4.528865141595414534e-01
2.115090380221008870e-01 6.580108906529040791e-01
5.150712404991529825e-01 -2.310147854797670597e-01
-9.618832187448657367e-02 -4.131186597834903274e-01
2.732424409281864475e-01 3.161666374674108881e-02
1.289566298412352929e-01 3.801830854859444830e-01
-1.132726306281922196e-01 1.738151570895848097e-01
-1.074007487515819675e-01 1.073366459065031170e-01
-6.905503750379629047e-01 2.327073945408275266e-02
-3.893362681794007019e-01 1.299653283418917941e-02
6.750763026408315715e-02 7.848853855670131496e-01
3.621898427763737410e-02 3.079197915083552867e-02
-3.508263459860759548e-02 -5.497854542185828808e-02
-2.683172757681390186e-01 3.848720166828776268e-01
-3.950572256896889289e-02 -1.440133885953645276e-01
-3.326008754618517416e-01 4.215348008712611894e-02
1.981141598489392225e-02 -8.985758093283276182e-02
-3.299800050493920667e-01 2.510039592311719692e-01
7.556240827325577669e-01 3.213082932252084301e-01
2.527833754063714133e-01 -4.820736031246019432e-02
-2.324914487910318406e-01 3.353668990078445544e-01
-3.440964662257995910e-01 -1.356313628214940725e-01
-1.423942318799411300e-01 1.738013692840977564e-01
-3.592719873689430021e-01 -2.776892699003525866e-01
2.940809739148009250e-01 -7.158169680156979686e-02
-1.786349191978515716e-01 -1.201916002722590582e-01
-1.214816925174354439e-01 -8.292305117400041725e-01
2.762147756528704479e-02 -7.807411375296322009e-02
6.419815493910061011e-02 -3.021495605209852386e-01
-3.469352390573960387e-01 9.047337941720903220e-01
-2.544663478315473126e-01 5.644471104820653062e-01
-7.586064573272567335e-01 3.462053649654732168e-01
-2.488964196643764226e-02 5.137225467872506002e-01
1.559383864448175838e-01 1.028849665624316650e-01
5.496051228232958774e-01 6.971775516068706713e-01
4.192963893092124250e-01 -5.375306701985934632e-01
-4.703880898090966323e-01 7.264170503402167522e-01
3.381195124776162908e-01 1.408707741393457336e-01
-7.554632846313332761e-01 3.231838244906325847e-02
-2.289870879549174565e-01 1.096812436024370216e-02
-6.963519689934315471e-01 6.885757931876729243e-01
2.281286345325774650e-02 9.858470699678069382e-02
1.570633528286145553e-01 -9.986313878903449459e-02
2.574791517704645427e-01 8.131481064402216186e-01
5.243779866999014327e-01 3.016993738750900489e-01
1.188400661336716374e-01 2.085605503416917972e-01
2.813481965215865355e+00 -2.940360295584790729e-01
2.587258627984981629e+00 -2.078794986709312509e-01
1.979736516609573727e+00 3.579399681517302697e-03
1.729436834550337920e+00 -8.887728178951660452e-01
2.483049756155786270e+00 -7.899848217494231939e-02
1.768932067627031035e+00 -3.180570253180006191e-01
1.696546140032228145e+00 5.446638732023521001e-01
2.806978524291773969e+00 4.530913039200613057e-01
1.839249203423493739e+00 -1.405285793637537362e-01
1.921477896191025492e+00 5.706520629536157227e-03
1.646660055261498501e+00 -5.338663786944610606e-02
1.916244162876120649e+00 1.622471665425451737e-01
1.813929914424210477e+00 3.003623003282130388e-01
1.809883492580645736e+00 -1.603809645506943660e-01
1.888409201520740321e+00 -8.506192452045979735e-01
1.958189557578090545e+00 1.518523364772053075e-01
1.648292084856807005e+00 -5.870267976796978981e-01
1.476842510919591955e+00 8.148551852761565240e-01
1.630028538145839034e+00 -8.405549709855554275e-01
1.706518678852054549e+00 1.129224909711933761e-01
2.147750674020046713e+00 4.242319758188690670e-01
1.906989623486834651e+00 -3.825375239119235826e-01
2.409310108071161860e+00 -1.672214576586937007e-01
1.387077014263513153e+00 2.316822975018345554e-01
2.922922439262239713e+00 3.014392385330601568e-02
2.300465416647189176e+00 -3.163218584876309469e-01
1.370958011615324157e+00 6.813907843589017688e-01
2.929135762590051595e+00 -6.470950975965021612e-02
2.149351674567185899e+00 -1.654146578948803570e-01
2.876044368240719074e+00 2.082392636727127544e-01
1.821077927239441951e+00 -3.118599923360293805e-02
2.150429846309437565e+00 -1.484801488934044678e-01
1.401795451272273452e+00 -4.833602255724316343e-01
1.249519424095217435e+00 -1.596670372622270018e-01
1.934834734938398082e+00 -1.139626431763209324e-01
1.943187246836722393e+00 4.790011460550891442e-02
2.070632195536746600e+00 -1.090790556783562404e-01
2.152765054794409494e+00 1.691497308307731706e-01
1.485270033935817580e+00 -3.966052823486082013e-01
2.030053294357538896e+00 1.974660285972452967e-02
2.857343460504182087e+00 -3.451170011502002755e-01
1.343902244169510318e+00 -4.768735708261911399e-01
2.331948515543417422e+00 -3.443133611136678374e-01
2.402887730004540590e+00 -1.983323223564003590e-01
2.904137210142861747e+00 2.329854102820585193e-01
1.668140749887880636e+00 -5.100701072927934510e-01
1.795152157597474485e+00 -6.158928415229981690e-01
2.125370931457486456e+00 -3.763860003395704257e-01
2.063362882885129590e+00 -3.297192245271876598e-02
2.034656342864539447e+00 -5.522862230825186652e-02
