-1.9300 -2.0160
0.1957 0.7570
-0.6351 0.4652
-0.0615 -0.1488
-0.2645 -0.8555
-0.4076 0.0453
-0.3269 -0.7250
-0.2547 0.3268
-0.1355 -0.1797
-0.4433 0.7239
0.0678 -0.4711
0.2126 0.2539
0.3392 0.0897
-0.0347 -0.0469
0.3775 -0.0543
0.5835 -0.0987
-0.4953 0.1935
-0.5470 -0.5397
0.1178 -0.6700
0.6999 -0.0221
0.5404 0.4382
-0.7875 -0.0520
0.2302 0.0361
-0.1674 0.3175
-0.2135 -0.5615
-0.6249 0.3891
-0.2198 0.1798
-0.0070 0.0396
0.2622 -0.7576
-0.1947 0.0697
1.7282 1.7138
0.2540 -0.7181
0.7431 -0.5406
0.1304 -0.1630
0.4790 0.0912
0.4551 -0.2970
0.1193 -0.0495
0.2765 -0.8902
0.1020 -0.1200
-0.1824 -0.4726
-0.4335 -0.0604
0.3493 -0.9270
0.0202 -0.0362
1.6807 -1.3979
-0.0271 0.4540
0.3160 -0.8486
-0.2776 -0.4576
-0.0988 -0.3130
-0.5335 0.3789
-0.2941 -0.6744
0.1288 -0.7687
-3.0917 -0.6508
0.6608 0.3216
-0.1929 0.0649
-0.2523 0.3581
0.0230 0.1737
0.4230 0.8752
0.0246 -0.0834
0.7194 0.3676
0.8259 0.1606
-0.0318 0.0536
-0.6579 -0.3314
-0.4551 0.4698
-0.1556 0.7360
0.0697 -0.1751
-0.0320 0.1755
-0.2685 -0.9162
-0.3099 -0.1022
0.9219 2.2363
0.2491 -0.3534
-0.4659 -0.0733
0.4215 0.2261
-0.5601 -0.0133
0.8261 2.5530
0.3942 -0.3325
0.4489 0.7548
0.4352 0.2786
0.1234 -0.6971
-0.3797 0.8927
0.4365 0.8429
0.3424 0.0079
0.3389 -0.6119
0.8030 0.2549
-0.0186 0.0968
-0.1721 0.3715
0.0146 -0.0638
-0.4977 0.1577
-0.0234 -0.3000
0.5482 0.6701
-0.3576 -0.0846
-0.1804 -0.1130
0.0933 0.0291
0.4642 0.3830
0.0096 -0.3997
-0.5723 0.7879
0.0210 -0.1709
0.1290 0.0838
-0.0951 -0.8634
0.7009 0.1226
1.4367 -1.2725
-0.6642 -0.3888
-0.6952 0.7062
-0.6435 0.5982
-0.1147 -0.1461
-0.1704 0.4916
0.6464 0.0702
-0.0586 0.1940
-0.0904 -0.2075
0.7528 -0.5719
-0.4008 0.0929
-0.6190 -0.6247
0.0571 -0.1072
-0.0248 -0.0924
-0.3025 -0.7684
0.4287 -0.5639
-0.2686 -0.9416
-0.5058 0.3091
0.2840 -0.9379
0.1483 -0.0140
-0.8523 -0.1332
0.0641 -0.7153
0.1491 0.1366
-0.1153 -0.7822
-0.0487 -0.5866
-0.2198 0.9251
0.7508 -0.3423
0.2440 0.4525
-0.3002 0.4891
-0.0698 0.3764
0.0649 -0.0062
-0.3684 0.6490
-0.4799 -0.8006
-0.4284 -0.6043
-0.5722 -0.5390
-0.2459 0.6061
-0.0168 0.3301
0.0114 0.0318
0.0171 -0.2266
0.6751 0.6387
-0.9381 -0.3425
-0.6893 0.3326
-0.0324 0.0241
-0.2390 0.1687
0.5546 -0.4491
0.2739 -0.5777
0.7819 0.7508
-0.0071 -0.7803
-0.6223 0.2287
-0.4377 0.1369
0.1208 0.7882
-0.0457 0.0846
0.5373 -0.2736
0.0920 0.5908
0.0214 0.0019
-0.1186 -0.0763
-0.4599 -0.8635
0.9074 -0.2597
0.0462 0.0559
-0.0312 -0.2379
-0.0524 -0.0509
0.0173 0.1573
0.1454 0.3800
0.2011 0.6141
0.0608 -0.1848
0.0975 0.6296
-0.0546 -0.1428
-0.7362 0.0683
-0.5558 -0.6688
-0.3136 -0.0142
-0.5112 -2.5381
0.1365 -0.2622
0.4223 0.8288
0.2146 0.1292
-0.0021 -0.0962
-0.1339 -0.0497
-0.9226 0.3358
0.0769 0.5348
0.0337 0.2039
-0.0781 -0.1259
-0.0729 0.1514
0.4205 0.3151
-0.5107 -0.3127
-0.1036 0.0645
0.0876 0.2108
0.5146 -0.0393
0.1070 -0.1712
0.4043 0.9074
-0.8009 -0.5628
-0.1683 0.0827
-0.6622 0.5268
-0.5094 -0.1837
0.0226 0.8615
-0.6101 0.7025
-0.1183 0.5283
0.3355 0.2805
0.3182 -0.6421
0.3128 0.2608
0.0820 0.5721
0.3195 -0.5654
-0.6242 -0.3784
0.2039 0.2918
-0.0273 -0.1656
-0.1048 -0.3039
0.0768 -0.8914
-0.1031 0.0322
-0.0625 0.0415
0.8284 0.2625
0.7133 -0.2464
-0.3429 -0.1944
-0.2651 0.1074
-0.4828 -0.0211
-0.3592 0.0214
-0.1268 -0.2709
-0.2437 -0.5574
-0.1036 0.1607
0.1940 0.0282
-0.7846 0.3228
0.7309 0.9852
-0.6677 -0.6598
1.3055 -0.9162
0.1276 0.4407
-0.0102 -0.2382
0.3732 -0.5020
-0.4925 -0.7523
1.7934 2.5355
-0.4735 -0.4389
0.4718 -0.2757
-0.5655 0.6125
-0.0236 -0.1241
-0.0023 0.0001
-2.1909 -1.1728
0.2168 0.5417
0.2894 -0.2109
0.2442 -0.0895
-0.4403 0.5551
-0.4790 0.3158
-0.1126 -0.0866
-0.3973 -0.3870
0.2542 -0.1187
0.2167 0.7039
-0.7183 -0.4276
0.6388 0.1024
0.5485 -0.5538
-0.4483 -0.8416
0.0074 -0.3791
-0.0428 0.0418
-0.3188 0.4408
0.1834 -0.0372
0.2930 0.2284
-1.0340 1.7158
-0.4892 0.1267
0.6128 -0.0057
-0.0502 -0.1531
0.4658 -0.2237
0.3786 -0.1043
-0.0277 0.4420
-0.2054 -0.0130
0.3256 -0.1063
0.2801 -0.8060
-0.2017 0.0001
-0.3637 -0.1812
-0.4858 0.3110
-0.3509 0.1695
0.0789 0.7226
0.0121 -0.4800
-1.5710 -1.7301
0.3234 0.8725
-0.2157 0.0096
0.2610 -0.3332
-0.3034 -0.6154
-0.4698 0.5548
-0.2487 -0.1613
0.1464 -0.0109
-0.3855 0.5085
0.0991 0.5008
-0.3842 -0.4995
-1.1438 1.5161
0.9557 -0.2267
1.0827 0.7631
-0.0729 -0.1961
0.6300 -0.5675
-0.1670 0.0266
0.5155 -0.2729
-0.1971 0.6414
0.4356 0.4255
0.3633 0.5383
-0.4025 0.5005
-0.4266 -0.1930
-0.3972 0.3535
-0.0073 0.0048
-0.7129 -0.2350
-0.0746 -0.0297
0.3601 0.0915
0.0110 0.0032
-0.0627 0.0122
0.2438 0.7119
-0.1848 0.2579
-0.0748 0.2672
-0.0717 -0.3853
-0.0754 -0.9054
0.8479 -0.4887
0.6361 0.9323
0.1595 0.3275
0.2057 -0.5144
0.1024 0.2038
-0.2489 0.5108
-0.3141 0.1623
-0.8833 0.3681
0.0509 -0.0559
-2.4744 -0.8998
-0.0960 0.5126
-0.0830 -0.0195
0.0931 0.2423
0.6361 0.6777
0.4098 0.1303
-0.8905 0.0124
-0.2360 0.3548
0.1940 0.2266
-0.5153 0.4145
-0.7154 -0.6220
0.2455 0.3669
-0.2974 -0.3228
0.8042 0.2733
-0.0561 0.2736
0.7508 -0.6291
0.1650 0.4118
-0.2178 -0.3820
-0.4727 -0.3760
0.1674 -0.0381
0.0656 -0.0557
-0.7939 -0.4917
0.0393 0.5668
0.0232 -0.3763
0.8159 0.0299
-0.4645 -0.1473
-0.0433 -0.0288
0.2146 0.7359
-0.0010 0.1162
-0.1586 -0.0178
-0.3787 0.4342
-0.8732 0.2149
-0.3111 -0.4761
-0.0313 0.4261
-0.4198 0.1322
0.0537 0.0027
-1.8302 0.3942
-0.5600 0.1263
-0.1665 0.6397
0.1082 0.1973
-0.2310 -0.4095
-0.3733 0.0246
0.0516 0.0186
-0.1198 0.0578
0.3218 -0.0991
0.1952 0.3198
-0.8349 -0.2521
-0.1799 -0.6661
0.0462 0.0426
-0.1954 -0.9019
0.0357 0.0196
0.2324 0.0918
-0.1885 -0.1158
-0.2343 -0.1724
0.1681 0.4255
0.0430 -0.0649
0.5906 0.5961
-0.0426 -0.0709
0.2555 0.4177
-0.7393 0.5186
0.0904 0.8552
0.3349 0.7947
0.7526 0.3229
-0.1198 0.9129
-0.0342 0.0358
0.0137 -0.0051
-0.1828 -0.6134
-0.0329 -0.0572
-0.4549 0.3347
0.0064 0.0075
0.1351 0.2043
0.0966 -0.1303
0.0713 0.0185
-0.0575 -0.1672
-0.8492 -0.4018
-0.0496 -0.1230
-0.2874 -0.5969
-0.6806 0.0811
0.4258 0.4841
0.7130 0.3937
-0.6155 0.4618
-0.6619 0.1166
1.5751 0.0510
-0.0121 -0.0761
0.1031 0.0141
-0.1014 0.0049
0.1378 0.6845
-0.3713 0.6053
-0.0965 -0.0892
0.0068 -0.2451
-0.2622 -0.0098
0.2721 0.0022
-0.8250 -0.2905
0.0468 -0.0743
-0.6911 -0.0821
-0.6760 0.2944
0.5788 0.2535
-0.5997 0.5167
0.3089 0.7805
-0.4561 0.2345
-0.6790 0.3996
0.2345 -0.7648
-0.0274 -0.8097
-0.4956 -0.8358
0.0914 0.7757
-0.0474 -0.0203
-0.0253 -0.0036
-0.0970 0.3655
-0.0592 0.0714
0.5199 -0.8079
0.4332 -0.4994
0.6223 -0.1911
0.7142 -0.0700
1.5895 1.0153
0.3693 -0.1282
-0.1454 -0.1029
-0.3411 -0.0901
0.8163 -0.3834
-2.1524 1.2776
-0.1327 -0.4964
-0.1137 0.3425
-0.0364 0.0191
0.4007 0.3536
0.2838 -0.2127
0.1271 -0.0559
-0.7638 -0.5291
0.0631 0.0971
0.1208 0.5241
-0.6163 0.2930
-0.0696 -0.4403
-0.4996 -0.5073
0.2091 -0.8581
-0.0482 0.0071
-0.0577 0.1836
0.0150 -0.6927
-0.0646 0.0717
-0.0395 0.0061
-1.8800 1.5922
-0.4589 -0.5587
-0.7368 -0.0840
0.8482 -0.4987
-0.5246 -0.6046
0.7978 -0.2816
-0.4440 0.5091
0.0177 -0.0238
1.4900 -0.2350
-0.0064 -0.0066
0.3203 0.3845
0.3494 0.6378
-0.5157 0.2192
0.1281 -0.6929
0.0573 -0.8785
-0.1006 0.0998
0.7168 0.6754
0.1042 -0.0593
-0.2356 -0.3322
0.9741 -0.1355
-0.2498 0.1175
0.5244 0.6648
0.2310 0.4776
-0.2817 0.8104
-0.2952 0.9335
0.1210 -0.3582
0.1723 0.5335
0.2239 0.7045
-0.1854 0.3823
-0.1366 -0.5052
-0.0621 0.0217
-0.0620 0.9216
-0.2755 -0.7897
0.0593 0.4562
-0.0286 -0.0770
0.0511 -0.1531
-0.1083 -0.1410
-0.1374 0.8076
0.2060 0.1907
-0.4103 0.1256
0.5320 -0.7098
0.0589 -0.0722
-0.4870 -0.2668
0.6002 -0.4301
-0.8763 0.0027
0.6471 0.0679
0.8177 0.0341
0.3303 0.2181
0.1044 -0.0697
0.5587 -0.3938
0.1010 -0.0473
0.8118 -0.5798
0.0785 0.5126
-0.5937 0.4363
