0.5477 -0.1424 0.8571
-0.7207 0.2225 0.9294
0.1844 -0.0976 -0.4349
-0.0584 -0.1065 -0.1546
-0.0846 0.3389 0.4580
-0.0685 0.1445 0.1793
0.0531 0.1454 0.6287
0.3774 -0.2193 -0.2224
0.0968 -0.1625 -0.6917
-0.0947 -0.5578 0.2485
-0.5788 -0.4380 0.0955
-0.0151 0.0105 0.0856
0.2292 -0.2889 0.0026
-0.0155 0.0303 1.0703
0.4070 -0.4360 -0.0081
0.6047 0.1051 -0.6570
-0.2549 -0.3043 0.0561
0.0062 -0.0987 0.0653
-0.0883 0.0892 0.2197
0.1215 0.2368 0.6320
0.3707 0.1964 0.4454
0.0611 0.0501 0.1045
0.1121 0.2265 0.8697
0.1717 0.3510 -0.0842
-0.0118 -0.0256 -0.0351
0.2287 0.2222 -0.1327
0.4750 -0.0651 -0.1348
0.4744 0.4202 0.2014
0.0303 -0.0421 -0.4179
0.0826 0.0320 -0.8883
0.0183 -0.5131 0.1808
0.1397 -0.0097 -0.0828
-0.0304 -0.0097 -0.0603
0.3343 0.0739 -0.5369
-0.0693 -0.2088 0.0311
-0.2505 -0.3355 0.8273
-0.6765 -0.2082 0.5763
0.0393 -0.1365 0.3594
0.8110 -0.4046 0.1132
0.3519 0.2716 0.3058
0.0191 -0.5757 -0.6709
-0.1211 -0.0870 0.3283
0.7634 -0.4123 -0.3988
0.0219 -1.1179 0.2585
0.4687 -0.0924 0.7485
0.2071 -0.2033 0.8833
-0.0231 -0.1652 0.3253
0.0003 0.0010 0.0012
0.0188 -0.0196 0.0059
0.0106 -0.1306 0.0021
-0.2781 0.4653 0.4695
0.0329 0.1344 1.1505
-0.0289 0.0028 0.0606
-0.1669 0.1217 0.1535
-0.0713 0.0056 -0.0903
0.2571 0.2037 0.3977
0.1438 0.2047 -0.7352
-0.2520 0.0465 -0.0343
-0.4177 -0.0040 -0.2269
0.3006 0.9853 0.3235
0.2710 0.0480 0.7702
0.0540 -0.2069 -1.1038
0.1382 0.4595 -0.1386
0.1362 0.3268 0.1388
-0.0098 -0.0070 -0.0163
0.0308 -0.0193 0.6594
0.6604 0.1532 -0.0579
-0.5967 -0.0055 0.1462
0.3161 0.2174 0.7437
0.0294 -0.3742 0.0929
-0.2816 -0.1719 -0.4510
0.0485 0.0035 -0.0039
0.0135 -0.0199 -0.0439
0.4167 0.1368 -0.5945
0.4734 0.1649 -0.1039
-0.6965 0.6411 0.4600
-0.1505 -0.3226 0.0397
-0.1869 -0.2031 -0.1957
-0.0074 -0.8476 -0.6721
-0.0011 -0.2666 -0.0286
0.4854 -0.0192 0.6331
-1.0607 0.1298 -0.0735
-0.4143 0.2245 0.4882
0.0839 -0.3303 0.4021
-0.2428 0.1128 0.3172
-0.1855 0.1618 1.0861
0.0229 -0.0026 0.0225
-0.0072 -0.0707 0.0265
-0.1533 -0.1158 -1.1246
0.1398 0.2314 -0.5572
0.0075 0.0026 -0.0896
-0.0159 0.0313 -0.0160
0.0206 0.1779 -1.0194
-0.0417 0.0501 0.1966
-0.0025 -0.0012 -0.1558
-0.3513 -0.6064 0.1108
-0.4046 -0.3388 0.4580
0.4004 -0.1811 1.0860
0.0850 0.2853 0.3135
-0.0204 -0.0345 -0.9920
0.0229 0.0254 -0.0554
-0.1207 -0.6134 -0.8626
0.2122 -0.3739 0.4321
0.1019 -0.4699 0.4606
-0.0995 0.0112 -0.2456
-0.0328 0.0876 -0.3740
0.0090 0.0921 0.0400
0.3088 0.6336 -0.1860
0.3734 0.2381 -0.4175
0.5210 0.2596 0.8584
0.1435 0.0114 -0.0912
0.4073 -0.4346 0.4452
0.0080 -0.0115 -0.1064
-0.0331 -0.1302 -0.0502
-0.0269 -0.0349 0.0819
-0.0023 -0.4016 -0.6453
0.4622 -0.1393 0.7014
-0.2761 -0.5774 -0.0623
0.1281 -0.4182 -0.6762
-0.0461 0.3170 -0.9834
-0.0844 -1.1446 0.0338
-0.4603 -0.2028 -0.7766
-0.0274 0.0881 -0.3982
-0.1112 0.8043 0.5425
-0.4682 -0.1993 0.1677
-0.3494 -0.1784 0.2987
-0.0043 -0.0006 0.0160
0.0118 -0.0548 -0.0379
-0.0809 0.0634 -0.3218
-0.3788 0.4752 0.7929
-0.0224 0.1022 -0.3737
0.2576 0.0320 -0.4805
-0.0681 -0.6194 -0.0136
-0.5402 -0.1474 -0.5020
-0.2108 -0.0646 0.8125
-0.5792 0.3328 0.9329
-0.0014 -0.2496 0.0207
0.1287 -0.2989 -0.3555
-0.0234 -0.2540 0.0703
-0.9330 0.3260 0.4231
0.5869 0.9908 -0.1774
-0.0091 -0.0012 -0.0059
-0.0822 0.0226 0.3738
-0.0147 0.0332 0.1191
-0.1326 -0.0190 -0.1194
-0.0598 0.0210 -0.9162
-0.5135 0.3087 0.6972
0.0857 0.1161 0.1154
0.2190 0.0787 0.7395
-0.1849 0.4233 0.0704
0.2649 -0.1221 -0.8364
-0.2394 0.1671 0.2603
-0.2152 -0.0877 -0.2912
0.1501 0.0527 0.0573
-0.1579 -0.6420 0.3363
-0.0700 0.0148 -0.0310
0.1171 0.4635 -0.7159
-0.0695 -0.0337 -0.1375
-0.1675 -0.1145 -0.4870
0.0395 -0.0467 -0.1076
-0.1323 0.0354 0.3832
-0.2404 -0.6517 -0.8248
0.2342 0.6256 -0.4308
0.0243 -0.0018 0.0524
0.2401 0.3691 -0.4646
0.0037 0.0145 -0.1771
0.0623 -0.1031 -0.8768
-0.1940 -0.2577 0.1524
-0.1091 -0.7330 -0.6874
-0.1637 -0.0565 0.3263
-0.0896 -0.1520 -0.7435
0.0976 -0.3186 0.8496
0.3749 -0.7771 0.1673
0.0142 -0.1174 -0.2216
-0.4285 0.0568 -0.8506
-0.0021 -0.1590 0.7729
-0.0214 0.2380 0.2122
-0.4543 0.4760 0.1470
0.1688 -0.2774 0.2540
-0.0852 -0.0402 -0.7691
0.2221 -0.3858 0.2293
-0.6816 -0.1223 0.4660
0.3944 0.1468 -1.0458
-0.1206 0.2701 -0.3546
0.0516 0.1418 -0.1243
0.6421 -0.3722 0.0326
-0.0579 -0.1019 -0.2887
-0.1862 0.2260 -0.3389
-0.0392 0.6566 -0.1797
-0.2793 0.0227 0.1425
0.0351 -0.0067 -0.0388
-0.1021 -0.1009 0.4095
-0.0814 -0.0468 -0.0792
0.8586 -0.0536 0.6127
0.0534 -0.0046 0.7196
0.2034 0.3620 0.0160
-0.1623 -0.2647 -0.0206
0.0037 0.0030 0.3356
-0.0187 0.0393 -0.1203
0.0101 -0.0835 -0.9489
-0.0148 -0.0237 -0.1539
0.4049 -0.4097 -0.3649
-0.5630 0.0278 -0.1250
-0.0870 -0.1746 -0.3088
-0.2016 -0.0331 0.2517
-0.3708 0.0348 -0.6566
0.2322 -0.4820 -0.5992
-0.0580 -0.0723 -0.4719
-0.7396 -0.5804 -0.7237
0.0579 0.2990 0.0645
0.0546 0.0473 0.2484
-0.1882 -0.6225 0.6796
-0.1195 0.0132 0.0562
0.6916 0.2236 0.5777
0.0864 0.0644 -0.9176
0.0000 0.0002 0.0379
-0.0033 0.4731 0.0101
-0.0573 0.2006 0.3849
-0.0215 -0.0675 0.1367
-0.0115 -0.5943 0.3995
-0.1661 0.6443 -0.4237
0.2406 0.0871 -0.0591
0.0098 0.1709 -0.2217
0.6571 0.2353 -0.4899
0.0113 0.1075 -0.3877
0.2342 -0.4618 -0.7634
-0.0862 0.0054 -0.0362
0.9236 -0.5707 0.0579
0.6614 -0.8048 -0.2549
0.0970 -0.2824 1.0106
-0.1871 -0.1638 0.8739
-0.1311 -0.0103 -0.1662
0.0045 -0.0403 -0.0029
-0.2184 0.1401 -0.2629
-0.1430 0.0574 0.3482
-0.2926 -0.0367 -0.3561
-0.0063 0.0726 -0.6279
-0.7486 0.2567 0.4893
0.0537 0.5801 -0.5101
0.6173 -0.6422 -0.0728
0.2697 -0.0184 0.1536
0.4491 -0.5563 0.5474
-0.0098 -0.0184 0.0165
0.4864 0.3203 -0.2414
1.1031 -0.2075 -0.1142
0.3787 0.3159 0.0689
0.0111 -0.2186 -0.2859
-0.6676 -0.1753 0.8145
-0.5214 0.3817 -0.8429
-0.2492 0.5063 0.9029
-0.0191 -0.0097 0.3954
-0.1083 0.3769 -0.0438
-0.1266 -0.1507 -1.1523
-0.2160 -0.3545 -1.0976
-0.0725 0.0188 -1.1864
0.0089 0.0092 -0.0064
-0.0514 -0.2732 1.0244
0.0940 0.1110 0.9827
-0.1573 -0.6497 -0.2181
0.1901 0.2116 0.6210
-0.1037 0.1569 -1.1169
1.0340 -0.3858 -0.1132
0.0332 0.0620 0.1395
-0.0039 0.0061 0.0041
-0.0499 0.0220 1.1304
-0.1407 0.1857 -0.8600
0.2576 0.4360 -0.3905
-0.6175 0.6239 -0.6007
-0.0012 0.0157 -0.0082
0.0072 0.0142 0.0404
-0.1989 -0.1683 -0.1726
0.6537 -0.0155 -0.1785
-0.0656 -0.0810 -0.1821
0.0158 0.0186 0.0175
-0.0129 -0.1133 0.9586
0.0142 -0.3303 -0.7785
-0.0361 0.1280 -1.1790
0.1240 0.5080 0.0115
-0.0794 -0.0373 -0.0885
0.3827 -0.2690 0.8938
-0.4707 -0.3828 -0.7112
0.0954 0.2563 -0.7865
-0.2246 -0.3903 0.3792
-0.0730 0.0228 -0.1534
-0.0615 -0.4915 -0.0748
0.1069 0.2525 -0.2780
-0.0922 -0.0594 0.8265
-0.1489 0.0778 0.9789
0.0314 0.0656 -0.1369
0.1223 0.0370 -0.1175
0.0330 0.0590 0.5747
0.4720 -0.8813 -0.2759
-0.3840 0.8298 0.3661
1.1324 0.0667 -0.1384
0.0212 0.1610 -0.1111
-0.0505 0.5561 0.2123
0.0389 -0.1059 -0.5729
-0.6530 -0.5115 0.5142
-0.5375 -0.5470 -0.2192
0.2737 -0.1607 -0.0021
-0.0861 -0.2839 0.8998
-0.0036 0.0025 0.0137
-0.0653 -0.0611 -0.4178
-0.1238 -0.0370 0.3771
-0.1503 -0.1960 0.3438
-0.0090 0.0784 0.2431
-0.1297 -0.1718 0.3435
-0.5385 0.1181 -0.0693
-0.4869 -0.1869 0.0496
0.0169 -0.0065 0.6452
0.0251 0.0957 -0.0021
0.0600 0.0280 0.0516
-0.0453 0.0286 0.1569
0.6451 0.4612 -0.2074
0.0098 -0.2730 0.1456
-0.4044 0.2313 0.9972
-0.3250 0.4949 0.1086
0.9611 0.6795 -0.1392
0.1063 -0.0076 -0.4922
-0.6466 -0.7860 -0.3258
0.5189 0.6868 0.3635
0.0302 -0.0116 0.2067
0.0527 -0.0451 -0.2810
0.1442 -0.2010 0.2298
-0.2912 0.1350 0.8407
-0.4626 -0.4695 0.0873
-0.1044 0.1599 0.5033
0.0527 -0.0051 -0.0541
0.0012 0.0095 0.0412
-0.2668 0.1869 0.2835
-0.0014 -0.0050 0.0063
0.1785 1.0543 0.4503
-0.6770 -0.2707 -0.8447
-0.0767 0.9560 0.4034
0.0282 0.0415 -0.0059
-0.3558 0.3842 -0.1803
0.0437 -0.2665 -0.6944
0.7998 -0.2135 -0.4927
0.1036 0.4244 0.7243
0.1111 0.3097 0.1607
-0.3074 0.8668 0.3554
-0.0149 -0.0410 -0.1039
0.0535 0.5863 0.0112
0.1275 0.1205 1.0854
0.2784 1.1034 0.1731
0.1286 0.0749 0.0774
0.1547 0.1200 0.0758
-0.0553 -0.1361 -0.9509
0.0111 0.0518 0.0464
0.0058 0.0057 0.0106
-0.0300 -0.0150 -0.1329
0.5147 0.3084 0.0525
0.3208 -0.2367 -0.6121
-0.0897 0.1612 -0.0107
0.1602 0.1722 0.0928
-0.1433 0.1346 0.3022
0.1529 -0.0858 0.0070
-0.0085 0.0018 0.0127
-0.3536 -0.2015 0.7719
0.2822 -0.1405 -0.0778
-0.8795 -0.1427 0.4382
0.0879 0.0934 -0.8111
0.0490 -0.1066 -0.9418
0.8491 0.3112 -0.5425
0.1440 0.2066 -0.8476
0.0163 0.4229 -0.3832
0.0571 -0.1302 -0.1279
-0.0181 -0.0103 0.0106
-0.1419 -0.1155 0.2836
0.0492 0.0201 0.1027
-0.0362 0.1316 -0.2364
-0.3287 0.4734 -0.7986
0.3367 -0.0249 -0.2444
-0.1959 -0.1287 0.3352
-0.3905 -0.1782 -0.7126
-1.0006 -0.3732 0.0183
0.4129 -0.2815 -0.1515
-0.4427 0.1322 0.3203
0.1441 -0.1523 -0.0995
0.3856 1.0049 -0.3299
0.8071 0.7448 -0.1407
0.2494 0.3898 0.2107
0.1700 -0.0184 1.0890
-0.7721 -0.2265 -0.6347
-0.0213 0.0297 -0.0071
0.0089 0.0049 -0.0109
-0.3136 -0.1183 -0.1684
0.1706 0.2258 -0.1274
0.2579 -0.5834 0.4029
-0.3564 0.3359 0.2793
0.0770 0.1237 0.5442
0.8004 -0.3071 0.6873
-0.0032 0.0110 0.0112
0.0309 -0.0105 -0.0451
0.0385 0.0028 0.0605
0.1750 -0.0668 0.1402
-0.0767 0.2555 -0.0823
-0.3790 -0.2861 -0.4724
0.3292 -0.1252 -0.5597
-0.0147 -0.9307 -0.5772
-0.1873 -0.0034 -0.3326
-0.0008 -0.0029 0.1044
-0.4688 0.2466 0.9516
0.1112 0.1374 -0.0028
0.0215 0.0333 0.0190
-0.0638 0.0110 0.1648
0.7138 -0.5732 -0.3367
-0.5018 -0.0025 0.0574
0.2242 0.0470 -0.2026
0.0427 0.0152 0.3218
-0.0568 -0.0204 0.0672
0.0109 -0.0531 -0.2535
-0.0818 0.0361 0.2046
0.4765 0.2191 0.0466
-0.3803 -0.0117 0.6251
-0.3127 0.3398 0.6177
0.0025 0.0372 -0.1559
0.0161 -0.1769 0.3017
0.0816 -0.2570 0.0317
0.0551 -0.0687 0.0018
0.8303 -0.3434 -0.6356
0.1800 -0.0176 0.7382
0.0030 0.0142 0.1364
0.8789 0.1801 -0.3765
0.1674 -0.1434 -0.2872
-0.4100 0.5064 0.0504
-0.5470 0.5347 -0.3350
-0.2376 0.0453 -0.8915
-0.3627 1.0018 -0.2876
-0.4634 -0.0239 0.7647
-0.3578 0.4849 -0.6583
-0.0764 -0.0343 -0.1108
0.0156 0.0017 0.0079
0.2526 0.5085 0.4492
-0.3741 -0.0891 0.9931
-0.1057 -0.0334 0.1320
0.2128 0.4967 0.6657
0.8638 -0.4010 -0.1772
-0.6367 0.1767 -0.9450
-0.4857 0.3943 -0.5759
-0.2139 -0.1000 -0.2840
-0.1806 0.1189 0.0780
-0.3126 0.1228 0.1293
0.0131 0.0075 -0.6474
0.0173 0.0636 -0.8029
-0.0024 -0.2193 -0.3774
0.6115 0.0247 0.3319
-0.0246 0.2797 -0.5419
0.1537 0.1676 0.1766
-0.2488 -0.0804 0.2800
0.0167 0.0023 0.0006
-0.4210 0.5223 -0.7893
-0.2227 0.0278 -0.4061
0.1586 0.5198 0.3713
-0.2394 -0.1029 -0.2687
0.0675 0.0339 -0.0734
-0.4281 0.2389 0.2650
-0.1818 0.5930 0.5313
-0.0010 -0.0008 0.0100
0.3556 0.7227 -0.5995
0.1610 0.0020 -0.3406
-0.0024 0.0042 0.9010
0.1751 -0.3763 -0.7647
0.0794 0.1271 0.1111
0.0093 -0.0040 0.1169
-0.0305 0.2029 -0.3673
-0.0498 0.1820 -0.0298
-0.2727 0.7651 -0.0442
0.0016 -0.1047 0.1554
-0.0939 0.2517 -0.1799
-0.3727 0.9774 0.0887
-0.7391 -0.2376 0.3055
-0.9498 0.1286 0.2952
0.7990 -0.4159 0.1941
0.0979 -0.0989 0.1511
0.3608 0.1812 -0.2653
0.4840 -0.4008 0.9383
-0.1860 0.7043 0.2771
-0.1134 0.1200 -0.0199
-0.0210 -0.1547 0.9986
-0.1798 0.1228 -0.0014
0.1838 0.5131 -0.1168
0.0576 -0.0812 -0.0742
-0.0055 0.0455 0.6786
-0.0008 0.0009 -0.7208
0.3209 -0.7736 0.2569
-0.0497 -0.0106 -0.1552
-0.1859 0.3642 0.0658
-0.5416 -0.5221 0.5212
-0.0287 -0.1225 0.0545
0.2957 0.4868 -0.5844
0.1951 -0.3710 0.7158
-0.0246 -0.5070 -0.5316
-0.0123 -0.2856 -0.9293
-0.0067 0.0719 -0.0625
0.0859 -0.0782 0.3251
-0.8404 0.6681 -0.4861
0.6710 0.3094 0.6804
-0.0711 -0.2799 0.7460
-1.0180 -0.1179 0.2095
