-0.0001 0.0001 -0.0964
0.0283 -0.0109 0.0100
0.4624 -0.0090 0.3516
0.0464 0.0713 -0.0446
-0.7417 0.8269 0.3704
0.0003 0.0043 -0.0152
-0.4593 -0.0794 0.1014
0.5121 0.5974 0.0642
0.2153 -0.3981 -0.2848
0.2297 0.2232 0.2588
-0.1320 0.1240 -0.2346
-0.2357 0.1369 -1.1467
-0.3274 0.3431 0.3682
-0.4096 0.1495 0.3340
-0.0019 -0.0198 -0.0611
-0.0084 0.2475 -0.1254
0.0334 -0.0700 -0.0453
0.0317 0.3829 0.0564
0.1477 0.3796 0.4335
0.1781 0.4255 -0.0168
0.0544 -0.0323 -0.9728
-0.1565 0.0271 -0.2821
-0.4988 0.0817 -0.0964
0.0080 -0.0082 -0.1113
0.0997 -0.0825 -0.0023
4.5274 -0.0135 0.9365
5.3265 0.0196 -0.4122
4.5300 -0.0108 0.0600
4.4690 0.2439 -0.2784
4.1654 -0.5660 -0.5509
4.2626 0.7457 0.4226
4.0720 0.3625 0.7355
4.8410 0.2084 0.0086
4.4351 0.0775 -0.0023
4.3777 -0.2723 0.3826
3.8266 0.5399 0.5026
4.8847 -0.2017 0.0458
4.2832 0.3622 -0.0181
4.3361 0.0817 0.4705
4.4556 -0.0665 0.4064
3.7894 -0.0585 -0.0892
4.4906 -0.0330 -0.0385
4.2453 0.3747 0.0065
4.8826 0.1498 -0.1179
4.3915 -0.3509 -0.1348
4.2103 -0.2470 0.0315
5.0249 0.1942 0.3683
4.2880 0.2537 -0.2211
4.5162 0.0065 -0.3262
4.4660 0.0049 -0.0729
