-0.2261 -0.6282 -0.1160
-0.0875 -0.0398 0.6288
1.1344 0.3417 -3.1381
0.0726 -0.0266 0.4584
2.3962 1.2816 -3.1404
0.2393 -0.0958 0.5385
-0.0183 0.0027 0.1073
0.0199 -0.0205 0.9509
0.0706 0.1750 -0.9010
-0.0122 0.0486 -0.0447
-0.0426 -0.0948 -0.9007
0.0116 0.3677 -0.6621
0.4311 1.1705 0.7986
-0.2419 -0.5066 -0.4560
-0.2953 0.0188 -0.0212
5.1117 -0.5566 0.4131
4.7823 -0.0072 0.2122
4.4507 -0.5001 0.5730
4.8079 -0.0691 0.3853
4.8157 0.1948 -0.2273
4.8178 0.1355 0.0422
5.0527 -0.2424 0.0632
5.0374 -0.1861 -0.0675
5.5411 -0.5405 0.0505
5.1596 -0.0583 0.0119
5.0222 0.0022 0.1419
5.0856 -0.6666 -0.5146
5.4976 0.1472 0.0131
5.1545 0.3992 -0.2881
5.5056 -0.0074 0.4940
