0.0142 -0.0623 0.0267
-0.0117 0.1982 0.4982
0.2596 0.0562 1.7557
0.6193 0.3810 0.6167
0.1014 -0.1886 0.2053
0.4066 -0.6896 -0.4744
-0.1898 0.3944 -0.7852
-0.0144 0.0579 -0.0837
0.0133 0.1068 0.1393
-0.1236 0.0728 -0.9392
-0.6126 0.3145 -0.3260
0.0631 -0.4636 -0.3893
0.2223 0.1645 -0.1573
-0.3840 0.9981 0.4477
0.1512 -0.2799 0.3868
0.0633 0.3949 -0.3341
0.1772 0.2791 -0.1077
0.2028 -0.1787 -0.4327
0.0174 -0.0039 0.1268
0.2176 -0.0212 0.6439
0.1933 0.3338 -0.0542
-0.2056 -0.1042 -0.3534
0.2912 -0.2492 0.3295
0.1299 -0.0662 -0.7879
-0.2928 -0.1579 0.2427
2.9629 0.0138 0.1611
2.9983 -0.0001 0.1832
3.4691 -0.0628 0.8173
3.0756 -0.0262 -0.3700
2.9180 -0.2365 0.4194
3.4966 -0.1166 0.5256
2.8662 -0.2964 0.5842
3.3893 0.2811 -0.0372
3.0302 -0.2607 -0.0339
1.6405 0.0506 -1.5840
3.0141 -0.0070 0.9455
3.0334 -0.0304 -0.2731
2.9504 0.1927 0.4427
2.9947 -0.0282 -0.0329
3.1270 0.0823 0.2345
2.9685 -0.3431 0.3958
3.0202 -0.2586 -0.0077
2.9583 -0.1469 0.1596
3.3633 -0.7808 -0.3277
2.1577 -0.2723 0.2634
3.2505 0.2783 0.1979
2.7452 0.5300 -1.9004
2.7529 -0.0693 1.2488
3.3282 -0.4631 -0.1061
3.6105 0.4973 0.3748
