-0.2820 -0.0864 -0.4614
0.2960 0.7107 0.3905
0.4209 -0.5709 0.2267
-0.1672 0.0754 -0.5036
-0.2482 0.1897 -0.4679
-0.2992 -0.3047 -0.2658
-0.0502 0.0201 0.3757
-0.1176 -0.0529 0.0338
0.6921 0.4757 0.4765
0.4478 0.0451 -0.5953
-0.0520 -0.5512 -0.3809
0.0800 0.0965 -0.2009
0.0178 -0.0102 0.0026
-0.1987 -0.3444 -0.5453
0.0012 -0.1358 0.9894
-0.0010 -0.0170 -0.0112
0.5264 0.0175 0.5771
-0.0998 0.3470 -0.1638
0.5840 -0.3601 0.6555
0.0190 0.0846 0.1820
0.5516 -0.0501 0.5923
0.0770 0.0495 0.0302
-0.0866 0.2481 0.1757
0.6764 -0.2267 0.6512
0.2443 0.0735 0.3282
4.9885 0.0935 -0.3784
4.8152 -0.0471 -0.4492
4.9685 -0.1134 0.6742
4.9701 -0.0225 0.6386
4.9935 -0.0304 -0.0135
5.0696 0.1292 0.1138
4.6615 0.1204 0.0872
5.0004 -0.5748 0.4814
5.8088 0.4185 0.3424
5.1242 0.0556 -0.1362
5.4746 0.6165 0.5759
5.0752 -0.3131 0.1582
5.0533 -0.1177 -0.3757
4.9626 0.4627 -0.7528
4.7860 0.6179 0.3147
4.9508 -0.2915 0.8836
4.8905 -0.1124 0.2753
4.2541 -0.1101 -0.0198
4.4764 -0.6058 0.5940
5.1150 -0.1134 0.6895
5.2936 -0.1265 -0.1663
5.0950 0.1564 -0.7207
5.2645 -0.5350 0.7481
5.2305 0.1032 0.1050
4.9893 0.0581 0.0540
