-0.9309 -0.1976 -0.2119
-0.2841 -0.3354 -0.6733
0.0028 0.0069 0.1333
0.3059 -0.1460 -0.6520
-0.3127 0.2293 -0.7744
0.3191 -0.1355 0.2740
0.0043 0.0265 0.0555
0.0645 0.4208 0.1300
-0.8342 0.1513 -0.4460
0.2671 0.9200 0.0304
-0.0265 -0.0665 0.0253
0.0351 -0.2091 -0.5326
-0.1459 0.1036 0.1602
0.0097 0.1633 0.6013
-0.6819 -0.1054 -0.4374
0.0760 -0.0591 0.0643
0.0311 -0.0274 0.0300
-0.0626 -0.0651 0.6620
0.1555 -0.4099 -0.1077
0.0489 -0.0104 -0.0836
0.3046 0.3687 -0.6111
0.2495 -0.0158 0.1722
0.0356 0.3394 0.9145
-0.1454 -0.5695 0.6506
-0.0452 0.2502 0.6627
0.1364 -0.0177 -0.0272
-0.0917 -0.0235 0.2713
-0.2127 -0.2584 -0.5757
-0.0215 -0.0323 0.9663
-0.1405 0.1695 -0.2776
0.0035 0.0214 0.1877
-0.0031 0.0337 0.0451
-0.0002 -0.0007 0.6134
-0.6216 0.0285 0.3003
0.3000 -0.2876 0.0516
0.0067 0.0034 0.4332
0.2401 -0.7417 0.3368
-0.0101 0.0047 0.1179
0.5247 -0.2298 -0.0641
0.2858 0.2912 0.4896
-0.3882 0.1031 -0.2995
-0.0575 0.3027 0.8653
0.5092 -0.1524 0.0839
0.2507 -0.3219 0.1352
0.0906 -0.1630 0.9429
0.0102 -0.0143 0.6382
0.0378 0.0527 0.5004
0.0843 -0.0892 -0.2449
-0.3764 -0.3569 0.3880
-0.5216 0.0359 0.3904
-0.1678 0.2424 0.0623
-0.1183 0.1426 0.1450
0.2102 -0.7061 -0.2002
0.0273 -0.1321 -0.7395
-0.0117 -0.0677 0.0205
0.1701 -0.2761 -0.6791
-0.1152 0.0983 0.0687
-0.1988 -0.7302 0.3627
-0.2222 -0.0467 -0.0473
-0.4133 0.0952 -0.8968
-0.0695 -0.0263 0.1329
0.2230 -0.1547 -0.1361
0.0715 0.1750 0.0140
0.2249 -0.1667 -0.0206
0.1184 0.1193 0.1588
0.0237 0.0558 -0.0162
-0.0470 0.0501 0.0627
-0.3948 -0.4072 0.2076
-0.0235 -0.5549 0.3578
0.1501 0.1970 0.3092
0.0063 -0.0623 0.2794
-0.0761 0.5074 0.1143
-0.0171 -0.0730 -0.6122
0.9498 0.0757 0.1854
-0.7109 0.1447 0.2724
-0.0552 0.1023 -0.5104
0.0173 0.0136 -0.0816
-0.1715 -0.3528 0.8403
0.0355 -0.8061 0.4553
-0.0248 -0.8157 -0.2693
0.1317 0.0266 -0.6827
0.3421 0.4030 -0.3567
0.0994 0.0383 0.3786
-0.5080 -0.2813 -0.0484
-0.0998 0.2751 -0.3810
0.1012 0.3386 -0.7813
0.1219 0.0421 -0.0233
0.0705 -0.2966 -0.1861
0.2870 -0.2331 -0.6136
0.0717 0.0187 -0.0414
-0.0005 -0.0135 -0.0350
-0.0291 0.0587 0.7932
-0.6414 -0.0361 -0.2935
-0.0750 -0.1383 -0.9567
0.3328 -0.1906 -0.7730
-0.5973 -0.1266 -0.3224
0.3092 0.2811 0.8630
0.3695 -0.0406 0.2045
0.2676 -0.2620 -0.4451
0.4152 -0.0396 -0.8430
0.8516 -0.0099 0.3065
-0.0895 -0.2569 -0.8923
-0.2005 0.0415 -0.5112
-0.5917 -0.2974 -0.5899
0.0004 0.0098 0.0153
-0.0546 -0.5307 0.1033
-0.2884 0.2884 0.2472
-0.4722 0.6562 0.2650
-0.6589 -0.2973 0.4309
0.1386 0.7954 0.2646
0.3840 -0.3421 -0.6069
0.1055 -0.4140 -0.6891
0.1600 -0.0521 0.7331
-0.3216 -0.0745 -0.8614
0.1963 -0.0074 -0.7872
-0.0536 -0.1702 -0.7239
0.1304 0.0801 -0.9012
-0.0991 -0.1108 -0.1105
-0.3238 0.2900 -0.1007
0.9058 -0.0359 0.1550
0.4735 -0.0644 0.0745
0.4166 -0.1295 -0.5969
-0.2284 0.7947 -0.4015
-0.3635 -0.5305 -0.6336
-0.5878 -0.4634 0.4842
0.7440 0.4667 -0.0336
0.6258 0.1311 0.1758
0.5716 0.2434 -0.0762
0.0004 -0.0054 0.0042
-0.0632 -0.0177 -0.8918
0.2544 -0.0302 0.9334
0.2155 0.5700 -0.2166
0.3237 -0.5423 -0.6374
0.3126 0.3352 0.8192
0.0820 0.0974 0.3531
0.5039 0.5778 -0.4496
0.1551 0.0018 -0.1038
-0.2120 -0.6440 -0.3502
0.2931 -0.2329 -0.2338
0.2595 -0.0298 -0.1852
-0.0559 0.0200 0.7676
-0.2840 0.4065 -0.7092
-0.1130 -0.4043 -0.2081
-0.0641 0.1547 0.0684
-0.2656 0.1195 0.2577
-0.4505 0.0305 0.4436
-0.0072 0.2204 -0.5871
0.6578 0.2451 -0.3647
-0.3550 0.0931 -0.3337
0.0039 0.0128 0.7481
-0.0760 0.0043 0.8248
-0.3891 -0.1498 -0.6371
0.0256 -0.0463 -0.0460
-0.0176 -0.1392 0.8563
0.0015 0.0180 0.7693
-0.0550 0.0325 0.0518
0.1277 0.0271 0.0845
0.5302 0.1847 -0.0991
-0.1321 0.1771 -0.0795
-0.2007 -0.2336 -0.0596
0.0036 -0.0021 0.0698
-0.0962 -0.0487 0.7653
0.4587 0.3534 -0.6414
-0.0965 -0.0486 0.2110
-0.0167 -0.0322 -0.1158
-0.0987 -0.2033 -0.1151
-0.1892 -0.0217 0.0297
0.7872 -0.0346 0.1928
-0.1854 0.1679 0.3014
0.0687 -0.0719 0.2619
0.0902 -0.1967 -0.6415
0.0453 -0.1998 0.8805
0.1389 0.1646 0.5559
0.0290 -0.1740 -0.1144
0.0185 -0.0395 -0.0091
-0.0477 -0.0758 0.0123
0.3403 -0.2736 -0.4631
0.3943 -0.1051 0.6580
0.5456 -0.1295 -0.7656
-0.0382 -0.0437 -0.3963
0.1990 -0.0570 -0.3534
-0.0732 -0.0098 -0.8204
-0.0070 0.0550 0.0520
-0.3685 0.0743 0.0336
-0.1137 0.3633 -0.3540
-0.4834 -0.7990 -0.2728
-0.0416 -0.5991 -0.6776
-0.0037 0.0317 -0.1887
0.0160 -0.2100 -0.3880
-0.0487 -0.0190 -0.1434
-0.4742 0.1638 -0.1096
0.2349 -0.1649 -0.0795
0.0846 0.0569 0.3330
-0.0880 -0.0663 -0.3850
-0.1896 -0.1869 0.0362
0.0036 0.0272 -0.0152
0.0946 0.5801 -0.6477
-0.0702 -0.0188 0.0003
-0.0626 0.1170 0.2451
-0.3548 -0.2386 -0.7777
0.3513 -0.1820 0.4246
0.0217 0.1790 0.4330
0.8703 0.1773 -0.0562
-0.0221 -0.0171 -0.0009
0.5149 -0.1281 0.5948
-0.0109 0.0993 -0.0159
0.2478 0.0406 -0.4803
-0.0351 0.0207 0.0735
0.0041 -0.3775 0.0145
-0.1088 0.3171 -0.7537
-0.0880 0.0300 0.7898
0.0982 0.1293 -0.1697
-0.2391 -0.1196 -0.0510
-0.0118 -0.0789 0.0018
-0.0059 0.0027 -0.0338
-0.0537 -0.5114 0.0625
-0.3855 -0.7166 -0.3376
0.1683 0.3220 -0.8358
0.0970 -0.2263 -0.9326
0.3053 -0.7663 0.3249
-0.3295 0.7576 0.0099
-0.0016 0.0788 -0.0198
0.2105 0.0496 0.1673
0.2904 0.2833 -0.1313
0.1153 -0.0631 -0.1858
-0.0463 -0.0511 -0.1904
0.0858 -0.2257 -0.1073
0.1029 0.2446 0.5124
0.1851 0.0694 -0.0229
-0.3102 -0.2096 -0.6494
0.7234 -0.2852 0.4079
0.6249 -0.3028 0.1946
-0.2919 0.3170 0.0920
-0.0011 -0.0032 -0.8375
-0.2853 0.5662 -0.1739
0.3046 -0.8448 0.1159
-0.4155 0.0008 0.5810
0.4243 0.5463 0.2284
0.5382 0.2127 -0.5016
-0.0571 -0.0824 0.0053
0.0153 0.0026 0.4923
-0.2746 0.5371 0.6128
-0.0159 0.0080 0.1057
-0.1508 -0.0243 -0.2512
-0.2974 -0.2075 0.5098
-0.1901 0.1300 -0.2600
0.0611 0.2055 0.0111
0.0670 -0.0665 0.0208
-0.1565 0.1729 0.1990
0.1711 -0.0211 0.4867
2.5780 -0.1269 0.1299
2.4037 -0.1218 0.1100
2.6641 0.0165 -0.3602
2.8756 0.3855 -0.2740
2.0710 -0.6675 0.3011
2.4267 0.1144 0.3169
2.4437 0.0182 -0.2123
2.4923 -0.0777 0.0476
2.6789 -0.3986 0.1126
2.5043 -0.0019 -0.0004
2.5934 0.0224 -0.7852
2.4590 0.0035 -0.0476
2.5011 -0.0011 0.3986
2.3583 -0.0950 0.5391
3.3126 -0.3410 -0.3287
2.1131 0.4784 0.7414
2.8447 0.0657 0.5952
2.5347 0.0228 0.8123
2.5422 -0.4436 -0.1883
2.5210 -0.0076 0.0436
2.5867 0.1168 -0.1066
2.7267 0.2895 -0.9090
2.8207 -0.2948 0.3512
2.7900 0.4651 -0.1573
1.9708 -0.6894 -0.2466
2.5869 -0.2396 0.8410
2.6409 0.2386 -0.0778
2.2220 0.2980 -0.0304
2.8030 -0.2119 -0.3213
2.5298 0.0067 0.0005
2.7649 0.3024 0.5357
2.9763 0.1460 -0.3436
2.5153 0.0020 -0.2310
2.7779 -0.4355 -0.5547
2.6557 0.0825 0.0308
2.2765 -0.2162 0.1793
2.5314 0.0473 -0.8224
2.4226 0.2307 -0.0419
2.8257 -0.3064 0.7277
2.4200 0.1438 -0.3598
2.8879 0.1986 0.2397
2.4355 -0.0364 -0.4315
2.3964 0.0256 0.5600
1.9562 -0.3276 -0.7685
2.7060 -0.0920 0.8817
2.5408 0.1001 0.5133
2.3665 -0.1259 -0.2902
2.7187 0.0123 0.1550
2.4435 -0.0853 -0.4138
2.5202 -0.1197 -0.1349
2.2864 0.1757 0.0077
2.5265 0.0294 -0.1897
2.5111 0.0038 0.0946
2.8539 0.7943 -0.3468
2.5230 -0.0537 -0.0193
2.4452 0.1374 0.7768
2.6788 -0.0956 -0.4687
2.8340 0.1333 0.1166
2.4986 -0.3069 -0.6782
2.3692 -0.0424 -0.7118
2.0030 -0.1069 -0.7273
2.5033 0.0182 0.2850
2.5300 -0.0163 0.0151
2.4654 -0.0142 0.9557
2.5080 -0.0568 0.0075
2.2466 0.4042 0.2217
2.3794 -0.1624 0.9754
2.1647 0.1713 -0.5622
2.4500 0.0774 -0.1021
2.8607 0.2369 0.7178
2.9440 -0.2532 -0.0265
2.3026 -0.0678 -0.7446
3.3631 -0.2700 0.1211
2.3105 -0.2991 -0.4274
2.9163 -0.3859 -0.2691
2.4594 0.0376 0.4607
2.1826 0.3910 0.5329
2.9488 0.3491 -0.4451
2.5034 0.0058 0.7103
2.4955 0.0846 0.0829
2.8644 0.4166 0.3007
2.8213 0.0228 -0.6131
3.2994 -0.3014 0.1739
2.5413 -0.1076 0.3391
2.4282 0.3368 -0.8773
2.3815 -0.4763 0.1771
2.4228 -0.0774 0.3498
2.2964 -0.0015 -0.4458
2.5062 0.3949 -0.5874
2.6639 0.0236 0.1284
2.7066 -0.6866 -0.4501
2.7271 -0.5369 0.5596
2.7545 0.1559 0.3062
2.6070 0.0045 0.4046
2.6183 -0.0100 0.0881
2.2738 0.3089 -0.2944
2.4843 0.0021 0.0077
2.1758 -0.1323 -0.4662
2.5032 0.0172 0.0117
2.6193 -0.1039 -0.1922
2.6635 0.2652 0.9143
2.5522 -0.2462 0.3254
3.0363 -0.0839 0.1495
2.6779 0.0245 -0.1616
2.5952 -0.2764 -0.3899
2.5038 0.0028 -0.0515
2.5694 -0.0127 0.0376
2.9584 -0.1477 -0.3826
2.4222 0.1891 0.1339
2.2571 -0.0061 -0.4122
2.5302 -0.0570 0.9202
3.1039 0.2442 0.2498
3.1713 -0.5773 -0.2424
2.9580 0.1484 -0.5176
2.4990 0.0990 -0.1097
2.6539 0.0334 -0.3490
2.5937 0.0006 0.1112
2.6150 0.0070 0.4048
2.7446 0.0657 0.2266
2.5084 0.4301 0.1957
2.4507 0.1008 0.4046
2.4659 -0.0022 -0.0319
2.5282 0.0111 -0.0739
2.4393 0.0313 0.0337
2.5304 0.7020 -0.1918
2.4329 0.1139 -0.1934
2.5211 0.2646 -0.3614
2.7512 -0.2996 0.3882
2.4900 0.1785 0.0253
2.4854 0.0227 0.2294
2.7967 -0.1587 -0.8867
3.0341 -0.3888 0.4365
2.5041 -0.0382 0.8842
2.5457 -0.0390 -0.1830
2.7476 -0.0683 0.4688
2.5820 0.0531 -0.0710
2.3723 0.0538 0.9025
3.0724 0.3562 -0.0409
2.7529 -0.7512 0.2034
2.4901 -0.5413 0.1060
2.4082 0.0071 0.4125
2.6379 -0.5889 0.6948
2.5025 -0.0304 -0.0031
2.5098 0.0009 0.2379
3.1188 -0.1704 -0.6665
2.5807 0.0880 0.0568
2.5060 0.0572 -0.1226
3.1827 -0.1208 0.4154
2.5266 0.0503 0.2094
2.4074 -0.0599 0.2560
2.9242 0.1183 -0.3462
2.4998 -0.0101 0.1572
2.5319 0.0143 -0.2488
2.5288 -0.0751 0.0523
2.4905 0.0057 -0.1147
2.6472 -0.6298 0.5386
2.4877 -0.0175 0.4321
2.6588 0.3500 0.0205
2.4939 0.0012 0.0224
2.7750 0.2119 -0.6316
1.9044 -0.2763 0.2762
2.7576 0.4812 -0.1131
2.4825 -0.0116 -0.0028
2.2520 0.6554 0.1678
1.9921 -0.2174 -0.7979
3.0208 0.0183 0.6730
2.5931 -0.2539 0.4342
1.6976 0.1601 0.0784
2.5027 -0.0005 0.0082
2.6549 -0.3998 -0.6867
2.4355 -0.3667 -0.3254
1.9707 0.0269 -0.0725
2.4284 -0.5803 0.6062
2.5337 0.0858 -0.2753
2.1648 0.3047 0.4921
2.7213 0.0596 -0.6144
2.4998 -0.0152 -0.0110
2.7648 -0.8546 -0.2905
2.4498 0.0268 0.0639
2.7562 0.1489 0.3793
2.6800 -0.1580 -0.2625
1.8517 0.5796 -0.3268
2.5040 -0.0033 -0.0590
2.8712 0.2639 -0.6505
2.6821 0.1834 -0.0491
2.3131 0.7546 0.2142
2.6241 0.1557 0.2878
2.3903 -0.0476 0.1917
2.4323 0.9675 -0.2408
2.3761 -0.0897 0.2540
1.7501 -0.1954 -0.0966
2.3387 -0.0025 -0.7627
2.4981 0.0760 0.2907
2.7643 -0.1355 -0.8574
2.4890 0.0376 0.0875
2.8973 0.4018 0.3886
2.5654 0.0054 -0.0461
2.4957 0.0029 0.0527
3.1388 0.1323 0.0851
2.4330 -0.2377 -0.8457
2.7765 -0.2074 -0.8578
2.1480 0.3271 -0.4391
2.1986 -0.5644 0.6377
2.9775 0.5913 0.0505
1.8904 -0.3447 -0.5809
2.6472 0.0934 0.0600
2.8170 0.3020 0.6326
2.4965 0.0346 0.8344
2.9689 0.1714 0.4243
2.5022 0.0252 -0.0412
2.2299 0.1201 -0.1669
2.5400 -0.0810 -0.3547
2.6146 -0.0787 0.4064
2.4401 -0.0380 0.5975
2.4483 0.0305 0.1776
2.4934 -0.1764 -0.4154
2.1123 -0.0904 -0.1678
1.8823 -0.6219 -0.4685
2.4990 -0.0028 -0.0096
2.3086 0.3407 0.1443
2.5103 -0.0140 0.2169
2.9501 -0.2039 -0.3221
2.4530 0.0146 -0.6864
2.4909 -0.0290 -0.0907
2.6914 0.0485 0.4248
2.8154 -0.3614 0.6606
2.4958 0.0003 -0.0107
2.3895 -0.0720 0.1438
2.1094 0.7120 -0.3014
2.7153 0.0291 0.8776
2.6940 -0.0180 0.1205
2.4880 -0.4626 0.7248
2.3384 -0.0796 0.2298
2.2727 0.1760 0.3815
3.1657 0.1668 -0.0993
2.4644 0.3983 0.2583
2.0232 0.1005 0.6838
2.8309 0.4957 -0.1453
2.8238 0.4309 0.1273
2.1688 -0.0418 0.1259
2.4009 -0.2121 -0.1608
2.3075 -0.1796 0.1885
2.4736 0.1068 0.0850
2.4628 0.0216 -0.1747
2.4173 0.0438 0.1371
2.4960 0.0233 0.0740
2.4656 0.0048 -0.0042
2.8087 -0.0597 0.8303
2.5109 0.0039 0.5881
2.4851 -0.0953 -0.1576
