-0.3454 0.3297
0.0853 0.0397
-0.3013 -0.1174
-0.0919 0.0556
0.4135 0.3931
-0.3897 0.0844
0.7766 0.2675
-0.1635 0.0957
-0.1568 0.1612
-0.6666 -0.2797
0.3653 -0.1539
-0.4345 0.1153
0.0001 -0.0001
0.0602 0.0809
0.0967 -0.2936
0.8630 -0.0638
0.0005 0.0009
-0.3403 0.0350
0.0434 -0.2804
0.5620 0.7203
-0.1214 0.4545
-0.5784 0.2229
-0.9842 -0.1079
-0.1579 -0.1498
0.2163 -0.0446
-0.1387 -0.0004
0.8643 -0.0254
0.7674 -0.1311
-0.2470 0.1672
-0.4785 0.1906
-0.0220 -0.0849
-0.0778 0.6632
-0.0742 -0.0536
-0.3278 0.3228
0.3463 0.4275
0.4296 -0.2071
-0.4167 0.1171
0.0701 -0.1838
-0.4496 -0.3424
0.0753 -0.2262
-0.3209 -0.5176
-0.7720 0.3929
-0.6439 -0.0689
-0.1178 0.8304
0.6696 -0.1564
-0.0088 -0.3493
-0.0840 0.4550
-0.5416 -0.7373
0.4918 -0.7441
0.0147 0.1592
-0.5502 0.2191
0.1069 0.6509
0.6075 0.4083
0.5597 0.4342
-0.0040 -0.0091
0.7052 -0.6662
0.5309 -0.1791
-0.0918 0.0203
-0.0100 0.0127
-0.1256 0.2676
-0.0257 -0.3959
0.0355 0.5317
-0.4274 -0.2858
-0.2818 0.2996
-0.0733 0.3263
0.0600 -0.0346
0.2196 0.6094
0.2870 -0.0746
-0.0918 -0.1083
-0.4618 0.0488
0.0411 -0.2406
0.0027 -0.0043
-0.1426 0.0384
-0.1049 -0.1103
0.2888 0.0757
-0.3620 0.4048
0.3671 0.3400
0.7097 0.0437
0.2411 -0.7235
-0.5181 -0.5762
0.0299 -0.3917
-0.6742 -0.6161
-0.0776 0.1086
-0.3155 0.2431
-0.7974 0.1895
0.4507 0.0493
-0.3434 0.3603
-0.1506 0.2182
0.1108 -0.5024
0.6737 0.3919
0.1977 0.1499
0.2194 -0.6882
0.0562 -0.6720
-0.3076 0.2905
-0.0100 0.6400
-0.1271 0.4936
0.4525 0.8800
0.0716 -0.4838
-0.6585 -0.3222
-0.1026 -0.7916
0.3267 0.4876
0.4596 -0.0297
0.7050 -0.0932
-0.2649 0.9464
-0.1713 -0.3866
-0.1393 -0.0820
0.0047 0.1851
0.1563 -0.1466
0.1536 0.1951
0.6716 -0.0041
0.1023 -0.9066
0.0030 -0.9485
-0.1516 0.5604
0.0629 -0.3237
0.4917 -0.6615
-0.5181 0.5583
-0.2944 -0.3785
0.1699 -0.3027
-0.7011 -0.3348
0.4449 -0.1891
-0.5102 -0.6231
-0.5845 0.5231
-0.0159 -0.0180
-0.8250 -0.4343
0.4758 -0.3446
-0.5226 -0.8199
-0.1424 -0.3334
-0.3182 0.8080
0.6953 0.5933
-0.5600 -0.6240
0.3275 -0.2117
0.3821 -0.0426
0.0040 -0.0016
-0.6620 0.2502
-0.5388 -0.3628
0.0252 0.0208
-0.6559 -0.0036
0.0292 -0.3506
0.3640 0.0260
0.5853 0.6162
0.0661 -0.0551
-0.5348 -0.0040
-0.4310 0.5777
0.6462 -0.2769
-0.3002 -0.1330
0.0194 0.1002
-0.0031 0.0013
-0.7101 -0.1491
-0.6119 0.2211
0.5131 -0.5517
-0.1383 0.7531
0.3807 -0.4684
0.1338 0.2123
-0.3130 -0.2415
0.1558 0.7402
-0.0348 0.3333
-0.5949 0.0119
-0.0745 0.0109
0.9185 0.0133
-0.3249 0.2189
-0.2560 0.5104
-0.9400 0.0974
0.2252 -0.8217
-0.5984 0.3228
-0.1706 -0.1869
-0.0046 -0.2331
0.1211 0.4933
0.0744 -0.5220
0.0724 0.4255
0.3120 -0.5539
0.7009 -0.4107
-0.6997 0.2370
-0.7500 0.5666
-0.0554 0.1884
0.4493 0.0091
0.0005 0.0057
-0.0237 0.2369
-0.7012 0.4101
-0.7201 0.0955
0.7691 -0.5798
0.1148 -0.1005
0.2333 0.1583
0.4363 -0.1758
0.5597 -0.7151
-0.4527 0.4361
-0.3852 -0.7579
0.3435 0.7204
-0.1502 0.0856
0.3524 0.5395
0.0280 0.1042
-0.3438 -0.2803
0.0378 -0.0067
0.6437 -0.7071
-0.1599 -0.4882
-0.1370 0.7338
-0.3030 -0.2863
-0.3851 -0.3086
0.2963 -0.2431
-0.6545 0.0669
0.1219 0.0628
-0.5356 -0.1740
0.2120 -0.3678
0.1649 -0.1929
0.0579 0.8983
0.5322 -0.6500
-0.6703 -0.7135
0.0621 -0.1542
0.0146 0.0487
0.3145 0.5886
0.5013 0.6363
0.0701 -0.2722
-0.3913 -0.8029
0.1460 -0.1816
-0.0856 0.6461
-0.9600 -0.0610
-0.3535 0.7323
0.4282 -0.4291
0.0391 -0.6890
0.4842 0.5263
0.1649 -0.2465
-0.2240 -0.2934
0.2032 0.5593
0.1763 -0.0135
-0.3394 0.8847
0.4110 -0.2170
-0.1457 -0.7444
0.2288 -0.7615
0.2029 -0.2938
0.0663 -0.4518
-0.4334 0.2845
0.0141 -0.0165
-0.7773 -0.4912
0.1597 0.4540
-0.9797 0.0554
0.3587 0.2690
0.0727 -0.0515
0.1157 0.1949
0.6855 0.6781
0.6892 0.0055
0.3556 -0.3945
-0.1412 -0.6659
0.3452 -0.4016
0.1763 0.5989
-0.1046 0.6325
-0.0235 0.0187
0.0842 0.2970
-0.1476 -0.2808
-0.9502 0.0310
-0.5982 -0.2677
0.0558 -0.1214
4.2415 -0.8621
3.5253 -0.6236
4.8618 0.3529
3.9307 -0.7673
3.9985 -0.0030
4.1537 0.6840
4.2536 0.5093
3.8556 0.0106
3.3086 0.1013
3.9245 -0.6314
3.7704 -0.3156
3.9782 -0.0144
4.3756 0.7889
3.4912 -0.1454
4.7729 0.3358
4.1173 -0.0967
4.9610 0.2239
3.9068 0.1736
3.8685 -0.4233
4.0660 -0.1123
4.0447 0.0495
3.9832 0.0132
3.2391 0.2937
3.7928 -0.1482
3.9672 0.0235
3.6872 0.4816
3.1301 -0.1606
3.6811 0.2862
3.9011 0.1880
4.0276 0.0579
4.4848 0.7195
3.8996 -0.1028
4.0855 -0.9744
3.7437 -0.2963
3.9967 -0.0066
4.1528 -0.9634
4.2545 0.1054
4.3846 -0.3864
4.3694 0.0612
4.2582 0.7354
4.2671 0.2528
4.3047 0.3731
3.8013 0.7111
4.0148 0.0012
4.0221 0.0009
3.3274 -0.1666
3.9908 0.0001
4.0163 0.1367
3.6796 -0.2374
4.6990 -0.6395
4.3401 0.4044
4.4582 0.0426
4.1846 -0.2872
3.8577 0.0479
3.9949 0.0134
3.9924 -0.0102
4.0646 -0.7553
4.0662 0.0079
4.1061 0.0266
4.0603 0.0762
3.1414 0.3534
4.0127 -0.0562
4.8340 0.0792
4.1055 -0.3084
3.8532 -0.8853
3.9260 0.4379
4.0653 0.2324
4.4385 0.6573
4.1256 0.0639
3.9518 0.1065
3.9385 0.1247
3.8572 0.4524
4.0005 -0.3959
4.2189 -0.5284
3.8878 0.1011
4.0597 0.3206
3.9494 -0.1581
3.7923 0.9103
3.5076 0.3136
3.9625 0.2730
3.3425 -0.0031
3.6123 -0.8600
3.9797 0.0286
4.5460 0.7650
4.0108 -0.0461
4.5378 0.1033
3.9471 -0.1820
4.0781 0.4027
4.0827 0.0688
3.9342 -0.1107
4.0757 0.1062
3.4710 -0.0503
4.4080 0.4016
3.9682 -0.9197
4.1186 -0.0939
3.0608 -0.1936
3.4078 0.6416
4.3047 -0.8606
3.7849 0.1863
4.3394 -0.2996
4.0502 -0.0046
3.8528 -0.3011
4.4114 0.3399
4.0048 0.6502
4.3970 -0.0805
4.8287 0.1781
3.5328 0.3301
3.5836 -0.0919
4.2354 -0.4684
4.3799 -0.7205
4.1323 -0.0778
4.1644 -0.0446
4.5561 0.2001
3.1643 0.5240
4.2244 -0.0862
4.4829 0.0485
3.6794 -0.1898
4.0420 -0.0458
4.3742 0.2442
4.1679 -0.0033
3.5756 -0.0811
4.6735 -0.1036
4.4339 -0.0717
4.1307 -0.1416
4.9398 0.1639
3.6074 0.4262
3.3814 0.3684
3.8571 0.2022
4.2569 -0.7480
4.4355 0.1131
4.1149 -0.7575
4.1521 0.0181
3.5152 -0.1191
3.9913 -0.0139
4.8795 0.0896
4.3051 0.2495
4.6612 0.1499
4.1999 -0.3243
4.1420 0.4087
4.2302 0.2186
4.0974 -0.0435
3.5673 0.1719
4.6967 0.3264
4.2758 -0.6102
4.2902 0.0114
4.2332 0.5357
3.6924 -0.0811
3.8854 -0.2395
3.5080 -0.5879
3.9092 -0.4436
4.4706 0.4200
4.4829 -0.1296
3.6967 -0.2439
3.9347 -0.1640
4.5161 0.7854
3.7567 -0.3409
3.4757 -0.1067
3.8607 -0.0899
4.6318 -0.3073
3.3589 0.5863
3.7711 -0.0473
4.4476 0.5974
4.1498 0.5157
3.6299 -0.4131
3.9804 -0.0248
3.5200 0.1133
4.2959 0.6805
4.8939 -0.4418
3.8407 0.5124
4.4240 0.8922
3.1384 0.3587
3.6270 -0.8440
3.9061 -0.2677
3.2401 -0.1763
3.1760 0.3881
3.3315 -0.2389
4.3807 -0.2321
3.4981 0.3488
4.3860 -0.4035
3.6006 0.0270
4.0560 0.7999
4.4686 -0.0147
4.1749 -0.1467
3.7490 -0.3432
3.9899 0.7693
3.8709 -0.0293
3.2882 0.1907
3.0897 0.0576
3.0735 -0.3523
3.6810 -0.0564
3.9547 0.6085
3.6009 0.6817
4.1183 -0.0783
3.1789 0.5091
3.4798 0.6987
3.9070 -0.5719
3.8725 0.0989
4.2962 0.5687
4.0845 0.1922
3.9494 -0.4535
4.8999 -0.3704
3.5920 0.0022
4.5580 0.0747
3.6787 0.8673
3.9820 0.4239
3.7642 -0.0796
3.6948 0.1500
3.3537 0.1627
3.7641 0.6287
3.5433 -0.0538
4.3808 -0.8067
4.6615 -0.4201
3.9156 0.3366
3.1981 0.0523
4.3114 -0.5434
3.7367 0.3062
3.7282 -0.3420
4.2738 -0.1632
4.6027 0.3532
4.0371 -0.7225
4.7002 -0.5431
4.0265 -0.0760
4.3471 0.4733
3.7881 0.1239
3.2886 0.2969
4.7172 -0.0183
4.5471 -0.2851
4.9846 -0.0139
4.2816 0.3755
3.3848 0.2172
4.0607 0.8461
3.3180 0.3814
3.9792 0.2621
3.9526 0.3584
4.0757 0.1070
4.4453 0.8473
4.1215 0.0902
3.3654 0.2955
4.3962 -0.2280
3.6592 0.5407
3.7038 -0.4803
3.4540 -0.0615
4.5398 -0.3977
4.0064 0.0877
4.0010 0.0014
3.9650 -0.2130
4.3128 -0.1791
4.0088 0.0145
3.8013 -0.2733
3.8332 0.2411
