-0.0639 -0.1038
-0.4867 0.3229
-0.2806 -0.1950
-0.3200 -0.3240
0.4274 0.5603
0.4590 -0.1348
0.1745 -0.3556
-3.9134 -1.1561
2.2071 0.4724
-0.0657 0.0084
0.1087 0.8975
-0.2866 -0.6746
0.5693 0.1191
0.0238 -0.0092
0.1263 0.0109
0.7234 0.1790
0.1767 0.0765
-0.4002 0.0132
-0.2260 -0.2337
-0.1317 0.0885
5.6419 -0.5695
5.2443 0.2273
4.8788 0.1237
5.0664 0.1149
5.5275 0.2095
5.2910 -0.6882
4.6898 0.1429
5.1268 -0.3618
4.7862 -0.5464
4.7724 -0.8005
4.8883 -0.2769
5.2059 -0.3508
5.2819 -0.2787
5.2546 -0.5903
5.2022 -0.2306
4.9373 0.4018
4.9442 0.0002
5.1916 0.2129
4.2452 0.2826
4.8774 0.6849
