-0.0989 1.1278 1.2847
-0.4487 0.3358 0.7547
-0.3744 0.1295 0.2440
0.0122 0.0025 -0.0278
0.0675 0.0001 0.0970
-0.0740 0.1061 -0.4477
-0.6070 -0.3817 0.3528
-0.0002 0.0017 -0.0412
-0.0011 0.0008 0.5514
0.1598 0.5090 0.5296
0.4459 -0.4044 0.6418
-0.2737 -0.0632 -0.9832
0.0054 -0.0169 -0.0532
-0.0813 -0.0192 0.0088
-0.0530 0.1989 1.1595
-0.9991 0.4773 0.8124
-0.3576 0.1297 -0.1014
-0.8412 -0.7739 -1.0128
-1.3362 0.2142 0.7910
-0.0722 0.1001 0.2953
0.3270 0.1286 0.4725
-0.4735 -0.5527 0.0891
0.0582 -0.0785 -0.3181
-0.0574 0.0688 0.4118
0.1768 -0.0067 0.3612
0.0152 0.0309 0.0635
0.8516 0.6792 -0.6461
-0.0162 0.1013 0.3379
0.0090 -0.2767 -0.4913
-0.1816 -0.3351 0.4412
0.0302 0.0725 0.2491
-0.0754 0.1433 0.0559
0.0035 -0.2277 0.2248
0.0770 -0.0667 -0.0883
0.2024 -0.1992 -0.0732
-0.1973 -0.3700 0.1529
-0.0111 -0.0251 0.0255
0.2832 -0.3165 0.4860
0.0718 -0.8071 -0.3911
-0.5829 -0.9924 -0.7062
0.4174 0.0904 0.3558
-0.1813 0.8702 -0.4444
-0.0238 -0.0287 -0.0196
0.1637 0.2898 -0.6215
-0.3925 0.1280 0.2385
-0.1423 0.0434 -0.4554
0.1031 -0.0176 -0.3788
0.2970 1.5376 1.3683
0.6123 0.1370 -0.3806
0.0715 -0.1261 -0.0101
3.0989 0.1475 -1.2725
2.1331 0.1533 0.3369
2.6316 0.5768 -0.1178
3.5743 2.0765 0.3010
3.0201 -0.0275 -0.4485
3.0533 0.0045 0.0344
2.9788 0.0371 0.0190
3.8272 -0.0708 -0.2331
3.0178 -0.0085 0.6334
4.8740 0.6522 0.2439
3.5816 -0.1462 0.7853
3.0498 0.1029 -0.6696
3.3170 0.1793 -1.7373
3.0309 -0.0096 -0.0434
2.9909 0.1886 -0.9010
2.9761 0.2760 -0.3765
3.3544 0.0249 -0.3516
2.8000 -0.0821 0.1095
3.0229 0.0040 0.0522
3.1990 -0.1509 -0.4341
2.4318 0.4667 -0.2774
3.2109 -0.5606 0.5445
2.9953 0.0202 -0.3561
3.6120 0.1012 0.7398
3.4859 0.1523 -0.4447
3.1538 0.0448 0.6271
2.9873 0.1397 0.9694
2.9950 -0.0554 0.3799
2.9227 0.0514 0.0794
2.6869 -0.0408 0.0776
3.0052 -0.0112 -0.9857
2.7834 0.1634 -0.1544
3.3227 -0.3332 0.3539
2.6869 -0.3259 1.0577
2.4167 -0.0421 0.0259
2.8825 -0.2755 0.0075
2.8410 -0.0774 -0.1825
3.0147 -0.2868 0.0392
2.9976 0.0665 0.4904
3.5573 -0.1118 0.4250
2.1873 -0.2728 0.2510
3.2278 -0.0980 0.2911
3.0214 -0.2501 -0.0190
3.0092 -0.0244 0.9720
3.5895 -0.2481 -0.4968
3.3592 -0.3866 0.5516
2.6829 -0.0315 0.4444
3.0160 -0.0700 -1.2426
3.0374 0.2760 0.4972
2.9295 0.1258 0.2576
