-0.3818 0.2757 -0.3130
-0.0694 0.0256 0.0683
-0.0318 -0.0017 -0.0125
0.0980 -0.0018 -0.0645
-0.1512 -0.0413 -0.0618
0.8044 0.4768 -0.0575
-0.0803 0.4113 -0.2097
-0.0340 -0.2102 -0.7327
-0.0891 0.2685 -0.1660
-0.1853 0.1563 0.0386
0.1128 -0.7367 0.5605
0.0016 -0.0034 0.0312
-0.0389 -0.0241 -0.0557
-0.0640 0.0387 -0.1920
-0.0382 0.0097 0.0127
0.0077 -0.0394 -0.0851
-0.0440 0.0128 -1.1916
-0.2076 -0.6026 -0.2180
-0.0713 0.1283 0.7853
0.2254 -0.1293 -0.5279
0.5850 0.5434 0.4718
0.1339 -0.0186 0.6086
-0.1405 -0.2606 -0.4151
-0.3356 0.2543 -0.8349
-0.0525 0.2332 0.2705
-0.0495 -0.0540 -0.0398
0.2478 -0.4757 -0.5220
-0.1084 0.0803 0.9623
-0.1766 0.8926 -0.0301
0.1838 -0.4735 0.1068
-0.2167 0.0911 0.5405
0.0255 -0.2031 -0.3349
-0.0523 -0.5040 -0.1179
0.0644 -0.1278 -0.0148
-0.5495 -0.7356 -0.3669
-0.0668 -0.7331 0.3593
-0.1469 0.1468 0.3403
0.0780 -0.5873 -0.1389
0.0856 -0.0643 0.4530
-0.0133 0.0670 0.5299
-0.0152 -0.0418 0.7602
-0.0974 0.2922 -0.0218
-0.6143 0.3277 -0.0083
-0.1696 -0.4849 -0.4401
-0.6519 -0.0963 0.0543
0.0790 0.3406 0.7154
0.4491 -2.0429 0.5196
-0.1381 -0.0611 0.1256
-0.1653 -0.2643 -0.5087
-0.4479 -0.0891 -0.2995
3.4719 -0.0916 -0.4014
3.5034 0.1181 -0.1676
3.4898 0.8252 -0.1575
4.1845 0.0449 0.0084
3.5039 0.0021 0.2362
4.1718 -0.3828 2.3860
4.0912 0.2612 0.2006
3.8591 0.2598 -0.2804
3.8779 -0.0392 0.6200
3.6621 0.1112 -0.3458
3.0004 0.1335 -0.1661
3.7561 0.4082 -0.6284
4.0269 -0.1529 -0.8075
3.7342 -0.5433 -1.3990
3.4644 -1.0249 1.0682
3.5000 0.0075 0.0202
2.1938 0.8009 -0.5864
4.2976 -0.5673 1.1046
3.1566 0.0273 0.3358
3.6855 -1.0625 1.3490
4.0253 -0.0623 0.3919
4.1747 0.4201 -0.6686
0.9848 0.3797 -0.5203
3.5217 -0.0322 -0.6828
3.5131 0.0128 0.0503
3.4662 0.4073 -0.7419
3.4519 0.0402 0.6092
2.6164 0.7204 -1.0458
4.2177 -2.5396 -0.1854
3.3667 -1.1055 -1.2974
3.5275 0.0397 -0.2197
3.4059 0.7252 0.1886
4.1564 -0.2785 -0.1937
3.3248 -0.0340 0.1667
3.4372 0.0477 0.2062
3.2531 0.3902 0.1713
3.4620 -0.0241 -1.0893
3.5015 0.0043 -0.5209
3.1463 0.7425 0.0575
3.4779 -0.1208 0.0427
4.1251 0.2733 0.0919
3.1820 -0.4276 -0.6346
3.4380 0.0070 0.1275
4.3146 0.1906 0.0929
3.8050 0.0956 -0.6397
3.5498 -0.2579 0.1025
3.5410 0.2802 0.1502
3.4828 0.0253 -0.0099
3.6370 -0.4862 -1.6824
3.4995 -0.0287 0.6667
