-0.0319 0.3367 -0.6442
0.0193 -0.1369 0.1804
-0.3793 0.2218 -0.3408
0.4618 -0.0018 -0.1830
-0.0016 0.0818 -0.0334
-0.0120 -0.0929 0.3575
0.0492 0.0134 -0.5988
-0.5064 -0.2485 -0.4001
-0.2504 -0.1474 -1.4132
0.6517 -0.2669 -0.3008
0.9409 0.8107 -0.2796
0.0865 -0.8623 0.4241
-0.1097 0.0110 0.0432
-0.1951 -0.3499 0.8775
-0.0341 0.4496 0.4559
2.5127 0.0463 0.0128
3.2699 0.0672 0.5084
2.4112 0.0482 0.1301
2.6677 0.7187 0.5749
2.4926 0.0646 0.7295
2.6444 -0.7684 0.0115
2.2172 0.4601 -0.7143
2.3183 0.6829 -0.6236
2.6511 -0.2013 1.5543
2.3687 0.0173 -0.3222
2.5438 0.0605 1.2783
2.4529 0.2469 0.0517
2.4955 0.5697 -0.6390
2.2199 -0.2141 0.6705
2.5101 -0.0075 -0.3025
