0.0080 -0.2265 -0.6288
0.2748 0.3808 0.1247
-0.0940 -0.1090 -0.3057
-0.2901 -0.1703 0.3521
0.2745 -0.0072 -0.1561
-0.3630 -0.8523 0.3343
0.3346 -0.8987 0.2273
-0.4435 -0.2014 0.2467
0.1091 -0.1822 -0.0205
0.0648 -0.4279 0.1060
-0.0005 -0.0006 0.1441
0.0348 -0.0004 -0.0196
0.0549 -0.0615 0.0385
-0.0401 -0.0212 -0.0023
0.1747 -0.0058 -0.1827
-0.1206 0.1073 -0.0083
0.0936 0.1305 0.4494
0.0663 0.2231 0.4541
0.3058 -0.6068 -0.0786
-0.0416 -0.0979 -0.0555
-0.3314 -0.2514 -0.4020
0.0134 0.4127 -0.0931
0.0245 -0.0583 0.3783
-0.0470 0.1195 0.0156
-0.0385 0.6088 0.0567
4.0786 0.0148 0.0404
4.4947 -0.0444 0.4907
4.5227 -0.0123 -0.0356
4.5004 0.0204 0.2839
4.2749 0.2789 -0.3302
4.6345 0.2835 -0.3123
4.2683 -0.0842 0.1223
5.1482 0.3915 -0.5183
4.5730 -0.1852 0.4357
4.3285 0.0453 0.2554
4.2245 -0.1837 -0.3136
3.6672 -0.2489 0.4912
4.6522 0.8895 -0.3081
3.9544 0.0077 -0.2180
4.1830 -0.0137 -0.6181
4.6963 -0.0773 0.7002
5.0479 -0.6869 0.0492
4.8240 -0.3127 -0.6765
4.3696 0.0289 0.8355
4.5174 0.0362 -0.8821
4.2650 -0.3644 0.2747
4.6017 -0.4096 0.3971
4.4872 0.0006 -0.1455
5.0474 0.4896 0.6417
4.7753 0.4782 -0.3820
