0.0250 0.0422 -0.8781
-0.6293 -0.2212 0.6503
-0.1393 0.1436 -0.5194
-0.6032 -0.2713 -0.5730
-0.0341 0.8070 1.1797
0.1377 -0.1507 -0.2579
1.2312 -0.6363 -1.3663
-0.0823 0.2268 0.2157
0.0709 -0.0042 -0.4261
0.0528 0.0027 -0.1806
-0.0101 0.0302 0.2303
0.3362 0.1360 0.4760
0.4892 -0.2890 -0.6667
0.0887 -0.2664 -0.2596
-0.1638 0.3360 -0.1711
-0.2255 -0.6248 0.3678
-0.1176 0.0308 -0.1616
0.0142 -0.5014 0.2078
0.6652 0.1952 -0.1040
0.0752 0.2392 -0.5531
0.0035 0.0001 -0.3244
-0.0509 0.0075 -0.1944
0.4051 -0.0013 0.7887
0.0681 0.0328 -0.0437
0.1632 0.2404 -0.7637
-0.0392 0.0262 -0.1434
-0.0001 -0.0002 0.0046
-0.3548 -0.7190 0.0005
-0.3422 -0.3230 -0.4279
-0.0016 0.0759 0.2159
1.9169 -0.7491 -0.3365
0.4691 -0.2940 0.3341
-0.0117 -0.2114 -0.2285
0.2200 -0.2362 -0.2597
1.1998 -0.2542 -0.6881
0.0095 0.0287 -0.8551
0.0394 -0.2712 0.1351
-0.1295 0.1767 0.4363
-0.1430 -0.2380 -0.2200
0.4665 -0.4246 0.6424
-0.0167 -0.1251 -0.7782
-0.0212 0.5019 -0.7237
-0.0197 0.1095 -0.8115
-0.0268 0.0706 0.8831
0.2256 -0.7122 0.7454
0.3479 -0.0211 0.0640
-0.0583 -0.0848 -0.5812
-0.4727 -0.1804 -0.2744
-0.6201 -0.5758 -0.1001
0.0422 -0.1339 0.0853
