-0.0068 -0.1794 -0.6014
0.1832 -0.0984 -0.8882
0.0131 0.0261 0.0101
0.0522 -0.8699 0.1799
-0.0136 0.0220 -0.3373
0.0173 0.0440 -0.3138
-0.3878 0.1392 -0.1855
0.4438 -0.0195 -0.2467
0.5720 -0.3854 -0.1435
-0.0915 -0.1499 0.1246
-0.0293 0.0144 0.1096
-0.0258 0.0679 -0.1620
-0.0067 -0.0029 0.0855
-0.4156 -0.3181 0.0699
0.2918 0.8508 -1.4323
-0.3342 0.2007 0.6703
0.5200 -0.0208 -0.7119
0.1285 -0.1823 0.1537
-0.1986 -0.1161 -0.3970
-0.8220 -1.7838 0.1514
0.1588 0.6528 -0.2208
-0.5939 0.2502 -0.7110
0.0026 0.0116 -0.0953
-0.0939 0.8865 -0.6700
-0.1877 -0.9861 0.3858
-0.0625 0.1050 -0.0236
-0.4534 -0.1460 -0.0906
-0.2355 -0.0140 -0.0716
-0.1589 0.5330 0.2510
0.0158 0.0011 -0.0101
-0.1263 0.0189 0.2862
-0.1733 -0.0916 0.6046
0.1725 -0.4142 0.4398
-0.0138 0.0156 0.0865
0.0453 -0.1719 0.5386
-0.1482 0.1958 0.4704
0.1797 -0.1254 -0.0073
0.3379 -0.1171 0.9336
-0.1575 -0.0845 -0.8300
0.0503 -0.0451 -0.4228
-0.8264 -0.2638 -0.2364
-0.0522 0.1025 -0.5888
0.4247 0.1035 0.4779
-0.2178 -0.2824 -0.0206
0.1190 -0.1352 0.5250
0.3232 -0.0052 -0.3935
-0.0252 0.0188 0.7944
0.0681 0.1024 -0.7933
-0.4384 -0.1935 -0.1922
0.3175 -0.0018 -0.1045
0.4941 -0.1516 0.7152
0.3553 0.1597 -1.1912
-0.4762 -1.2439 -0.4154
-0.0472 -0.1168 -0.2657
0.0376 -0.0530 0.0424
-0.0516 -0.0463 0.4045
-0.0251 -0.0167 0.0317
-0.3272 -0.7804 -0.3141
-0.7769 0.2772 0.3389
0.2401 -0.0076 0.8381
0.2822 0.2093 -0.0225
0.0390 -0.4674 -0.4878
0.0308 0.6667 0.1459
0.7762 0.4180 -0.2185
1.1655 0.4918 1.0672
-0.1922 -0.0651 0.3672
0.4987 0.4137 -0.8558
-0.3428 0.2492 0.1901
-0.0869 -0.0217 0.6150
0.8483 -0.0607 -0.2038
0.0265 -0.2026 0.0557
-0.3704 -0.2461 -0.0448
0.0203 0.0441 -0.4984
1.0940 0.2812 -0.3467
-0.3260 1.0131 1.5098
0.6170 -0.6473 0.6836
0.0043 0.0016 -0.0084
-0.3820 0.3561 -1.7417
0.1034 0.1225 -0.4777
-0.2717 -0.0618 -0.6902
-0.0364 -0.1409 0.6198
-0.0510 0.0075 0.9672
-0.1293 0.0201 -0.1296
-0.4992 -0.5450 -0.9227
-0.0750 -0.0515 -0.0065
-1.2521 0.8863 0.5763
-0.4582 -0.1789 0.6551
-0.0345 0.3255 0.7264
0.0008 0.0011 0.0465
-0.0755 -0.0227 -0.1471
-0.1798 -0.8898 0.9600
0.3132 0.7229 0.3976
0.2021 -0.0001 -0.0686
0.0353 -0.3298 0.2861
-0.3069 -0.6705 -0.0487
-0.3764 -0.1811 -0.2626
0.4747 0.0152 -0.3095
0.7511 0.2833 0.2862
-0.0063 -0.5309 0.2246
-0.2660 0.3136 0.4999
3.3024 -0.0555 -0.1089
3.0171 -0.1250 0.2330
2.9229 -0.4309 -0.1634
2.9811 0.0044 0.0873
2.9695 -0.0641 0.5748
2.9967 -0.2083 0.1633
2.7597 -0.6730 0.6763
2.9974 0.0327 -0.0536
2.8745 -0.1254 -0.1173
3.4275 -0.3469 -0.3289
3.2131 -0.3791 0.5226
2.9937 -0.0020 -0.1697
3.2144 0.5963 0.2324
3.3415 0.2059 0.1896
3.6421 -0.4831 -0.2179
2.0646 0.4235 -0.4872
2.7025 -0.1259 0.7242
2.9944 0.0094 -0.8435
2.9934 -0.0034 0.2198
2.9902 0.0654 0.0235
2.9425 -0.1349 -0.6631
3.1072 -0.7087 -0.2031
2.9548 -0.1196 0.1914
2.9610 0.0859 1.0630
2.9009 0.0311 -0.0753
3.1966 0.0787 0.4876
3.4039 -0.3962 0.2304
2.5034 -0.5355 -0.4592
2.9250 -0.5635 0.7078
3.1393 0.0527 0.0406
3.4355 0.1581 -0.0350
3.2390 -0.1113 -0.1202
2.1295 -0.5598 0.3883
2.4567 0.2752 -0.6252
3.2340 -0.3887 -0.4223
2.5129 0.2558 -0.5690
3.1226 0.0130 0.4143
3.0367 -0.0904 -0.3802
2.9963 0.0029 0.6833
3.0408 -0.0164 -0.6542
3.0559 0.0482 0.1827
2.2438 1.0354 0.9052
3.0146 0.0326 -0.0798
3.0114 -0.0447 1.6124
3.3029 1.2464 0.0250
2.0895 -0.2324 0.8425
2.9859 0.1768 -0.3678
3.0212 0.0255 0.0080
2.9720 -0.2988 0.2367
2.6516 -0.0834 -0.2778
3.2616 -0.4484 0.6534
2.9606 0.1003 0.2144
2.6300 -0.0523 0.1373
3.4863 -0.4622 0.4100
2.0934 0.0879 0.0336
3.1511 0.3689 0.2547
3.3849 0.5231 -0.1623
2.7882 -0.7053 0.1003
3.8265 -0.7671 0.5806
2.9103 0.0320 0.1897
2.9881 0.0963 0.3208
2.9306 -0.3536 -0.4510
3.2290 1.6164 -0.8241
2.3730 -0.6396 -0.2883
2.8977 -0.0738 -0.1557
2.6090 -0.5145 -0.0055
2.9177 -0.2901 0.1617
2.7438 0.4393 -0.1463
2.7186 0.0108 0.6255
3.6018 -0.4372 0.3112
2.9872 -0.1512 0.2147
3.3875 -0.4548 0.2648
2.8316 0.1365 0.6355
3.0352 0.0014 0.0385
3.7459 0.3563 -0.5245
3.4587 -0.5092 -0.5688
3.0718 0.0926 0.3897
3.0494 0.0027 -0.1954
2.9008 -0.1881 -0.7265
3.2431 -1.3899 -0.5246
3.1484 0.0077 -0.0020
2.8867 0.2023 -0.4578
3.2222 0.0318 1.4667
3.3330 0.4673 0.7608
2.9412 0.0431 -0.0808
2.8697 0.0559 -0.1201
3.5063 0.1864 -0.5926
3.0044 0.2633 0.2370
2.6362 -0.1824 1.0493
2.9640 -0.0382 -0.1519
3.2102 0.3018 0.8820
3.5859 -0.4935 -0.4814
4.0480 1.1202 0.7787
3.0268 -0.4761 -0.6311
3.0222 0.2266 -1.3534
2.9932 0.0424 -0.0050
3.0785 0.0984 -0.0690
3.0867 -1.4456 0.0067
2.8687 -0.0166 0.1980
3.0218 -0.0811 -0.1453
