-0.0372 -0.3414
0.3163 -0.2070
0.0325 0.1410
0.0143 -0.3579
0.0439 -0.0414
-0.1556 -0.0828
0.0540 0.4750
0.2608 0.3562
0.2492 -0.1745
-0.4380 0.5031
-0.0348 0.0614
-0.5944 -0.0412
-0.1867 0.1586
-0.0094 0.5331
0.2825 0.4804
-0.3223 -0.0096
0.1166 0.2453
-0.6213 -0.2954
-0.0851 -0.1228
0.4506 0.7098
-0.5846 0.6409
0.6490 0.2726
0.2780 0.1296
0.4721 0.0726
0.0024 -0.8373
2.9602 0.0253
3.2615 -0.0716
3.1109 0.2336
2.9089 -0.3675
2.8280 0.1141
3.0505 -0.1100
2.9730 -0.0868
2.8670 -0.2798
2.5854 -0.0875
3.0971 0.1212
3.2229 -0.1272
2.4084 -0.0909
2.1811 -0.0337
3.7737 -0.3571
2.7823 0.0714
3.6046 0.5815
3.5499 0.3971
2.6854 0.1222
3.4658 -0.3990
3.7295 -0.2714
2.7681 0.2507
3.3613 0.6928
2.8901 -0.6662
3.5296 -0.7881
3.8257 0.3792
