-0.1788 0.7492 0.7052
-0.1694 0.0053 -0.3507
-0.0097 0.0178 -0.0168
-0.4209 -0.2742 -0.0628
0.4717 -0.0770 0.6310
-0.3681 0.1363 -0.3447
0.4438 -1.9522 0.7661
0.0110 0.0271 -0.0690
-1.0193 0.4057 0.4741
0.0181 0.0782 -0.1428
-0.1004 0.0323 0.9333
0.0027 0.0066 0.0349
0.0111 0.0018 0.0143
0.0393 -0.3364 0.7054
-0.1930 0.0921 -0.1290
0.2312 0.0304 0.5540
0.0020 0.0024 0.0102
0.1455 0.2537 -0.5600
0.0920 -0.1174 0.0266
0.2804 -0.3736 0.6692
-0.0369 -0.3826 0.0763
-0.0566 -0.0860 0.7596
-0.3727 -1.4770 0.9969
-0.0189 0.0155 0.7128
0.2408 0.2987 -0.2298
0.2838 0.3216 -0.6412
-0.5736 0.3712 0.6234
-0.0119 -0.3203 0.5242
-0.0052 -0.1074 -0.0118
-0.0830 0.1162 -0.3761
0.8923 -0.1115 0.2458
0.0058 0.5752 -0.2472
-0.0660 -0.0550 -0.1212
-0.0001 0.0094 0.0453
0.9176 0.3047 -0.6922
0.0001 0.0000 0.0005
-0.5903 0.7573 -1.0374
0.1728 -0.1306 -0.1762
-0.0758 -0.0448 -0.9120
-0.7926 0.1707 0.5359
