0.3503 0.0820
-0.6544 -0.3382
0.5495 0.4771
0.6357 -0.1608
-0.2684 -0.8603
-0.1534 -0.6176
0.2482 -0.1522
0.0884 0.2860
-0.0338 -0.0816
0.0617 0.1008
-0.2258 0.5199
-0.1997 -0.1354
-0.8501 -0.0051
-0.0170 0.2011
-0.2002 -0.1110
0.1110 -0.2473
0.4423 0.3437
0.0030 0.5886
-0.0020 0.9614
-0.5325 0.5270
-0.0826 -0.0441
-0.0251 -0.1936
-0.5895 -0.9425
0.6655 0.4451
-0.2082 -0.2929
0.1110 0.0577
-0.2359 -0.0332
0.0817 -0.0634
-0.4838 -0.4901
-0.7316 0.0509
0.9381 0.6904
-0.5447 -0.4443
0.3743 0.9062
0.5472 -0.6793
-0.0402 -0.0145
0.2810 -1.1588
-0.0765 0.2088
0.3274 -0.0240
0.9362 -0.5380
0.5098 -0.3339
