-0.0224 -0.1798
0.0331 -0.3135
0.6462 0.3670
-0.4713 -0.0847
-0.0733 -0.0800
0.0638 0.0463
-0.0156 -0.0080
-0.1650 -0.7550
-0.4849 -0.3307
0.0971 -0.0318
-0.4063 -0.4336
-0.0053 -0.0037
0.6350 -0.9344
-0.0080 0.1177
-2.2310 0.5063
-0.0206 0.0774
0.7123 -0.5902
-0.1557 -0.1233
-1.8182 -0.4711
-0.3247 -0.3480
0.7284 0.3665
-0.0151 0.0544
-0.1040 0.1028
0.2586 0.0854
-0.3166 -0.7714
0.4434 0.4681
-0.2883 -0.0836
-0.3783 -0.1044
0.9168 -0.0678
-0.3411 0.0210
0.0104 0.3768
0.6287 0.1434
-0.3452 -0.0277
-0.0131 -0.0356
-0.1831 -0.8325
-0.2979 -0.1579
0.0958 -0.2117
0.0849 1.6772
0.0136 0.2691
0.3043 0.0704
