-0.1448 -1.0676
-0.3374 0.1553
0.0623 -0.1859
0.5686 -0.0347
0.0060 0.0901
0.1907 0.0991
-0.3278 0.1092
-0.9113 -0.3958
0.2574 -0.3469
0.6329 -0.6494
0.1870 -0.0470
0.2892 -0.4885
0.0809 -0.1173
0.0203 0.0050
0.6444 0.6920
-0.1247 -0.0461
-0.8484 0.0669
0.0278 -0.0800
0.5393 -0.1767
-0.0352 0.0035
0.4574 -0.6167
-0.2792 -0.1183
-0.1579 -0.1215
0.1670 0.0052
-0.0697 -0.5661
0.2971 -0.2509
-0.1933 -0.0117
-0.2024 0.0844
0.3543 0.2232
0.2872 -0.0854
0.4208 -0.6000
-0.5686 -0.4484
-0.0126 -0.0353
0.0499 -0.2924
0.3845 -0.1180
0.9097 -0.0516
-0.8820 0.1957
0.2679 -0.8278
0.0429 1.1114
-0.3572 0.8022
0.5117 -0.1792
0.0056 0.0825
-0.5227 0.3544
-0.0212 -0.0335
-0.2236 -0.0062
0.2019 -0.2035
0.1132 0.5525
-0.4839 -0.0645
-0.6234 0.4708
0.6389 0.4327
