-0.1301 -0.4116
-0.1371 0.8453
0.1317 0.0564
-0.0685 1.7508
-0.0213 -0.0934
-0.8742 -1.8422
0.0028 0.9686
2.1816 -0.9882
-0.0686 0.7055
-0.0586 0.2340
0.0005 0.6884
0.7603 0.2172
0.4705 -0.2100
0.0465 -0.1996
-0.2474 -0.2092
-0.1242 -0.2689
0.0216 -0.8301
0.3526 0.0556
-0.5318 0.1386
0.2230 -0.8603
0.0342 -0.8784
-0.0056 -0.0893
0.1745 -0.2242
-0.3392 0.2257
0.0465 0.1433
3.7069 0.4740
3.6960 -0.0125
4.4796 0.7401
4.3200 0.6781
3.5988 -0.1241
4.4956 -0.0136
3.9354 -0.7898
4.1335 0.3138
4.3796 -0.1405
4.9436 -0.7023
4.8616 -0.2735
4.3989 0.0809
4.4919 -0.0029
4.5164 0.0101
3.9402 0.8032
5.0041 0.5337
4.4340 0.2842
6.3394 0.0058
4.7774 0.0452
4.8351 0.4649
5.6574 -2.4931
4.6022 -0.6887
4.4483 -0.3761
4.2841 0.4254
4.5801 0.0098
