1.0974 0.3104
0.0776 0.4335
0.1560 -0.3381
0.2726 -0.7462
-0.7154 -0.8357
0.2935 1.0747
-0.2380 -0.0561
-0.2652 -0.3723
-0.9234 -0.5440
0.3503 -0.5695
-0.0565 0.0445
-0.0945 1.1392
-0.1193 0.7020
-0.9217 0.0889
-0.0090 0.5526
0.0357 -0.3468
-0.1306 -0.0687
0.9050 0.0074
0.1260 0.4129
-0.1438 0.3193
0.4095 -0.4193
-0.1730 -0.2800
-0.0145 1.1219
1.1278 -0.3965
-0.2810 0.1920
0.3228 0.0907
0.0001 0.0308
0.4153 0.9551
0.3935 0.4872
0.4080 1.0209
0.0344 -0.0649
-0.3296 -0.2607
0.3878 -0.7507
0.6334 -0.6246
-0.4989 -0.7019
0.0041 0.3490
0.0499 -0.3284
-0.4897 0.2792
0.0209 -0.0242
-0.0176 -0.9027
0.0063 0.0033
0.0148 -0.0050
-0.1349 -0.0262
-0.1340 -0.2399
0.4905 0.6164
0.5874 0.0256
0.8845 -0.1945
0.0503 0.0228
-0.2318 0.3990
0.1754 -0.5962
0.3080 0.7194
-1.0619 -0.1262
-0.3147 -0.1006
-0.0872 0.4864
0.3162 -0.7827
0.3181 -0.1676
0.3379 0.5251
-0.9494 -0.2226
0.2596 -0.3897
-0.6967 0.6807
0.0358 0.8775
0.3348 0.0432
0.1433 -0.1307
-0.5425 0.9118
-0.2775 0.0831
-0.0312 -0.1848
0.2748 -0.5453
-0.4259 -0.4384
0.5823 -0.2116
0.1650 -0.1777
1.1970 -0.0041
-0.2518 -0.3473
-0.0175 -0.1354
-0.6835 0.3386
0.2471 1.0265
0.2892 0.6768
-0.8865 -0.3778
-0.8091 -0.2590
0.2348 -0.2535
0.4202 -0.6633
0.0345 -0.3807
-0.7254 0.3758
0.2490 -0.4391
0.8736 -0.5280
-0.2619 -0.1797
-0.7578 -0.0550
0.6595 -0.6264
0.0722 -0.8662
0.0803 0.0285
-0.0370 0.9352
-0.8621 -0.5029
0.7081 -0.1648
0.0593 -0.1543
-0.7555 -0.4916
-0.1043 0.3395
-0.0072 0.0383
1.0259 0.2170
0.1203 -0.0876
-0.1862 -0.6341
-0.4213 -0.0049
-0.2189 -1.1677
-0.9627 0.3472
0.1103 0.1418
-0.8860 0.1218
-0.0210 -0.3783
-0.7224 0.3006
0.0809 -0.4638
0.1034 -0.9077
-0.5351 0.1238
0.0091 -0.0044
-0.2700 0.5976
-0.6034 -0.6782
0.3557 -0.3090
-0.6471 -0.0752
-0.2600 -0.0202
0.0333 0.1004
-0.4087 0.1183
-0.1952 -0.1801
-0.1646 0.2791
-0.3944 0.1281
-0.0429 0.0230
-0.0334 0.0451
0.1797 -0.0713
-0.7321 0.4336
0.4025 0.3128
0.0671 0.6382
-0.1468 0.2102
0.3686 -0.0459
-0.1574 0.0742
0.5541 0.1872
0.1281 0.9884
0.9914 -0.6083
0.4712 0.6584
-0.8230 0.0647
-0.0437 0.1395
0.4939 -0.1371
0.6902 0.1274
-0.4710 -0.6813
0.1005 -0.3126
-0.0389 0.0923
0.1676 0.2676
0.2409 0.1035
0.3245 0.5504
-0.1065 0.0558
0.0575 -0.1159
-0.8452 -0.2422
0.3283 -0.2253
0.2628 0.2033
0.2138 0.6151
-0.1935 0.9303
0.5831 -0.4044
-0.1701 0.1418
-0.6888 0.4447
-0.4667 -0.3925
0.2923 -0.4414
0.9357 -0.4793
1.0657 0.3332
-0.0508 -0.9213
-0.3752 0.1903
-0.7798 0.4823
0.1409 0.1055
0.0731 -0.3715
-0.5416 0.1705
0.1897 0.5192
0.3261 -0.0438
-0.2879 0.9252
0.1506 0.0905
-0.0510 -0.1292
0.6081 -0.6568
-0.0036 -0.0427
0.5325 0.3776
-0.6949 -0.3957
-0.0470 -0.4484
-0.0243 -0.8280
0.8184 -0.4363
0.3307 -0.0832
0.7590 0.1923
0.2150 -0.3596
0.7001 -0.7069
0.4638 0.1656
0.1799 -0.4031
-0.0110 -0.0822
-0.2343 -0.0245
0.0151 0.0341
-0.3518 -0.6725
-0.1590 -0.1780
-0.2895 0.5684
-0.1206 -0.0871
-0.7816 -0.5524
-0.5255 -0.0462
-0.3253 0.0859
0.0395 -0.1230
-0.1897 0.2227
0.5807 -0.4952
0.3289 0.2700
-0.3325 -0.5958
0.1863 0.4044
-0.3785 -0.7299
-0.4437 0.3927
-0.6624 -0.8217
-0.1782 0.2169
0.0764 -0.0715
-0.6698 -0.0174
1.1047 0.2803
0.0093 -0.0193
-0.5472 0.0850
-0.8209 0.4929
-0.2884 -0.3840
-0.4606 0.7336
-0.0962 -0.2627
-0.3451 -0.2919
-0.3238 -0.3408
-0.6320 -0.4956
-0.4090 0.0704
-0.0898 0.1852
-0.8666 -0.2029
-0.6434 0.7743
0.5916 0.7375
-0.7808 -0.7029
-0.4877 0.5083
-0.2631 -0.2920
-0.1066 -0.7486
0.3411 -0.6860
0.0824 -0.0694
1.0198 0.0267
-0.3897 -0.6458
-0.2040 -0.1723
0.1813 0.8595
-0.7945 -0.0180
-0.6283 0.0578
-0.1339 1.1600
0.4611 -0.0881
-1.0117 -0.3247
-0.0211 -0.0161
-0.1198 0.2771
-0.3310 0.7374
-0.2799 -0.4282
0.4956 0.1612
0.2913 0.4371
0.0263 -1.0362
-0.0650 -0.0576
0.1339 0.2687
0.6000 0.7811
-0.3488 0.2853
-0.6960 -0.3762
0.5129 -0.6962
-0.0012 -0.1275
-0.5323 -0.9637
-0.5549 0.9067
0.5852 -0.1584
-0.5650 0.4030
0.1886 0.3263
0.3962 0.9706
1.0575 -0.3524
0.1540 0.2943
0.7925 0.2421
-0.8034 0.6604
0.0119 -0.2844
0.4883 0.0508
-0.0144 0.0254
0.2848 -0.3098
-0.0271 0.1184
0.2684 -0.1417
0.6144 -0.8434
-0.9154 -0.1279
0.8815 -0.2487
-0.6270 0.1491
-1.0797 0.1494
0.7504 0.2746
0.2266 0.2376
0.1823 -0.2447
-0.3787 -0.9755
0.1721 -0.7809
-0.8092 -0.1053
0.5332 -0.8763
-0.8646 0.2611
0.0576 0.0500
0.8190 0.3207
0.8679 0.7460
-0.1359 -0.3498
0.0101 -0.6392
0.2201 -1.0212
-0.1516 -0.5116
-0.7687 0.3936
-0.0585 0.0456
0.4492 1.0230
-0.2167 0.0726
-0.2028 0.0239
-0.0906 0.7476
0.0074 -0.0536
0.0323 0.5187
0.1783 1.0934
-0.8378 0.7732
0.9671 0.0218
-0.1133 0.7455
-0.3801 1.0877
0.3075 -0.0874
0.1680 -0.1038
0.0514 -0.0740
-0.2581 0.1315
-0.4417 0.1137
-0.9918 0.1151
-1.0911 0.1006
0.7495 -0.3819
0.2592 0.1387
-0.5401 0.2963
0.2538 0.8266
1.0174 0.1678
-0.2439 -0.0864
-0.4214 0.2823
0.8773 -0.0942
0.3530 0.3500
0.0487 -0.2827
-0.4273 0.8616
0.0076 -0.0050
-0.1263 0.4613
0.4558 -0.5962
-0.0056 -0.3837
-0.3237 -0.0560
0.4546 0.2652
0.1160 -0.8315
0.9232 0.7615
0.0222 0.0019
-0.1361 -0.2918
0.0277 -0.0122
0.5864 -0.1426
0.4029 0.7057
0.1060 0.9294
-1.1588 -0.2390
0.8026 -0.6222
0.9497 0.6036
-0.3147 -0.7670
-0.6922 -0.5975
0.4578 -0.0318
0.4058 -0.5573
-0.0034 0.0242
0.5332 -0.4166
-0.5821 0.1986
-0.0707 0.0078
0.6431 -0.2135
0.0510 -0.9784
-0.0189 0.0096
1.1426 -0.1456
0.7257 0.1244
-0.0667 0.0339
-0.1350 0.5316
0.5587 -0.1581
-0.0216 -0.0243
-0.2446 -0.8203
-0.1991 0.0032
-0.0300 -0.0735
0.6036 0.0200
-0.2806 -0.2370
0.3504 0.4637
-0.0060 0.0062
0.7391 -0.5003
-0.5458 0.4660
0.6898 -0.6249
-0.4677 0.9398
0.6256 0.9235
0.1901 -0.1069
0.6919 0.5499
-1.0001 0.1073
0.5944 0.5907
0.0267 -0.5352
0.1714 0.5707
-0.4430 -1.0827
-0.2244 -0.2764
0.8988 0.1070
0.0335 -0.0084
-0.0139 0.0109
0.3926 -0.8885
0.3218 -0.9806
0.0044 -1.0763
0.0848 -0.0976
-0.4251 -0.0080
-0.0730 0.6530
-0.3481 0.3802
0.6822 0.7110
-0.7008 0.6457
0.0352 0.9127
0.2742 -0.5380
0.4636 -0.3417
0.3810 1.0334
0.3073 -0.5566
0.1131 0.6424
-0.4216 -0.1104
0.0607 0.7558
-0.1956 0.6218
-0.1061 -0.9464
-0.3987 -0.8290
0.9309 0.2317
-0.0417 0.0121
-0.3977 -0.0429
0.1140 0.4212
-0.5578 0.6870
-0.0572 -0.2714
-0.2277 -0.9835
-0.9818 0.3445
-0.0076 -0.0036
0.1422 0.5183
-0.0758 0.0960
0.4603 0.3008
-0.1568 -1.0558
1.0963 -0.3898
-0.7689 0.0250
-0.4394 0.3557
0.3295 0.4289
-0.8878 -0.1062
-0.4871 0.6602
0.7310 0.2997
-0.0166 -0.1218
-0.0366 -0.0116
-0.6481 -0.2189
-0.2105 -0.0054
0.4256 -0.6282
-0.0152 -0.1668
-0.8699 -0.2808
0.4564 0.1556
0.9807 -0.5995
-0.0724 -0.2888
-0.3623 0.1817
-0.5179 -0.7991
0.0781 -1.1200
-0.0061 0.2478
-0.0155 0.0094
-0.7304 -0.3965
-0.0760 -0.6127
1.0701 -0.1906
-0.1249 0.4913
-0.3292 1.0060
-0.5291 0.2101
0.0583 -0.2168
0.2347 0.1111
-0.1123 0.9994
0.2802 0.9358
-0.0834 0.1952
0.5470 -0.1580
0.7270 -0.0915
0.2390 -0.3118
0.3726 0.5687
1.0035 0.5781
0.7331 0.3323
-0.1012 -0.2324
-0.1087 0.2441
0.7302 -0.2811
0.6395 -0.2388
-0.6387 0.7630
-0.2692 -0.2020
0.0644 0.2387
0.1530 -0.2192
-0.3530 -0.2159
0.0060 0.6572
0.1584 -0.0326
0.0219 0.1797
-0.2235 0.8176
0.3690 -0.3740
-0.4717 0.1936
0.5446 -0.5348
-0.0062 0.0629
-0.5645 -0.1894
-0.3715 0.1486
0.3049 0.5819
0.5235 0.1980
-0.1291 0.2506
-0.4117 -0.1676
0.0126 -0.0074
0.1380 -0.0865
0.1635 -0.1024
-0.0898 -0.0566
0.8031 -0.2677
-0.4716 -0.4804
0.3974 -1.1254
0.3896 -0.3324
-0.2610 -0.0786
-0.1062 -0.0451
-0.8614 -0.1854
0.1073 0.7876
-0.5833 -0.3049
0.4103 -1.0528
-0.1737 0.1476
0.1451 -0.0688
-0.1176 -0.1236
-0.0936 -0.0288
-0.9338 0.6739
0.7580 0.3594
0.1536 -0.3164
-0.2863 -0.9924
-0.1233 0.8006
1.0578 0.4223
-0.2049 0.2126
1.1983 0.0477
-0.1446 0.7552
-0.4087 -0.6359
0.0158 0.0152
-0.0067 0.0014
-0.4161 -0.7423
-0.0758 0.8771
-0.6639 0.9324
-0.5156 0.9837
