-0.0118 -0.1182 0.7765
0.6497 -0.0395 -0.0279
0.0226 0.0487 0.2970
-0.0156 -0.0707 0.0291
0.1652 -0.1621 2.6420
-0.0817 0.0033 0.4764
-0.2340 -0.0114 0.4075
-0.0532 0.1539 0.0259
-0.0416 0.2232 -0.0193
-0.0110 0.0538 -0.0604
0.3130 -0.0968 0.4265
0.0137 0.0476 -0.4850
0.0365 0.1495 0.1897
0.0540 0.0027 -0.3800
0.0138 -0.0310 -0.0705
0.0628 -0.0092 -0.4037
-0.3745 0.5022 -0.1111
0.0143 0.0423 0.7206
0.7865 -0.6198 -0.9846
-0.5037 0.6243 0.1060
4.9703 0.1716 -0.8764
4.7547 0.4126 0.2063
5.5064 0.0881 0.3813
4.9122 0.1653 -0.1988
5.5336 0.4794 3.4808
4.9785 0.4656 -0.3927
4.5948 -0.1396 -0.3096
4.9087 -0.1043 -1.8489
4.9146 0.1340 0.1342
4.9763 -0.2285 -0.2378
5.7867 2.0236 0.8444
4.8243 0.2254 0.4710
3.8435 -1.8907 -3.3898
5.0053 -0.3959 0.0654
5.0083 0.0723 -0.1729
4.8133 -0.0446 0.0228
4.9835 0.3383 0.6212
5.4312 0.3284 -0.4198
5.4735 -0.1331 0.7773
4.9362 0.3403 -0.0114
