0.3479 -0.0321 -0.4593
-0.0094 0.2367 0.4187
0.0705 0.0762 -0.5964
-0.0321 -0.4537 0.3008
-0.0169 -0.0109 0.1510
-0.0397 0.3789 -0.0799
0.0494 -0.1321 -0.3478
-0.2012 -0.1760 -0.5070
0.0015 0.6538 0.2196
-0.0905 0.1901 -0.6693
-0.0127 -0.0470 -0.0944
0.0320 0.0355 -0.3447
-0.5268 -0.2738 0.5713
-0.0061 0.0071 -0.9186
-0.0784 0.1348 0.0660
-0.1128 -0.5746 0.2824
-0.1427 -0.2929 0.1260
-0.0130 -0.0002 0.0487
1.3849 0.4577 -0.6070
-0.1496 0.1719 0.1051
0.5044 0.0254 -0.1213
0.0039 0.0047 0.3806
-0.0207 -0.0523 -0.0225
-0.0002 -0.0001 0.0072
0.5561 -0.1378 0.3233
-0.0048 -0.0241 0.5450
-0.4582 -0.2708 -0.1136
0.1791 0.1428 0.2858
0.1190 -0.0792 0.1810
0.0136 0.0249 -0.0551
0.2187 0.2934 -0.0038
0.6064 -0.4390 -0.4287
-0.0205 -0.0347 -0.3132
-0.0004 -0.0006 -0.0039
-0.0905 -0.0045 0.1476
0.2048 0.4359 0.1409
-0.1457 -0.6523 -0.3697
0.0436 0.1545 0.0058
0.0813 -0.1831 -0.2617
-0.3238 0.5496 0.0315
-0.3303 -0.3529 -0.0285
0.4494 -0.1281 0.1423
0.1636 -0.0370 -0.7680
-0.5083 0.2190 0.6672
0.1831 -0.0127 0.9799
-0.2979 -0.0838 -0.1618
0.1206 -0.0209 0.0670
-0.2133 0.1533 0.6587
-0.0155 -0.0785 -0.8039
-1.3321 1.3466 0.9397
