0.5967 0.3718
-0.3422 0.6196
0.0026 0.0030
-0.4312 0.1350
0.2047 0.1686
-2.3036 -2.2006
0.0039 0.0361
0.6369 0.1415
-0.0200 -0.1125
-0.4546 -0.3096
-1.5514 2.6020
-0.6991 -0.6499
-0.6950 -0.4996
0.2339 0.3417
-0.0516 -0.0500
0.1541 0.2518
1.1059 -1.1814
0.1005 0.4764
-0.8179 0.1793
-0.3392 -0.4434
-0.3897 0.2036
0.0511 0.1564
-0.1241 0.8016
-0.0113 0.0019
-0.1977 0.2686
-0.6452 -0.4648
-0.3876 -0.8047
-0.3156 -0.7278
-0.0644 0.9305
0.4916 0.2755
-0.0339 0.0280
-0.3364 -0.1570
0.8084 -0.1828
0.7038 -0.4913
-0.5976 -0.6007
-0.0187 0.0333
1.6177 -2.1485
-0.0979 -0.0019
-2.4983 0.4639
1.1448 -1.1578
