0.4257 0.0786
0.0110 0.0862
-0.8820 0.1884
-0.0277 0.0781
0.5640 -0.5467
-0.1093 -0.2848
-0.0741 0.4137
-0.0027 -0.4121
0.4802 0.7885
0.0629 0.6610
0.0518 0.0337
-0.4542 -0.0376
-0.0236 -0.1357
-0.0459 -0.3470
-0.5835 -0.1635
-0.0589 -0.4141
0.7297 0.7273
0.0538 -0.2001
-0.5405 0.2370
-0.0087 0.2158
-0.7525 -0.5783
0.4259 0.3029
0.2221 -0.6141
0.0074 0.0169
0.6847 -0.8612
0.3835 0.3494
0.7186 -0.1663
0.5215 0.9753
0.5272 -0.4103
0.9583 -0.5104
0.6190 0.2923
0.1167 -0.5327
0.0038 -0.0346
0.0664 0.1156
0.0124 -0.0011
0.0521 -0.3970
-0.1802 -0.0885
-0.0021 0.6483
0.6461 0.0478
-0.0281 -0.6663
-0.1408 -0.9317
0.1321 -0.6748
-0.0385 -0.6279
-0.5785 0.5484
0.0183 -0.0269
0.9165 0.5648
-0.4460 -0.2323
-0.7184 -0.9488
0.3746 -0.0306
-0.1703 -0.0510
0.5613 -1.0088
0.9340 -0.0935
-0.2082 0.9394
-0.3749 -0.1833
-0.2750 -0.1405
-0.2039 -0.3015
0.0452 0.2436
0.5742 1.0432
0.8283 0.0668
-0.1889 -0.3520
-0.1698 0.6119
-0.6101 -0.6452
-0.1363 -0.5493
-0.1638 0.3343
-0.2852 -0.0715
0.1930 -0.0664
-0.1566 0.3189
0.7206 -0.6760
0.0064 0.0434
0.1058 -0.1444
0.0122 0.0258
0.1100 -0.1753
0.2151 0.0146
0.2355 0.2007
0.1137 -0.6304
0.1180 0.3144
-0.0712 -0.0492
0.3942 -0.1691
-0.2443 -0.0885
0.2745 -0.1371
0.8454 -0.3001
-0.1615 1.0862
-0.3682 -0.9463
0.9696 -0.0508
-0.6266 -0.7222
0.0138 -0.0269
0.4109 -0.4546
-0.0157 -0.8309
0.0164 0.6866
0.3254 -0.4377
0.0832 0.0038
0.1106 0.1244
0.0649 -0.4109
0.0870 -0.5043
0.0414 -0.0017
-0.2181 0.2820
0.0794 0.6181
0.8095 -0.0318
0.4045 -0.2597
0.3885 -0.7309
-0.2106 -0.0082
-0.0162 0.0255
-0.3545 -0.0947
0.0556 0.9979
-0.1219 0.9625
0.3628 -0.0118
0.6752 0.0489
-0.1384 -0.0664
-0.0013 0.0432
-0.7453 0.4784
-0.6383 -0.7802
0.2814 0.1407
0.8700 -0.0776
-0.6138 0.4712
-0.0264 0.4275
0.3173 0.1901
0.0411 0.2105
-0.0802 -0.1128
-0.0019 0.0107
-0.1699 -0.6741
0.6899 0.9034
-0.7253 -0.9083
0.0090 -0.0262
-0.2147 -0.2683
0.0038 0.0019
-0.0019 -0.3976
-0.5069 -0.7369
0.1374 -0.1621
-0.1026 0.0923
0.0023 0.0014
0.9863 -0.0892
-0.0047 -0.3232
0.0619 0.0565
-0.6906 -0.6867
0.0586 -0.1379
-0.2460 0.1763
-0.2471 -0.1588
0.0578 -0.4718
0.4447 0.3333
-0.2895 0.0838
-0.6239 0.1509
0.0306 0.1060
-0.0906 0.0026
-0.9330 -0.3054
0.0006 -0.3723
-0.2490 0.1408
0.3104 0.4721
0.2355 1.0377
0.5318 0.6141
-0.5511 -0.4434
0.0711 0.8116
-1.0253 -0.0922
-0.5209 0.2375
0.8361 0.1963
-0.6151 0.9366
0.5412 -0.5163
-0.0785 -0.0209
0.0117 -0.0257
-0.6553 0.9691
0.6400 0.3517
0.3826 0.0044
0.8070 -0.0001
0.4532 -0.0239
-0.5137 -0.6296
-0.1716 -0.2754
0.2790 0.0381
0.5342 -0.4424
0.2382 -0.3747
0.5611 0.3694
-0.8669 0.3430
0.4508 -0.0277
0.0947 -0.0575
-0.5710 -0.4185
-0.2348 0.4583
-0.0977 -0.0905
0.3760 0.2619
-0.4545 0.3939
0.5355 -0.0964
-0.4133 0.5070
-0.8294 0.4672
-0.5794 0.2023
-0.0529 0.3249
-0.1950 0.0011
0.2985 -0.1763
-0.0078 -0.0382
-0.3729 -0.8358
-0.8454 0.3245
-0.0383 0.4111
-0.6710 -0.5036
-0.2135 -0.0272
0.7717 -0.1430
0.4974 0.2141
0.7063 -0.1302
-1.0542 0.3390
-0.0094 -0.0035
0.1317 0.6600
-0.0664 -0.3568
-0.1517 -0.8593
0.7245 0.3479
0.0128 -0.6129
-0.1115 0.6151
0.3497 0.2202
0.7871 0.6077
0.1398 0.7978
0.0829 0.0808
-0.0800 0.6625
-0.2617 -0.0437
0.1841 -0.1979
0.1003 -0.7470
0.3693 0.5376
-0.0766 0.0974
-0.6144 0.5736
-0.0302 -0.3627
0.4003 -0.1593
-0.7412 -0.3935
-0.0101 -0.2290
-0.1538 0.0532
-0.2932 0.8449
-0.8175 0.1297
-0.9909 0.4561
-0.5990 -0.7078
0.5414 -0.9780
-0.0693 0.0162
-0.2899 -0.0973
0.8629 -0.0101
0.6196 -0.1866
-0.2044 0.6328
-0.0404 0.8922
0.2750 -0.0529
-0.6440 0.3317
-0.0316 -0.0214
-1.0138 -0.0794
0.7947 -0.8130
0.0213 -0.6442
-0.2938 -0.2181
0.5106 0.6550
-0.1539 0.4156
-0.0591 -0.2735
0.4007 -0.2770
-0.7887 0.7683
-0.0241 -0.0684
-0.4241 0.7369
-0.5148 0.5240
-0.0089 0.0368
-0.0773 0.5917
-0.5771 -0.9772
-0.0059 0.8054
0.0641 0.6541
0.0877 -0.1183
-0.3292 -0.3047
1.1059 0.1479
1.9139 0.5035
2.3828 -0.7674
1.6941 -0.7016
2.3280 0.0072
1.9953 0.3039
1.4688 -0.3467
1.9994 0.0028
1.8561 -0.1661
1.3584 0.3024
1.6412 0.3569
1.9426 -0.1327
1.9361 0.0688
2.1978 1.1166
2.0100 0.0001
1.9258 -0.0200
1.3049 0.6588
2.0016 0.5668
2.1241 0.0983
2.0253 -0.4966
2.3680 1.0455
2.5768 0.8577
2.4152 -1.1071
1.5379 0.5009
2.0851 0.6003
1.1210 0.5485
1.6942 0.2008
1.3487 -0.6018
2.4582 0.1344
2.1577 -0.1332
1.6799 -0.3999
2.1987 0.2279
1.9234 -0.1425
2.9626 -0.2288
1.8814 -0.3831
2.4780 -0.0153
2.7806 0.0858
2.7435 -0.6422
2.0611 0.4155
1.0906 0.3993
1.9757 -0.4469
2.1778 -0.0277
2.1418 0.1649
2.1267 -0.1050
2.4316 -0.9986
2.9832 0.0642
1.6972 -0.3591
1.4378 -0.5523
1.7328 -0.7318
2.9849 -0.6620
2.0955 -0.0826
2.1653 0.0779
1.0831 0.1443
1.5663 0.0841
1.9363 0.5184
1.5357 0.0053
1.9377 0.5901
2.1025 0.5743
1.2030 0.4264
1.6175 -1.1097
2.5309 -0.1255
2.6752 0.6589
2.3564 -0.5275
2.0762 -0.0190
2.0948 -1.0865
1.7724 -0.6621
2.8721 -0.0487
1.8675 0.1911
3.0189 -0.2425
1.9768 -0.0645
1.6037 0.8624
2.2248 -0.0547
1.9159 -0.2766
2.2122 0.6320
2.0495 0.1184
2.0386 -0.2384
1.8165 0.9688
2.0051 0.0244
1.9285 -0.1596
1.1051 -0.3774
2.7469 0.2542
1.5791 -0.6950
1.6763 -1.1310
2.4511 0.3843
2.5256 -0.2708
2.2570 0.5753
2.7788 -0.2152
2.4646 0.2167
2.1456 1.0481
0.9879 -0.2301
1.5322 0.7820
1.7875 0.2999
2.5729 -0.0458
1.9444 -0.8435
1.9790 -0.3118
2.4862 0.0161
2.0620 -0.0273
1.8694 0.1130
2.2905 -0.3620
1.9125 0.3593
2.1568 -0.1187
1.3752 0.6232
1.3859 -0.9013
1.7128 -0.0962
2.2105 -0.6543
1.4789 -0.1133
2.2607 0.6510
1.9138 0.2720
1.7443 0.0132
1.1336 -0.6685
2.4230 -0.1566
2.1576 -0.8201
2.4647 0.0007
1.8518 0.9252
1.6539 0.7018
2.2818 0.0919
2.4050 0.4136
1.8269 0.0488
1.5240 -0.4888
1.5824 -0.1730
3.0952 -0.3010
2.1111 -0.6426
2.4603 0.5457
2.1070 0.2195
2.3346 -0.1487
2.7564 -0.6492
2.0526 -0.1853
1.5687 -0.1263
1.8105 0.5324
1.7338 0.2898
2.2439 -0.2289
2.3510 0.2088
2.4108 -0.5022
1.9011 -0.5705
1.7656 -0.0675
1.9504 0.0764
1.8685 0.9312
1.9283 -0.5129
2.1030 0.1151
1.9857 -0.0306
1.6678 -0.0210
2.0881 0.0657
2.2404 0.8305
1.8147 0.3555
2.6384 0.5821
1.7573 0.5058
1.4413 0.5269
1.3742 0.5260
1.4711 -0.0142
0.8508 0.3235
2.2589 0.3933
1.6093 -0.8449
2.0557 0.0252
1.7384 0.9154
1.8940 -0.0268
1.5237 -0.8222
2.2830 0.9919
2.4813 0.7473
2.4219 0.3444
2.1230 -0.4709
2.3826 -0.1372
2.4571 -0.0808
1.1773 0.5420
1.8393 -0.1103
2.6585 0.5796
2.6180 0.0721
1.8828 -0.1504
1.3070 -0.0397
1.6745 -0.3323
1.4747 0.0283
2.4955 0.6002
2.0709 0.0997
2.0817 0.8766
2.4298 -0.5868
1.6154 -0.9836
2.1122 0.3845
1.7121 0.0850
2.2700 0.0621
2.3746 0.5540
2.0008 0.0861
2.0365 -0.0353
1.6805 -0.8800
1.5886 -0.8289
1.9932 -0.0894
2.2129 -0.9769
1.6925 0.3205
2.3874 -1.0482
2.8637 -0.6585
1.7509 0.2331
1.9668 0.1971
1.5255 -0.6083
2.9142 -0.7585
1.8524 -0.1902
2.1881 0.9729
2.8098 0.3470
2.7054 -0.6211
2.6965 0.4308
1.8885 -0.1451
2.6194 0.3488
1.8221 0.0678
2.3373 -0.0683
1.5020 0.2493
1.9635 -0.0713
1.8927 -0.0905
2.0765 0.4250
2.9679 0.2063
2.4678 0.0555
1.9170 -0.0022
1.5021 -0.6560
2.1782 -0.0895
2.0461 0.3471
2.1206 -0.2032
2.1460 0.3249
2.4724 -0.0367
1.6836 0.9886
2.0585 -0.0622
1.4533 -0.7298
2.8402 0.3047
2.2036 -0.8220
1.7229 0.1050
2.8324 0.1067
2.3453 -0.0695
2.7223 0.7958
2.1591 0.1556
2.2121 0.0005
1.9524 0.8673
2.2352 0.2453
2.0709 -0.2924
1.7082 0.2524
2.8418 -0.2010
1.4131 -0.5458
2.2157 -0.1325
2.1928 -0.7962
1.8446 0.4064
2.6194 0.4695
1.8186 -1.0852
1.2681 -0.0851
1.4087 -0.0002
1.7412 -0.2466
1.1220 0.3750
1.3811 0.3978
1.8264 0.9466
1.6904 0.3620
2.7656 0.1592
1.7063 0.4668
2.1643 -0.3174
1.5355 0.0054
1.7651 0.0794
0.9991 0.2111
1.8520 0.2927
