0.5078 0.3996
0.8851 -0.0671
-0.7498 0.7019
0.4648 0.8778
-0.7789 0.2488
-0.9364 -0.1477
-0.6527 -0.1670
-0.5957 0.6777
-0.9658 -0.3290
0.8651 0.1966
0.3143 0.7944
0.9725 0.1543
-0.0204 -0.1199
-0.4158 -0.6076
-0.5912 -0.4251
0.4934 -0.0195
-0.4391 -0.3787
-0.2749 0.2302
-0.1148 -0.6867
0.0431 -0.1206
-0.1002 0.6432
-0.0647 -0.0060
-0.8383 -0.1198
-0.4776 1.0773
-0.8805 0.0543
-0.9369 0.6656
-0.7414 0.8108
0.2500 -0.4535
0.0052 -0.1510
0.5579 0.5387
-0.3402 -0.2137
-1.0408 -0.4798
0.0354 -0.0013
0.3065 0.0958
-0.0303 -0.3268
-1.0816 0.1409
0.6823 -0.5648
0.7277 -0.2358
-0.8177 -0.0437
-0.7482 -0.6409
-0.5546 0.1863
0.6666 0.5522
-0.3003 -0.7897
0.2580 0.0672
-0.1174 -0.0984
0.1157 -0.3621
0.3035 0.0304
0.1510 0.1056
-0.3982 -0.7279
-0.1641 -0.1509
