-0.2566 2.1179
0.2001 -0.2260
-0.4100 -0.0756
-0.1028 -0.8902
-0.5946 0.1786
-0.0933 -0.1579
0.3661 0.0141
-0.3954 -0.2550
0.5925 -0.6262
-0.8256 -0.0976
-0.0167 0.2757
-0.4011 -0.4457
0.5459 0.4080
-0.2963 0.3706
-0.6488 -0.1358
0.4812 -0.0252
-0.2937 -0.6390
0.6231 0.0868
0.0441 -0.1203
-0.4603 0.3314
0.7309 -0.9414
-0.2095 -0.5880
0.0523 -0.0375
-1.3816 0.2360
-0.2751 0.0182
0.8735 0.3388
0.2694 0.0935
-0.0200 -0.9821
0.7018 -0.5180
0.0036 0.9016
-0.4051 0.7588
-0.0159 -0.0403
-0.0060 -0.0042
-0.0332 0.1302
0.0080 -0.0024
0.2975 0.0037
0.5105 -1.3975
2.0198 0.5933
-0.4299 0.8584
2.0375 0.2004
0.1999 0.0963
-1.5552 -1.1839
-0.4146 -0.8464
0.1253 0.0501
0.4779 -0.8432
0.1004 -0.4708
0.0949 0.2452
0.1441 -0.9108
0.6682 -0.1565
-0.0503 -0.0024
-0.7579 0.3887
-0.3272 0.5329
0.0664 -0.2112
0.4860 -0.8348
0.0532 0.1760
0.1544 0.0454
0.0608 0.2321
0.1429 -0.8416
-0.5665 0.5733
0.7311 -0.1709
-0.4579 0.2225
0.1349 0.0925
0.1634 -0.0668
-0.3735 -0.4291
-0.0305 -0.5305
0.9896 -0.0540
-0.9639 1.2927
0.2252 0.9591
0.5258 -0.4449
0.1449 -0.0299
-0.0182 -0.0455
-0.0718 -0.0907
-0.8855 -0.1996
0.0181 0.0006
0.4230 -0.0897
0.0665 0.2863
-0.0839 -0.5321
-0.0276 0.5162
-0.5238 -0.0447
0.3502 -0.2717
-0.1024 0.4273
-0.1210 -0.5075
0.5284 0.2679
-0.1274 -0.2002
-0.4709 0.2302
0.8380 0.1146
-0.4671 -0.2124
0.0578 -0.5612
0.1353 0.3164
0.4857 -0.2224
-0.4154 -0.2928
0.4442 -0.0816
-0.0917 -0.2955
0.6801 0.0427
-0.2783 0.0306
0.5875 -0.5033
-0.1669 -0.0823
0.1437 -0.0988
-0.2384 0.4148
0.0423 -0.2579
-0.0545 -0.4908
-0.0926 1.3571
-0.3041 -0.3926
0.7041 -0.0907
0.2233 0.4758
-0.3025 0.0799
0.1702 -0.6252
0.6201 0.2846
0.2207 0.2832
0.4337 0.4171
0.0677 -0.2178
-0.0441 0.2215
0.1947 0.0290
0.2018 0.7396
0.3512 0.6543
-0.1557 0.3135
0.7364 0.4583
0.5399 0.2523
0.1576 -0.0746
-0.0080 -0.0308
0.6148 -0.5397
0.1801 0.4272
0.3191 -0.6358
0.5334 -0.3586
-0.0041 1.0606
0.3869 -0.6279
0.1561 -0.9066
-0.5704 0.0850
-0.1384 -0.0884
0.3216 -0.0989
-0.4486 -0.5669
0.3254 0.5755
-0.3185 0.3711
-0.0100 0.0030
0.1386 -0.1695
-0.3368 0.0822
-0.5159 0.5500
0.1708 -0.2765
0.7475 0.2840
-0.7781 -0.1800
-0.0092 0.0529
0.8450 -0.3761
-0.6220 0.0909
0.4017 -0.3799
-0.5296 0.5716
-0.4304 -0.2086
-0.3985 -0.6990
0.0003 -0.0006
0.8554 0.3086
-0.5680 0.0345
-0.0473 -0.2813
-0.1761 -0.6662
0.0995 0.1103
0.1224 0.1261
0.3885 0.4134
-0.0812 -0.2260
0.6603 0.3150
-0.6014 0.0833
-0.1925 -0.8845
-0.3440 -0.0531
0.6272 0.5956
0.4306 0.2293
0.1212 -0.3305
0.1538 0.5077
0.0809 0.3217
-0.2596 -0.1191
0.9516 0.2185
-0.3571 -0.5802
-0.4287 0.3226
0.1615 -0.1368
-0.7395 -0.4967
0.2020 0.7249
-0.2895 -0.2167
0.5160 -0.6329
-0.0488 0.5785
0.1811 -0.5759
-0.2891 0.7622
-0.4314 -0.3958
0.5206 -0.1759
-0.3238 0.4071
0.7040 -0.1836
-0.0028 0.7363
-0.1752 0.2274
0.0612 -0.5497
0.6665 -0.4706
-0.3711 -0.4180
-0.3823 -0.2904
0.4120 -0.4406
-0.2607 0.3464
0.0268 0.0820
-0.0694 0.2392
-0.0112 0.0101
-0.8585 0.2767
0.9914 0.1080
-0.5788 -0.5027
-0.1153 0.4786
0.0660 0.2130
-0.3851 0.2964
0.7291 0.5720
-0.4153 -0.7912
