0.3013 0.1377 -0.9057
0.0491 0.1331 -0.2489
-0.0072 -0.1158 -0.2450
-0.0488 -0.0619 0.8733
-0.6304 0.4815 -0.6079
0.3958 -0.1787 -0.9801
-0.0211 -0.4448 0.1405
-0.2372 0.0049 -0.2529
0.3456 0.1356 0.9020
0.5870 0.0252 0.4666
0.2833 -0.7496 -0.1701
0.0542 -0.0202 -0.6881
0.0004 0.0030 -0.0057
-0.2042 -0.0329 -0.0949
-0.1269 -0.0172 0.5009
0.3257 -0.3533 -0.4103
-0.1925 0.9060 -0.7142
-0.0105 -0.0002 0.2395
0.2972 0.1466 0.1870
0.0483 -0.1791 -0.4319
-0.0151 -0.0551 0.3269
-1.1213 0.2486 -0.1528
-0.0399 0.0353 0.0782
-0.4664 0.2696 -0.6841
-0.0791 0.3343 -0.0375
-0.4253 -0.2595 -0.4130
0.0123 -0.4143 -0.1124
-0.3890 0.4320 -0.3653
-0.2622 -0.3994 0.1465
0.0150 0.1517 -0.2439
0.0982 -0.4705 0.3586
-0.0426 -0.0267 -0.0428
0.7855 -0.5135 -0.4868
0.3467 0.0912 1.0888
0.0716 0.1014 0.0109
-0.0053 -0.2542 -0.0444
0.1920 0.1641 0.1854
0.0689 0.0878 -0.3517
-0.2803 -0.0676 -0.0399
0.0627 0.0552 0.3298
-0.3858 0.0330 0.0977
0.1135 0.1125 1.0545
-0.2165 0.0147 -0.8386
-0.0252 -0.1651 0.6103
0.0655 0.0140 -0.0843
0.0136 0.1902 0.0820
-0.0027 0.0067 -0.4283
0.6581 0.0641 -0.0934
0.5928 -0.0829 -0.9572
-0.0757 -0.0666 -0.3991
