0.0446 -0.0027 0.0446
-0.1230 -0.0000 0.0162
-0.2550 -0.3461 -0.3809
0.0620 0.1211 0.1309
-0.0164 0.1293 -0.1339
0.0647 0.0432 0.0027
0.4455 0.3925 0.3277
-0.6105 -0.0684 0.0507
0.1572 0.0570 -0.6558
-0.1361 -0.0085 -0.6008
0.5391 0.1018 0.0681
0.0043 -0.2102 -0.7531
-0.0035 -0.0671 0.8013
0.1236 0.1638 -0.0002
0.6578 -0.5182 0.0950
-0.0275 -0.0099 -0.2383
0.6045 -0.1482 -0.3726
-0.1446 -0.0738 -0.8867
-0.4536 0.2300 0.0821
-0.0164 -0.0101 0.2334
0.0953 0.3872 0.0351
0.4711 -0.4990 0.4074
0.7890 -0.5915 0.0671
-0.0498 0.0626 -0.3847
-0.4863 -0.4646 -0.4857
0.0717 0.2647 -0.9225
-0.4787 -0.4086 0.2152
0.0243 -0.0144 0.0877
0.1147 0.0196 0.8649
0.0253 -0.0868 -0.0426
0.0053 -0.3871 0.6729
-0.0889 0.0619 -0.1360
-0.0359 -0.2783 0.1050
0.0748 0.2264 -0.8904
-0.0479 0.2290 -0.5778
-0.2698 0.0811 0.7133
0.0388 -0.1153 -0.0798
0.0263 0.1671 0.0826
-0.4750 -0.5373 -0.2952
0.0615 0.0337 0.0351
0.2476 -0.2520 -0.7882
0.1143 -0.5465 -0.1510
-0.5363 0.5776 -0.1735
0.0189 0.0176 -0.0884
0.1726 0.1717 0.6789
0.0261 -0.0407 0.1352
0.1038 0.7573 -0.4020
-0.4551 -0.0486 0.1109
-0.0546 -0.5958 -0.5529
-0.5096 -0.8371 -0.1327
3.5856 -0.0635 0.0911
3.5580 0.0047 -0.0057
3.3205 0.1123 -0.3994
3.3482 -0.1112 0.2842
3.6511 -0.0974 -0.2185
3.2782 0.3592 -0.3659
3.4421 -0.0056 -0.6284
3.3329 -0.7505 0.0330
3.5312 -0.0624 -0.9200
3.3831 -0.0579 0.9779
3.3226 0.2407 0.2883
3.5132 0.0036 -0.0040
4.0232 0.5130 -0.3796
3.5645 0.0353 0.0222
3.4002 -0.1178 0.8170
3.4440 -0.1032 -0.5315
3.1504 0.1048 0.7137
3.0048 -0.5355 0.5454
3.4828 -0.0446 -0.4217
3.5537 -0.0223 0.2402
3.9905 0.5899 0.2136
3.3990 0.1253 0.1537
3.4999 0.0003 -0.1951
3.3940 -0.0949 0.3005
4.1278 -0.2557 0.0264
3.7142 -0.0750 -0.0065
3.8498 0.3771 0.4572
3.6653 -0.1194 -0.1550
3.4819 -0.0359 0.0319
3.9102 -0.1668 -0.5657
3.8637 -0.0362 -0.5582
3.2387 -0.2056 0.8170
3.7598 -0.0202 -0.3004
4.1474 -0.4739 0.1945
3.6943 0.4593 -0.6243
3.5216 0.0286 0.0402
3.5621 0.0161 -0.1922
3.4486 0.1163 0.0084
3.3687 -0.0010 0.3969
3.4970 -0.1913 0.4205
3.2160 0.2207 -0.4761
3.4380 -0.3124 0.2732
3.4422 -0.0867 0.0538
3.6549 0.1450 -0.1196
3.6769 0.1326 0.2913
3.5739 0.0498 0.7587
3.6824 0.1476 0.2226
3.6640 0.0605 0.0236
3.5707 -0.5238 0.3707
3.6205 -0.0550 -0.1961
