-0.1358 -0.2770 -0.4751
0.0215 0.0041 -0.0198
-0.2541 0.8905 -0.1682
0.1131 0.6197 0.1607
0.1723 0.1634 0.0401
0.3171 0.2121 0.5747
0.2084 0.1826 0.0675
0.7067 -0.0130 0.1566
0.0115 0.0030 -0.1056
0.0612 0.1462 0.2229
0.3371 -0.1334 0.3751
-1.0520 0.4514 -0.2349
0.0991 0.1449 0.1280
-0.0311 -0.1606 0.3129
0.9556 0.0597 -0.1348
0.0120 0.0903 0.7548
0.4248 0.5648 -0.3936
-0.7799 -0.1033 -0.0999
-0.0616 -0.0373 -0.6339
0.3779 0.3527 -0.4516
0.0804 0.1309 -0.8825
-0.2882 0.2794 -0.4972
-0.0512 -0.1813 0.1833
-0.0060 -0.0181 -0.2245
-0.2433 0.0995 0.1491
-0.3034 0.1613 0.0653
0.2079 0.0938 -0.2381
-0.7126 -0.1682 0.0187
-0.3484 -0.0490 -0.1734
0.0199 -0.5872 0.0910
0.2913 1.3104 1.0395
0.3636 0.6006 0.1826
0.5259 -0.1323 0.0178
-0.2310 0.3712 -0.5914
0.0019 -0.0159 0.1139
-0.0014 -0.0031 0.0348
0.2542 -0.0736 0.4233
-0.0916 -0.0457 0.0292
0.5971 -0.1985 -0.4568
-0.0533 -0.0202 0.5207
