-0.1169 0.0460 0.0085
0.1201 0.0110 0.3238
-0.3887 0.4116 -0.1621
-0.1788 -0.1088 -0.0923
-0.0003 -0.0003 -0.1725
0.0370 -0.1586 0.4508
0.1066 0.1341 0.1251
-0.1487 -0.1039 -0.3410
0.1875 0.1657 -0.2797
0.0166 0.1523 0.2238
-0.0544 -0.2673 0.0555
1.3402 0.6737 -0.9860
0.0331 0.0013 0.1902
0.4471 -0.4886 0.2101
-0.7974 -0.0006 -0.1464
0.2625 0.3193 -0.6571
0.3680 -0.0313 -0.8869
-0.0358 -0.2462 0.0089
-0.6104 -0.1326 -1.0756
-0.4481 0.0960 0.3411
-0.0534 -0.0230 0.0423
-0.1518 0.3048 0.8961
0.0173 0.3119 0.3201
-0.3470 0.7788 -0.2260
-0.5324 -0.1884 0.2896
-3.0261 -0.2393 -0.7686
0.5693 0.1348 0.2701
0.5149 -0.2520 0.2209
0.0222 -0.1127 0.1625
-0.0081 -0.0109 0.0311
-0.3170 -0.6034 0.3227
0.0273 0.1693 0.0045
0.0028 -0.0221 0.0076
0.0129 -0.0734 -0.0689
0.3651 -0.0507 -0.2483
-0.2880 0.2464 -0.3156
-0.0063 0.0301 0.1207
-0.0046 0.0006 0.0012
0.0413 -0.2315 0.1458
0.0496 0.2300 -0.1407
0.0498 0.4493 -0.2505
-0.6037 -0.2040 -0.2572
-0.2317 0.0962 0.5384
0.1411 0.0490 0.5449
-0.0119 0.0421 -0.0114
-0.1413 0.1930 -0.5114
0.0285 -0.2288 -0.8423
0.1988 0.0304 -0.1973
0.0321 0.3526 -1.0215
0.1937 1.9003 -0.6406
-2.7925 1.2707 1.9737
0.0360 -0.0196 0.3128
0.0019 -0.0270 0.4957
-0.5452 -0.0056 0.3015
-0.0511 -0.0178 -0.0313
0.1045 0.1121 0.5733
-0.1470 -0.1643 -0.4556
-0.0125 -0.0763 -0.5038
0.4662 0.5232 -0.2893
0.2032 0.1380 0.4581
-0.3945 0.7108 0.3036
0.0097 -0.0159 0.3114
-0.0751 0.1990 0.9100
-0.2244 0.1502 -0.2382
-0.2010 0.1271 0.1398
-0.0415 -0.2478 -0.1752
0.2135 -0.3256 -0.7550
-0.0072 -0.0099 -0.8410
0.0052 -0.0108 -0.6669
0.0088 0.0365 0.0747
0.5786 -0.1574 -0.2202
0.1419 0.1925 -0.4412
-0.0348 -0.4753 -0.6295
0.0081 0.1046 -0.3120
-0.1406 -0.0999 -0.5994
-0.5257 -0.0350 0.6978
-0.0989 -0.5354 0.1112
-3.4735 -0.4637 -0.6378
0.1378 -0.4281 -0.3550
-0.5434 -0.7673 -0.1418
0.1119 0.2200 -0.0375
-0.0194 -0.0079 -0.0262
-0.4918 0.0480 -1.1392
-0.1741 -0.0284 0.2381
-0.1397 0.0886 -0.1839
-0.4775 -0.2472 0.6618
-0.5349 -1.3478 -2.2696
0.0135 0.3406 -0.9267
-0.0186 0.0056 -0.4284
-1.0172 -2.0187 -1.3044
-0.0618 0.1250 0.7869
0.4010 -0.1508 0.8692
-1.4375 -2.0590 -0.7660
0.5992 -0.0719 0.5619
0.1197 -0.0240 -0.1069
0.2372 -0.2701 0.3583
0.1983 0.0342 0.7300
-0.1356 0.0635 0.8629
-0.4459 0.5269 0.7151
0.0731 -0.2899 0.2732
-0.0139 0.0420 -0.1854
-0.0109 0.0470 0.0793
1.2328 -0.2882 -0.0248
-0.1280 -0.0004 -0.5194
3.3860 0.1390 0.4083
0.5390 0.5571 0.4552
0.1221 0.2228 -0.0582
-0.5178 -0.3939 -0.2124
0.5463 -0.1260 -0.1848
-1.2442 0.3818 0.8048
-0.2374 -0.6556 -1.8463
0.0213 0.1036 0.6621
-0.7051 0.5816 -0.1529
0.2902 -0.1824 -0.0122
0.2941 -0.1366 -0.1129
0.0258 -0.0387 0.0284
-0.1344 -0.5376 0.0981
-0.0473 0.2865 0.0943
0.0092 0.0435 0.0977
-0.0324 0.0046 0.1327
-0.0808 -0.0088 -0.1105
0.6807 0.3200 -0.9015
-2.0374 2.1096 -1.6851
0.1333 0.0201 -0.1676
0.2010 0.3093 -0.8630
0.0056 -0.0008 0.0790
-0.0078 0.0053 0.0208
-0.1043 -0.1672 0.4271
0.3278 0.0301 0.3869
0.0927 0.2029 -0.0397
-0.0746 0.1744 0.8572
0.5150 -0.0158 -0.3717
0.2019 -0.3131 -0.8790
-0.7783 -0.0490 -2.7409
2.0146 -0.2558 0.7827
0.0848 -0.0708 0.7569
-0.0025 -0.0002 -0.1109
0.5251 -0.5682 0.5975
0.0573 -1.4918 -2.3432
-0.5235 0.3226 0.5536
-0.0113 0.0212 -0.1160
0.0727 0.1654 -0.3785
0.0947 0.3005 -0.4544
2.6332 -2.2519 0.8633
0.2296 -0.0281 -0.2391
-0.2649 -0.2977 0.7325
0.1216 -0.0915 0.2231
-0.0454 -0.0444 0.6877
0.0698 0.3768 -0.2080
0.9455 1.3997 -2.7795
0.0490 -0.2483 -0.0281
-1.5054 0.1844 0.1075
0.0023 0.0143 -0.0877
-2.0842 1.9213 1.7731
0.0242 -0.0007 -0.0298
0.2256 0.0377 0.0362
0.1597 0.0789 -0.0349
0.0091 -0.0199 0.8950
0.2762 -0.3828 0.1716
0.0079 0.0738 0.0607
-0.1325 -0.9190 0.3395
-0.0949 -0.1530 -0.2935
0.5385 0.0012 0.4465
-0.3483 -0.1811 0.6363
0.0585 -0.4721 -0.8050
-0.0398 3.5559 0.9197
-0.0050 -0.0142 0.0769
-1.2903 -0.4322 2.0015
-0.0672 0.2023 -0.4594
0.0625 0.3608 0.7861
-1.4243 0.4135 -3.0206
1.2172 1.1218 1.3274
0.3006 -0.3512 0.4402
0.2795 0.0993 -1.1784
0.2763 0.5409 -0.2498
0.0562 0.0961 0.9086
0.3613 -0.4242 0.1318
-0.2545 -0.2123 0.5912
0.0795 -0.0766 0.1098
0.2284 -0.1976 -0.8041
0.0040 0.0065 -0.0070
-1.0577 -0.1491 1.2887
-0.2605 0.8542 0.3896
0.1583 -0.1944 0.2166
0.4648 -0.0231 0.3598
-0.1326 -0.0730 3.3884
0.0392 0.1682 -0.4650
1.0144 1.8048 2.1563
0.0414 0.3608 -0.3423
-0.1487 -0.0472 -0.0671
0.0806 0.0388 0.1575
-0.0041 -0.5950 -0.6068
0.0787 0.0161 0.0840
-0.1419 -0.4680 -0.7196
0.4191 -0.6954 -0.2300
-0.3715 -0.3587 3.1464
-0.0033 0.0514 0.0332
-0.6746 0.2478 -0.0069
0.1541 0.1327 0.0477
-0.2795 -0.4219 0.1091
-0.2882 -0.1225 -0.4096
-0.1833 -0.2070 0.1084
0.0084 -0.0168 -0.0440
-0.5520 0.2592 0.3364
0.1390 -0.4123 -0.1843
-0.4409 -0.0061 -0.3571
-0.1539 -0.5913 -0.5776
0.3702 0.0891 0.2279
0.1104 0.1438 0.3132
0.0770 -0.1600 -0.5824
0.0931 -0.1289 0.1255
-0.1378 0.0676 0.2835
0.0906 0.1655 -0.3020
0.1528 0.1346 -0.8402
0.1542 -0.0726 0.5316
0.0461 0.0836 0.9742
0.4909 -0.2276 -1.4922
0.2932 -0.4554 -0.2423
0.0215 0.0274 0.3671
0.0594 0.0064 -0.8808
0.3771 -0.1405 -0.2791
0.1004 0.1565 -0.0171
-0.0756 -0.0879 -0.0328
0.1552 0.0138 -0.5043
-0.1624 0.2864 0.3612
0.0742 -0.0063 0.1205
-0.0072 0.5487 -0.0831
-0.0978 0.0943 -0.5203
0.1541 -0.1905 0.1211
0.7797 -0.5899 -0.1343
-0.0116 -0.1967 -0.0335
1.2564 -2.5189 -1.8692
-0.2058 0.6198 0.3403
0.1568 -0.0425 -0.6288
0.0773 -0.0579 0.5276
-0.0341 -0.0199 0.8954
0.2620 -0.4562 -0.1325
-0.0002 -0.0340 0.2242
0.0607 0.0091 -0.8307
-0.4665 0.6267 -0.3846
-0.3673 0.2681 -0.4932
0.0124 0.1279 0.1434
0.0062 -0.0554 0.2479
0.0115 -0.1214 -0.2321
-1.3122 0.2751 0.8140
1.8475 1.4833 -2.6902
0.2811 -0.3254 0.7160
0.4174 -0.4705 0.6179
-0.1778 -0.0712 -0.0504
0.2158 -0.5837 -0.7596
-0.0326 0.2003 -0.3974
0.0837 -0.0200 0.3370
0.0077 -0.0019 0.0903
-0.5274 0.0883 0.2769
0.0072 0.2099 0.2799
-1.6027 0.6537 0.2777
0.1575 -0.1508 0.0133
-0.4090 0.6715 0.5233
-0.0052 -0.0051 -0.0453
0.3512 -0.3116 0.7201
-0.9268 -0.1806 -0.1451
1.3400 1.8369 0.7313
-0.0932 -0.2560 -0.8405
3.2394 0.8398 -0.7253
0.4942 0.0411 -0.6457
-0.1569 -0.1068 -0.8613
0.5212 -0.3034 0.2276
-0.3265 0.1001 0.2277
0.5156 -0.0450 0.2511
0.0100 -0.0792 0.1620
-0.0273 -0.5121 -0.1147
0.7487 -0.1282 0.2346
0.2279 -0.1562 0.7340
0.5495 -0.2131 0.1505
1.9368 0.1733 2.2261
0.1362 0.1876 -0.6323
0.3430 0.2981 -0.0756
1.5536 -0.0713 -1.3746
-0.0454 0.0660 0.6622
0.6127 0.0427 -0.2113
-0.7202 -0.0369 -0.3752
-0.1213 0.0355 0.0834
-0.1035 -0.1222 1.5720
0.1076 0.2892 0.5158
0.4996 0.4038 0.4066
-0.0505 -0.0259 0.4524
0.6761 -0.2966 0.1014
0.0312 0.0819 0.6047
-0.1920 0.1997 0.4334
0.2603 -0.5610 -0.7528
-0.3628 0.7307 -0.0735
-0.1186 0.2908 0.5858
-1.1773 -2.4030 -0.3307
0.5050 0.5567 -0.0994
0.0279 0.1117 0.1442
0.0051 0.0025 0.0906
0.0101 -0.0377 -0.3976
0.2461 0.2721 -0.2359
0.0176 0.0084 0.0020
-0.4819 -0.4451 0.5694
0.1768 0.0989 0.2998
0.0340 0.2647 1.2406
0.1140 0.0982 0.5717
-0.2112 0.0570 0.0890
-0.7422 -2.3753 0.1183
-0.1754 0.0353 -0.3020
0.6139 0.7014 -3.0729
-0.2196 0.3851 0.6651
0.0806 0.3020 0.0184
0.1503 0.0040 0.4207
0.0158 -0.0387 0.1714
-1.0781 2.1407 2.5487
0.2741 -0.3894 0.2835
-0.1114 0.0928 0.2123
0.3427 -0.1486 -0.1415
0.5107 -0.2661 -0.2758
-0.1313 0.0177 -0.2935
-0.0082 0.0152 -0.0257
-2.2703 0.7672 -0.5876
-0.1621 0.8654 -0.3242
0.0183 -0.0112 -0.0404
-0.1992 -0.0589 -0.2123
0.0424 -0.4457 -0.3939
-0.4147 -0.5190 0.4463
0.0208 0.0692 -0.0946
-0.0179 -0.0576 -0.0759
2.3392 0.9324 -0.2075
0.3312 -0.3220 0.3735
0.1733 0.0207 -0.1642
0.7063 -0.0605 0.4774
0.3100 -0.3376 0.2343
0.3925 1.3736 -0.7869
0.0775 -0.6810 1.8777
-1.5171 -0.5058 -1.1972
0.3340 0.0647 0.1033
0.3554 -0.2798 -0.0335
-0.3028 0.0254 0.3106
0.0008 0.0001 0.0031
-0.0178 0.3271 0.4334
0.1950 -0.0185 0.1599
0.1261 0.6920 -0.6326
0.0014 0.0123 0.0448
-0.2215 -0.2636 0.1331
-0.6848 -0.1237 -0.2636
-1.0252 -1.0774 -2.7518
0.5423 0.2958 -0.5219
0.2847 0.2585 0.0483
0.1429 -0.0811 -0.7544
0.1535 0.5222 0.2309
0.0111 -0.1316 0.6735
1.3248 -0.3086 0.8422
-0.5274 -0.2234 -0.4554
0.0420 0.1422 0.4809
-0.3356 -0.1235 0.8586
0.0049 -0.0203 0.4850
-0.0119 -0.0179 0.0179
-0.1297 0.4893 0.5312
0.0573 -0.0119 -0.1513
0.8222 -0.2281 -0.1458
-0.6152 -0.0506 -0.0394
-0.0280 -0.0258 0.0111
0.2584 -1.0265 0.4567
-0.2424 -1.1899 0.9118
0.0307 0.1496 -0.6692
-0.4542 0.4574 -2.6452
-0.1678 -0.4985 -0.1292
-0.2392 -0.1976 -0.3656
0.1256 -0.1826 -0.1487
0.0987 0.2662 0.1667
0.6781 -0.0323 0.5230
0.0914 0.0494 -0.2797
-0.0248 -0.1301 -0.0743
0.0884 0.1609 -0.0620
-0.0285 -0.0735 0.6097
-0.8339 0.1639 -0.1470
0.0179 0.0253 0.0779
0.0349 0.2067 0.6068
-0.4888 -0.3264 -0.0011
0.2995 -0.2381 0.6205
0.1502 0.2877 0.4684
-0.0611 -0.0521 -0.4985
-1.6048 -0.2859 -0.6012
-0.0084 0.1614 -0.5381
0.0840 0.4432 -2.7942
0.1050 -0.1243 0.0993
-0.0041 0.0143 0.1756
-0.0472 -0.0481 -0.1090
0.6907 0.0891 -0.5457
-0.1294 0.1358 -0.0951
0.0993 0.0976 -0.0892
-0.6957 -0.5500 0.1444
2.4350 0.4880 -0.1612
0.6740 0.0641 0.4226
-0.0335 -0.0190 0.0295
-0.2191 -0.1045 -0.7700
0.0285 -0.1067 -0.9246
-0.0974 -0.2272 0.6234
0.1128 0.1178 -0.4976
0.0039 0.0050 0.0162
1.1122 1.4777 -1.7946
-0.0324 0.0440 0.4979
-0.1344 -0.4984 -0.2808
0.0148 -0.1535 0.0909
-0.5245 -0.3691 0.4547
-0.9690 2.3449 -0.1503
0.0050 0.0006 0.1849
-0.0003 0.0021 -0.3879
0.4569 -0.2707 -0.0647
-0.1745 -0.6565 -0.7199
1.8067 2.9186 -1.1991
-0.2619 -0.1759 -0.6844
-0.5922 -1.6580 -2.2327
2.0842 -1.0658 2.1624
-0.0005 0.0008 0.0821
0.1211 0.2423 0.5324
-0.1942 -0.1184 -0.6317
0.1255 0.4587 -0.6224
0.1420 0.0831 0.3006
0.0569 -0.0580 0.2714
0.3912 0.2933 0.8456
0.3351 -0.0889 -0.7491
-0.2324 -0.0253 0.0818
-0.1159 -0.1869 -0.3381
0.1399 -0.0714 0.1428
-0.2569 0.4453 0.2356
-0.3096 0.0105 0.2010
-0.0313 0.0272 -0.3029
-0.4304 -0.0856 0.3380
-0.0736 -0.4276 -0.2151
-0.2715 0.0730 -0.0859
-0.6792 0.0114 -0.5351
0.2814 0.2629 -0.3630
-0.4880 -0.0781 0.1817
-0.3667 -0.6050 -0.4752
-0.0860 0.1867 -0.1078
0.1157 0.0154 -0.0121
-0.0706 0.0800 -0.0905
0.0199 0.5798 -0.3116
0.8194 0.2159 0.0846
0.7051 -0.1034 2.6542
0.0274 0.0321 -0.1721
-0.4915 -1.3230 -1.3689
0.4646 0.3446 0.2662
-0.0356 -0.1104 -0.6852
0.3661 0.2303 -0.8300
2.0018 0.3025 2.6015
-0.1208 -0.0129 -0.8570
0.0583 -0.0232 -0.1268
-0.0213 -0.0055 0.3464
-0.0195 -0.0284 -0.1662
-0.4303 -0.4580 0.4945
-0.1553 -0.1602 -0.5431
0.2283 0.1391 2.0825
-1.7834 0.3199 -0.1212
0.7525 -0.1732 -0.4662
0.1584 -0.2633 -0.5252
0.0763 -0.3769 0.2262
-0.4020 0.1052 -0.1231
0.3877 -0.2786 -0.3734
0.0247 0.0285 0.1432
-0.3951 -0.1934 0.1260
-0.0076 0.1013 -0.4674
0.0595 -0.0732 0.0440
0.3178 0.1418 -0.4531
1.9326 -1.4269 1.1982
-0.3340 0.3333 -0.3061
1.6784 -2.3818 2.1526
0.4216 -0.4221 -0.3442
0.5470 -0.5792 0.1588
0.1133 -0.0911 0.6996
1.7322 2.1582 -0.4129
0.0219 0.1875 0.4918
-0.0396 0.0353 0.1228
0.0304 -0.0890 -0.7691
0.1354 0.1024 0.0424
-0.0760 -0.8777 0.3421
-0.2140 -0.1897 -0.6301
-0.3956 0.6366 -0.3840
-0.0965 -0.0866 0.0755
-0.3512 -0.3245 0.7095
-0.1622 0.3191 0.6217
-0.2626 -0.0110 -0.1904
0.1058 -0.7187 0.1010
-0.0195 0.0115 0.0138
0.4879 0.3886 0.3847
0.4825 0.0342 0.1448
-0.0857 -0.0181 0.2092
-0.4163 -0.2343 -0.1980
0.0142 0.0558 0.4712
-0.0075 0.0472 0.6677
2.0714 -1.4805 0.7871
0.3382 0.0717 0.8023
0.3039 -0.5339 -0.7316
-0.3624 0.2105 -0.0943
0.2262 0.2081 0.9130
0.0431 -0.1103 -0.1212
-0.0690 -0.0971 -0.2087
0.3811 0.3804 -0.6891
-0.0002 -0.0120 0.0893
0.0506 0.1686 -0.9077
