0.1210 -0.2654 -1.9412
-0.0478 0.0111 0.2021
0.0135 0.0003 0.1284
0.0465 0.8203 -0.1716
-0.5134 -0.1782 -0.6907
0.0152 0.5070 0.2058
2.2369 2.3662 -2.3200
-0.3477 -0.0595 -0.6779
-0.7373 -0.5195 -0.2776
0.2112 -0.1430 0.0813
0.7930 -2.2279 2.3494
0.0875 -0.2049 0.4473
0.1071 0.0739 0.1976
-0.4699 -0.1514 0.8646
0.0149 -0.0245 -0.4878
0.4761 0.0860 0.3225
0.0374 -0.0477 -0.2418
-0.4395 -0.2515 0.1947
0.0872 -0.1792 -0.3962
0.0005 -0.0465 -0.2330
-0.1584 -0.0702 -0.7589
0.0140 -0.0251 -0.0465
-0.0195 -0.0155 0.1273
0.4437 -0.2795 0.5582
-0.0229 0.0088 0.6171
0.3704 0.1767 0.3987
-0.3497 -0.6838 0.4255
-0.0369 -0.1205 0.0224
0.0180 -0.1221 -0.0865
-0.0843 -0.5454 -0.6195
-0.2257 0.0770 0.5853
0.0949 -0.1216 -0.0796
-0.1652 0.6567 -0.6540
-0.2145 0.1835 0.5973
-0.1017 -0.1754 -0.2243
0.0653 0.2787 -0.4744
-0.1075 0.1416 -0.2884
-0.0201 -0.0036 0.1451
0.0694 0.1876 0.1260
0.0168 -0.0035 -0.4073
0.1577 0.4483 -0.3842
0.6904 -0.0184 -0.6103
0.0481 0.0784 0.3792
-0.1145 0.1597 -0.0066
-0.0585 -0.2300 -0.4465
-0.3315 0.4141 0.0690
-0.0018 0.2055 0.3320
0.1580 -0.0989 0.0816
-0.1711 0.1220 0.4664
0.2410 0.2895 -0.0377
0.1031 -0.1458 -0.2094
-0.3845 -0.4405 -0.2530
-0.0569 -0.0511 -0.1767
-0.2880 -0.4433 -0.1626
-0.5225 0.7997 -0.1049
0.0145 -0.0096 0.0054
0.3571 -0.1211 -0.1985
0.1871 0.1482 0.1064
-0.0985 -0.0044 -0.3130
-0.2834 -0.0347 -0.1378
-0.1478 0.1138 0.0300
2.0315 -1.3397 2.7629
-0.4308 -0.3097 -0.4201
0.1810 0.2050 -0.0473
0.5141 0.3186 -0.4157
-0.1453 -0.0660 -0.0583
-0.0497 0.0701 0.1572
-0.2049 0.0902 -0.4041
-0.0015 -0.1729 -0.0105
0.0045 -0.2449 -0.1854
-0.1808 -0.3417 -0.0224
0.0903 0.0510 0.1214
0.0342 0.0541 -0.6817
-0.2878 0.5172 0.6012
0.0259 -0.0008 0.1219
0.0948 0.3852 0.1107
0.2364 0.3319 -0.2979
0.4115 -0.0774 0.4311
0.2600 -0.1797 -0.5044
0.3220 -0.3772 0.0721
-0.0269 -0.0553 0.0059
-0.2379 -0.0676 -0.3087
-0.0658 -0.4273 -0.6741
0.4246 0.3063 -0.2371
-0.1507 -0.0452 -0.6292
-0.1135 0.0244 -0.2063
-0.1032 -0.2283 0.1954
0.0374 -0.2938 0.1121
-0.2909 -0.0308 -0.2168
0.1868 0.1571 0.2004
0.1072 -0.0941 0.7431
-0.0299 -0.0292 -0.0171
0.1373 -0.0957 -0.2536
0.0466 -0.0500 -0.3417
-0.4421 0.7569 -0.0336
-1.3664 -1.1584 0.8093
0.6388 0.4134 0.3379
0.1317 0.3099 -0.4745
0.0221 -0.3514 -0.5667
-0.0291 0.2294 0.1250
-0.0290 -0.4100 0.1144
-0.3053 -0.0639 0.1772
-0.2802 0.0335 0.7761
0.0985 0.0701 -0.2737
-0.1971 -0.2717 0.1096
0.4150 0.4435 -0.5864
0.0311 -0.0258 -0.1305
-0.5733 0.1155 0.3908
0.2131 -0.5628 0.1195
0.3664 -0.1073 -0.2891
0.0942 -0.0676 0.1966
0.0450 -0.0109 -0.3375
0.6158 -0.5608 4.0103
0.0164 0.0168 -0.0480
-0.6721 -0.4383 0.5025
0.2524 0.0180 0.3132
0.0554 0.0448 0.6671
0.1433 0.4046 0.2534
0.0942 0.4259 0.1227
0.1268 0.0569 -0.5189
0.0507 0.0867 -0.0154
-0.4205 -0.2529 0.5432
0.1047 0.2663 -0.0924
-0.5120 0.7387 0.0390
0.7939 0.0684 -0.1853
0.5202 0.2931 -0.4010
-0.3017 0.0401 0.1796
-0.0366 -0.0438 0.3038
0.4034 -0.5990 0.2403
-0.0246 0.0053 -0.5678
-0.0980 -0.1133 0.8567
-2.2606 1.7897 0.9560
0.1442 -0.3171 -0.3831
0.0200 0.2533 0.2314
-0.1667 -0.5467 -0.0204
-0.1828 0.0210 0.1185
0.1452 -0.1274 0.1569
0.0025 -0.0249 -0.3686
0.1060 0.3865 0.2800
-0.0492 0.3490 -0.5339
0.1992 -0.4368 -0.0261
-0.0062 0.2958 0.0404
-0.0760 -0.8205 0.3856
-0.1130 -0.2092 -0.4653
-0.0078 -0.3096 -0.2022
0.2032 -0.2581 -0.0096
-0.0894 0.6483 -0.2203
1.1949 -0.5789 -0.3859
0.2772 -0.2007 0.3962
0.1888 -0.2784 0.7331
0.0582 0.0338 0.1536
0.5009 -0.0491 -0.0538
-0.0358 0.0562 0.2646
0.3983 0.5499 0.6375
0.2559 0.0547 -0.0969
-0.0738 -0.0229 -0.8516
0.2577 -0.5203 0.0028
0.1384 0.7330 -0.3819
0.1607 -0.1124 -0.1837
-0.0815 0.0172 0.0908
0.0169 -0.0152 0.2178
0.0366 0.1238 0.1903
-0.0443 0.4535 -0.0056
0.0919 -0.2280 -0.5819
0.4472 -0.1964 -0.7632
-0.5841 -0.2973 -0.6546
-0.7867 0.2053 0.5120
0.0267 0.2018 0.1395
0.2251 0.0443 -0.0759
0.1594 0.0391 0.1378
0.0403 -0.0288 -0.0373
0.3432 -0.2034 -0.0040
-0.2204 -0.0101 -0.4973
-0.0455 -0.0725 0.4135
0.1280 -0.0731 -0.0523
-0.1319 -0.6081 -0.2255
0.0973 0.5250 0.7253
-0.0170 0.0026 0.0958
0.0795 -0.7493 2.0040
0.0082 0.2394 -0.9007
-0.0819 -0.2863 0.1100
0.6409 0.1961 0.3845
-0.0254 0.0403 -0.0498
-0.7486 -0.0156 0.6094
-0.2271 0.2514 0.6106
0.1225 -0.8836 -0.1946
0.0138 0.0062 0.3853
0.2737 -1.7864 -1.4214
0.0095 0.0057 -0.0479
0.9075 0.2880 0.0346
0.2072 -0.0527 0.6366
-0.6710 -0.4613 -0.0871
-0.1431 -0.0867 -0.3784
-0.4192 -0.5527 -0.5338
-0.3822 0.2075 -0.1839
0.5931 0.1465 -0.0014
-0.0050 -0.0021 -0.0073
-0.0855 -0.0097 -0.0188
0.7227 0.0135 -0.2811
0.3619 -0.4124 0.2948
