-0.4415 0.8077 0.2159
0.1911 0.4033 0.4248
-0.4357 -0.1454 0.2595
0.2083 0.3386 0.5269
0.0372 0.0860 0.1476
-0.2072 -0.5861 -0.5629
0.0087 -0.0565 0.0086
0.0865 0.2515 0.4954
-0.1994 -0.0044 -0.9427
-0.0008 0.0001 -0.0653
0.1492 -0.2168 0.2622
-0.3816 0.4426 -0.4626
-0.1830 0.0202 0.1237
-0.0525 0.1178 0.7834
0.0356 0.0296 0.0307
-0.0500 -0.0726 0.0094
0.1819 -0.3830 0.2615
-0.0217 0.6326 0.4494
-0.7510 0.0867 -0.0967
-0.0199 0.0765 -0.7503
0.3495 -0.0847 0.1378
-0.1749 0.2623 0.5557
0.2369 0.1027 -0.5976
0.3502 0.5545 0.2107
0.0210 -0.0038 -0.2128
-0.0447 0.0109 -0.4002
0.8106 0.4542 0.2674
-0.1424 -0.0732 -0.1577
0.1028 0.3536 -0.0036
0.0140 0.2073 0.3672
0.1352 -0.0053 0.3337
-0.2213 0.0737 -0.2118
-0.0210 -0.1106 -0.9550
0.0604 0.4941 -0.3544
-0.4229 -0.2931 -0.0651
0.1909 -0.6279 -0.2646
-0.1369 0.4163 0.1198
0.0585 -0.0883 0.4671
-0.0169 -0.2092 -0.3791
-0.0216 0.0650 0.2572
0.0919 0.0663 0.0090
-0.1883 0.4741 -0.4133
0.2274 0.0335 0.3617
-0.1543 -0.1234 -0.3555
-0.5921 0.5288 -0.1002
0.5175 0.5497 0.4947
-0.0666 -0.0624 -0.0366
-0.0697 -0.2385 -0.0730
-0.0372 0.0125 0.0397
-0.2682 -0.6047 -0.2071
0.0036 0.0096 0.6711
0.1092 0.1898 0.9364
0.2183 -0.2780 0.6115
0.1729 0.2501 0.1082
0.0267 -0.0113 0.1609
-0.4798 -0.4101 -0.0554
-0.1101 0.1648 0.6171
-0.0363 0.0365 0.1351
-0.2990 0.8901 -0.0981
0.0785 0.3705 0.7749
0.0752 0.0300 0.0177
0.1557 -0.2012 -0.3195
-0.0098 0.0064 -0.0024
-0.0427 -0.0341 -0.3328
-0.0674 -0.0678 0.3045
0.2358 -0.8681 0.0763
-0.0014 0.0328 -0.1661
-0.2825 0.0710 0.4216
0.1382 -0.1170 0.5853
-0.2014 0.0446 0.0190
0.0045 0.0434 -0.8209
0.0114 -0.0134 -0.8250
-0.2828 0.3255 -0.0060
0.4213 -0.0080 0.4190
-0.1473 0.0047 0.1384
-0.1573 0.4424 0.6275
0.2181 0.1966 0.8536
-0.4368 -0.7412 0.2305
0.1267 -0.1070 0.7675
0.1255 0.0805 0.2667
-0.0451 -0.8766 0.3209
-0.0950 0.5152 -0.4009
-0.5166 0.4001 -0.0774
-0.0156 -0.0037 -0.0587
0.1554 -0.0845 -0.0117
-0.0667 0.1684 -0.0215
0.3488 -0.5297 -0.2246
-0.1532 0.0229 -0.3305
0.2205 0.5866 0.3915
0.0005 0.0022 -0.0078
-0.0955 -0.0468 -0.1116
0.0925 -0.0310 -0.0193
-0.0193 0.0988 0.0137
0.1740 0.1600 -0.3576
0.1405 0.5527 -0.0577
0.0649 0.2246 -0.2471
-0.2438 -0.3319 -0.5763
0.0004 -0.0180 -0.0588
-0.0137 -0.5167 0.0437
-0.1035 0.1500 -0.5656
4.5707 0.1869 -0.1513
4.5293 0.1093 -0.1036
4.5089 0.0783 -0.2965
4.5077 0.0005 -0.0415
3.8262 -0.2965 -0.2632
4.1398 -0.8071 -0.1143
4.9194 -0.3005 0.0610
4.4417 -0.1603 -0.8838
4.2977 -0.0789 -0.0258
4.3957 -0.0851 0.0751
5.3667 0.1001 0.1538
4.9394 0.1390 -0.5297
4.5010 0.0031 -0.0205
4.7409 0.5738 -0.0713
4.4995 0.0073 0.8507
4.7993 0.8167 0.0145
4.3499 -0.5999 0.3997
4.5545 -0.0560 -0.2153
4.7787 -0.3793 -0.5019
4.3220 -0.9109 -0.1714
4.4897 0.0180 0.0138
4.5044 -0.0421 -0.4121
4.5432 -0.0969 -0.1696
4.6994 0.1933 0.0387
4.6093 -0.1811 -0.2241
4.6438 0.2241 -0.1097
3.9503 -0.0638 -0.3112
4.6438 0.1688 -0.3439
4.8465 0.3406 -0.8203
3.6859 0.1166 -0.1935
4.5086 0.3091 0.4149
4.4979 0.0681 0.3407
4.4197 0.2923 -0.6170
5.1088 -0.1654 -0.0201
4.2106 0.1206 0.2621
4.4929 0.0037 0.3985
4.2734 -0.2837 0.5583
4.5123 -0.0337 -0.0917
4.0390 0.4957 0.4262
4.6517 -0.0068 -0.0163
4.4397 0.0747 -0.8257
4.7780 0.5557 0.5321
4.5169 -0.0754 0.2942
4.3552 -0.0802 -0.0821
4.4820 -0.0062 -0.0103
4.0304 -0.6051 0.0228
4.7058 -0.5887 -0.0995
4.7760 0.1220 -0.0428
4.9532 0.5536 0.2525
3.8404 0.3345 -0.4790
4.5812 -0.0289 0.2205
4.7102 -0.0932 0.6950
4.8988 0.1536 0.1977
4.5043 -0.0079 -0.0221
4.0500 0.2048 0.0730
4.2081 -0.0580 0.7908
4.4884 -0.0082 -0.0315
4.3378 -0.1960 0.3773
4.5841 0.0706 -0.5276
4.3839 0.1468 -0.1355
4.0900 -0.0731 0.4355
3.7606 0.2024 0.4689
3.9331 -0.3548 -0.4499
4.2235 -0.4876 0.3193
4.5027 0.0015 -0.5306
4.4063 -0.2125 -0.4650
3.9930 -0.0470 0.5757
4.6657 -0.1928 0.1487
4.3824 -0.0036 -0.5857
4.6296 0.7177 0.0848
4.1477 0.1941 -0.6875
4.3336 -0.4380 0.2043
4.3224 -0.0957 -0.0659
5.1462 0.4966 0.2151
4.4939 -0.0027 0.0684
4.3353 0.0456 0.3808
4.3420 -0.4316 -0.3838
4.3528 -0.0082 -0.1576
4.5083 -0.0242 0.1086
4.2406 0.1760 -0.3667
4.5064 -0.0010 -0.9177
4.5124 -0.0459 0.1746
4.5157 0.0053 0.1263
4.6438 -0.8091 0.1906
4.4906 -0.0154 0.0825
4.6427 0.0100 0.1368
4.7394 -0.4630 0.2198
4.6337 -0.1424 -0.4869
4.6195 0.1426 0.8613
4.4901 -0.0039 -0.0186
4.2887 0.2369 -0.0009
4.5518 0.0526 0.1419
4.7802 -0.2320 -0.6959
4.8128 -0.0738 0.8724
3.9936 0.3148 -0.1363
4.3681 0.0522 -0.0063
4.2830 0.1993 0.9551
4.2368 -0.4362 0.2768
4.4821 0.0149 0.0225
4.5112 0.2203 0.3925
