0.7095 -0.5143 0.4696
0.2823 0.2997 -0.0621
0.0592 -0.0081 0.2543
-0.1628 3.0588 0.1499
-0.0155 -0.4168 0.4066
-0.0301 0.0061 0.1613
-0.3472 -0.7249 0.4129
-0.2252 0.1526 0.0319
0.0018 0.1419 -0.2791
0.3462 -0.7337 -0.2924
1.3591 -1.9159 0.5029
0.0495 -0.7421 -0.5878
-0.3485 0.4135 -0.4904
-0.0513 0.1167 0.1984
-0.2319 0.4151 0.8569
0.0872 -0.0555 -0.1003
-2.1002 -1.1309 -0.5986
-0.5550 -0.2450 0.0864
0.2002 0.1075 0.1766
-0.0920 -0.1663 -0.0717
0.0864 0.0218 0.1172
-0.1732 0.1898 0.7864
0.0060 0.2468 -0.0326
0.3347 0.0826 -0.5630
-0.0449 0.0194 -0.8232
0.2688 0.1525 -0.2356
2.1676 2.8235 -0.7167
-0.3550 0.0059 -0.0245
0.1310 0.0708 0.3420
-0.4558 -0.2335 -0.4426
