0.0758 -0.0864
0.2719 -0.3726
-0.7541 -0.4294
-0.0088 0.0236
0.2219 0.9074
0.1098 -0.1562
0.3201 -0.5368
0.7076 -0.0235
-0.1267 0.5568
-0.0142 0.0040
0.1269 0.2806
0.6429 0.3874
0.1706 0.8156
-0.1893 0.0525
0.4753 0.5186
0.1265 0.8258
0.8066 -0.5584
-0.0067 -0.0090
0.0230 -0.0864
-0.9101 0.1798
-0.0147 0.3103
0.0000 -0.3634
0.4948 -0.8316
0.4411 -0.3289
-0.3824 0.1535
0.6672 0.4267
-0.1589 -0.1625
-0.4531 -0.5234
0.2026 -0.3020
0.0489 -0.0130
-0.6427 -0.4317
0.6581 0.4745
0.3358 0.1283
-0.3773 0.7041
0.1643 0.1190
-0.5282 0.6029
-0.0061 -0.0076
0.2850 0.1434
0.6426 0.5383
0.0649 -0.1823
-0.3248 -0.6213
-0.2510 -0.4919
0.7619 0.1543
-0.2903 -0.4875
0.4978 -0.7497
-0.6734 0.3400
-0.3877 -0.0962
-0.1560 -0.0184
-0.3128 -0.6323
0.0574 0.2996
0.3492 0.2700
-0.3630 0.1055
-0.6540 -0.1452
-0.6055 0.4555
-0.4018 -0.0080
0.2167 -0.1344
-0.1074 0.9919
-0.0099 0.0681
0.0029 -0.2008
-0.1529 0.0084
0.6698 -0.4867
0.5329 0.2957
0.6322 -0.6466
0.1548 0.2313
0.2852 -0.6360
0.0396 -0.0004
0.2477 0.0986
0.1658 0.2112
0.4941 -0.5806
0.0015 -0.2696
-0.1006 -0.3579
-0.0073 0.0393
-0.0995 -0.0192
-0.0410 0.0368
0.0598 0.6849
-0.1767 0.5447
-0.7752 0.4979
0.6074 -0.6642
0.5553 0.1435
-0.2664 -0.1228
0.0011 -0.2756
0.0123 -0.4385
-0.6068 -0.5235
0.3011 -0.2002
0.5073 -0.7554
-0.1663 0.4064
-0.0911 0.0568
-0.1782 -0.1851
0.1544 -0.5620
0.1470 0.0339
-0.2754 -0.6294
-0.0534 -0.2229
0.2660 -0.5595
-0.0644 0.1516
-0.1782 0.1717
-0.3930 -0.8314
-0.5910 -0.4166
0.0778 0.0147
0.0539 -0.1635
-0.1998 -0.0324
0.8053 0.0335
-0.4751 -0.2568
0.0144 0.6941
-0.0201 -0.1496
-0.2053 -0.2792
0.3335 0.3222
-0.1550 -0.1320
0.1799 -0.2625
-0.1263 -0.5235
0.7508 -0.2424
0.1574 0.3655
0.0157 0.0180
-0.2720 0.1166
-0.1956 0.1643
-0.1574 -0.1303
0.3982 -0.6913
-0.0720 -0.8103
0.0056 -0.2140
0.1491 0.5198
-0.3584 0.1868
-0.1309 0.1546
0.5485 0.7645
0.6135 0.2407
0.0522 0.2628
0.7243 0.4855
0.2095 -0.3689
-0.0328 -0.1547
-0.3333 -0.8262
0.0661 0.0393
-0.0103 -0.0584
0.2157 0.1801
0.0163 0.0640
-0.8214 -0.3762
0.4098 -0.1691
-0.0936 0.2944
0.0830 0.0519
-0.3694 0.0367
0.3103 -0.3801
-0.5124 0.3960
0.0508 -0.3852
-0.2032 -0.0156
-0.3036 0.1413
-0.6436 0.4620
-0.3143 -0.3674
0.5064 0.4952
-0.2936 0.8535
-0.5000 0.8055
0.8887 -0.4263
0.0651 -0.7937
0.1001 0.1115
0.1719 0.8448
0.1378 0.1638
-0.1957 -0.1150
-0.3354 0.0823
-0.1401 0.0308
-0.0558 -0.0231
-0.5838 0.0513
-0.3321 -0.1896
0.0296 0.2769
-0.4694 0.8381
0.7284 -0.1297
-0.0116 -0.1574
-0.0011 -0.0237
0.0973 -0.0126
0.1269 -0.7545
0.6799 -0.0001
-0.1290 -0.2229
-0.6789 0.0393
0.4738 0.5303
-0.7315 0.6265
0.0178 -0.0271
-0.4147 0.8823
0.2381 -0.1977
0.4310 -0.4830
-0.0261 -0.6396
-0.3975 0.0940
0.8457 -0.3081
0.5900 0.5777
-0.0393 -0.2289
-0.2490 0.3699
0.7350 0.5887
-0.2139 -0.3839
0.4718 0.3805
0.0166 -0.3562
0.7340 0.2366
-0.0008 0.0301
-0.3881 0.3822
0.0060 -0.0150
0.2494 0.1489
-0.7548 0.5963
0.0400 -0.3065
0.5158 -0.3356
0.4089 0.7277
-0.0703 -0.0777
-0.1960 -0.4648
0.6661 -0.3956
0.1477 0.0059
-0.4223 0.5888
0.0613 -0.0275
-0.3891 0.3483
-0.3118 0.0846
0.8818 -0.1043
-0.5905 -0.6967
-0.3165 -0.0954
0.8469 0.1071
0.1065 -0.1318
-0.0548 -0.7343
0.3615 0.5225
-0.1614 0.2255
0.5928 0.1788
0.5262 0.4902
-0.5623 -0.2633
-0.2882 -0.6274
0.3568 0.4775
-0.4531 -0.2010
0.3488 0.0806
-0.4599 -0.1552
0.1116 -0.7653
0.6326 0.2097
-0.0048 0.0449
0.1476 -0.4278
0.3661 -0.6982
-0.7898 0.3133
-0.3342 0.0317
0.0270 0.0328
0.1117 0.3486
-0.2075 -0.6320
-0.2669 0.4216
-0.3172 0.9387
-0.1760 -0.8329
-0.2418 0.0032
0.1349 -0.0895
-0.3036 -0.5228
0.1540 -0.0637
-0.8154 0.0983
0.0548 -0.5637
0.1422 -0.2885
-0.6046 0.2402
0.4675 -0.5000
0.2673 0.3463
-0.2341 -0.5345
-0.0151 -0.1626
0.4709 -0.6418
0.1000 0.2406
0.6059 -0.4017
0.1835 -0.2430
-0.3881 -0.0933
0.8454 -0.5127
-0.0651 -0.1708
-0.8241 -0.4701
0.3781 -0.4171
0.0376 -0.0376
-0.5212 0.7226
-0.1666 -0.4202
0.3411 0.1642
-0.2959 0.9123
0.3450 0.8588
-0.5464 -0.4679
0.2663 -0.0581
0.1609 -0.1855
0.0020 0.0052
-0.4250 0.8900
-0.1756 -0.0881
0.3797 -0.4183
-0.5074 -0.2542
-0.0320 -0.1633
-0.3308 -0.0925
-0.0046 -0.2438
-0.1917 -0.8127
0.0449 0.2670
-0.1042 -0.7722
-0.7477 -0.2971
-0.1200 -0.8334
-0.2379 0.0873
-0.0146 0.0287
-0.5396 -0.4142
0.4719 -0.2253
-0.4262 -0.4678
-0.0315 -0.0002
0.4120 0.1787
-0.4688 -0.4950
-0.0812 -0.4996
-0.3295 0.1513
-0.1472 0.0637
-0.1749 -0.3077
-0.0377 0.0280
-0.0353 -0.3112
0.0429 -0.0133
0.5120 -0.4462
0.3911 -0.6213
-0.1836 0.9368
0.1982 0.2168
0.2735 -0.0046
0.6014 -0.7035
0.0131 -0.2288
0.3806 -0.6692
0.1205 -0.6579
0.6698 0.1596
-0.6671 -0.6826
-0.1782 0.0024
-0.4398 0.8957
-0.4467 -0.1825
-0.2630 0.0874
-0.1346 0.3431
-0.5829 0.3322
0.0073 0.0246
-0.3583 0.4135
0.0100 0.5240
0.3061 -0.6014
0.1588 0.1165
-0.6009 0.0692
-0.4180 0.6765
0.4477 0.6377
0.1267 -0.1287
0.2989 -0.8069
-0.0994 -0.6963
0.1554 -0.0879
0.4563 0.4175
-0.4474 -0.3093
-0.5988 -0.2656
0.2790 0.1355
-0.6558 -0.5064
0.5454 -0.7806
0.0381 0.0071
0.1818 -0.4016
-0.1813 0.0349
0.4254 0.1247
0.2031 -0.3173
0.6688 0.0875
-0.4600 -0.1146
-0.4237 0.3056
-0.3148 0.4553
0.2041 0.2705
0.0546 0.4193
-0.3509 -0.0713
0.1384 -0.7343
-0.2320 0.0680
-0.0761 -0.0289
0.4490 -0.1958
0.8262 0.0548
0.2130 0.6759
-0.7452 -0.1824
-0.1036 0.3068
0.2726 0.0668
-0.1370 -0.2617
-0.8808 0.1926
-0.5969 0.5916
0.0139 0.4332
-0.6998 0.3048
0.0259 0.1401
0.3827 -0.4043
0.3274 -0.1863
0.5090 -0.7861
0.2552 0.5928
0.3470 -0.5450
-0.1249 -0.6372
-0.0631 0.0372
-0.0035 -0.0090
0.3947 0.2105
0.8626 -0.4313
-0.7057 0.3572
-0.6054 0.1445
0.4374 0.6002
-0.0213 0.0395
0.7715 -0.1413
0.1542 0.4148
0.6177 0.2299
-0.1086 0.1297
-0.0479 0.0968
-0.1697 -0.1187
-0.2217 -0.7546
-0.0218 0.0241
-0.0777 -0.0057
-0.3391 0.5142
0.0664 -0.8976
-0.2484 0.5841
0.0823 -0.6467
-0.0224 0.0053
0.0990 -0.0579
-0.7242 -0.1646
0.4531 -0.4200
0.9569 -0.0389
-0.2786 0.8668
0.0150 0.0130
0.2666 0.6930
-0.2438 0.0336
0.8318 -0.4191
0.4772 0.2416
0.7275 0.3887
0.0798 -0.2564
0.0106 -0.2954
0.0354 -0.2223
0.1345 0.0594
0.0592 -0.0485
0.2739 0.0757
0.0532 -0.4494
-0.5986 -0.1943
-0.1885 -0.6024
0.1073 -0.9551
0.0197 0.0490
-0.4004 0.0637
0.2010 0.1557
-0.8019 0.3997
0.0166 -0.1152
-0.3564 0.1963
-0.4584 -0.1924
0.1465 0.5113
0.2456 -0.1758
-0.4695 0.8609
0.8118 0.1338
0.0625 -0.0336
0.3873 -0.6751
-0.0758 -0.0864
-0.1314 0.5299
-0.2928 -0.8095
-0.0072 0.0012
0.1153 -0.2052
-0.1085 0.3342
-0.3060 -0.3901
-0.0274 -0.4221
0.0654 0.8948
0.7814 0.0084
0.3799 -0.3927
-0.1152 -0.3091
0.3823 -0.3548
-0.3679 0.3239
0.0590 0.3668
0.2888 0.1787
-0.4318 -0.4459
-0.0593 -0.3014
-0.1474 -0.2015
-0.2251 -0.1744
-0.5907 -0.1391
0.1068 -0.6070
-0.2393 0.8135
-0.8896 0.2323
0.0497 -0.5274
0.2060 -0.3273
0.1082 -0.0414
-0.6397 -0.5919
-0.0400 0.0011
-0.0049 -0.0040
0.2907 0.0897
0.0726 0.0018
0.9184 0.3323
0.3020 0.4551
0.2898 -0.1317
-0.0120 0.1909
-0.8761 -0.0251
-0.2907 0.0140
0.0715 0.3188
0.3681 -0.1952
-0.1850 0.7025
0.0509 -0.0515
-0.2578 -0.2178
-0.0470 0.4903
-0.5170 0.1014
0.4745 0.3204
-0.7496 0.1300
-0.6863 0.2703
0.3082 0.7349
0.0480 0.0279
-0.0201 0.9732
-0.6493 0.3965
0.4163 -0.5819
-0.5098 0.3880
0.5234 -0.1130
-0.5061 -0.3103
0.0398 0.2880
0.3134 -0.7247
-0.4973 0.3460
0.4396 0.7723
0.0614 -0.0052
-0.3129 -0.3018
0.1475 -0.5748
0.5584 0.3117
0.4377 -0.4015
0.1321 0.3237
-0.2149 0.7337
-0.4752 -0.0461
0.1868 0.1075
-0.0723 -0.4847
0.3269 -0.4385
-0.6403 0.1842
-0.3685 0.6259
-0.2371 0.9665
0.1246 0.3837
0.0847 0.7375
0.0279 -0.1278
-0.0615 0.6542
0.5992 -0.6109
-0.1292 0.6099
-0.0645 -0.0216
0.0161 0.0490
0.7926 -0.0037
0.7306 0.2846
-0.6699 -0.1502
0.2780 -0.7767
0.3854 -0.7381
-0.0175 -0.0149
