3.458973034761392285e-01 -7.732905989856846407e-01
-4.768745291250260643e-02 -8.932779671460545634e-01
3.661784819667192048e-01 -4.595526435971752921e-01
-1.195827922249379123e-02 2.756319788851575026e-01
1.090307141824704840e-01 6.105598875505312551e-01
-1.753599840901827467e-01 2.310187801196420254e-01
4.140741655281263700e-01 -7.920568345599940940e-01
-7.459996356950593377e-01 1.685933244197348191e-01
7.421094250310306117e-01 5.974860610142769257e-01
-3.957411833293247860e-01 1.322795201090222195e-01
-1.677775864626572522e-01 4.169739383452973347e-01
7.645737547963640801e-02 2.014561175650169955e-01
-3.126727828206295468e-01 -4.822192965902898365e-01
6.896729221539665833e-01 -1.386281909534509693e-01
3.993070079591168886e-01 -4.853866375394090826e-01
5.832400137096586112e-01 -5.332770123573391530e-01
-7.486352832104457011e-01 3.479611625640547934e-01
8.187723045285232315e-01 5.199658941847492555e-01
-7.540505005716590260e-04 -9.872903053347098501e-02
6.936915774053723505e-01 -5.435550975625556003e-01
4.867649949304780205e-02 5.213864409828079804e-02
7.183257471117525661e-01 -3.924463032633687121e-01
-1.903403658163463352e-01 -3.817081389128174629e-01
8.322016512326528559e-02 -1.106502488314373561e-01
-5.051011919211340073e-01 5.135048194105752417e-01
-8.806648663778273711e-01 -4.374753057371486703e-02
3.907811538187505596e-02 -8.117854937170441154e-01
-7.074562366181791351e-01 -2.881161618803101954e-01
2.019018399161671973e-02 -3.850761938737215506e-02
-5.670258884728390791e-02 -2.108541068567873489e-01
-2.203206875344165816e-02 -5.973353810947830411e-02
-2.520862792324808366e-01 1.617440166050805872e-01
6.006402555412538452e-02 -1.701368612279317849e-01
-1.217384556027293757e-01 7.329010042758979382e-02
6.419489540324397892e-01 -3.579602716839964116e-01
5.803471479399415281e-03 5.436271106558120732e-04
4.199779611076311925e-01 2.149872947247662147e-01
5.529494438841991294e-02 -2.121736489307390339e-01
-2.090217543977199444e-01 -2.021761590546900522e-01
-3.858387209118984695e-01 3.266283533887644475e-01
2.922540857888362639e-02 -2.570331182969260581e-02
2.504997164887310945e-01 -1.338201614724242317e-01
-3.638605914820229326e-01 -4.799385669941881871e-01
-7.068173313400311075e-02 -2.615014358124209334e-02
-1.668301597081826015e-01 4.836402209439385341e-02
-4.224760690236754185e-03 -6.175078832038595651e-03
5.285447159265002637e-02 4.157415272410946439e-01
9.582418538236177064e-01 -5.915886247951140930e-02
9.631986614714668771e-02 -2.881387974680515440e-01
4.178826848474722633e-01 2.211418493313317690e-01
2.345717262942959458e+00 -4.561340884048126765e-01
3.332460459939277087e+00 1.953301463047404374e-01
2.984309709285925205e+00 -1.186507700416581101e-01
2.397855063289886957e+00 4.207680395886657099e-01
2.878275110272242365e+00 8.118908271898443996e-01
3.186952805840214342e+00 8.966254308109575244e-02
3.175421295205512973e+00 3.313427018426786108e-01
3.389233173727724591e+00 2.856670223191568603e-01
3.158503691519721990e+00 8.437251262999552193e-01
3.599963079160053869e+00 5.838969698505604988e-01
3.166804606180626092e+00 9.599652672520189167e-01
3.119818698455031569e+00 -7.167731100721081994e-01
3.013819284381964891e+00 4.150252798852260283e-01
3.541001718034217927e+00 2.219674030803627796e-01
3.402923514115707260e+00 -6.730711911971158923e-01
2.968561592084983491e+00 -9.942378741212527515e-01
3.059728917165136952e+00 3.143248491219877705e-01
3.318157100722826769e+00 -1.906668179249504658e-01
3.150674557254907082e+00 -1.463228225011438677e-01
2.457306114779473027e+00 -1.102731532830512340e-01
3.060443669631665475e+00 -2.110054165290734321e-02
2.639655133691177102e+00 -1.541204289661193549e-01
3.358919494040008669e+00 2.423183503008727036e-01
3.302157905701005092e+00 -5.074826706117029074e-02
2.781653404111029460e+00 1.208606821210479881e-01
2.940011939526977258e+00 -9.482583222844593873e-01
3.226696418344004780e+00 2.422266167922778324e-01
2.969210987591600404e+00 -6.513531801622228501e-02
3.121171982762118713e+00 -7.073740356481582336e-02
3.100045646817652489e+00 -5.241487645301606824e-01
3.493970056265720991e+00 5.776575309397170566e-01
3.320366266819082757e+00 -6.675990382484610526e-03
3.010753697256082440e+00 -5.148656623722121239e-02
3.052585804631946509e+00 4.047096554751800079e-02
2.412610917527760357e+00 -6.910440768315209148e-01
2.706259086440061967e+00 -3.994958079168144383e-01
2.923150789077332945e+00 -1.143564104490599372e-02
2.888617781068001822e+00 -2.648385667853512260e-01
3.438497727346216948e+00 -3.531207591388185740e-01
3.099686851166085777e+00 2.167041070242650136e-01
2.884650242991666502e+00 4.661465617653902382e-02
2.470706929136421426e+00 -6.017339795341696274e-01
3.305758870684673667e+00 7.960780224732260833e-05
2.956497044449179157e+00 2.333647380624808976e-01
2.978328182532355317e+00 -3.574833908067673871e-01
3.329988611903608842e+00 4.841728632187954351e-01
2.990766250689919747e+00 -1.033141066539533803e-01
2.817115606652591531e+00 4.118022538467371041e-02
2.965276267447729541e+00 7.971748067021813822e-02
2.129192311609456212e+00 -4.678488662049823943e-01
