3.226724808508082964e-01 6.439885956120301735e-02
5.537281803894666780e-03 5.193929422863387962e-02
6.005398413786350309e-01 -2.686104090487250184e-01
-1.620017536789118001e-02 1.143255887118753769e-02
-3.551762791984196532e-01 -1.090699115428208077e-01
7.193312367647289665e-03 6.211683181668939957e-01
7.090920225878140082e-01 8.803900743081218006e-02
1.074254384778073994e-02 -1.456387363445322842e-03
-2.280611903680951069e-01 5.434603451762197723e-01
4.903398993050029145e-03 -1.922628344739249137e-02
-2.086280959618239117e-01 -9.137958394294649900e-02
-1.830607316126539041e-01 -3.285674824920606363e-01
-3.776125055692380883e-01 4.677507824933653247e-01
1.632157627828798030e-01 2.839314013101136291e-01
3.527729333029299141e-01 5.732471958508282839e-01
8.259401298670723118e-03 -3.847896556662804696e-02
-2.098536288674289763e-01 -6.990049573120089565e-01
3.715256236438004844e-01 3.199127498482429860e-02
4.821755826930512745e-02 -4.366745005916440325e-01
2.366666791470350972e-01 -7.416797714079392811e-01
-7.422979148562551810e-01 5.066205611710560275e-01
3.605954796495011716e-02 5.478124971801051624e-02
5.723252462484521574e-01 5.459940409211307966e-01
9.791738093460218284e-01 7.138122012633182911e-02
-1.498032914798853310e-01 1.389589800609347670e-01
1.323766511600320273e-01 3.701368096389371330e-03
-4.028909423392883493e-01 -9.631942086630465583e-02
3.396267827328068312e-01 3.949896503443572904e-01
8.377887607772359357e-02 -8.644073401544523361e-02
3.353668182634628736e-01 5.853355405877189721e-01
-1.435958893238917788e-01 -4.596455580539000885e-02
2.016991277681403141e-02 -1.760732037502181213e-01
2.101427007663247137e-01 1.544589622207056534e-01
1.196401535420387324e-01 5.152026985633052503e-01
-5.583272805124607219e-01 -4.544776083136480849e-01
-8.665821855860235123e-01 3.604353998456226171e-01
2.479801919933695697e-01 8.892906024397721765e-02
5.798516530240339639e-01 6.397962743955117049e-02
-5.309949715296278239e-01 -1.572875590255315703e-01
1.287545032289270919e-01 -1.210782954611395318e-01
1.895949250782219542e-01 -8.098207462696362935e-01
5.962226304003054311e-01 7.669427989778301313e-01
-2.394495124278147591e-01 -4.779427786720955584e-01
-3.190289819364707236e-01 -1.510412995568272687e-01
8.406737637091659110e-01 -2.668403198495180595e-01
-1.247532765652381165e-01 7.006144813506889335e-01
-8.436213219907573446e-02 7.240402535381742499e-01
-5.524699529985947072e-02 -2.250261119465701565e-01
-8.564606028029675411e-02 1.931886980303837431e-02
2.832601855473944052e-01 -1.027595288904121773e-01
1.679460712286452440e+00 6.013445244718601534e-01
1.748135640561483184e+00 -5.634708018802674356e-01
2.580330565428342382e+00 -1.827435630205548334e-01
2.685189015883965968e+00 2.488334624125566052e-01
2.207930094321608916e+00 1.044268281151767980e-01
1.960878830156449482e+00 3.796652354236103588e-01
2.064079487076555974e+00 -4.758206848514303644e-01
2.388327131476059684e+00 -6.443868569702370097e-01
2.758312658936003192e+00 -5.913233684867543749e-01
2.171473325152301292e+00 -9.205316794293324500e-01
1.934808142562438160e+00 -6.941109092353103804e-02
1.708191034782188922e+00 -8.073220127102977983e-01
1.736210429180659265e+00 1.200684250691722854e-01
2.316385699797166353e+00 3.342410901196562339e-02
1.534843199826245952e+00 1.525927723884416276e-01
1.999627898417636107e+00 -1.687833888910724020e-03
2.100661015179922320e+00 -2.205590537469507562e-01
1.865563328023252421e+00 -4.778832818286157802e-02
2.469205617155681765e+00 8.578230960010613249e-01
2.364452757651761328e+00 -3.070464808250215616e-01
1.998051421836375185e+00 2.315912120994128853e-01
1.470891133588621447e+00 3.327316661608471782e-02
1.907742313009366253e+00 1.527674329905162089e-02
2.003164655716525910e+00 -6.549729353959666926e-03
1.748880570068406914e+00 -4.228327540802990780e-01
2.591759810598242453e+00 -1.008851862392678295e-02
1.998368215311924212e+00 3.002273158139165139e-03
1.314275267341702413e+00 6.344069068410619350e-01
2.831386504019483663e+00 1.436710533656659350e-01
2.179421762211165348e+00 9.624271554500677395e-01
1.347161869288374447e+00 -4.725960166583557664e-01
2.446045536462010173e+00 6.406916895729384276e-01
2.144703834292023714e+00 -1.188090504139141870e-02
2.356435760116526890e+00 -8.111048607384705456e-01
2.251891512735614498e+00 1.337459199180545955e-01
1.812306755148908044e+00 1.566084038864641592e-01
1.229908458935555560e+00 3.038713261228171425e-01
1.602496575839385873e+00 2.495678463369722655e-01
1.793077235075681175e+00 -8.644638737816465190e-02
2.236727812199773346e+00 8.475632447944693795e-03
2.446469871443974764e+00 2.257092522203205109e-01
2.501875355859431771e+00 -6.230210232134313353e-01
1.745957452554099287e+00 -4.523512502805658864e-01
1.397033696679842008e+00 4.858086989415709711e-01
1.928383630844597407e+00 5.695434207958879336e-01
1.714607057469726747e+00 -2.881115017574146231e-01
2.330084429961586601e+00 1.090394618201953880e-01
1.738888242612974366e+00 1.199267609685388120e-01
2.890572850914087333e+00 -8.018230350966219083e-03
2.936607956646761330e+00 2.785176208979746604e-01
