-0.5500 0.5077
0.0046 -0.0893
-0.2069 -0.1909
0.3002 -0.1484
0.6828 0.3796
0.0263 0.3027
-0.0812 -0.0440
0.4934 0.4713
-0.3953 0.3422
-0.5442 -0.6606
0.9683 -0.0946
0.7806 0.4414
0.2816 0.0590
0.1222 0.1084
-0.9431 -0.3307
0.2624 0.2417
2.8553 -0.0184
-3.2850 -0.1981
0.5707 0.7092
0.4426 0.3684
4.4641 -0.1533
4.8889 0.0443
4.7561 -0.2028
4.8736 0.0556
5.1692 0.9194
4.9586 -0.7139
5.0594 0.0387
4.9408 0.0252
4.9563 0.1763
4.6486 -2.4484
5.0577 -0.2322
3.5024 0.9458
5.0448 -0.2331
4.3663 0.7496
4.9956 0.0480
4.4731 0.7266
5.1444 -0.5758
5.0366 -0.0467
4.6750 0.1139
5.9466 0.1916
