-0.1528 -0.1925 0.5962
0.0384 0.0598 -0.7138
-0.5141 -0.0854 -0.2380
-0.2485 0.1837 0.7020
-0.2028 -0.0667 -0.1873
0.3069 0.0801 -0.5936
-0.0958 -0.1591 0.7240
0.1469 -0.0036 0.2437
0.0081 0.0053 0.1043
0.3942 -0.0942 0.2977
-0.2479 0.4227 -0.1008
-0.0255 0.2346 -0.1775
-0.3083 0.0272 0.2001
0.3128 0.4916 -0.3904
-0.0553 -0.4868 -0.2529
0.1884 0.4472 0.0444
0.0079 -0.0054 -0.0304
-0.3117 -0.0851 -0.0983
-0.8503 -0.8936 0.6575
0.5637 -0.0637 -0.3823
-0.1512 -0.1790 0.8515
-0.5692 -0.3691 -0.2902
-0.0388 0.3375 -0.1212
0.0494 0.0066 0.0693
-0.1869 -0.0537 -0.1089
0.1714 0.0648 0.0591
0.0048 0.0133 -0.7316
1.2015 1.6257 -1.2871
-0.0836 -0.0381 0.0555
-0.1609 0.3779 0.1191
0.2693 -0.1412 -0.4703
0.2004 0.5194 0.3371
-0.0110 -0.0463 -0.2378
-0.0122 0.0202 -0.0548
0.0375 -0.1155 0.1069
-0.2742 -0.4869 -0.7904
0.0557 0.1062 -0.0603
0.6397 0.5378 -0.1856
-0.0986 0.1437 0.3054
0.2513 -0.2610 -0.0902
0.1693 0.3596 -0.3471
-0.0203 -0.5589 -0.2415
-0.1967 -0.0235 -0.0650
-0.3131 0.0354 0.4792
0.0717 0.0170 0.3527
-0.1014 -0.5877 -0.1832
-0.1971 -0.0307 -0.5651
0.3352 0.0007 0.6909
0.8124 -0.1435 0.1155
0.5726 -0.2837 0.5978
-0.0435 -0.1864 -0.1258
0.0178 0.0517 0.5549
-0.3144 -0.4126 -0.2931
0.2404 0.5489 -0.5892
0.0560 -0.0570 0.3713
-2.0488 -0.4348 -0.9844
0.1232 -0.2641 0.3785
0.1691 0.0200 -0.0371
-0.1445 0.5665 0.4741
0.4478 -0.1315 0.6125
-0.0585 -0.0275 -0.2364
0.0481 -0.0221 0.0592
0.0780 -0.1116 0.5431
0.5302 -0.6164 0.3635
0.0188 0.4834 -0.3562
0.4141 -0.1582 0.3790
0.0870 0.1328 0.0455
-0.0093 0.4742 -0.3142
-0.0012 -0.3786 -0.3529
0.1842 -0.0257 -0.0914
0.1227 -0.0235 -0.1029
-0.2312 0.6089 0.0718
0.2571 -0.1723 -0.1788
-0.2137 0.2158 0.1662
-0.6397 -0.4191 -0.1319
-0.0988 0.0614 -0.0385
0.4877 0.5523 0.0570
-0.1505 -0.4342 -0.4974
-0.0576 -0.0852 0.0091
0.4297 0.2992 0.8491
0.2532 -0.1156 0.2397
-0.1681 0.1525 0.0868
0.0655 0.0675 0.3713
0.0894 -0.6098 0.1317
0.4826 0.1811 -0.6779
-0.1801 -0.8486 -0.2645
0.2479 -0.3624 -1.1116
-0.3073 -0.3017 -0.2042
0.0456 -0.0163 0.6104
0.0185 -0.0075 -0.0152
-0.0314 -0.2158 0.4746
0.4636 0.1828 0.2988
-0.0073 -0.3259 0.2787
-0.7628 -0.2651 0.3223
0.0266 -0.1137 0.0245
0.0109 0.0657 0.6747
0.1774 -0.1261 0.1748
-0.2135 -0.3331 0.3267
-0.1188 -0.3250 0.0816
-0.1558 -0.9733 -0.0723
0.0041 -0.0001 0.6826
0.5825 0.0883 0.2580
-0.0119 -0.0173 0.0090
-0.1829 0.4599 0.2999
0.0724 -0.0619 -0.0892
-1.3738 0.2720 -0.0884
-0.4541 -0.0909 -0.3687
0.4462 0.2516 0.0462
-0.0429 0.1428 -0.0266
-0.1071 -0.6424 0.5539
0.9280 -0.3417 0.2467
-0.0272 0.5043 -0.0458
0.1361 -0.0810 -0.8380
0.2460 0.4772 0.4966
-0.1823 0.0149 -0.0955
0.0398 0.0948 -0.1638
-0.4214 -0.7477 -0.1752
0.0681 -0.0789 -0.2107
-0.0105 0.1389 -0.7189
-0.3127 0.1458 -0.4341
0.7541 0.4830 -0.2807
-1.6546 0.1553 -0.1075
-0.1500 -0.2840 -0.0686
0.0193 -0.0544 0.5159
0.2329 0.0461 0.3279
0.1208 -0.6551 0.0625
-0.0005 0.1386 -0.0834
0.2233 -1.3596 0.8380
-0.6549 -0.2767 0.0840
-0.0105 -0.3273 0.1415
0.4702 -0.7488 0.4266
0.0022 -0.0063 0.4469
-0.1370 -0.0918 0.0491
-0.0450 -0.2355 -0.1190
-0.1653 0.7602 -0.0303
-0.1947 0.0430 -0.2227
0.3479 -0.2406 -0.6200
-0.3025 0.1534 0.5494
-0.0612 0.3242 -0.2430
-0.5105 -0.1636 0.5840
-0.2561 0.3388 0.7697
-0.2747 0.0605 -0.2609
-0.1286 0.0363 0.9073
0.4195 0.2718 0.3189
0.1005 -0.1019 0.4376
0.0721 -0.0224 -0.9199
0.0134 -0.1121 0.2095
0.0420 -0.0846 -0.0049
-0.6457 0.3656 -0.1868
-0.6981 0.6206 -0.1721
0.5869 -0.2924 0.1491
-0.1482 -0.0456 0.7360
0.3387 0.1509 0.1299
-0.1170 -0.2234 0.0663
0.4912 -0.0065 0.8281
0.0060 0.0030 -0.0038
0.0006 0.0132 -0.1444
0.2949 -0.1853 0.7716
0.7651 -0.2178 -0.4618
-0.1027 -0.5025 -0.0267
-0.7038 -0.3667 -0.0443
0.0574 0.0392 -0.0006
-0.1068 -0.0359 0.7086
0.1277 0.0644 0.0201
0.0002 0.0131 0.9448
0.5505 0.6170 0.2954
-0.1100 0.1167 -0.7773
0.0792 0.0698 -0.0992
0.1807 0.7082 -0.4307
0.3701 -0.2538 -0.5686
-0.1124 0.3027 0.6675
-0.1036 0.5286 -0.0452
0.0501 0.0337 0.2267
0.0338 -0.0027 0.3152
0.1824 0.7669 -0.0119
0.2694 -0.0882 0.1452
-0.0234 -0.0077 0.1368
0.0005 0.0098 0.0030
-0.6255 -0.0359 -0.2461
-0.8216 0.2814 -0.0476
0.0845 -0.1245 -0.3888
-0.2407 -0.3415 -0.3268
0.0128 0.0764 -0.5925
-0.1528 -0.0356 0.3170
0.0018 0.0019 0.0103
0.0994 -0.3955 0.2462
0.0935 0.2478 0.1966
-0.9525 0.2255 0.0703
-0.2070 0.1355 0.6539
0.0930 -0.0062 -0.4434
-0.2572 0.0748 0.0024
-0.0967 -0.0361 0.5408
-0.0033 0.0083 0.5921
0.1171 -0.6488 0.3381
-0.0194 -0.0042 -0.0453
-0.6138 -0.0204 0.0521
0.0697 -0.2003 0.6337
-0.0325 -0.2162 0.0191
0.5550 0.2082 0.1692
-0.2903 -0.1699 0.1394
-0.0375 -0.0766 -0.6330
0.4419 -0.6589 0.4335
-0.0153 0.0029 -0.0841
-0.0879 0.0026 0.0002
0.5278 -0.0789 -0.5106
0.0940 -0.5080 -0.4184
0.3806 -0.7156 0.0054
-0.1763 -0.4423 0.2703
0.2270 -0.0840 -0.4221
0.0285 0.2656 -0.8297
-0.0091 -0.0019 -0.1444
0.0178 0.0107 -0.0122
-0.2214 0.0245 0.4473
0.0010 0.0081 -0.0945
-0.1436 0.6722 0.3376
-0.0650 -0.0087 0.1892
-0.0573 0.1233 -0.0480
-0.2856 0.6004 0.1389
-0.0623 0.2494 0.1851
-0.6404 -0.3528 0.0460
-0.0363 0.0452 -0.0300
0.6429 -0.3225 0.4197
-0.1224 -0.3723 -0.6760
-0.2048 0.5411 -0.3033
-0.0023 -0.0008 0.0270
0.3039 -0.0780 -0.5093
-0.0280 0.0014 -0.0155
0.8179 -0.0712 0.3531
-0.0570 -0.0446 -0.1511
-0.1404 0.2275 -0.2459
-0.3351 -0.3769 -0.7341
0.2249 -0.0027 -0.1540
-0.1971 -0.0183 -0.0457
0.0080 -0.0106 0.3558
0.1271 -0.1807 0.6921
-0.0255 0.0060 -0.1642
-0.0007 -0.0084 0.7243
0.2750 -0.5813 -0.1751
0.1736 0.0001 0.5395
0.1101 0.1400 0.0433
-0.2655 0.9230 -0.2348
-0.0726 -0.0702 -0.7379
0.9755 0.6653 -0.0436
-0.3990 0.3833 0.5724
-0.1150 -0.3889 0.5560
0.0016 0.0374 -0.6609
-0.1143 0.1723 0.5585
0.3965 0.1155 0.0385
-0.2009 0.1534 0.4582
-0.0419 -0.1001 -0.0355
-0.6992 0.4067 -0.4902
0.0013 0.0009 0.0055
-0.0855 -0.0156 0.2358
0.3143 -0.5282 0.5268
-0.0974 -0.1421 0.0863
-0.0061 -0.0294 -0.0231
-0.0047 0.1107 -0.0568
-0.0030 -0.0200 1.2858
0.1179 -0.9047 0.2677
0.0862 -0.0382 0.1068
-0.2761 0.6356 0.0243
0.9936 0.8217 -0.4836
-0.0193 0.1559 0.1260
0.0254 -0.0015 0.0083
-0.2305 -0.1173 -0.1265
0.0609 0.6961 -0.5033
-0.1424 0.0139 -0.1513
0.0110 -0.1540 -0.6620
-0.1005 0.0778 0.0632
-0.0048 0.0219 -0.5771
0.0149 0.0022 -0.5476
-0.2834 0.6505 -0.2991
0.0275 -0.0074 -0.2225
-0.0010 0.5863 0.0307
0.0918 0.2057 0.0762
-0.3821 -0.2518 0.0976
0.0707 -0.1253 0.4798
-0.0084 -0.0009 -0.0374
-0.4593 0.1877 0.6772
0.3789 -0.1998 0.8000
0.8095 0.2834 -0.3464
-0.0689 -0.0219 -0.1374
0.2916 0.4485 0.0647
0.1409 -0.0311 -2.4545
-0.0071 -0.0537 -0.4381
0.0048 -0.0015 0.0268
0.0650 -0.4006 0.2031
0.4484 -0.3102 -0.3219
-0.0938 -0.0820 -0.5776
-0.2415 -0.3266 -0.8596
-0.1006 -0.2363 -0.3948
0.1742 -0.2238 1.5641
-0.0193 -0.1208 -0.0513
-0.0086 -0.0316 0.2562
0.0983 -0.0709 -0.2887
-0.0292 0.0420 0.0014
0.0055 -0.0011 -0.0521
-0.0204 0.1274 -0.3393
-0.2486 -0.0122 0.2260
-0.0807 0.0040 -0.4347
-0.2409 -0.7040 0.6493
0.1082 0.5308 -0.0628
-0.5437 -0.3767 2.5912
-0.2291 -0.1664 0.1781
-0.1275 0.9707 0.4200
0.0270 0.1197 -0.1524
0.0003 0.0003 0.0005
0.3963 -0.2505 -0.5221
-0.0229 -0.0572 0.1461
0.8091 -0.1908 0.4484
0.7931 -0.3391 -0.2279
0.0163 -0.0158 -0.0432
0.0918 -0.0794 0.1221
-0.0556 0.3642 0.8663
-0.0438 0.0207 0.5269
-0.0562 -0.0600 -0.0230
-0.2391 -0.3436 -0.0255
0.1981 -0.2193 -0.7798
0.3319 -0.4757 -0.7519
-0.1288 -0.4931 0.6096
0.1151 -0.1315 0.3750
0.1507 -0.0200 -0.4235
-0.0984 0.0312 -0.1510
0.0546 -0.0494 0.1313
0.0665 0.6679 0.2027
0.2509 0.1921 -0.0004
0.0199 -0.5129 0.7491
-0.0868 -0.0801 0.0798
0.4525 -0.2064 0.0849
0.0775 0.0569 -0.8131
0.2846 0.0932 0.5846
-0.0989 0.2713 -0.8430
0.1489 0.0646 0.1463
0.6734 1.0582 2.0933
-0.3442 -0.5714 -0.4709
0.0980 -0.4825 0.8535
0.0619 -0.0987 0.2624
0.5095 -0.3085 -0.5430
-0.1158 -0.1086 -0.0562
-0.4956 -0.4400 0.7054
0.3468 0.0383 0.2353
0.1261 -0.0290 -0.3486
0.0193 -0.3488 -0.2484
0.2126 -0.1222 0.1483
-0.2588 0.1129 -0.1060
-0.6286 0.7107 0.1139
0.0458 -0.2611 -0.4197
-0.0061 -0.0175 0.0894
0.0101 -0.0295 -0.8114
0.0072 -0.3220 0.3061
0.1237 -0.2675 0.5812
-0.2365 0.2788 -0.0048
-0.3864 -0.5125 -0.0041
-0.0295 -0.0196 0.0137
-0.0000 0.0000 -0.0436
-0.0484 0.1351 0.6730
-0.0134 0.0076 -1.2748
-0.4070 0.1400 -0.7352
0.0019 -0.0070 0.1605
0.0438 -0.1751 0.8797
-0.6588 -0.2011 -0.3877
0.2969 -0.0070 0.4479
-0.0303 0.8132 -0.2710
0.1250 -0.1075 0.6347
-0.0196 -0.1318 -0.2115
-0.1340 -0.2029 0.4473
0.2585 -0.1914 -0.0860
-0.2369 -0.2285 -0.9289
-0.0357 0.3306 -0.8153
-0.0610 -0.4528 -0.1052
-0.3005 -0.4036 0.2489
-0.0174 0.0139 0.4252
-0.5134 -0.5519 -0.4343
0.1582 -0.0719 -0.7974
0.3162 0.1287 -0.5451
-0.0189 -0.0000 -0.6184
-0.4589 0.3470 -1.2264
-0.0802 0.0821 0.1900
-0.0970 0.2208 0.7652
0.8430 -0.1665 0.3411
0.1343 -0.2394 -0.4644
0.3108 0.0057 -0.1655
-0.2949 0.2166 0.2019
0.0003 -0.2634 0.1448
-0.0609 0.2099 -0.0760
-0.0433 -0.0289 0.1477
-0.2940 -0.0744 -0.0503
-0.4133 -2.1851 -0.6208
-0.0112 -0.0034 0.0044
0.8073 -0.1225 -0.3111
0.2445 -0.6765 0.1190
-0.1146 -0.7677 -0.4293
-0.0945 0.0016 0.0887
0.0976 0.8526 0.2135
-0.0419 0.0169 -0.0563
-0.1925 0.0820 -0.3212
-0.3334 0.1967 -0.7374
0.1038 -0.2131 0.0193
0.0207 -0.0090 -0.1754
0.1768 0.0618 -0.5313
0.1914 -0.1371 -0.7760
-0.9266 -0.0771 -0.0897
0.4024 0.6290 0.3300
0.1490 0.4893 -0.4873
0.0139 -0.0071 -0.1239
0.9356 -0.2801 0.1439
-0.1131 0.0507 0.3992
-1.0535 0.4593 0.8001
-0.5313 0.5416 0.2031
-0.2205 -0.0032 2.1473
-0.0084 -0.0152 0.0783
0.0425 -0.0334 -0.3911
0.0504 -0.4697 -0.4156
0.1877 -0.1815 -0.0385
-0.0875 0.4028 0.3324
0.6895 -0.4854 0.3699
-0.1865 -0.0599 0.0043
-0.0295 0.1816 0.0368
-0.0088 0.0649 0.2048
0.0061 -0.0056 -0.5058
1.5569 -0.3937 0.4331
0.4307 -0.1454 -0.4837
0.1677 0.0471 -0.3147
0.2298 -0.2638 -0.8811
0.1647 0.0046 -0.4601
0.0101 -0.0038 0.1891
0.3154 -0.2202 0.8046
0.0068 -0.0990 -0.9328
0.0025 -0.0003 -0.0008
0.0232 0.0086 0.1531
0.4736 0.3766 0.0028
0.2041 0.2782 -0.1576
-0.0467 0.0464 -0.1116
0.0657 -0.0221 -0.0099
0.3146 -0.1265 -0.4974
0.1574 0.0349 0.2121
-0.0134 0.0194 -0.0019
-0.1515 -0.2969 0.0361
0.2728 0.1058 0.2617
0.2747 -0.4020 0.5846
-0.4193 -0.3299 0.4705
-0.6507 -0.0285 -0.6112
-0.5212 -0.3768 0.5128
-0.1812 0.5608 0.5238
0.0408 -0.0014 -0.0856
0.0054 0.0011 0.5481
0.0011 0.0560 0.0527
-0.2009 -0.2584 -0.0532
0.0608 0.1917 -0.3158
-0.0329 0.2847 -0.2194
0.2342 0.8013 0.4215
-0.4123 -0.0364 0.2841
-0.2469 -0.1008 -0.2420
0.0292 -0.0400 0.2229
-0.0400 -0.0062 0.0497
0.0594 0.1886 0.1543
0.1984 0.2433 -0.1092
0.4393 0.4200 0.0636
-0.0022 0.4995 -0.6352
0.0277 0.0581 0.0494
0.5140 -0.2390 0.6334
-0.7795 -0.1716 0.1576
0.7502 0.1019 -0.3404
0.0850 -0.0297 -0.5197
0.0293 0.0083 0.0518
0.0613 -0.7372 0.5011
0.1106 0.0251 -0.5779
-0.4165 -0.0148 0.0267
-0.0171 -0.1307 -0.4922
0.1319 0.1713 -0.8683
-0.2214 -0.7809 -0.3400
-0.0641 0.3490 -0.9112
-0.2515 0.0681 -0.0716
-0.0653 -0.0485 0.0745
-0.6417 -0.3186 0.5348
1.2641 -0.1209 -0.7971
0.0733 0.1185 0.0115
-0.3467 -0.0106 -0.4325
0.5522 -0.4329 -0.3154
-0.0060 0.3905 -0.1427
-0.0385 0.1634 0.0046
0.2497 0.1390 -0.1801
-0.0280 0.0145 0.2223
-0.1868 0.0066 0.0941
0.4457 -0.0810 0.3022
0.0003 0.0048 -0.3252
-0.5710 -0.3123 -0.6568
-0.5930 0.4686 0.1535
0.0660 -0.0060 -0.0444
0.6021 -0.1621 -0.0679
0.5525 -0.8014 -0.2184
0.1981 0.0948 0.0884
-0.1201 -0.2552 0.1170
-0.0161 -0.1072 0.0991
0.1214 0.1834 -0.0517
-0.0073 -0.2363 -0.0419
0.0428 0.1164 -2.5671
-0.0345 -0.0380 0.2246
0.6076 0.7902 1.5354
-0.0674 -0.0026 0.0120
