0.0661 -0.0989 0.5518
0.2496 -0.0617 0.3457
0.2321 -0.2628 0.5890
-0.0108 0.0293 -0.0597
0.0433 -0.0394 -0.2726
-0.8918 -0.2847 -0.0384
0.1447 0.0722 0.6630
0.0679 -0.0282 -0.0437
-0.0000 -0.0000 -0.0000
-0.1296 0.0197 -0.4008
0.2518 -0.1787 -0.7554
0.3742 -0.4163 -0.1518
0.0936 0.0263 -0.0901
0.7717 0.6745 0.6030
-0.2528 0.2000 0.2116
-0.1683 -0.4235 0.1681
-1.2408 0.4776 -0.5541
0.4481 -0.2246 -0.4167
-0.4390 -0.2308 -0.7511
-0.4510 0.4215 -1.1169
-0.0215 0.0809 0.4272
-0.1193 -0.0466 -0.0816
0.1640 0.3425 0.1981
0.0387 -0.0521 -0.0028
0.0114 -0.0326 -0.0580
-0.0847 0.6948 -0.2437
-0.0550 -0.0282 0.4184
-0.0928 -0.0283 0.5344
-0.0002 -0.0003 -0.0150
0.6763 -1.0624 -0.5091
0.0522 0.6360 -0.2027
0.0000 0.0003 -0.0470
-0.2318 0.1311 -0.3307
0.0697 -0.0345 0.1310
0.2800 -0.0440 -0.0125
0.4394 -0.3876 -0.2261
-0.1521 0.0457 -0.2155
0.6036 0.9937 1.0439
0.1326 0.1697 0.1771
0.2996 -0.6026 -0.1727
-0.1533 -0.6620 -0.0806
-0.0492 -0.1836 -1.4047
-0.0611 -0.4427 0.1561
-0.8122 0.1840 0.1920
0.2881 0.2849 -0.3792
-0.0263 0.0482 0.0152
-0.1782 -0.5408 1.5184
-0.3188 -0.0899 0.6068
-0.0291 -0.0128 0.1102
-0.1469 -0.6108 0.5531
