0.6622 -0.3344
-0.3340 -1.5171
0.2754 -0.5682
0.0344 0.0322
0.0632 -0.1307
-0.2770 0.8135
-0.1045 -0.1616
0.1751 0.6275
-0.6566 -0.6525
0.1120 0.4312
0.3546 -0.3530
-0.2224 -0.0181
0.3372 0.4677
0.5884 -0.2407
-0.4321 0.7512
-0.8066 0.2024
-0.2120 0.0083
-0.0142 0.0548
0.8074 -0.1170
0.4267 0.1613
-0.0073 0.0963
-0.1204 0.0077
-0.2512 0.7047
0.3633 -0.4706
0.8879 -0.4514
-0.6337 -0.0917
-0.1138 -0.7087
-0.7774 -0.0862
0.1546 -0.9828
0.0030 -0.3837
-0.4248 -0.3888
-0.4253 0.6094
-0.4737 0.3563
0.4515 0.1797
0.2084 0.6266
-0.1665 -0.5067
-0.0732 0.2185
0.2917 -0.2311
-0.8235 -0.2799
0.0037 0.0084
0.3269 0.3143
-0.2284 -0.7281
-0.8368 0.3442
0.6398 -0.6510
0.7471 0.3710
-0.1181 -0.1631
-0.2324 -0.3375
0.0243 0.6796
0.2106 0.1747
-0.1719 0.0387
2.8504 -0.2880
3.4326 0.3301
2.6528 -0.0179
2.9728 -0.0578
1.6346 -0.9500
3.9357 -0.0826
2.8397 0.9241
3.0069 0.0574
2.8642 0.0971
3.7436 -0.4407
2.5580 -0.6708
2.8739 -0.7960
2.1856 -0.4629
2.6768 -0.4405
3.1786 0.3529
3.0589 0.0577
3.4164 -0.3028
2.9841 -0.1545
2.6626 0.2317
2.8264 -0.1582
3.6811 0.7053
2.9229 0.9908
2.9370 -0.4801
2.1578 0.0011
3.0165 -0.0196
2.5775 -0.0161
2.1666 1.6524
2.9464 0.6265
3.3855 0.2737
2.6558 -0.4287
2.3474 0.4080
2.5424 0.5173
3.3007 0.8422
2.9465 0.3616
3.2493 -0.2068
3.7507 -0.0076
4.9585 -0.2849
2.5683 -0.6853
2.6544 -0.9286
2.8697 -0.0685
3.2801 0.0783
2.9967 0.3696
2.5930 -0.6736
3.2554 1.2241
2.7179 0.2418
2.9918 -0.0157
2.9581 -0.0425
2.1746 0.4868
3.1495 0.2811
3.1193 -0.1536
