0.1271 -0.2791 -0.2768
-0.7531 -0.0850 2.8950
0.1831 0.0503 0.0516
0.0504 0.2690 -0.1899
0.1447 -0.0134 0.0990
0.1228 0.2170 0.9392
0.0675 -0.1492 -0.1023
0.0281 -0.0504 0.0483
-0.0109 0.0056 0.0046
0.0847 0.6159 0.4428
-0.0000 0.0000 -0.0000
-0.0627 0.4520 -0.1272
0.0392 -0.1529 0.6088
-0.0995 -0.2268 0.5421
0.0601 -0.1262 0.1675
-0.4923 -0.1760 -0.7167
0.0773 -0.5691 0.6749
0.2768 -0.3367 0.0732
0.2128 -0.0466 -0.8363
0.7955 0.1830 -0.1608
0.1422 -1.9852 -1.8380
-0.0102 -0.0768 0.0572
0.8043 -0.3099 -2.8553
-0.3495 0.1538 0.9205
0.1778 -0.6126 -0.5244
0.3187 0.1031 -0.1678
-0.0791 0.2782 -0.0329
0.4839 -0.1476 -0.6602
-0.1239 -0.0698 0.5736
2.0014 0.9079 1.6688
-0.0393 -0.1535 0.0130
-0.3110 0.0731 -0.9836
-0.0617 0.0962 0.0648
0.6405 -0.1536 0.1689
0.4441 -0.1959 -0.5538
-0.0595 0.3033 0.0565
0.0746 -0.2123 -0.6213
0.0161 0.0328 -0.4296
1.1198 -0.4864 2.1129
0.0419 0.6136 -0.3558
