2.398523241461296418e-01 4.741565717401899360e-01
-3.451419317481465021e-01 -4.510916434346250448e-01
-2.863973501876982408e-01 -4.178922614465924168e-01
6.488183056523209036e-01 -6.375932484304595027e-01
4.743119249717635266e-02 -1.977781411032718817e-01
-6.109696509723616664e-01 -6.872653599432970717e-01
5.043265217701897729e-01 -2.845716840854950469e-01
2.301884525111177679e-02 -4.523329446670645848e-01
-4.328315881029652368e-01 7.081166842196195965e-01
3.439601493862421561e-02 -5.032234242218005527e-01
1.102613649503696169e-01 -1.306050426181449009e-01
5.609179958130724453e-01 4.608217981386910633e-01
-6.322678860133832401e-01 -3.492466194039622329e-01
-1.005543830909098602e-01 7.124591100683255185e-01
3.695632771702923869e-02 4.297332441636068229e-02
-3.645095880623306916e-01 -1.418082868499375981e-01
-4.808600316237414130e-01 -8.488666377446707489e-02
-8.508900807658212329e-02 3.795644070629744602e-04
-5.561397839298033441e-01 -3.772188642444544993e-01
-1.139901568395812331e-01 3.301084901070936994e-01
4.371661105472209874e-01 -4.232589909362904357e-01
5.964277049393865854e-02 8.140494076267988655e-02
-2.335967748927788856e-01 -9.379912295673710210e-01
1.359047300971560623e-01 4.954290367177943688e-02
8.043808206831526419e-01 4.586765575581404630e-01
-3.958841754917864497e-01 -6.468827139630695111e-01
1.097147474322080624e-01 -3.605557304337179692e-01
-4.192276042982438500e-01 2.048197436546661809e-01
-1.114386975852315886e-01 -3.327898424493646035e-01
-8.351527015528549258e-01 4.357093001512897246e-01
-6.197509319777375625e-01 1.463298394009976966e-01
-5.912261621952992208e-01 -3.933248684660239358e-01
-1.062889122237853541e-02 -3.836401313158523951e-01
-6.667101735740750268e-01 -4.938253347062671744e-02
3.987020268718233923e-02 1.024553390622715138e-01
-1.971849104324270921e-02 1.232643718322407912e-03
1.166022885289242778e-01 -2.938955117454578603e-01
-1.247834415980330208e-01 -2.795123044886076505e-02
-9.150228091536859454e-01 -1.008388210504580079e-01
-4.725825148432388212e-01 -4.656116914790024430e-01
1.665682626328456734e-02 1.323889307124447301e-01
6.593550959957780178e-01 2.494856564830090218e-01
-2.745047997556288727e-02 -4.838020822029071716e-02
-7.378528056939672730e-01 -5.980376897510599754e-01
2.351453799618271126e-02 -4.193060562597791807e-01
3.955007676276889872e-01 -4.482320559858057329e-01
1.444066575367364824e-01 -1.830832563812254676e-01
3.737843315475739003e-01 -7.601936478762083560e-02
2.569609464519053699e-01 3.544724935104615060e-01
3.355209940224639364e-01 1.041790650436878046e-01
3.468958069479511686e+00 -5.596255025584434550e-01
3.514043692730754120e+00 8.594569566282030115e-02
3.431643754158731241e+00 3.604497544177490687e-01
3.627913875131110188e+00 -9.073315139125813777e-01
3.251790697176926148e+00 -2.420847160875524429e-01
3.743104799508995661e+00 2.745450136162467802e-01
3.629330216176748447e+00 -2.195110696498397129e-01
2.595364844223290390e+00 3.675991007957141732e-01
3.490411791991599344e+00 5.672986449283008888e-03
3.475675174595898032e+00 -9.366345664846695285e-02
3.379056102388772853e+00 -1.015790758970766539e-01
3.803468617489125680e+00 -5.353753105785180599e-01
3.775546831641352519e+00 -2.745577932432281543e-01
3.165166685092344778e+00 5.428133113882126493e-01
2.897071306663233425e+00 -3.376428876854885019e-01
3.710291150546416894e+00 -3.860446850231007976e-01
3.489660260916412238e+00 3.747019564822157145e-02
3.167743990777402985e+00 7.944850045719864529e-01
3.487401172030598406e+00 -3.327215199260893375e-01
4.306665547686987949e+00 1.784730467608851290e-01
4.440794505549224169e+00 -3.290782745703368928e-01
4.468098456831661736e+00 -3.207924042972360064e-03
3.313989156603436292e+00 -8.570166855246841298e-01
3.514310700065965243e+00 -2.873832186390514257e-02
3.907909545940839280e+00 5.582007127288416415e-01
3.002446989978517777e+00 7.277672009337673442e-01
3.567401080359989152e+00 7.298429477728111958e-02
2.986366194664693996e+00 -6.510436168901321263e-01
3.680872963857494184e+00 2.004223299968250216e-01
3.442243347924885732e+00 4.334829114647262976e-02
3.127289349504593474e+00 -2.106193277265160368e-01
4.129636504300078670e+00 -1.765724379970966817e-01
2.952794557290574495e+00 -5.909198887628681618e-01
3.543890560719848981e+00 -8.416692191049218730e-02
2.898286478307453340e+00 -3.340792748274355461e-01
3.391766884205059007e+00 3.209443202393399419e-01
3.376605047628564726e+00 -4.533157823199846503e-01
3.832302899645431360e+00 -8.191368517379629122e-01
3.623201213803049381e+00 3.983294535821956250e-01
3.396168718530783615e+00 -1.668764437128168743e-01
2.912501095865585032e+00 -3.929102449883419834e-01
3.195700361596448769e+00 -6.119714525516283254e-01
3.452369248629511223e+00 1.726110754934210012e-01
3.120925678593056585e+00 -3.736759871646785358e-01
3.643227517149633332e+00 -1.119780107568758010e-01
3.611562685491410907e+00 3.194069282570648483e-01
2.836321445411378761e+00 1.695002974026517673e-01
3.502410188759579324e+00 -8.442084041237543635e-03
3.501013653855800545e+00 4.024264424378431459e-01
4.336296077160571194e+00 -4.562208932616247381e-01
