0.4619 0.0971
-0.1826 0.1585
0.1364 0.5347
-1.0841 0.4009
-0.0543 -0.1107
-0.3006 -0.5857
-0.3162 -0.7435
-0.9713 0.1060
0.0211 0.0996
0.1943 -0.0246
0.5182 -0.3691
-0.0612 -0.5417
0.3199 0.1196
-0.9812 -0.0754
0.0162 0.1294
-0.4664 0.4428
-0.6310 0.0291
-0.8245 0.3140
-0.3867 -0.0448
0.2270 -0.3312
0.0305 0.0120
0.0189 0.4265
-0.6012 -0.3220
-0.2730 -0.7562
0.4483 -0.3942
1.9919 -0.0815
1.9595 -0.9559
2.4680 0.8228
2.1135 -0.0437
1.5666 0.2455
2.4542 0.9442
2.7553 0.7134
1.2107 -0.4591
1.8912 0.9642
2.9194 -0.4438
2.1377 -0.1175
1.6870 0.5801
1.9408 -0.1719
1.8893 -0.0922
2.7775 -0.1579
1.4968 -0.1764
2.6138 -0.2380
2.0480 0.2160
2.4742 -0.0972
2.7323 0.1938
2.0865 -0.2500
2.1901 0.0302
1.7181 0.3243
2.8646 -0.0926
2.3079 0.9693
