-0.0345 -0.0273 0.1433
-0.0616 -0.3454 -1.4803
-0.1753 -0.1563 -0.4466
0.0525 0.0189 0.2155
-0.0001 0.0003 0.2545
0.9494 -0.2194 -0.2249
-1.1934 0.2134 0.0774
-0.1970 -0.0156 0.9733
0.0416 0.0048 -0.6584
-0.5680 -0.4100 -0.5201
-0.1773 -0.2613 0.1380
-0.0197 0.0256 -0.1631
0.9377 0.1991 0.5586
0.0604 0.1065 0.0712
-0.2493 -0.0544 -0.2983
-0.0322 0.2752 0.9402
0.0050 0.0114 -0.0189
-0.2190 0.3701 -0.1674
-0.3310 0.0822 0.3343
-0.3703 -1.3715 0.2085
1.0005 -0.6596 -1.0997
0.5996 0.5920 0.8815
-0.7483 -1.2692 0.0799
-0.0697 -0.0125 0.2150
-0.7742 -0.5138 1.1502
0.0730 0.4955 0.0091
0.6970 1.3777 0.2522
-0.5881 -0.1001 -0.2279
-0.0238 -0.1164 -0.0434
0.9107 0.4243 0.0491
0.0951 0.3749 -0.0603
-0.1113 -0.0232 -0.1544
0.0434 -0.1477 -0.0302
-0.1435 0.1669 0.3549
0.0506 -0.5406 -0.4319
0.0614 0.1108 -0.3009
0.3415 0.1549 -0.3868
0.1210 0.0892 -0.2246
0.2060 0.5169 -0.8203
0.1089 -0.1224 -0.5030
-0.0214 -0.0263 -0.1261
-0.0000 -0.0000 0.9952
0.1250 0.0328 -0.1154
0.1824 -0.2821 0.8031
0.1146 -0.3861 -0.0879
0.0343 0.3359 -0.9202
-0.4362 0.3021 -1.5417
1.2756 -0.2004 -0.5730
0.7675 1.3314 0.3441
0.0602 0.0573 0.7238
-0.6493 0.0307 1.1459
0.0210 0.0275 -0.0723
0.9558 -0.0385 -0.0114
-0.2164 0.3529 -0.3664
-0.0719 -0.0289 -0.0174
0.0932 -0.7111 -0.0979
0.4570 -0.3749 1.4533
-0.3980 -0.2104 0.1497
0.0203 0.0179 0.0379
-0.1033 -0.0209 -0.0139
-0.6232 0.2938 -0.3134
-0.0032 0.0112 -0.0095
0.0106 -0.0012 -0.7794
-0.2962 -0.0261 -0.5647
0.0263 -0.1349 0.8825
0.0063 -0.0589 -0.7573
-0.0033 -0.0066 -0.3066
-0.0066 0.0344 0.2628
-0.3873 0.1813 -0.0038
0.0788 0.0108 0.1582
0.2284 0.9616 0.8049
-0.0279 -0.0764 -0.1504
0.0049 0.0060 0.0127
-0.3892 0.4506 -0.7355
-0.0500 -0.0455 0.0346
-0.4390 -0.1014 -0.7525
-0.0084 -0.0253 0.0353
-1.6921 -0.0054 -0.1399
-1.1906 0.1579 1.0474
0.1169 0.0955 -0.2105
0.1569 -0.4761 -0.6536
0.3822 -0.3847 -0.7478
0.7725 -0.0045 0.1195
-0.1029 0.0206 0.6789
0.0759 0.0597 -0.0373
-0.2376 -0.3124 -0.4038
1.0441 -0.8115 0.0569
0.3614 0.2389 -0.0087
-0.2641 0.2141 0.0620
0.1907 -0.1923 -0.2346
0.8573 0.2791 0.2075
-0.0080 -0.8291 0.2666
0.2241 -0.3189 -0.1743
-0.3561 0.1100 0.0986
-0.8308 -0.1813 0.3424
-0.2737 0.1212 0.3757
0.0389 0.0686 0.0380
0.0940 -0.1809 -0.1013
0.2963 1.6573 -0.0804
-0.3408 -0.3175 -0.5971
-0.3075 0.0684 -0.5700
-0.5302 -0.3203 0.4166
0.0587 0.5001 0.1267
-0.3233 0.1247 0.1748
-1.1130 0.2436 -0.2909
-0.3068 0.1147 0.1550
-0.0544 -0.3044 0.1134
-0.2100 0.0932 0.2668
0.2037 -0.0361 -0.1953
0.0564 -0.0137 -0.5655
0.3277 0.1078 -1.3061
-0.5641 -0.1326 -0.5724
0.0291 0.0787 0.0695
-0.3236 -0.0549 -0.3738
0.0982 0.0394 -0.1797
0.3667 -0.0784 -0.5889
0.0067 0.0296 -0.0477
0.0035 -0.2740 -0.0345
0.0582 0.0079 -0.0502
-0.0130 0.0124 -0.0499
0.6679 -0.1901 -0.6352
0.1555 -0.4993 -0.7742
-0.0124 -0.0188 -0.6158
0.1659 -0.2060 0.2795
0.3253 -0.1482 -0.1314
-0.1780 -1.2885 -0.7301
0.0715 -0.1163 -0.0556
0.0633 -0.0215 -0.1706
-0.8923 0.1472 0.5145
0.6152 -0.2067 1.5151
-0.0952 -0.0411 -0.0255
0.4228 -0.1889 -0.7398
0.0070 -0.0105 0.5301
-0.1259 0.0858 0.6814
-0.3214 0.6770 -0.0927
-0.3114 0.3267 0.7496
-0.4375 -0.1672 -0.1945
-0.7202 -0.6198 -0.1853
0.0529 -0.2952 -0.5557
0.0150 -0.9031 0.1529
-0.0074 -0.1842 -0.5730
0.1442 -0.1096 -0.8523
0.0078 -0.0051 0.1729
-0.5213 -0.1944 0.6137
-0.0819 -0.1644 -1.2806
0.5664 -0.2572 0.0164
-0.0707 0.0142 -0.0981
0.0674 -0.2068 -0.0328
0.1375 0.1621 0.5759
-0.1584 0.2242 -0.3002
-0.4895 -0.0785 0.2163
0.0266 -0.0327 -0.3167
0.0263 0.0159 0.0593
-0.4136 0.4689 -1.1982
0.2223 -0.2371 -0.2093
0.1183 -0.3652 -0.6184
0.5052 0.4119 -0.7474
0.3008 -0.4032 0.1370
-0.1429 -0.1278 0.2069
0.1148 0.0478 0.4263
-0.4838 -0.1459 -0.6727
-0.0041 0.0693 -0.2081
0.0288 -0.3494 -0.5610
-0.4748 -0.1855 0.4068
0.0564 0.1288 -0.3612
0.3632 -0.3162 -1.3334
0.3737 -0.0487 -0.0991
-0.1248 -0.0949 0.1378
0.1260 0.2146 0.7502
0.5182 0.3280 0.1877
0.2653 0.6202 0.5892
-0.4181 -0.1217 -0.5540
0.6604 0.1181 0.5496
0.5528 0.0454 0.5422
-0.1175 -0.3066 0.7223
-0.2100 0.3931 0.5674
0.0488 -0.0237 0.0743
-0.8293 0.8562 -0.9874
-0.0014 0.1740 -0.3478
-0.0054 0.0107 0.0678
-0.0606 0.0803 -0.0704
-0.0223 -0.0403 -0.0022
1.0545 0.5141 -0.1169
-0.0758 0.3324 0.0190
-0.0059 -0.1911 -0.2460
0.9004 1.2320 0.6426
0.0725 0.0440 0.5403
-0.4100 0.1540 0.0345
0.1393 0.4256 -0.7547
-0.0001 -0.0000 -0.0152
0.1759 -0.0010 -0.0398
0.2825 0.0417 -0.0183
0.3791 0.0285 -1.0480
0.1659 0.0016 -0.0713
-0.0361 0.0522 -0.1147
-0.0060 -0.0860 0.9862
0.0118 0.0077 0.1072
0.8975 0.4022 -0.1001
-0.0282 -0.0209 0.0135
0.5071 0.0556 -0.4161
-0.0026 0.0099 0.8404
-0.2182 -0.1233 -0.1721
-0.0483 0.0973 -0.3481
0.0501 -0.0510 -0.1820
0.2786 0.1732 0.4434
-0.0222 -0.0145 0.0192
-0.0146 -0.0183 0.1469
-0.0164 -0.0441 0.1739
-0.4686 -0.0409 0.9216
-0.0184 -0.2451 0.1842
-0.6772 0.2490 -0.1066
-0.0397 0.2852 -0.3174
-0.8005 0.4441 0.3143
-0.9820 -0.4762 -0.0922
-0.0112 0.0224 0.0044
0.1275 0.7091 -0.5681
-0.0700 -0.1220 -0.0152
0.3054 -0.5479 0.4211
0.2267 0.1900 -0.1241
-0.0478 -0.0839 0.2304
0.8375 0.3993 0.7109
0.1433 0.3748 0.3760
0.0451 0.0509 0.0205
0.3097 -0.9807 1.2790
0.1442 0.2640 0.1756
-0.5447 -1.1504 -0.0060
0.0256 -0.0169 -0.0219
1.0057 0.5795 0.8270
-0.4046 0.3849 0.6221
-0.0999 -0.2671 -1.2801
0.0200 0.0279 0.0925
-0.2519 -0.3077 0.1514
-0.3799 -0.2719 0.2003
0.3171 0.0515 0.0838
-0.1220 -0.8511 0.7199
-0.1081 -0.0687 0.2181
0.1524 -0.0241 0.0992
-0.0026 0.0032 1.2484
-0.0071 -0.0061 -0.0557
-0.1663 0.3545 1.6439
-0.1060 0.0223 -0.2684
-0.1167 -0.4730 0.3430
1.0199 -0.1100 -0.5552
0.5065 -0.3949 -1.1103
-0.0508 -0.0263 -0.0410
0.1082 -0.0605 -0.0624
-0.2468 -0.2064 -0.9062
-0.0002 -0.0011 -0.0097
0.3136 -0.1582 -0.5867
-0.0114 0.0882 0.2047
2.4552 0.1783 0.1895
2.9776 0.7664 0.1510
2.2903 0.2433 -0.7948
2.4351 0.2650 -0.5606
2.4998 -0.0000 -0.0000
2.2941 -0.7945 -0.4000
2.5158 0.0218 -0.0064
2.5014 -0.1113 -0.0714
2.9188 -0.2981 -0.0629
2.6227 0.3360 -0.2039
2.2017 0.0491 -0.8653
2.5096 0.2227 0.1489
2.3539 -0.0109 0.3857
2.3773 0.0696 0.0365
2.0930 -0.8004 -0.2302
2.2645 0.5172 -0.2056
2.4261 0.0524 -0.0852
1.7935 0.2943 -0.0506
2.2652 -0.5260 -0.0645
2.3793 -1.0384 -1.3058
2.6148 -0.1244 -0.0076
1.8330 0.6424 1.3808
2.5561 0.1629 -0.9445
2.6232 0.0654 -0.4194
3.0329 -0.3323 0.7159
2.1470 0.0188 0.2610
3.0710 -0.6189 0.1629
3.0495 0.5669 -1.0656
1.8756 0.5490 -0.3560
2.5455 -0.0132 -0.3713
2.2664 -0.0978 -0.0424
2.7979 -0.4136 -0.2401
2.7430 0.4304 -0.6594
2.5060 -0.0001 0.6397
3.1153 0.3531 0.2540
2.6737 0.5914 -0.0487
2.2066 -0.2029 -0.3366
2.3903 -0.0074 0.6212
2.2551 -0.1645 0.4384
2.1748 0.0959 1.3904
2.5888 -0.0460 -0.2114
2.5266 -0.0458 -0.0862
2.5208 0.0116 -0.0381
2.5028 0.0137 0.0046
2.3757 0.1832 0.8747
2.3505 -0.0533 0.2783
2.2919 -0.2677 -0.9271
2.1017 -0.1500 0.7360
1.7187 0.2946 -1.4431
2.5492 -0.8074 0.3639
2.4946 -0.0623 -0.0528
2.9549 -0.8593 0.6854
2.4845 0.7715 -0.4040
2.5154 -0.0517 0.0315
2.7749 -0.5162 0.0260
2.4959 0.0125 0.2146
2.0005 0.7384 -0.0806
2.5652 -0.0181 -0.0285
2.7194 0.0215 0.2349
2.4420 -0.1830 0.0021
2.5001 -0.5130 -0.3302
2.5020 0.0504 0.3515
2.4693 -0.0327 1.0242
1.3642 0.4237 -1.1461
3.2214 0.4338 -0.4795
2.4211 0.1810 -0.0026
2.7579 -0.1305 -0.7405
2.6660 -0.3438 0.3133
2.4962 0.0708 0.2053
2.6569 0.3392 -0.0482
3.0725 0.1140 -0.3077
2.5735 0.0862 -0.2354
2.2784 1.5931 0.1193
2.2827 -0.0301 -0.3949
2.6955 0.0830 -0.0982
2.6065 -0.0900 -0.2024
2.6155 0.0326 0.7843
2.5073 0.0197 0.0569
1.8473 0.0666 1.0626
2.5155 -0.0079 -0.0073
2.5639 0.0556 -0.1160
2.1550 -0.0507 0.6703
3.0337 -0.0494 0.4105
3.2999 -0.2383 -0.2359
2.4871 0.0015 0.0456
2.4861 0.1010 -0.4230
2.2962 0.2201 -0.6032
2.2650 0.0209 -0.2640
2.5110 0.1455 0.1392
2.5388 0.1923 1.5163
2.2516 -0.0357 -0.0746
2.3781 -0.2214 0.1732
2.4037 0.2075 -0.0316
2.5035 0.0154 0.4637
1.8081 0.0102 -1.1625
2.5164 0.0086 -0.7973
2.5541 0.0209 -0.0168
2.6194 -0.1189 0.1426
2.4396 -0.0511 -0.0166
2.3100 0.1945 -1.1083
2.7529 -0.3163 -0.0669
2.5893 0.1722 -0.1465
2.4650 -0.0035 0.0058
2.6253 -0.1487 0.7162
3.1763 -0.1098 0.2559
2.6233 -0.1697 0.4367
2.5402 -0.0012 0.9502
2.2989 -0.9448 0.1409
2.4983 0.0054 -0.0462
2.0517 0.2217 -0.0215
2.3207 0.2954 0.0913
2.5109 -0.0648 0.5215
2.5013 -0.6771 0.3051
1.9363 0.0480 0.3809
2.4798 -0.0434 0.0525
2.4501 -0.1293 -0.3563
2.7265 0.3729 -0.3480
2.5361 -0.1057 1.1294
2.8633 0.0799 -0.1507
2.5009 0.0155 0.0455
1.9996 -0.1528 -0.2872
2.5806 -0.2154 -0.2853
2.2097 0.0161 -0.1082
2.6443 -0.0479 -0.8203
2.1838 0.2133 0.4792
2.3100 -0.1658 0.6526
2.5028 0.0009 -0.0088
2.5134 -0.0060 -0.2174
2.8566 0.2356 -0.1774
2.4383 -0.0647 0.1404
3.1960 0.2128 -0.3241
2.5158 -0.0045 0.3740
2.5054 0.0058 0.0012
2.1932 0.0523 -0.5001
2.1382 -0.2339 -0.7701
3.1049 0.7766 0.1156
3.0201 0.2516 -1.2414
2.4320 -0.2301 -0.1377
3.7135 -0.8889 0.7556
2.5222 0.0054 0.0250
2.3515 0.4104 -0.0318
2.4249 0.0308 0.0507
1.8251 -0.3935 0.0388
2.0664 0.3019 -0.1511
2.7183 0.4311 0.5482
2.4187 0.1157 -0.7332
1.8161 0.1128 0.5801
2.1684 0.3822 1.3766
2.5969 0.1568 0.5411
2.5102 -0.0270 0.4423
2.3906 0.3521 0.3046
2.6864 0.8458 -0.0432
2.5737 0.4221 0.4101
2.6574 -0.1615 -0.1179
2.4646 -0.1979 0.8172
2.5971 0.3533 0.6535
2.7115 -0.2120 1.3587
2.2708 -0.8974 -1.1054
3.1585 0.5194 -0.2699
2.5382 -0.1196 -0.0591
2.4591 -0.1060 -0.0334
2.3669 0.3155 -0.9796
2.5170 0.0041 -0.6147
1.8779 -0.4172 -0.1984
2.5392 0.1945 0.0158
1.6438 -0.0470 0.5629
2.9137 0.2723 -0.2961
2.5178 -0.1031 0.5168
2.4537 -0.1660 0.0545
2.5395 0.1006 1.6229
2.5509 0.0516 -0.0366
2.8466 0.0614 0.2084
2.6393 0.1569 -0.5948
2.3567 -0.1013 0.0688
2.4217 -0.1326 0.1115
2.6245 -0.7320 -0.5852
2.5147 -0.0027 -0.0602
2.5294 -1.4142 0.6609
2.4559 -0.0547 -0.2352
3.5221 -0.7501 -0.9340
2.3984 0.0789 0.5547
2.6670 0.3779 0.6709
2.9049 -0.0760 -0.2263
2.0641 -0.5485 -0.6799
2.6546 0.0341 -0.5545
2.4984 -0.0014 0.4120
2.2966 -0.1248 0.3233
2.2865 0.2427 -0.6779
2.5796 0.0781 -0.5101
2.4184 -0.1859 0.5021
2.5503 -0.0095 0.5107
2.5619 -0.4931 -0.5517
2.5971 0.0693 0.4173
1.9428 1.0689 0.9304
2.9805 -0.3823 -0.2507
1.9716 -0.5130 -1.1034
3.5606 0.4777 0.1819
2.7035 0.0174 0.9056
2.4351 0.3487 0.4713
2.8953 -0.2337 0.3680
2.8686 0.7668 -0.4044
2.1917 -0.4272 -0.0903
2.6097 -0.1320 0.1398
2.5803 -0.0697 -0.1798
2.4810 -0.0100 0.0037
2.4845 0.0371 0.3611
2.6107 -0.0437 -0.5212
2.3161 -0.0132 0.4124
2.1781 -0.6044 -0.3633
2.6547 0.1516 -0.3400
3.2495 0.8115 -0.5327
2.5893 0.0056 -0.5152
1.7854 -0.5769 -0.3469
2.4949 -0.1214 0.7500
2.4970 -0.0033 -0.0575
2.3143 0.0414 -0.0444
2.0103 -0.2295 0.4113
3.1396 0.1289 0.4711
2.3390 0.1296 -0.3395
1.7079 0.3799 0.2093
2.2188 -0.1131 -0.0153
2.4952 0.0313 0.0019
3.2823 0.9088 0.4503
2.8014 -0.4228 -0.2067
2.5645 0.1798 0.0749
3.0728 0.1504 0.7561
2.5393 -0.0143 -0.1536
2.5936 0.3199 0.0649
2.1870 -0.4976 -0.0332
2.4922 -0.1586 0.0023
1.6872 -0.0461 -0.2490
2.5550 0.6097 0.6201
3.3542 -0.0606 0.4194
2.6584 -0.0153 0.3908
2.1533 -0.1087 0.9033
2.9622 0.4561 0.5927
2.5196 0.1267 -0.3252
2.3553 0.2815 1.1470
2.5535 -0.1150 -0.7851
2.4922 -0.4960 0.2103
2.9935 0.0293 0.7674
2.4402 -0.0157 -0.2213
2.4999 0.0016 0.0066
3.0479 -0.1576 0.3899
2.6972 0.5120 -0.1584
2.0282 -0.6056 -0.4686
2.6965 -0.1090 0.6414
1.5420 -0.1287 -0.0028
2.7760 -0.8862 -0.4744
2.4986 0.0000 -0.2184
