-0.0228 -0.0255
0.8650 -0.5542
-0.0920 -0.0880
0.5169 -0.5862
-0.1209 -0.3356
0.6600 0.1734
-0.0217 -0.0322
-0.0090 -0.3017
0.2742 -0.4453
1.5492 1.1377
0.5638 0.2632
0.1793 0.8077
-0.3822 -0.3246
0.0226 0.8358
-0.0696 0.1598
0.7114 0.5071
-0.7881 -0.5068
-0.2331 0.2036
-0.0207 0.0251
-0.1039 -0.8158
-0.2249 0.4357
-0.1191 0.1222
0.6315 0.2869
-0.1113 0.0227
-0.5839 -0.0592
0.7950 0.0367
0.0299 0.0182
-0.8707 -0.4542
0.0492 -0.4655
-0.1309 0.1399
-0.1246 -0.1112
0.2586 -0.6360
0.3403 0.6697
-0.6102 -0.8393
0.2787 0.0165
-0.1084 0.1040
0.1275 0.1746
-0.7138 -0.3622
-0.0038 0.3184
-0.2637 -0.6377
-0.8895 0.2262
1.1963 -1.8345
-0.4162 -0.3030
0.4032 -0.2361
-0.0796 0.0590
-0.6105 -0.2360
0.1216 0.0957
0.1439 -0.2424
0.6189 -0.3740
-0.2900 -0.0437
-0.0845 -0.2813
0.4725 -1.0113
1.1782 2.1287
-0.4585 -0.7899
-0.0429 0.3456
0.4218 -0.8416
-0.4506 -0.1709
-0.4541 -0.0113
0.2859 -0.3976
-0.0376 0.1343
-0.2425 -0.0752
0.1862 -0.1629
-1.3911 -1.6384
0.5129 -0.4335
-0.1190 -0.0986
-0.1546 -0.1115
-0.6604 -0.6646
0.1867 0.0958
-0.4361 0.5666
-0.0649 0.0377
0.4960 0.5461
0.0839 0.2554
0.0347 -0.0715
-0.0246 -0.5901
-0.0648 -0.0772
-0.4161 0.4609
-2.2215 -0.1995
1.7094 1.6872
-0.5090 -0.5755
-0.6139 0.6181
-0.3885 0.0916
-0.0071 0.0116
0.2249 0.0279
0.2935 -0.4264
1.4092 1.4888
-0.2709 -0.2144
-0.1686 -0.2933
0.3835 0.4668
-0.1694 -0.4977
0.3419 -0.8825
-0.0418 0.0416
-0.0744 -0.8055
-0.6704 0.6414
0.6642 -0.7384
0.0978 0.1505
-0.5908 0.2697
-0.1056 -0.1564
0.0099 0.3195
0.6964 -0.0639
0.3239 -0.1323
