-0.0362 0.1015 0.0633
-0.0620 0.1116 0.0809
0.0237 -0.0695 0.2279
-0.1578 0.0114 -0.2748
0.0687 -0.0184 -0.0156
-0.0467 -0.0154 0.0328
0.0858 -0.2139 -0.0497
0.2076 -0.3461 -0.0197
0.2703 0.6864 -0.4135
0.0201 -0.1022 -0.4418
-0.1160 0.5406 -0.5455
-0.0590 -0.0520 -0.2205
-0.0282 0.2966 0.2271
0.0898 -0.3209 0.6128
0.6467 0.2176 0.0220
-0.0594 0.0749 -0.1455
-0.0471 0.0483 0.1048
-0.5805 0.1195 0.3136
-0.0584 -0.0181 0.7484
0.0003 0.0036 -0.1008
0.3336 -0.1800 0.1693
0.7581 0.0427 0.0706
-0.0006 -0.0011 0.0034
-0.2159 0.1937 0.2693
0.5906 0.1106 -0.2563
0.0326 -0.1977 -0.3069
-0.0334 -0.0582 -0.7877
-0.0715 -0.0659 -0.2279
0.7423 0.2770 0.3516
0.3287 0.1114 0.1538
