-0.3547 -0.2957 0.0418
0.2539 -0.1652 -0.0178
-0.2677 0.3359 -0.7044
-0.0810 -0.0280 -0.3570
-0.1066 -0.1356 0.0089
-0.4830 0.2058 -0.4374
0.1274 0.1680 0.3608
-0.0012 0.0092 0.0449
-0.0383 -0.4690 -0.5020
0.2106 0.2242 -0.9358
0.0805 -0.0043 0.7524
1.0909 -0.1738 -2.5805
-0.0567 -0.3993 -0.9148
-0.0350 0.2190 0.1127
0.3162 -0.0906 0.2858
0.0866 -0.2701 -0.2332
-0.0695 -0.6666 -0.2904
0.5687 0.1975 -0.1580
0.1331 -0.1374 0.6060
0.3151 0.1224 -0.2442
-0.1056 -0.0217 0.4507
-0.0244 -0.1760 1.7456
0.0262 -0.0836 -0.4948
0.1975 -0.0004 -0.6591
0.2261 0.2052 0.1595
3.9654 -0.0117 -0.0313
4.5433 0.2639 0.2104
3.9117 0.2453 -1.9501
3.7436 -0.6004 0.0200
3.1657 0.0318 -0.0045
4.2813 -0.0044 0.1121
3.7931 -0.5063 -0.4913
4.1067 -0.0330 0.0566
3.9428 0.0031 0.0171
3.4690 -0.3864 -0.0115
4.0007 0.0033 0.0424
3.7478 -0.2532 -0.5854
3.9393 0.1054 -0.7444
4.4590 0.4996 0.6664
3.7904 -0.7145 -2.4473
4.0114 0.0110 0.3096
4.4201 -0.4320 -0.6301
4.0181 0.0399 -0.8016
4.5187 -0.2211 0.2113
3.7730 -0.3993 0.2998
3.2250 -0.1311 0.5820
3.9902 -0.0169 0.6581
4.5916 -0.4815 0.5862
4.4040 0.1210 0.3426
6.0966 1.8721 -1.3410
