-0.3763 -0.1288
-0.4047 -0.0515
-1.5344 -0.1687
0.4256 -0.1737
-1.0439 1.2257
0.1384 -0.0482
-0.2900 -0.3131
-0.4165 0.3697
-0.1681 0.1135
0.0014 -0.0002
0.3986 0.2288
0.8905 -0.1710
-0.8704 0.0992
0.4415 -0.7207
-0.3650 0.0124
1.4767 0.4526
-0.3843 -0.6772
-0.2264 0.3746
0.0508 0.1489
0.4016 -0.8915
0.2705 0.8760
0.6805 0.2743
0.1983 -0.3989
0.5938 -0.1779
0.8017 -0.1476
0.5548 -1.2598
-0.2072 -1.3533
-0.8330 -1.3756
-0.0612 0.8920
0.3452 0.1773
0.0028 0.0009
0.3000 0.5109
-0.2933 0.0626
-0.0480 -0.3721
-0.0029 -0.9303
-0.0089 0.0745
-0.3775 0.7585
0.6582 -0.2362
0.4848 -0.3254
-0.0764 -0.2700
0.6641 -0.0261
-0.0934 -0.2288
-0.6038 -0.4055
0.5674 -0.2184
0.7016 0.1807
0.3088 0.0972
-0.0216 0.1234
-0.2910 0.4192
-1.1836 -0.8992
-0.0272 0.3637
