-0.5967 0.0612
-1.2345 0.2869
0.1963 -0.7950
-0.0503 0.0921
-0.0257 -0.0492
-0.2887 0.6274
-0.0364 -0.6160
0.2500 0.1268
-0.6708 -1.2428
-0.0168 0.0679
0.1188 -0.0309
0.0806 -1.4956
-0.5432 0.7270
0.7321 -1.6912
-0.8374 -0.2354
-0.5202 -0.8907
0.2992 0.8027
-0.1696 0.2860
0.2732 -0.6940
1.2520 1.2238
0.0826 -0.8231
0.2790 0.0832
0.1510 -0.5526
0.1279 0.1080
-0.2138 0.9191
2.8074 0.3632
3.7835 -0.3285
3.1854 0.4965
3.6812 -0.1201
3.5080 -0.8747
3.9253 -0.4944
3.7712 -0.8744
4.0187 -0.3349
3.3322 -0.7188
3.2834 -0.8026
3.6398 0.0407
3.8089 0.5628
2.6252 -0.0831
3.4170 0.4630
2.8971 0.2673
3.4404 0.2116
2.9971 -0.0462
3.5686 -0.0052
3.8286 0.3250
3.7754 -0.1550
4.3550 0.0274
5.0661 -0.9211
3.3214 0.1913
3.5471 -0.1752
3.2203 0.3612
