0.3590 0.0081 -0.4617
0.0109 -0.0033 -0.0036
-0.0180 0.0776 0.1931
0.1520 -0.0787 0.7088
-0.0487 -0.1292 0.5146
0.6058 0.1152 0.1744
0.2591 0.3072 0.1692
0.0157 0.1020 0.1051
0.5603 0.5037 -0.0238
-0.1049 0.6350 0.1749
0.2387 0.9208 -0.9708
0.0281 0.0052 0.1521
-0.0831 0.0858 -0.1518
0.0612 -0.0139 0.4154
0.0803 -0.1775 -0.8115
-0.6350 -0.0981 0.0071
0.7212 -0.3516 -0.2631
0.0214 -0.1353 -0.4293
-0.5996 0.3914 -0.1147
0.0009 -0.0042 -0.3119
-0.1132 -0.0766 -0.0647
-0.0693 0.0006 -0.2727
-0.0066 0.0031 0.0721
0.0912 -0.1414 -0.1319
-0.0897 -0.3273 -0.0991
3.4864 0.0207 -0.1088
3.0785 -0.6658 -0.0746
4.0059 0.1357 -0.2145
3.6533 0.0357 0.0393
3.8212 -0.1825 0.8920
3.8174 -0.0834 0.2570
3.6867 0.3661 -0.3942
3.5111 0.1709 0.0303
3.5206 0.2293 -0.9575
3.1921 0.0001 -0.1503
3.3717 0.8985 0.0335
3.5705 -0.1515 -0.0148
3.6379 -0.1989 0.3174
3.5749 0.1786 0.4955
3.3579 0.4927 0.4900
3.4998 0.0071 0.3202
3.4438 0.2415 -0.5737
3.6136 0.0325 0.0575
3.2186 0.6405 0.6085
3.4833 -0.0059 1.7658
3.5715 0.0510 -0.3912
3.7544 0.3002 -0.8774
3.5330 -0.4149 0.6011
3.6120 0.0194 -0.0106
3.5071 0.0535 -0.9790
