0.4531 0.3287
0.2035 0.5468
-0.2847 0.2983
-0.1846 0.7764
0.4122 -0.1014
0.4884 0.4970
-0.9928 -0.0148
0.6833 -0.1943
-0.3704 -0.3257
0.6333 0.0358
-0.0025 -0.1709
0.0292 0.2764
-0.3387 -0.7024
-0.2873 -0.0385
-0.3315 0.4044
0.2808 0.8849
0.3497 -0.1282
-0.2550 0.6300
-0.4740 -0.6346
-0.1126 0.0844
0.7677 0.5893
0.2966 0.8639
0.4617 0.0613
0.0977 0.1455
0.3875 -0.6725
0.0594 0.0951
-0.3132 0.1547
-1.2457 -2.0843
-0.3402 -0.7989
-0.2360 -0.0663
-0.2012 -0.6644
0.4877 1.6724
0.3238 -0.0394
-0.4295 0.0531
-0.3418 0.5113
0.5542 0.1813
-0.4339 0.4355
0.0125 0.1073
2.6827 0.8341
-0.6247 0.4257
0.4043 0.2989
-0.2253 -0.1671
0.0121 0.0541
-0.2051 -0.0213
0.4186 0.5892
-0.5130 -0.2070
3.5940 0.6444
0.0867 0.3531
0.1292 -0.1587
-0.1503 -0.4738
-0.0029 0.0658
-0.4129 -0.6341
-0.7286 -0.0476
-0.0816 0.0647
0.5317 -0.6435
0.3802 0.1914
0.8194 0.3004
-0.3430 0.1404
1.0061 1.0871
-0.2022 -0.8391
-0.0124 -0.1678
-0.2205 -0.1079
0.0019 -0.6024
-0.3614 0.3732
-0.7335 -0.2355
-0.6786 0.0325
-0.1453 0.0450
0.2020 -0.3839
0.4103 -0.2147
0.0210 -0.1235
1.4497 0.3793
-0.9363 0.5776
0.1571 -0.0982
0.3208 0.9143
-0.1111 0.2448
-0.0430 0.6771
0.1860 -0.3795
0.2718 -0.6694
-0.3272 0.0800
0.1371 -0.1108
0.0510 -0.1318
-1.7834 3.2245
-0.2178 0.9563
-0.0964 -0.1377
0.9053 2.2773
0.1751 0.1900
0.0118 -0.0063
0.2632 1.1151
0.3986 -0.6228
0.0175 -0.1276
-0.1052 0.0966
0.0488 0.0436
0.1078 0.4686
-0.0954 0.7507
0.0003 0.3049
-0.5024 0.2540
0.3796 0.3804
0.1293 -0.0129
0.6817 0.1527
0.6222 -0.2897
-0.1686 -0.4656
0.4582 0.7405
1.1358 2.9384
-0.2251 0.1420
0.2044 0.1235
-0.8629 0.0391
-0.1324 0.1062
0.6002 0.3543
-0.2026 0.0417
-0.0906 -0.0028
-1.9913 -1.9799
-0.0064 0.1882
0.0606 0.3933
1.0579 0.8681
0.2217 -0.2860
-0.6168 0.2012
-0.6614 -0.4229
-0.2607 0.5987
0.2266 0.8630
-0.0675 -0.4427
0.6607 0.3220
0.0283 -0.0738
-0.0859 0.2540
0.7456 -1.1779
1.7043 -1.5844
-0.1895 0.1867
0.2027 0.6730
0.2124 -0.0641
0.0564 0.1378
-0.1653 -0.0807
1.8973 -2.7212
-0.1659 -0.1686
1.5995 0.4482
-0.1846 0.0495
0.2722 0.1390
-0.0163 0.1468
-0.3292 -0.3550
0.6139 0.3221
0.3912 -0.2203
-0.3983 -0.5079
-0.2078 -0.3212
0.9185 -0.1093
-0.2837 -0.0441
-0.0292 0.0084
-0.1144 0.0711
0.8361 -0.0282
0.6987 0.6185
0.7293 0.0614
0.3454 0.2339
0.6979 -0.6613
1.0063 1.7560
0.5519 1.5742
0.3717 -0.6964
0.0226 0.5030
-0.4046 -0.7141
0.1578 -0.7510
0.1213 -0.6645
0.4488 0.4974
-0.8254 -1.9644
-0.0705 0.3807
-0.0547 -0.7043
-0.4014 -0.2329
0.2051 0.1616
-0.4687 -0.6680
-0.4804 0.0667
0.4661 0.3224
-0.9348 0.2882
-2.9756 -1.7109
-0.9616 0.2498
0.3146 -0.4791
-0.3736 -0.0033
-2.0591 -0.9014
-0.4098 -0.7466
-0.3344 0.7777
-3.4354 -0.0630
0.6584 -0.3742
-0.7216 -0.1240
0.0932 -0.0697
1.3970 -1.3904
-0.5667 0.2007
0.2036 0.0581
0.0283 -0.0424
0.6719 -0.0447
0.0964 -0.1092
-0.5908 -0.0965
0.4992 -0.0042
0.3863 -0.3358
0.4309 -0.5787
-0.1672 0.1231
3.0291 1.6181
-0.5787 -0.5250
0.0187 0.0051
-0.1679 -0.4179
-2.0006 -1.1998
-0.0506 -0.9069
-0.8592 -0.4901
0.2382 -0.5206
0.0634 -0.1013
-0.0915 -0.9921
0.5120 0.5790
0.1058 -0.0355
-2.8216 -0.6120
2.2292 -2.5858
0.1068 0.0903
-0.8091 0.3433
-1.1084 -3.5221
-0.8345 -0.5375
-0.6669 -0.2376
1.7440 3.2348
0.1953 -0.5949
0.2935 -0.0053
-1.0027 1.1166
2.1606 -0.0699
0.5083 -0.0954
-0.1973 0.2829
-0.1826 0.6027
0.2272 -0.1798
-0.2013 0.3435
-0.3168 -0.1075
0.2741 -0.4200
0.4381 -0.0117
-1.1722 0.2400
1.7709 0.8720
0.3812 -0.8367
-0.2976 -0.1263
-0.0342 -0.1011
-1.8226 2.1449
2.4721 0.8209
0.0586 0.7591
0.1768 0.0454
-0.2433 -0.5114
0.2070 -0.2659
0.2672 -0.1024
0.8105 -0.5228
0.5457 -0.3940
0.5536 0.1396
0.4576 0.4651
0.2286 0.0789
-0.1590 0.3070
-0.2220 -0.0453
0.2360 0.6335
-0.0577 -0.3563
-0.0514 -0.2041
-0.6613 1.2720
-0.6735 0.3107
0.0024 0.0042
0.0439 0.0082
0.9398 -0.0076
0.7213 0.2508
0.2335 -0.3663
4.1963 -0.6383
3.9886 -0.4006
4.0832 0.2818
4.5143 0.6181
4.3649 0.9371
4.4984 0.6898
4.6685 -0.9780
4.8318 -0.7859
4.7824 0.1103
4.4924 -0.0397
4.2957 0.3653
5.9225 2.9741
5.0047 -3.5922
3.9756 0.8347
3.9883 -0.2896
4.1992 -0.1391
4.6511 -0.1340
4.2708 -0.5330
5.2179 0.5288
2.6641 0.7995
4.3152 0.2972
4.9039 0.1496
5.0848 -0.1956
3.9758 -0.3817
4.9021 -0.4160
3.7923 0.6805
4.1779 0.2190
4.5786 -0.0448
3.9794 0.1023
4.5500 -0.4546
5.7160 2.7813
4.8142 -0.0916
3.5913 -0.3304
4.1992 -0.6730
3.7080 0.1217
4.3731 0.2784
3.7967 -2.3712
4.8353 0.2267
3.8439 0.6840
6.5010 -0.1480
4.5715 -0.3225
4.9952 -0.3199
4.4158 -0.0097
4.2961 -0.2456
4.4408 0.1796
4.8472 -0.8452
4.6995 0.3996
4.5228 0.0468
5.1524 0.2904
4.8931 0.7095
4.7444 0.0574
4.0613 -0.4500
3.6935 -0.5327
4.5911 -0.9610
4.4049 0.2377
6.2493 -1.0145
5.1836 -0.0320
4.6540 0.9727
4.3420 0.0107
5.7687 -1.8684
4.6184 -0.1110
4.1446 0.5215
4.2517 0.8988
4.1812 0.7285
5.4373 0.1648
3.7969 1.3077
4.5929 0.4834
4.0151 0.0323
4.2567 0.6646
4.0502 0.6370
4.6371 -0.1974
4.2492 0.1407
4.7494 -0.7724
5.4426 0.2142
4.7772 -0.2849
3.8607 0.3666
5.4009 0.0795
2.7506 0.0556
5.0380 2.5327
5.2352 0.4625
4.1001 -0.1620
4.5359 -0.7211
3.8750 -1.1747
4.3461 -0.0549
6.8455 -0.7222
4.8846 -0.1890
4.4583 -0.4596
4.8699 -0.7274
5.1952 -0.3036
4.3418 -0.8014
4.8337 0.4170
4.4565 0.7632
4.3428 0.4930
4.5028 -0.7036
4.1182 0.1728
4.6132 -0.7030
4.0005 0.2210
4.5108 -0.0214
4.4345 0.7298
3.7726 0.5992
4.2047 0.2618
4.8534 0.2982
4.5032 -0.0036
4.7618 0.6567
5.1972 0.4876
5.9119 -0.9876
4.2579 -1.6046
5.4138 0.0900
4.6984 0.4599
4.6493 0.0944
5.0114 0.3622
4.3560 -0.5032
4.4324 0.9278
4.7293 -0.0844
4.2173 -0.0710
4.2025 -0.7995
2.2230 -0.0862
4.2122 0.0821
4.7546 0.0703
4.3841 -0.1082
2.7361 0.8917
4.1959 0.4972
5.5956 0.6425
3.6913 0.2080
4.2313 -0.2607
4.0468 0.0311
2.6149 0.6573
4.0394 -0.6342
4.7510 -0.0043
4.1970 -0.9007
2.8970 -1.3661
4.3789 0.2230
4.5800 -0.3293
3.9439 -0.3912
3.7908 -3.1846
3.0853 2.9879
3.9128 0.3454
4.3865 0.0937
2.1035 -0.0560
4.6880 0.4342
3.9837 -0.4416
4.5036 0.0260
4.6218 0.6546
4.9233 0.1989
6.9422 0.3031
4.0217 -0.0632
4.3211 -0.5419
4.9318 -1.2266
4.3969 -0.3992
5.2337 -2.3003
5.0551 0.7741
4.1842 -0.2017
2.6793 0.2613
4.5767 0.2392
4.3700 -0.7965
4.1353 -0.2229
4.6025 -0.0634
5.4405 2.2769
5.3749 0.1582
5.4046 3.0287
3.2136 2.3792
3.9720 -0.0059
4.4498 0.1984
4.7867 0.6015
5.4741 0.0755
4.4039 -0.2583
4.1558 0.2054
4.9729 -0.4822
4.6471 -0.0524
4.4602 0.7447
4.5214 0.1468
4.8810 0.4162
5.1101 -1.3539
4.3715 -0.0648
4.9290 0.0431
4.5952 -0.1131
5.2729 1.0798
4.3302 -0.5201
4.2139 0.1221
4.5679 0.0646
4.7453 -0.2284
5.8398 1.2303
5.1421 0.0110
4.6143 -0.4102
4.5044 -0.3383
4.6906 -0.8868
4.8745 -0.2201
4.8384 -0.2907
4.3665 0.1338
4.5049 0.0326
3.7677 1.0509
4.4018 0.0411
3.9121 -0.0626
4.1529 0.1454
4.4235 -0.2910
4.2209 -0.9458
2.0106 0.9510
4.3095 -0.5796
4.6025 -0.0588
4.3244 -0.0726
4.9225 0.6830
4.5929 0.0053
4.0097 0.3483
4.5571 -0.3063
5.0350 0.5274
4.6507 -0.1695
4.4213 0.3584
4.5229 0.0844
4.4633 0.5082
5.1566 -0.5909
4.4600 0.2523
4.1626 -0.3121
4.5069 0.0034
5.5757 -0.7203
4.7692 -0.3909
3.6120 0.5324
3.7042 0.0813
4.8397 0.3092
4.1853 0.2506
4.9156 -0.1352
4.4978 -0.0013
4.6648 -0.4918
2.8934 -2.7203
4.6139 0.0702
4.8930 -0.0833
4.5791 0.1168
4.9579 -0.5179
4.5450 0.1615
3.8767 0.4326
4.3113 0.1511
3.8216 0.1247
4.0632 0.2725
4.6772 0.7852
4.5504 0.3063
4.4959 0.3867
4.4727 -0.5978
4.7349 -0.0986
4.7168 0.2304
4.4544 0.3760
4.0047 -0.5734
4.2685 -0.0048
3.9771 0.8505
5.0765 -0.7975
4.1827 -0.5282
4.8966 0.0219
3.9576 -0.5017
4.1672 0.3767
4.7910 -0.3309
4.3662 0.3313
4.2197 -0.1423
