-0.8208 -0.1168
-0.2774 0.5360
0.2123 0.3581
0.5938 -0.0755
0.8611 0.0116
-0.3347 0.5411
0.4409 0.6897
-0.0924 0.2842
-0.0867 -0.0214
-0.0855 0.2256
-0.0357 0.3670
0.5315 0.5546
0.3694 -0.0489
-0.4160 0.4244
0.1661 0.4873
0.9092 0.2025
-0.1278 0.0478
-0.6522 -0.1285
0.0484 0.0104
-0.0738 0.5167
0.3439 -0.6920
0.3760 0.6403
-0.1171 0.2310
-0.0415 0.4959
-0.0564 0.9664
4.9546 -0.0711
4.5318 0.3783
4.6231 -0.1471
3.7787 -0.2296
4.2829 -0.7419
4.7385 0.1738
5.3163 0.0064
4.9751 -0.1832
4.9775 -0.8324
4.6843 -0.8765
4.1368 0.4174
4.7511 0.3060
4.3949 0.9757
4.3484 -0.2841
5.1164 -0.3111
4.4944 -0.0006
3.9476 -0.8320
4.8426 0.2162
3.9124 -0.1652
4.6748 -0.1401
4.0863 -0.4019
5.1642 0.7052
4.5132 -0.2758
4.7523 0.0711
4.5709 0.9642
