-0.5225 -0.0092 -2.0958
-0.3136 0.1381 0.7103
0.4588 0.5954 0.4743
0.0244 0.1489 -0.6478
-0.1680 0.5110 0.7184
0.7579 -0.5162 -0.2059
0.7923 -0.9841 -1.3789
-0.1750 -0.2790 0.3760
-0.2127 -0.4046 0.3353
0.0325 -0.2828 -0.3540
-0.6861 0.2066 -0.5578
-0.3106 -0.8767 -0.0492
0.0418 0.0799 0.0374
-0.0113 -0.1083 -0.8690
-0.0163 -0.1239 0.7547
-0.0459 -0.0087 0.2379
-0.2949 -0.0028 0.3597
-1.0483 0.4545 1.4137
-0.1501 0.0762 3.0226
0.2339 0.0066 0.0265
0.0032 -0.0050 0.0012
-0.0113 -0.0300 -0.7198
-0.9830 0.5701 -0.6218
0.0589 -0.2135 -0.4317
1.5926 -0.6472 -0.1679
-0.4793 -0.6095 0.3343
-0.2553 0.1245 0.9192
-0.1354 0.5111 0.2346
0.0793 0.0467 0.1395
0.3043 -0.2453 0.2901
-0.6892 0.0492 0.3389
-0.0703 0.0933 0.8853
-0.5399 -0.4053 0.2117
0.4459 -0.4023 -0.6708
-0.0844 0.3382 -0.3427
-0.0027 -0.0052 -0.0153
0.0965 0.1252 0.0325
-0.0345 0.1358 0.4241
-0.0573 0.0179 -0.1924
-0.5051 -0.3171 2.5334
-0.1286 -0.8096 0.5318
-0.3625 -0.1411 0.1882
0.0728 0.0721 -0.0777
0.2880 -0.4442 -0.8901
-0.1140 -0.1995 0.0810
-0.1178 0.2432 0.3941
0.0473 -0.0459 -0.1566
-0.3944 -0.0414 -0.8933
-0.3780 0.1719 0.1085
-2.3121 1.3430 -0.4512
-0.6590 0.0074 -0.6026
0.0009 0.0039 0.1127
0.0100 -0.0005 -0.0503
0.0042 -0.0762 -0.9648
-0.2343 0.1831 -0.8422
0.0126 0.1572 -0.5502
-0.3097 0.0407 0.7737
0.1206 0.6009 0.1443
0.0111 -0.0438 -0.4333
0.8937 -0.1075 -0.3283
0.0081 -0.5476 -0.5329
-0.0216 0.0566 0.2965
-0.4503 0.4326 -0.0154
0.1239 -0.2213 0.3027
-0.1319 0.0625 0.6174
-0.2002 0.3330 0.2123
-0.3370 -0.0767 -2.4212
-2.6814 0.0979 0.4732
0.7062 -0.0864 -0.6123
0.5125 -0.3800 -0.5735
-0.2688 -0.2779 -1.3146
-0.1054 -0.0430 0.3492
-0.0487 0.0111 0.8544
-0.6824 -0.5597 -0.6215
0.0047 -0.0025 -0.3408
0.0127 0.0198 -0.0359
0.0925 -0.0283 0.0040
-0.5746 0.1717 1.0754
-0.8523 -0.6672 -1.1351
0.0228 -0.0360 -0.0451
0.1908 0.8342 -1.0816
-0.3265 -1.5934 -1.9748
-0.0625 -0.0446 -0.9299
-0.0291 -0.2302 0.7512
0.3493 0.5259 -0.2413
-0.3227 0.1449 -0.6592
-0.0399 -0.1377 -0.8007
0.0222 -0.0849 -0.0585
0.0516 -0.7637 0.2263
-0.3636 0.3660 -0.3753
0.1523 -0.0872 0.8512
-0.1270 0.0012 0.1006
-0.3194 -0.2535 -0.6799
-0.1532 0.3698 -0.6398
-0.0583 -0.0737 -0.3035
-0.0161 -0.0779 0.0234
1.9865 -0.1462 0.0438
-1.2829 2.1873 1.1824
-0.0320 -0.7517 0.3756
-0.0369 -0.0562 0.8328
-0.1195 0.0878 0.1896
-0.3439 -0.1752 -0.0459
-0.0194 -0.0324 0.4323
-0.0544 0.1544 -0.0493
-0.1879 0.8719 0.3623
-0.1933 -0.1723 0.4628
-0.0010 -0.0288 -0.8800
0.4076 -0.5573 -0.0986
0.0619 0.1500 -0.7534
0.0112 -0.0016 -0.0811
0.3961 0.0556 0.1180
0.3977 1.4041 0.3562
0.0490 -0.0550 -0.2262
-0.1607 0.6062 -0.2795
0.0105 0.3104 -0.5972
-0.0753 0.1779 0.7606
0.1484 0.0039 0.4608
0.3124 0.3909 0.4571
-0.3734 0.1399 0.4128
-0.1730 -0.0502 -0.9314
0.1721 -0.0249 0.2096
0.7173 -0.2031 0.3580
-0.1630 -0.2317 0.7887
0.8903 0.0698 0.3225
-0.0136 0.0061 -0.5707
-0.0603 0.1866 -0.0783
-0.1173 0.0901 -0.4793
-0.3432 0.1817 -0.4187
0.0713 -0.0028 -0.9137
-0.4249 0.0332 0.6136
-0.0626 0.0374 0.8025
0.0017 -0.0372 -0.3118
1.6931 0.4699 -1.7745
-0.3023 -0.5255 0.7487
-0.0344 0.0171 -0.0505
0.6354 0.2582 -0.1187
0.0386 0.1476 0.5119
-0.0042 0.0090 -0.1836
0.2406 0.0419 0.0890
0.1530 -0.0225 0.4911
0.0524 -0.0668 -0.0391
-0.2205 -0.6231 0.6504
0.1424 -0.6375 -1.0380
-0.4919 -3.1282 0.1658
0.4743 -0.2470 0.5651
-0.1650 0.0533 -0.0735
0.2752 -0.2651 -0.5903
-0.0129 0.0164 0.0454
-2.7420 -0.5140 -0.2496
-0.0005 -0.0030 -0.0940
0.3679 0.4848 -0.2190
0.3872 -0.3278 -0.2540
0.3125 0.0820 0.0427
-0.3410 0.7667 0.4388
-0.1937 0.1371 -0.1665
0.0758 0.0022 -0.0483
0.0153 0.1725 -0.5896
0.1574 0.0799 -0.4477
0.0846 0.0097 0.1245
-0.0166 0.2494 -0.3847
-0.3236 -0.2919 0.1050
-0.8858 0.1965 -0.8785
0.0205 -0.0757 -0.0117
-0.2662 -0.0038 0.2901
0.4768 0.1199 -0.6620
0.3180 -0.3798 -0.5810
0.0220 0.0397 0.0840
0.6092 0.6959 -0.0810
-0.0005 -0.0005 0.0013
0.0848 -0.3743 0.0790
0.1835 0.0126 -0.2171
-0.2837 0.1141 -0.5851
-0.9940 1.3929 1.6604
0.5457 2.6237 -0.0827
-0.1486 0.6358 -0.7546
-0.5321 0.7422 -0.0456
0.1173 0.0235 -0.5493
-0.0318 0.0380 -0.1648
-0.0861 -0.4022 0.3956
-0.7338 0.0587 1.3890
-0.4525 -0.0201 -0.0140
0.6071 0.3765 0.1740
0.3736 0.2706 0.4219
-0.2626 -0.0099 0.5058
0.2829 -0.4766 0.2857
-0.0009 -0.0139 -0.6105
0.0038 -0.0128 -0.0064
-0.1383 -0.6459 -0.2742
0.5379 -0.1260 1.4178
-0.0144 -0.0203 -0.1000
0.0465 0.3261 -0.0714
0.5055 0.6009 -0.3019
0.0188 0.0223 -0.7780
0.0395 -0.0032 0.0916
-0.1020 0.0925 0.1954
0.0000 -0.0011 0.3167
-0.2104 -0.0685 0.6059
-0.3403 -0.2544 -0.6474
-0.5643 -0.1062 -0.7366
-0.2674 0.8069 0.2602
0.0604 0.3510 -0.7591
-0.2282 0.7299 -0.5835
0.9900 1.1545 -1.8081
2.1034 1.2261 -0.2225
0.0253 -0.0771 0.0190
-0.1579 0.0606 0.4875
-0.5668 -0.4775 0.4910
0.6583 1.2857 -0.4019
-0.2340 -0.8283 0.0676
-0.1240 0.8436 -0.0769
-0.5630 -0.4109 -0.7029
-2.4087 -0.2799 -1.7676
0.0072 -0.0018 -0.4693
-0.0014 -0.0012 0.0288
0.1572 -0.3653 0.1396
0.0040 0.0175 0.0245
-0.0113 0.1211 -0.0224
0.0240 -0.1291 0.0340
-0.3525 -0.8138 -0.1123
0.1476 -0.1345 0.1530
0.0031 -0.0019 -0.0101
-0.1140 0.4071 -0.2563
0.1488 0.7421 -0.3888
-1.7248 -1.3073 2.0089
-0.2300 0.0777 -0.3184
0.0036 -0.1784 -0.0189
-0.0285 0.0060 -0.7447
0.0139 -0.0654 0.6190
-0.4841 -0.3613 0.3472
0.0575 0.2600 -0.8437
0.1390 -0.1286 0.0881
0.1004 -0.0008 0.0269
0.2197 -0.2366 0.4962
0.0009 -0.0119 0.0011
0.1844 -0.5708 -0.5343
0.0128 0.0017 0.1530
-0.0207 0.0004 -0.5429
0.1679 0.1974 -0.6012
-2.3489 -0.9553 -0.1868
0.2448 -0.0951 0.9512
0.4191 -0.0166 -2.1976
0.1576 0.1448 -0.5725
0.0025 -0.0034 -0.4023
-0.2046 0.7191 0.2348
-2.5773 -0.8069 1.3680
0.0539 0.1077 0.2393
-0.1301 0.1589 0.0048
-0.1181 0.0133 -0.0116
0.1345 0.1134 -0.7746
0.0927 0.0664 0.0850
-0.3557 0.2192 -1.1571
-0.7073 -0.0769 -0.2919
0.0060 -0.0319 -0.8301
-0.0283 -0.0137 -0.0418
0.0586 -0.2031 -1.2341
0.1349 0.1187 0.0580
0.0973 -0.2402 -0.2979
-0.7020 -0.2580 -0.5298
-0.1800 0.1920 0.6646
0.0517 -0.0285 -0.4421
0.4590 0.8125 -0.1618
0.4021 -0.4972 0.1869
0.2030 -0.1640 0.7172
0.2606 0.1662 0.0655
0.6316 0.4451 0.0547
0.4101 -0.0327 0.2389
0.0010 -0.0815 -0.1551
-0.0031 -0.0434 0.7463
-0.3147 0.3523 0.7738
0.0413 0.0296 0.0903
0.5540 -0.0423 0.1746
0.6284 0.4716 2.7275
-0.0967 -0.0107 -0.1525
0.7860 0.0467 -0.4556
0.8017 -1.8615 0.9596
-0.0020 0.0016 0.2697
-0.0121 0.0533 0.2086
-0.3797 0.0509 -0.0490
-0.6666 0.1573 0.4398
-0.0160 0.0539 -0.0132
-0.0577 -0.1763 0.1038
-1.0410 -0.4521 -0.5430
-0.4193 0.3027 -0.1761
-0.2227 0.1384 0.7660
-0.0757 -0.1075 -0.1109
-0.3430 0.0179 0.0582
-0.6241 0.3807 0.0313
-0.0375 -0.0396 0.2760
-0.6563 1.8605 0.1913
-0.0719 -0.0824 -0.1350
0.2233 -0.2487 -0.1553
0.0108 0.0388 0.2046
-0.0370 -0.1940 -0.3021
-0.0947 0.0351 -0.8909
0.5363 0.5291 0.0174
0.0379 0.1347 -0.3135
-1.0240 0.0019 -0.5116
0.0186 0.3376 -0.1462
-0.0003 -0.0010 0.0130
0.1132 0.0708 0.2839
-1.1586 0.7533 1.2469
0.0214 -0.0560 0.0119
0.4627 -0.0017 -0.4492
0.5130 -0.1488 0.7992
-0.0032 -0.0286 0.3354
-0.1167 -0.1198 0.4122
0.3937 -0.2650 0.1151
-0.0846 -0.2999 0.5155
-0.2083 0.4151 -0.3952
-0.6746 0.6388 0.1166
0.1611 0.1292 -0.4219
-0.5126 -0.4883 0.6478
-0.1773 -0.0948 0.3389
0.2161 -0.0713 -0.9730
-0.1292 0.1725 0.1963
-0.1085 -0.0506 0.4944
0.2600 0.3155 -0.8015
-0.0306 0.0060 0.0070
0.3902 0.0898 -0.7261
-0.4494 0.5127 -0.1541
-0.1066 -0.2897 0.2632
-2.7012 0.0440 -1.4912
0.1478 -0.2149 -0.2052
-0.1159 0.1333 -0.4412
0.3308 0.4940 1.1916
0.0013 -0.1902 -0.3107
0.0172 -0.0375 0.8879
-0.0026 0.6855 0.2545
0.0213 -0.6951 0.0914
0.1318 1.0643 -1.2019
0.0420 -0.4702 -0.1228
-0.1293 0.8728 -0.3595
-0.6505 0.2776 -0.6355
-0.1420 -0.2555 -0.2012
0.2974 0.2564 -0.1630
0.8447 0.3610 -0.7806
-0.0308 -0.1679 -0.5582
-0.1418 -0.2595 0.1702
-0.1115 -0.1549 -0.6649
0.3799 0.2236 0.6515
-0.0704 0.0678 0.5845
-0.2483 -0.4254 -0.5179
-0.3460 -0.4815 0.6765
0.2326 -0.3514 -0.7312
-0.0032 -0.0052 0.6641
-0.2806 0.1233 -0.2964
-0.2132 0.6218 -0.5475
0.0016 -0.0024 0.2613
0.6852 0.2867 0.1061
0.0364 0.0955 -0.9578
0.4926 -0.7113 0.3431
-0.6805 1.1006 0.5570
-1.1720 1.2318 0.9297
-0.0500 -0.1578 -0.0322
0.0091 -0.0076 0.2262
-0.0050 -0.0306 -0.3432
-0.0191 0.0119 0.1330
0.0162 0.0242 0.2922
2.0607 0.8706 -0.9667
-0.2313 -0.7705 -0.5395
0.2840 -0.3248 0.2413
-0.0626 -0.8084 0.1976
-0.4757 0.4914 0.0104
0.0208 0.3005 -0.1833
0.0623 -0.2553 0.0069
-0.2626 0.1790 0.0784
-0.3133 0.1504 0.1329
0.0212 -0.0028 0.9875
-0.5119 0.4615 -0.2443
0.1661 -0.0237 0.0476
0.4051 0.0756 1.5958
-0.1802 0.0152 -0.3664
-0.0224 0.4453 0.8494
0.0196 0.7640 0.1987
-0.7852 -0.1716 1.0139
0.0124 -0.0024 -0.0157
-0.0358 0.0108 0.6875
-2.0110 -0.6619 0.6069
-0.1009 -0.1059 0.1371
-0.2587 -0.3198 -2.5828
-0.1094 -0.0569 -0.2227
0.1054 -0.0640 -0.5847
-0.3772 -1.3706 -1.4640
0.0199 0.1710 -0.2491
0.0107 0.0265 0.0722
-0.0380 0.2976 0.0809
0.1233 -0.4619 -0.6945
0.1984 0.2000 -0.5039
-0.2147 -0.2201 0.4793
0.1488 -0.5437 -0.4406
-0.3632 -0.3358 -0.2515
-0.0231 -0.0016 -0.5862
-0.2051 0.3059 -0.2082
0.0968 0.0986 -0.6919
0.2916 0.2285 -0.4882
-0.0642 -0.0030 -0.1934
-0.6680 -0.1301 0.0915
-0.1472 -0.0121 -0.0898
-1.1805 -0.4365 2.2975
-0.0689 -0.1624 -0.2053
-0.0779 0.2034 0.0723
1.7481 1.8665 0.4924
0.3263 0.3306 -0.6008
-0.4360 0.0368 0.8258
0.0255 0.7692 0.1124
-0.0762 0.0853 -0.0119
0.1218 0.1003 0.8188
-0.4354 0.4915 -0.5444
-0.3631 0.1920 -0.1350
0.3920 0.0214 1.3117
-0.0028 0.0022 0.5740
0.2272 0.0797 -0.7505
0.2194 0.3142 0.0972
-0.0418 0.5692 -3.0194
-0.2823 0.5566 0.2677
-0.1239 0.1038 0.1296
-0.2986 0.1170 -0.1599
-0.0006 0.0229 0.2769
0.3323 -0.6401 -0.5143
0.0282 -0.8817 -0.0741
0.0585 -0.0115 -0.0635
-0.3456 0.2376 -2.2784
0.2992 0.1471 -0.7390
-0.2145 0.0250 0.8875
-0.6374 0.0719 -1.8883
-0.1411 0.0462 -0.6210
0.0014 0.1811 -0.0548
-0.1923 0.2345 0.5128
-0.0040 -0.0393 -0.1116
0.7727 0.2582 -0.5675
-0.3684 0.0528 0.4797
-0.1393 0.3223 -0.0127
1.2059 -2.0060 0.2931
0.3435 0.2885 -0.6996
-0.0184 0.7206 0.8513
0.5682 -0.7669 -0.2271
-0.1731 0.2083 -0.6617
-2.5170 -0.7912 1.0650
0.0021 -0.0065 0.1422
-0.0114 0.0095 0.0602
-0.4615 -0.2791 -0.5149
0.0691 0.2876 -0.0257
0.6871 -0.4674 0.2223
-0.0142 -0.0893 -0.1379
-0.0006 0.0005 -0.2307
0.3849 -0.7118 -0.0412
-0.1500 0.0180 0.0818
-0.7838 0.9664 0.9613
-0.1021 -0.0167 -0.0266
-0.3101 -0.1868 -3.0491
0.0257 0.0510 -0.0171
-0.4813 -0.7756 -0.3870
-0.7482 0.1432 -0.4110
-0.0969 0.7086 -0.0944
1.3706 -0.9443 0.8647
-0.0787 -0.0821 0.2048
0.7572 -0.7332 -2.5030
-0.0823 -0.2075 -0.5305
0.0109 -0.2135 0.3592
0.6513 0.4128 -0.6199
0.4584 -0.1043 -0.8444
-0.1583 -0.1471 -0.2663
-0.0253 0.0833 -0.0029
-0.0550 0.0801 0.0246
-0.0978 0.0082 -0.2486
0.2398 0.3423 0.4862
-0.2806 -0.0307 -0.3109
-0.0792 -0.3105 -0.2391
1.9361 -0.7917 1.6374
0.0882 -0.0080 -0.4040
-0.0134 0.0019 0.0019
-0.3862 -0.3192 -0.3296
0.3111 0.0912 -0.2582
0.6838 1.4237 1.0435
-0.6523 -0.4336 -0.5203
-0.3034 -0.4853 0.4829
0.0049 -0.6143 0.6354
-0.1207 -0.7603 2.1282
0.2218 0.2040 1.9082
-0.0854 0.3557 0.0181
0.1070 0.0232 -0.8499
0.1579 -0.3083 0.1737
0.2768 -0.2460 0.6052
0.0528 0.3663 -0.3426
-0.0518 -0.6633 -0.4645
0.0120 -0.1363 0.1167
-0.1929 -0.0706 -0.6742
-0.7347 -0.2097 0.3697
0.2887 0.5268 -1.7393
0.4454 -0.5736 -0.3448
-0.1371 0.3084 0.1431
-0.2482 0.5447 -0.2727
-0.0147 0.3735 -0.3254
0.1040 -0.4304 0.0818
-0.2349 0.3264 0.2747
0.2874 0.6183 -0.5255
0.2354 -0.5290 0.1755
0.0077 -0.1488 0.2505
0.0575 -0.0408 0.2590
-0.7023 0.3102 0.6152
