0.0829 -0.5884
-0.5337 0.6211
0.2270 -0.1348
-0.6415 -0.0079
-0.0320 -0.0479
-0.4266 0.2450
0.0348 -0.6130
-0.7273 0.5980
0.8934 1.8382
0.0113 0.0043
-0.1655 -0.0027
-0.0641 1.0972
-0.2476 0.3839
0.5736 -0.1812
0.9804 1.9337
0.5776 0.2693
-0.2682 -0.8247
0.5664 0.4647
-0.7845 1.9297
-0.0505 -0.8543
0.1398 1.5120
-0.8415 -0.2636
0.3285 -0.0114
-0.1307 -0.4116
-0.2324 0.0346
-0.3465 0.0024
0.1301 0.1942
1.5585 1.2859
-1.0732 -1.2022
0.7684 0.0575
0.0871 -0.0766
-0.0126 0.3157
0.2513 1.4660
0.1819 -0.1246
-0.2568 -0.5573
-0.2588 -0.0592
0.1198 -0.1397
-0.8857 0.0177
0.0359 -0.4076
0.5207 0.0247
-0.2106 0.1839
-0.3051 0.5516
0.6439 0.6714
0.1977 -0.1637
0.3645 0.5358
1.4047 0.1877
-0.4695 0.9976
0.2528 -0.1643
-0.2011 0.0251
0.1793 0.0203
-0.4977 -0.7243
0.3740 -0.3641
-0.2791 0.3692
-0.0171 0.0077
-0.6325 -0.0904
-0.1649 -0.1147
-0.1273 0.2894
-0.0645 0.0103
-0.2038 0.2026
-0.6397 -0.4516
-0.0185 0.4208
-0.3690 0.0037
-0.5834 -0.0082
0.2892 -0.6335
1.0457 1.8570
0.1977 -0.0435
0.1547 0.0017
0.4319 -0.6594
-0.0366 -0.5888
0.0523 0.0262
0.0627 -0.1393
0.7689 -0.5392
0.0174 -0.1311
-0.2049 -0.1812
0.1379 0.1081
-0.5538 -0.8132
-0.2477 -0.2267
-0.5012 -0.5261
-0.0112 -0.2763
-0.6771 0.4786
-0.2908 0.5095
-0.7375 -0.3170
0.3281 0.7980
0.2622 0.7321
-0.2187 -0.5095
-0.6969 0.0342
0.6294 -0.1399
0.4946 -0.0469
-0.3050 -0.6738
-0.0369 -0.0735
-0.0700 -0.1368
-0.0565 -0.0326
-1.1413 -0.0250
0.1279 -0.1066
0.0089 0.7025
0.3203 -0.3852
-0.0014 0.0049
0.5636 -0.0722
-0.2435 0.3154
-0.7594 0.3735
-1.9004 -0.2119
0.4235 -0.0330
-0.1940 0.1397
0.0116 -0.0439
-0.0010 0.9580
-0.0959 0.2397
-0.8773 0.1900
-0.6678 -0.1720
0.0085 -0.7380
0.4164 -0.8254
0.3673 0.0008
0.0440 -0.0092
-0.7374 1.1688
0.9600 -0.2452
0.6634 -0.6812
0.9826 -0.2584
0.2152 0.5945
-0.8228 -0.5257
-0.0087 -0.0008
0.3496 0.6751
0.4071 0.7586
0.6619 0.4762
0.0505 1.1873
-0.0826 0.7170
0.0993 -0.0337
-0.0156 0.6576
0.1289 0.2527
-0.2369 0.1248
-0.0052 -0.0003
0.6070 0.5627
-1.7293 0.7891
-0.1180 -0.0832
0.0121 -0.7135
-0.5908 0.1154
-0.2345 0.7834
-0.3812 1.6672
0.2585 -0.0649
1.0848 0.6128
0.5279 0.7382
0.4952 -0.6870
-0.4111 -0.2460
-0.8299 0.7417
0.0740 -0.9152
0.3227 0.9424
-0.0606 -0.0359
0.0022 0.2794
0.0080 -0.0850
0.6655 -0.2276
-0.2440 0.8815
-0.5160 0.1582
-0.0327 0.0500
0.2774 0.1701
0.0620 0.3168
-0.4494 0.7436
-0.0913 -0.1104
-0.8480 0.4845
-0.4765 0.8070
0.5972 0.0070
-0.9126 0.1053
1.3964 -1.5983
0.4462 -0.2131
-0.2650 -0.1268
0.0425 -0.0901
-0.8627 -0.2977
-0.0217 -0.0052
-0.2264 0.6630
-1.2952 1.7596
-0.9292 -0.3207
0.0332 0.2854
0.4604 0.6348
-0.5998 0.3997
0.7244 0.2381
0.3829 -1.4827
-0.0286 -0.5283
-0.0090 0.0140
1.6289 1.3152
0.3393 0.1460
0.1208 -0.2743
-0.6695 -0.2872
-0.7031 -0.7249
0.7781 -0.5031
-0.7213 0.9207
0.0278 0.2056
0.1672 -0.5119
-0.8779 -0.2653
-0.3183 -0.0896
0.5070 0.5211
0.1203 -0.4560
0.2910 -0.0584
-0.1561 0.6709
-0.4409 -0.5483
0.4936 0.1058
-1.0583 1.8638
-0.4386 0.0909
0.4107 0.2035
0.8470 0.1872
0.1037 0.1895
-0.1277 0.2015
0.0449 0.1088
0.8443 0.0287
-0.1557 -0.2410
-0.0248 -0.5453
-0.8892 0.2207
0.0411 -0.0604
0.3826 0.1579
0.8434 0.3069
-0.2787 -0.1245
0.6219 0.2417
0.4167 -0.1450
-0.7555 -0.1102
0.0231 0.1758
0.2963 -0.4154
-1.1430 1.2376
0.3562 0.5846
-0.9962 -0.1987
-0.0634 -0.7569
0.3579 0.1450
-0.3335 2.1002
0.0178 0.7774
-0.0140 0.0402
-0.0641 0.4967
0.7812 0.5137
0.9790 0.1231
0.4369 0.2969
-0.7993 -0.4019
0.5587 0.5801
0.7837 -0.4435
-0.3998 0.1112
0.1976 0.3076
0.1063 -0.0556
-0.1842 1.0059
-0.0621 0.7561
0.2921 0.6241
-0.2426 0.0623
0.1031 0.2611
-0.2894 0.3188
0.5418 0.0694
-0.5393 0.2111
0.6037 0.2677
0.1121 0.4616
0.6081 -0.2759
-0.6928 -0.1900
-0.9403 1.2565
0.5163 0.6388
-0.1920 -0.5334
1.5542 0.8537
-1.9055 0.2154
-0.2883 -0.1624
0.5358 0.7635
-0.1457 0.3410
3.1784 0.5381
2.4509 -0.4567
2.8333 1.5181
3.3908 -0.0767
3.4450 0.0410
1.8260 -0.0656
1.4378 0.9256
2.0745 0.2637
2.6899 -0.1058
2.7723 -0.2710
3.2738 -0.1906
3.3614 -0.2227
3.2170 -0.0402
2.5240 0.2994
2.2399 0.3144
3.0168 -0.0117
2.9123 -0.7329
3.1948 -0.4558
2.9986 0.2285
2.1449 -0.3446
2.7716 -0.1209
3.4840 1.6186
3.2084 0.6905
2.9356 -0.0407
2.6772 -0.4489
2.8618 0.2921
2.7990 0.1108
2.7780 -0.1961
2.7670 0.1433
3.0656 0.5000
2.8600 -0.2254
3.0191 0.4816
3.5188 0.1845
3.4004 -0.2291
2.8999 -0.7773
3.5573 0.0848
3.6056 0.1187
3.6381 -0.0779
1.5543 -0.1538
4.2979 -0.1075
4.0903 0.5875
0.9167 -0.5612
2.7684 -0.6388
0.9755 0.0544
2.9818 0.5103
2.8915 -0.0351
2.7354 0.1630
3.5937 -0.4946
3.1347 0.5868
3.0163 -0.0312
3.0614 -0.0002
3.5539 -0.8189
3.0205 -0.1776
3.2929 0.0451
2.3137 1.1855
3.1042 -0.1930
3.0313 -0.0177
2.6577 -0.4308
2.4837 -0.2801
2.5348 -0.0502
2.9325 -0.0508
2.5560 -0.1801
3.3917 0.1391
3.4673 -0.3853
2.3861 0.0106
3.0428 -0.0503
3.5845 -0.7935
3.1427 0.1268
3.0083 -0.3312
3.1480 0.4055
3.1653 -0.0336
4.6918 -0.8305
2.8640 0.3581
3.5388 0.4816
2.7086 -0.0233
3.4633 -0.3468
2.9134 0.3509
2.0148 -0.1116
3.8406 0.3650
3.1355 1.1674
3.8201 1.0178
3.0106 0.8503
2.3938 0.6720
3.5101 0.3407
2.8702 1.2822
2.9429 -0.0289
3.5470 -0.4073
3.6389 2.0201
2.4670 -0.0007
2.5237 -0.2554
2.9672 0.0024
2.6280 -0.5591
4.1295 -1.8645
3.7824 0.5041
3.6903 -0.6409
2.7337 -0.0805
3.7437 0.2370
3.3858 0.0642
2.1186 0.5966
2.9149 -0.2525
3.3985 -0.2289
3.2175 -1.1660
3.4518 -0.1201
2.0503 0.1461
3.4734 -0.3922
3.1310 0.0788
2.5828 0.8232
2.6408 -0.3103
3.3320 0.0169
2.4747 0.5177
2.9605 0.0980
2.1897 -0.0710
3.2563 0.2116
3.0417 0.3032
3.2764 -1.5493
3.0512 -0.1841
3.0249 1.0690
2.5090 -0.0219
3.3047 -0.5233
2.7915 0.1615
2.5519 0.0883
3.1601 0.1133
3.1630 -0.4966
3.9448 -0.0163
3.3450 -0.2538
3.3667 -0.4430
2.1809 -0.0736
3.8227 0.4331
3.1717 0.1678
2.9450 -0.2435
3.5419 0.2071
2.8873 0.0116
2.9569 -0.0256
4.8920 0.8183
3.7042 0.1230
2.7297 -0.4231
2.8790 -0.2415
1.6181 -1.0140
2.2468 -0.0877
3.0609 0.7066
2.8461 0.3372
2.6042 -0.5687
2.7305 0.0811
1.5202 -0.6705
3.2228 0.8609
3.2268 0.5331
3.1013 0.1728
3.2123 -1.3614
2.0587 -0.2532
3.0038 -0.4312
3.0999 -0.5388
2.5965 0.8660
2.9127 -0.1441
3.4847 -0.0764
2.6860 -0.0897
3.0142 -0.4221
2.6529 -0.9364
3.4646 0.6676
1.8729 0.3223
3.4137 0.1746
3.2115 0.1428
2.6535 1.1991
2.5358 -0.1434
2.6903 0.3249
3.0979 -0.3572
2.8669 0.0262
4.0902 -1.6473
3.2602 0.0807
3.3369 -0.4094
0.9265 0.3402
2.2220 0.4284
3.5738 -0.3786
2.8562 0.4466
3.3893 -0.1159
3.8100 0.5829
2.8161 -0.7156
2.4650 -0.2458
3.0940 0.6744
3.5737 -0.4033
2.6541 -0.1489
2.9361 -0.4179
3.1806 0.0170
2.8735 0.0512
2.9798 -0.3943
2.8038 -0.3612
2.3957 -0.7777
2.5750 0.4366
4.6477 -0.6600
3.3218 0.4866
2.9875 -0.0472
3.5463 0.2734
2.9618 -0.0204
2.9862 1.4678
2.7074 -0.9082
2.9556 0.0291
2.8414 -0.5484
3.7789 0.4142
2.8622 -0.1289
3.4570 0.1286
3.1195 0.1057
2.3138 -0.3246
3.2216 -1.3138
3.9489 -0.4277
3.2589 -0.1683
1.6528 0.1686
2.2157 0.2651
2.2150 -1.3455
2.7897 -0.8517
3.0739 -0.0293
4.3023 0.0175
3.2788 -2.1706
3.0192 0.0455
3.3567 -0.2734
3.0991 -0.0618
3.2882 0.0900
3.2317 -0.0187
2.8857 -0.7072
3.2861 0.0836
3.2381 0.4137
1.4114 1.4812
2.8158 -0.7103
2.7190 0.2377
2.9202 0.0292
2.7214 0.8976
2.5329 -0.3228
3.4234 1.8333
3.1228 0.1494
2.9110 0.1316
2.9140 -0.9111
2.6813 0.4683
3.0461 0.0136
2.2495 -0.3304
3.5484 -0.4009
3.1046 0.0139
2.3958 -0.6752
2.4825 -0.0909
3.3001 -0.3530
2.7156 1.1676
3.3352 0.5750
2.7166 -0.3393
2.8310 -2.0336
3.1053 0.7248
2.2749 -1.8749
2.8341 -0.1732
3.2888 0.9061
2.7050 -0.0674
2.5693 -0.3019
3.3796 0.0534
3.3979 -0.0139
2.5149 -0.6507
