0.5154 -0.7649
-0.3353 0.7536
-0.4440 0.8557
-0.4339 -0.5344
-0.2215 0.3739
0.5467 0.0890
0.6938 0.5110
0.3492 -0.6775
0.2141 -0.6715
-0.3831 0.8377
-0.1351 -0.0562
-0.1208 0.0500
0.1398 0.2636
-0.0873 -1.1499
-0.3351 0.0666
0.2453 -0.0836
-0.0996 -0.4034
0.5534 0.7329
0.0874 0.0028
0.0634 0.0115
-0.2146 0.5137
-0.0013 -0.0601
-0.0278 -0.2088
-0.1285 0.7510
-0.5605 -0.4803
0.9643 0.0278
0.0772 -0.2331
1.1946 1.0490
-0.3012 -0.1942
0.2586 0.1670
0.0702 -1.6295
-0.1062 0.1047
0.4488 -0.5828
0.0006 -0.2559
0.3702 -0.9722
-0.5632 0.2514
0.0683 -0.3712
-1.4543 0.8616
0.4229 0.7970
0.6912 -0.3929
-0.8195 0.8351
0.2610 0.6272
0.0819 0.0138
-0.4667 -0.0121
-0.3925 0.1069
0.0330 -0.0554
-0.0859 -0.5725
0.1709 0.0320
0.7689 0.0935
0.5011 1.3075
0.0689 -0.0085
-0.2455 -0.4760
-0.3344 -0.3938
0.0259 0.0313
0.1991 -0.4117
-0.3988 -0.7839
-0.2999 0.4164
0.6478 -0.3405
-0.0976 0.3667
-1.0788 0.7682
0.8676 1.1862
-0.0927 -0.4400
0.1134 -0.1148
0.9058 -1.3799
1.3055 0.2190
0.5834 0.6587
-0.5974 0.3518
-0.2939 -0.4464
0.1210 -0.0913
0.0164 0.8312
1.1658 0.6749
0.3055 0.6394
0.7930 -0.4215
0.2734 -0.6646
0.4890 -0.5094
0.2320 -0.0492
0.1069 0.0379
-0.4803 0.4604
0.3845 0.6475
0.2859 -0.2023
0.2424 -1.4989
0.7229 -0.2953
-0.1658 0.2789
-0.0861 1.4482
0.4457 0.0160
0.6823 0.3817
0.4416 -0.7392
-0.1497 0.2216
-1.5888 0.2143
0.0228 -0.1454
0.1613 -0.4776
0.0637 0.3975
-0.1596 -0.0957
-0.0359 0.0181
-0.3949 0.3401
0.2459 -0.4326
0.2911 -0.0317
0.0470 0.6349
-0.2695 0.7048
0.8604 -0.3332
