0.0787 0.1370 -0.1333
0.1938 -0.0833 -0.4990
0.0215 -0.9361 -0.0467
1.2826 -0.8608 0.3055
-0.0169 0.2868 -0.2366
-0.3272 0.0284 -0.2566
-1.2665 -0.0553 -0.2404
0.0533 0.1624 0.7216
-0.3471 -0.2198 0.2628
0.3011 0.8754 0.0027
0.0601 0.0295 0.4416
-0.2423 0.0776 -0.4889
0.1646 -0.4191 -0.2267
-0.1153 -0.4138 2.0776
0.0895 0.0928 0.4859
0.1750 0.3264 0.1036
0.0236 0.0074 0.1950
-0.0152 0.0905 -0.1007
0.2795 -0.1765 0.4755
-0.2654 0.9260 -0.0541
0.4063 -0.1407 -0.2805
0.0942 -0.0653 -0.1443
0.3197 0.4099 0.4689
-0.3994 -0.7995 0.6125
0.1983 0.1022 0.6212
-0.1016 0.1132 0.0718
0.0615 0.7296 0.0173
-0.3010 -0.3402 0.3625
-0.0030 -0.0626 -0.3896
-0.2494 -0.3897 -0.3703
-0.3596 -0.5528 0.7296
-0.2886 -0.6287 -1.9809
-0.8473 -0.1670 -0.1532
0.7588 -0.2579 0.1619
-0.0391 0.0163 0.1529
0.0016 -0.3763 -0.8871
0.3774 0.0533 0.2996
-0.6834 0.1766 0.0158
-0.5289 1.7605 1.1975
-0.0509 0.4464 -0.0364
0.0058 0.0127 -0.0012
-0.0986 0.1853 2.1185
0.0113 -0.2991 0.0017
0.0002 0.0075 -0.0060
0.7132 -0.3596 0.5353
0.0080 0.0062 0.0303
0.2351 -0.9126 -0.2397
-0.3248 1.3925 0.3368
-0.4474 0.4411 0.4642
0.0245 -0.0151 0.0271
-0.0488 -0.0871 -0.4684
0.5705 -0.1616 -0.6921
-0.2818 -0.2097 0.2333
0.0521 0.0165 0.0504
-0.2453 -0.0721 0.8197
0.0093 -0.0086 -0.0183
-0.5053 0.3279 -0.6231
0.5735 -0.2362 -0.4946
-0.2966 0.4309 0.4182
0.2135 -0.2531 0.3528
0.0052 0.0548 -0.0596
0.0432 -0.0645 0.0296
0.2361 0.4067 -0.4315
0.0341 0.7753 0.5558
-0.0470 0.0097 -0.8023
-0.0505 0.0092 -0.0113
0.3377 -0.6154 0.1184
0.2203 -0.2726 -1.1338
0.0011 0.0018 0.3995
-0.1311 0.0558 0.8620
-0.0458 -0.1361 -0.6171
0.1176 0.0157 -0.0272
-0.6226 0.0404 0.0335
0.4386 0.1429 -0.1622
-0.0321 -0.0067 0.0356
-0.3521 -0.2913 -0.8133
0.2628 0.9381 -0.6267
0.3578 0.1816 0.0921
0.4017 0.0280 0.2954
-0.0710 -0.0406 0.9486
-0.0551 0.2500 -0.2013
-0.2912 -0.1989 0.2520
0.4685 -0.0467 -0.3541
0.2313 -0.2096 -0.6656
0.3282 0.2308 -0.4863
-0.0830 0.1225 -0.0399
-0.0005 -0.0357 -0.0787
-0.0464 0.0491 -0.0145
-0.0614 0.1272 -0.4927
-0.1446 1.5419 0.2381
0.1809 0.1481 0.5007
0.2182 0.1813 0.3215
-0.0623 0.0360 -0.2454
-0.5131 0.8681 0.3409
-0.1049 -0.1146 -0.5021
0.1049 0.0283 -0.0349
-0.1003 0.4171 0.6534
-0.2458 -0.3316 -0.4383
0.3824 0.1168 0.5376
-0.0656 0.0454 -0.0415
0.6956 -0.2130 -1.4118
0.0178 -0.0197 -0.1119
-0.9877 -1.4556 -0.9992
-0.0210 -0.1465 0.0466
0.7719 -1.2856 0.4075
0.0283 -0.0205 0.2363
-0.0543 0.1818 0.1860
0.4063 -0.1432 -0.3996
-0.0233 -0.5473 0.4533
0.2919 0.2669 0.0448
0.3152 0.0398 0.1902
-0.2394 -0.0296 0.4033
0.2175 0.1212 0.3619
-0.3053 0.0924 -0.7732
-0.0143 -0.5107 0.2128
-0.6991 0.2761 -0.5128
0.2676 0.5417 -0.1232
0.0757 -0.0648 0.5279
0.3059 0.2712 -0.5999
-0.0269 -0.0113 -0.1317
-0.1452 -0.1614 -0.3873
-0.0508 0.2182 -1.1748
0.6595 0.3058 0.3087
-0.0904 0.0335 -0.0847
-0.1861 -0.2308 -2.1035
-0.3703 0.2770 0.8781
0.4083 0.7085 -0.3359
0.4061 0.4257 -0.4464
0.1812 -0.0030 -0.0645
0.1738 -1.2814 0.4133
-0.8986 -0.6311 -0.8291
-0.0381 0.1555 -0.1005
0.2210 -0.6111 -0.1214
0.0295 -0.0395 0.2711
-0.0262 0.0031 0.2036
0.1797 -0.1332 0.4794
0.0858 -0.1108 -0.0070
-0.1299 0.1750 0.8718
-0.0003 -0.5515 0.5520
-0.4033 0.9683 -0.8777
0.1651 -0.0128 0.0697
0.0460 -0.0692 0.1948
0.3182 -0.2092 -0.5720
-0.2044 0.1469 -0.4374
-0.7206 -0.0223 0.2907
-0.2734 -0.2455 0.1257
0.2246 0.4250 -0.2413
0.1644 -0.0718 -0.3131
0.0227 0.0444 0.3058
-0.1442 0.0532 -0.6243
-0.5141 -0.0666 -0.1321
-0.3837 -0.3261 -0.5581
-0.2359 0.1922 0.2828
1.0879 -0.0928 1.4873
-0.2349 -0.2450 0.2439
-0.1713 0.4365 -0.3887
-0.0007 -0.0001 0.0383
0.2204 -0.0349 0.6898
-0.5405 0.1359 0.2765
-0.2667 -0.3630 -0.5748
0.5478 -0.5156 -0.4409
0.1255 0.2854 0.7100
0.2336 -0.0830 0.1442
0.0439 0.0388 -0.1784
0.0883 0.0916 0.0768
0.9597 0.2526 -0.0106
0.4700 0.4013 -0.0795
0.6831 0.5894 -0.3825
0.6166 -0.1409 0.4159
-0.1678 0.0308 -0.1522
-0.1415 -0.3611 -0.2624
-0.1148 -0.0707 -0.3250
0.2104 -0.1899 -0.4748
-0.0227 0.3485 -0.1210
0.0730 0.0559 -0.3292
-0.0342 -0.0738 0.2738
-0.0062 0.0067 0.1207
-0.0104 0.0511 0.6920
0.0168 0.1481 0.4964
-0.1618 0.0004 -0.3217
-0.0128 0.0181 0.0848
-0.3528 -0.0319 -0.0550
-0.0124 -0.0179 -0.1934
0.0001 -0.0002 -0.0284
-0.4714 -0.1442 0.3322
-0.0025 -0.0039 0.3385
0.4747 -1.4187 -0.3481
-0.1655 0.2262 0.0398
-0.0926 0.2279 0.4272
-0.0015 0.0019 0.8778
0.0502 0.0687 -0.7440
0.0800 0.1552 -0.6934
-1.0334 0.8242 0.6414
-0.2848 -0.1025 0.2145
0.0150 -0.1811 0.3721
-0.0148 -0.0066 -0.1545
-0.3263 0.1401 -0.0172
-0.0989 0.2876 -0.3861
-0.0452 0.4430 -0.0933
-0.2076 -0.1960 -0.6643
-0.7896 -0.0932 -0.0016
0.0346 -0.4725 1.7152
-1.1915 -0.2276 -0.6559
1.2522 0.4654 1.3585
0.0119 -0.2941 0.1066
-0.0415 0.0995 -0.2618
0.0203 0.0131 -0.0643
0.1749 0.1713 0.5711
-0.1471 -1.0881 1.5005
0.0041 -0.0377 0.4929
0.0475 -0.0280 0.0729
-0.1944 0.6755 0.6311
-0.1127 -0.5718 0.5029
-0.0676 0.0181 0.0551
0.4427 0.4075 -0.5496
-0.2661 0.1065 -0.1739
-0.0048 0.0044 0.0114
0.3682 0.1887 0.2614
0.2543 -0.4321 -1.4182
0.0070 0.0226 0.0305
0.3350 -0.0784 0.0459
-0.0061 -0.0556 0.1115
0.0713 -0.0019 0.1111
-0.4241 -0.3459 0.5787
-0.0845 0.2210 0.2037
-0.4448 -0.4323 -0.3405
-0.0266 0.0143 0.0289
-0.1012 0.0543 0.2146
0.4529 -0.2847 0.2662
0.4895 0.1255 -0.6310
-0.0770 -0.3015 0.3273
0.1319 -0.0002 0.7124
0.2343 -0.0943 -0.5860
-0.0022 0.0008 0.2539
-0.9887 -1.4408 0.4953
-0.2231 -0.1574 -0.1609
1.8493 0.3596 0.3062
0.1899 -0.1664 0.3089
0.0009 -0.0006 -0.1263
-0.1299 0.0397 -0.8326
0.0286 -0.0393 -0.1609
0.9366 -0.1162 -0.0044
0.9288 0.7342 0.0579
1.4483 -0.1789 -1.2131
-0.8070 -0.0219 1.1363
0.0968 -0.0908 0.1222
-0.1219 0.3001 0.6611
0.2317 -0.8425 0.2740
-0.5079 0.1555 -0.9839
0.0997 0.4152 0.5027
2.6537 -0.0255 -0.4380
2.9997 0.0003 0.0002
2.9990 -0.0027 0.1531
3.1567 0.0656 0.1577
2.8340 -0.0841 0.0094
3.4993 -0.2289 -0.7066
3.3219 -0.0364 0.5243
3.0988 -0.0233 -0.1362
3.3510 -0.3970 0.0913
2.8588 0.0598 0.3206
3.0519 0.0258 -0.1317
3.0299 0.1404 -0.1811
2.9583 0.2667 -0.3225
2.7077 -0.1373 0.1750
2.9681 0.0982 -0.5604
3.5166 0.4044 -0.5922
3.0257 -0.0503 0.6267
2.9696 -0.0829 1.9831
2.9906 0.0072 0.0109
2.8951 0.3687 0.4465
2.9559 0.0148 -0.0129
2.5703 -0.4677 0.3984
2.8275 0.5189 -0.5422
2.9951 -0.0068 0.0122
2.6413 -0.2744 -0.9517
3.8771 0.1664 0.4225
3.5492 -0.0135 -0.5947
3.2653 -0.7273 -0.7207
2.9682 0.0153 -0.4964
3.1974 0.2626 0.1027
2.4306 -0.0714 -0.2194
2.9175 0.1919 0.5542
2.1961 0.7782 -1.5475
2.2917 0.8419 -0.6404
3.4161 0.1813 -1.1421
2.7405 0.5819 0.5791
3.1615 -0.1928 0.2281
2.8411 -0.7937 -0.5438
2.8364 -0.0943 0.6309
2.9998 -0.0006 0.0089
3.0077 -0.0059 -0.5248
2.8574 -0.7510 -0.6076
3.0308 0.0344 0.1238
2.5415 -0.6257 -0.3069
2.5641 0.0196 -0.7517
3.2400 -0.2720 0.4903
3.2714 0.4875 1.0588
3.0138 -0.0543 -0.0832
2.8347 -0.4888 1.8815
2.9940 -0.0069 0.3365
3.0234 -0.0065 -0.5906
3.0262 -0.0266 0.5346
2.8973 -0.1360 0.0575
2.5928 -0.1102 0.0555
2.9845 0.1735 0.1357
3.0004 -0.0293 1.4232
2.9002 -0.0742 0.0712
3.3708 0.3273 -0.5107
3.2472 0.5077 -0.0174
3.0179 0.0134 -0.0013
3.2036 0.5152 0.2354
2.1390 -0.1824 -0.1244
3.2632 -0.8312 0.3689
2.2688 -0.2422 -0.3821
2.6115 -0.3458 -0.0612
3.1251 0.0580 -0.1929
2.9579 0.0047 0.9856
2.4625 -0.4245 0.4624
2.4613 -0.2445 -0.1655
3.0838 0.1155 -0.9450
2.6703 0.0156 1.0262
2.7016 0.3932 0.0202
4.8314 0.3449 -0.3516
3.1741 -0.0961 0.8011
3.3130 1.4208 0.9448
3.3050 -0.6833 -0.4934
2.4680 -0.0261 -0.2200
3.1107 -0.0905 -0.8602
2.7618 0.7232 0.2578
2.6690 0.4466 -0.1138
3.0368 0.0542 -0.4488
3.0498 -0.2259 -0.1369
3.0648 -0.4244 0.0511
2.4615 0.4574 -0.5012
2.3330 0.3849 -1.3805
2.9262 0.2872 0.1736
3.0191 -0.1730 0.1987
3.0002 -0.0031 0.0058
3.1962 0.5340 -0.0118
3.0117 -0.0211 0.0132
3.0186 -0.1881 -0.0491
3.1287 -0.1451 -0.2542
4.0412 -1.4272 0.2435
2.9345 -0.0177 0.7552
3.2233 -0.4434 -0.5483
3.0224 -0.2958 -0.1054
2.8938 -0.0140 -0.0929
2.9777 -0.0439 0.6452
2.9730 0.0170 -0.2092
3.1664 -0.0991 0.5652
2.9629 -0.0095 -0.6347
2.8864 0.8164 -0.1458
3.2410 0.1445 0.6738
3.0518 -0.0623 0.5618
3.1054 -0.2124 -2.1647
2.3013 0.4507 -0.5157
2.8911 0.1575 0.3746
2.9979 0.0070 -0.5629
3.2116 0.0661 -0.8342
3.0217 0.0315 0.1568
2.7353 0.7557 -0.1846
3.1663 -0.1730 0.7522
2.4543 0.0639 -1.5067
3.3356 0.0622 -0.8024
3.1204 -0.0170 -0.3357
2.4127 -0.0242 -0.0263
3.0102 -0.0958 -0.7691
2.9370 0.0852 0.0225
2.6701 0.3909 0.5288
2.4961 0.7169 -0.3304
2.7705 0.2276 -0.1237
3.0680 0.0955 -0.3348
3.2759 -0.4930 0.7421
2.1124 -1.4694 0.8492
2.5129 -0.1229 0.0396
3.3211 -0.3690 0.2427
2.9979 -0.0077 -0.0017
2.6715 -0.0740 -1.3042
2.8858 -0.3013 -0.1657
2.6074 0.8882 -0.3620
3.3399 1.3151 -0.7643
4.9535 0.1100 0.7274
3.0020 -0.0020 -0.0095
2.6312 -1.4258 -0.2728
2.7221 1.2291 -0.9375
2.8459 0.0290 -0.0562
2.7585 -0.6783 -0.5343
3.4943 -0.5221 0.4266
3.0847 -0.1857 0.0371
3.5482 0.3432 -0.6058
2.1690 0.3981 0.4193
4.4739 -0.9289 0.3103
3.9561 -1.0658 0.2489
2.9252 0.1916 -0.1848
2.9936 0.1400 0.3644
2.7821 -0.1040 -0.2159
3.3271 -0.6949 1.2532
3.0072 -0.0403 -0.0220
3.0168 -0.0136 -0.0502
2.8128 -1.4533 -0.7082
2.9377 -0.0021 -0.1020
2.6435 -0.5625 0.0257
2.5549 0.0641 -0.0955
2.2861 0.0237 0.6912
3.2795 -0.2502 0.7515
3.0268 -0.0166 0.6345
2.9739 0.0158 -0.8909
3.1228 -0.2865 -0.0690
3.4787 -0.3392 0.7919
3.1634 -0.2656 -0.0970
3.4496 -0.0230 -0.5361
3.2446 -0.5213 0.2912
3.0677 0.0164 -0.3321
3.0020 0.0115 0.0105
2.5644 0.4144 0.2800
2.9981 -0.1097 -0.0560
2.9705 0.0260 0.0305
2.7790 0.5160 -0.1938
2.4937 0.1094 0.1658
3.0343 -0.0877 -0.3146
2.5531 -0.0396 -0.4027
3.0387 -0.2696 -0.5994
3.0734 -0.0526 -0.6586
3.1564 0.3239 0.2018
4.1834 -0.3910 1.5758
3.5441 -0.9172 0.0678
2.4370 0.1040 0.1302
2.9972 -0.0061 0.0214
3.1166 -0.0930 -0.0925
2.7271 0.0958 0.1410
3.3359 -0.4403 -0.3329
3.6768 -0.4106 1.1605
2.9888 -0.1800 0.5372
2.8649 -0.1833 -0.6190
3.4335 -0.1404 0.4451
2.9987 -0.4795 -0.2965
3.1535 0.2439 0.6601
2.9790 -0.0504 -0.1232
2.9935 -0.3177 -0.6064
2.7332 -0.0523 -0.0651
2.9452 -1.0587 -0.8731
3.0689 -0.1058 0.7673
3.4579 0.6741 0.3845
2.8614 -0.0161 0.1026
3.3037 -0.2548 -0.0560
2.9703 0.0111 0.2363
3.3055 -0.0730 -0.4005
2.9883 0.0398 0.2252
3.0884 0.1334 -0.2996
3.0637 0.1233 0.0490
2.5480 -0.3241 -0.6070
3.0159 -0.1189 -0.2171
3.1150 0.1916 0.4117
2.7987 -0.6054 -0.4630
2.9788 0.1819 -0.5438
3.0554 -0.0895 0.5195
2.8842 -0.6050 2.0288
1.7387 0.0174 -0.9808
3.2265 0.1969 -0.5756
3.4057 -0.1130 -0.8647
2.9594 0.0717 -0.8693
2.9336 0.0294 0.0388
3.1722 -0.1133 -0.3091
3.0136 -0.0028 0.0279
3.4168 0.1313 -0.3992
3.1471 0.2908 -0.6571
2.9793 0.0824 0.4183
4.0350 -0.2966 0.7030
2.8893 -0.1765 -0.1167
3.7757 0.2306 1.1175
3.7129 0.5550 -0.1150
2.9267 -0.3558 -0.6258
2.9995 -0.0276 -0.0015
3.1476 0.0469 0.1965
3.0641 0.4836 -1.7988
2.8543 0.1298 0.6186
3.3769 -0.0832 -0.2646
2.8806 0.2731 -0.1251
2.4851 -0.4212 0.4349
3.0302 -0.4377 -0.3454
3.1029 0.0328 0.1207
3.0489 0.0614 0.2103
2.8796 0.0409 -0.3045
1.5529 1.0294 -0.1003
3.0058 0.0831 1.0464
3.7211 -0.0557 0.1594
3.2931 -0.5933 0.3637
2.5825 -0.8434 -0.0901
3.1469 -0.1457 0.6264
2.9956 0.0239 0.0648
2.9011 0.2498 -0.5314
2.6865 -0.3716 -0.5035
3.0046 -0.1510 -0.2775
2.4699 -0.3464 -1.3133
3.0108 -0.0715 -0.1231
3.2943 0.4919 0.0814
3.4975 0.1502 0.1319
3.1821 0.3864 -0.8731
2.4614 0.2520 -0.4057
3.4442 -0.0601 -1.1446
