0.0513 -0.0062 -0.7481
-0.1352 -0.3889 -0.2195
-0.1480 0.1572 -0.3693
-0.0382 -0.0111 -0.4129
-0.0326 0.5076 0.4697
0.1217 0.2286 -0.3744
-0.0772 -0.0265 -0.2900
-0.0854 0.0134 -0.8780
0.0164 0.0268 0.6017
-0.0433 -0.2844 -0.8270
-0.1164 0.4995 -0.1814
-0.0046 0.0048 0.0125
-0.3502 0.2289 -0.2445
-0.3725 -0.0803 0.3253
0.0041 0.0097 -0.0338
0.0278 -0.0537 0.7485
-0.4803 -0.4635 -0.6168
0.2078 0.2188 0.6075
0.6879 -0.0803 -0.6591
-0.4622 -0.5763 0.4767
-0.4325 -0.0182 -0.8023
0.0207 0.0178 -0.1876
0.0021 -0.0029 -0.0018
0.6156 0.3461 0.7066
-0.3873 -0.6732 -0.4147
0.0043 0.0092 0.8439
-0.0144 0.0274 -0.1746
-0.4722 -0.5502 -0.2974
-0.3956 0.4707 0.4757
0.0028 -0.0275 -0.0225
0.4548 0.0723 0.3777
-0.0094 0.0017 0.1201
0.1439 0.0267 0.1154
-0.1673 0.1977 -0.3660
-0.0732 0.1161 0.8713
-0.3776 -0.3209 0.4087
0.2597 0.6092 -0.0411
0.0824 -0.2392 0.1703
-0.0010 -0.0185 -0.4468
0.0471 0.0952 0.3853
0.0410 -0.0285 0.5841
0.0566 0.1196 0.1050
-0.3677 -0.4623 -0.6778
0.0458 0.1294 -0.2473
0.0257 0.0033 -0.0100
-0.1565 -0.1752 -0.8475
-0.1302 -0.1931 0.7059
-0.3009 -0.0338 0.3936
0.2850 -0.5548 0.3479
0.5132 -0.2936 -0.0111
3.1139 0.3200 -0.2374
2.7862 -0.0452 -0.1811
3.0355 0.0788 0.0191
3.0420 0.0145 -0.4951
2.8193 -0.0601 -0.5771
3.0053 0.0123 0.0486
3.1529 -0.5973 0.3971
3.0348 -0.2045 -0.4094
3.1251 0.0867 0.0408
3.2273 0.1388 0.4986
2.9375 0.1550 -0.0706
2.7901 -0.1299 -0.5649
3.0254 -0.2302 -0.8255
2.4453 0.7136 -0.0749
3.0341 0.0583 0.7916
3.0525 -0.0328 0.7380
3.0007 0.0049 0.0003
2.9743 -0.0395 0.3340
3.5203 0.3493 0.0974
2.9868 -0.0073 0.2658
2.9971 0.0039 0.6905
3.3788 0.0455 0.4389
2.5352 0.1074 -0.0454
3.5785 0.1120 0.2172
2.7331 0.6108 -0.3239
2.6169 -0.3357 -0.2471
3.6865 0.4352 0.4919
2.6305 0.0574 -0.4884
3.0999 0.1223 0.2456
2.7563 -0.2506 -0.0618
2.4822 -0.3688 -0.6066
3.1500 -0.6468 0.3162
3.2659 0.2894 0.0207
3.1749 0.4393 -0.5529
2.9632 0.3274 -0.5409
3.0102 0.0069 -0.0216
3.0185 -0.0076 -0.2745
3.0836 0.2538 0.2390
2.4253 0.6989 0.1262
2.8943 0.1357 0.4470
3.3794 -0.3697 0.1506
2.9275 -0.2107 0.0148
2.7216 -0.2749 0.2475
3.0894 -0.0465 0.5037
2.6307 0.2408 -0.0381
2.7204 -0.0225 0.0441
3.3899 -0.2324 0.1685
3.0471 0.3413 -0.2676
3.0277 0.0371 0.0441
3.2401 -0.8096 0.0540
