-0.5635 -0.5045
-0.0330 0.0308
-0.3833 0.1920
-0.0332 0.0744
-0.3788 -0.2096
-0.0036 -0.0855
0.0181 0.1348
-0.0091 -0.0338
-0.2402 -0.9463
2.9538 -0.9893
0.5838 0.5702
-0.2954 -0.1171
-0.2409 -0.1223
-0.4055 0.4099
-0.2334 -0.4085
0.1472 -0.0288
-0.1189 0.1218
1.4323 1.2330
1.6482 2.0998
-0.1325 -0.0484
0.1327 0.1898
0.7000 -0.1617
-0.0717 -0.5498
0.2036 0.2393
0.2561 0.7215
-0.1976 -0.1607
0.5817 -0.5117
-1.2205 0.9071
-0.3561 0.6799
-1.6522 1.7860
0.5918 -0.7452
-0.7906 0.4968
-0.1275 0.1342
0.4808 -0.6502
0.6822 0.1191
-0.1061 0.7769
0.8560 -0.3215
-0.5988 -0.3253
0.1251 -0.5320
0.7046 0.2027
0.4428 -0.3332
-0.1067 -0.0578
1.5978 1.8304
0.5052 -0.0572
1.2221 -2.7141
0.1205 0.0897
-0.5281 0.3273
0.5343 -0.5214
0.1764 -0.7327
-0.7604 -0.5606
-0.9118 0.3649
-0.3399 0.4497
0.0729 -1.5580
-0.3191 0.4172
-0.4305 -0.4007
-0.5066 0.2052
-0.1080 -0.2823
0.8350 3.0011
0.9392 -1.8526
0.2440 -0.5809
0.2206 -0.5923
-1.7213 2.0732
0.5185 0.2240
0.1048 -0.3133
2.3613 -1.7408
0.8897 0.2262
-0.0149 -0.0078
-0.4805 0.6778
-0.1345 -0.0036
-0.2732 0.9195
0.4289 -0.0688
-0.1305 -0.4158
-0.2170 -0.4936
-0.7388 -0.6035
0.7001 -0.3222
0.1600 0.2899
-0.0365 -0.2758
1.3921 -0.1576
-0.5812 -0.4359
0.9014 -0.0323
0.5033 0.2290
-0.8487 -0.4655
0.0742 -0.4015
0.6123 -0.3293
-0.0485 -0.0450
0.3944 -0.2907
-0.5331 -1.0278
-0.0670 -0.3895
0.1695 -0.3458
0.1404 0.1670
-0.8316 0.0456
-0.1748 0.9376
-3.0512 0.0250
0.2302 -0.3669
-0.2834 -0.3522
0.2381 -0.8872
-0.3139 0.1023
0.1016 -0.1175
-0.6197 -0.1381
0.5078 -0.8085
