-0.0832 0.9373
0.2392 0.5087
-2.8704 0.6448
1.7677 -2.3680
-0.1194 -0.2390
0.4809 -0.2760
-0.0763 0.5629
-0.2982 -0.8182
-0.0051 0.1392
-0.5722 0.1698
0.2498 0.2413
0.5723 -0.6857
0.0771 0.1559
2.5526 -0.4368
-0.3064 -0.1128
-0.2488 -0.4574
-0.3582 -0.1816
-0.0255 -0.0598
-0.3420 0.0289
-0.0907 -0.1241
0.1455 0.0129
0.2778 0.1967
-0.3223 0.8615
0.0193 0.3331
0.7990 0.0639
0.2804 0.9112
0.1546 -0.0927
-0.0737 0.6039
0.0125 -0.0378
-0.4889 0.1505
0.4430 -0.4218
0.5637 -0.2856
0.2099 0.4442
-0.5113 0.8314
-0.0579 -0.0914
-0.3593 0.3421
-0.4263 -0.5357
-0.1182 -0.0399
-0.0596 0.4881
-0.9401 -0.2981
0.7421 0.2065
0.1331 -0.4857
-0.0681 0.1036
-0.7255 1.9436
0.0814 -0.3919
0.2611 -0.0790
3.4931 2.1057
0.7045 -0.1976
-0.0617 0.1717
-0.0988 0.1188
0.5881 0.5278
0.4982 0.8390
-0.1131 0.1643
0.4253 0.1259
0.2834 0.2768
-0.5639 0.0116
-0.6861 0.7219
0.2481 -0.5902
0.2767 1.9518
-0.1230 0.0150
0.0885 -0.3670
-0.1050 0.1540
0.5835 -0.1437
0.6316 0.6719
-1.0085 0.4146
-0.0472 0.1285
0.3658 -0.0505
0.1588 -0.0354
0.2078 -0.6819
0.9187 -0.3564
0.4520 -0.6564
0.0112 -0.1409
0.3378 0.0079
0.6425 1.9984
-3.2163 -0.0515
0.0115 -0.0139
2.4309 1.4078
0.8102 -0.3874
-0.2178 0.5387
-0.2570 0.1677
-0.7080 -0.0192
-0.2075 -0.5614
-0.0511 -0.2615
0.0254 0.3894
0.0672 -0.0292
-0.5778 -0.4583
-0.0026 -0.0073
0.0927 -0.0711
-0.2304 -0.0903
-0.3327 -0.4767
-0.1465 0.5922
0.4729 0.3804
-0.1758 -0.3265
0.0071 -0.0400
-0.1166 0.2765
-0.0431 -0.4748
-0.1038 0.2884
-0.6081 -0.7740
0.4345 0.2116
0.4866 -0.1790
0.3007 0.0928
0.1615 -0.8951
0.0797 0.0761
0.0053 0.0373
3.1687 -2.3500
-0.0026 0.0059
0.6829 -0.6698
-0.4782 -0.9995
-0.2852 -0.1753
0.0772 -0.3007
0.1813 -0.5667
-0.1253 -0.0751
-0.1825 0.0244
-0.4341 -0.7317
0.6949 -0.1745
-0.0670 0.5280
0.2600 0.0131
0.0802 -0.9861
-0.4668 -0.4158
0.3462 -0.4900
-0.2264 0.1345
0.0498 0.1314
0.5630 0.1147
0.0526 0.7755
0.2896 -0.6029
0.7408 -0.2067
0.1978 -0.0217
-0.3187 -0.0733
-0.2128 0.6578
-0.0904 0.3977
-0.5595 -0.1749
0.3208 0.7481
0.6539 0.5824
-0.0057 -0.0116
0.3866 0.1734
0.0467 -0.0844
0.0204 0.0123
-0.0824 0.0694
-0.1746 0.4843
1.9927 3.4137
-0.0367 -0.0379
-0.5225 -1.5690
-0.1479 0.4886
0.4044 -0.8483
0.0490 -0.1091
0.4986 -0.6046
-0.8158 0.0892
0.9437 0.0914
0.8846 -0.3969
0.0328 0.1810
0.0014 -0.1946
0.3592 0.2355
0.4511 -0.5030
0.5259 0.4804
0.0034 -0.0054
0.6136 0.1731
0.7956 0.1716
-0.2772 0.2495
1.2267 -0.9348
-1.2366 -0.2429
-0.5870 -0.0705
0.2469 -0.3882
-0.5945 -0.3967
-0.0080 -0.0020
-0.2338 -0.2637
-0.5294 -0.3862
0.1730 -0.4399
0.2998 0.1188
0.0503 -0.1015
-0.3307 -0.2819
0.5696 0.0823
0.0901 -0.2053
-0.1143 0.6080
-0.4373 0.2180
0.9011 0.1050
-0.4392 -0.0185
-0.5276 -0.0284
-0.0283 -0.0116
-0.2860 0.8897
-0.2255 0.9095
-0.0278 -0.4008
0.4743 -0.1768
-0.2952 -3.5979
-0.2045 0.0080
-0.2503 0.8425
0.3188 -0.4019
0.0291 -0.4683
-0.2038 0.5327
-0.1905 0.6844
0.6978 0.1855
0.2825 0.0629
-0.6612 -0.5507
0.2104 -0.1588
-0.0908 0.4838
0.4321 0.5491
0.8104 -0.2405
-0.4686 0.0363
-0.3889 0.8235
-0.9815 -0.3146
0.0743 0.1595
-3.1881 1.3562
0.0327 0.0481
0.1005 0.0034
0.2441 0.2330
0.1393 0.1892
-0.1042 -0.1088
-0.8622 -0.4413
0.0511 -0.0015
-0.2094 0.5496
-0.3043 -0.0525
-0.0713 0.3270
-0.1308 -0.2263
-3.4118 -0.3606
0.0293 2.3325
0.0266 -0.2017
-0.0813 0.1661
-0.1025 -0.2443
-0.3085 -0.4604
0.6540 -0.4850
-0.7633 -0.1993
-0.4748 1.1389
-0.1748 0.3578
0.5877 -0.5686
0.0540 0.3227
0.0903 -0.3419
-0.1668 -0.3402
0.2754 -0.5696
0.5554 -0.4430
-0.0036 0.1912
-0.1903 -0.2438
0.1763 -0.1178
0.4994 -0.4237
-0.3382 -0.1499
-0.3002 0.9062
0.0569 -0.7008
0.4839 0.5609
0.6970 0.4974
1.4677 3.7805
1.7859 2.8440
-0.0146 0.0846
0.0076 0.0020
-0.0010 -0.0368
-0.8875 -0.4245
0.0694 0.0399
-1.5020 -2.1999
-0.7260 -0.3272
-0.3368 -0.0968
-0.1893 -0.0655
0.1778 -0.6076
-0.0298 0.5458
-0.5296 0.2911
-0.2938 -0.0832
0.1439 -0.2599
0.2295 -0.9150
0.2190 -0.3264
-0.6568 -0.4555
-0.8417 0.1029
-0.4238 0.2569
0.0650 -0.8305
-0.0737 -0.1667
0.5834 -0.4502
-0.5427 -0.1645
-0.6384 0.2621
-3.6168 1.6594
0.4552 -0.8761
-0.4349 0.3811
-0.7089 0.2678
-0.1508 -0.0040
-0.0226 -0.0001
-0.3235 0.9048
-0.8313 2.2657
0.2693 -0.0824
-2.1506 -1.9165
0.2413 0.1537
-0.0462 -0.0380
-0.0244 -0.0939
0.2833 -0.1561
-0.9718 2.2519
0.2200 0.2230
0.0292 -0.0518
-0.2926 -0.6747
0.3571 -0.7610
-0.2185 0.2257
0.0154 0.5278
-0.7628 0.6259
-0.0782 -0.7084
-0.4196 0.2534
-0.7345 0.3339
0.4105 0.0409
0.2589 -0.1129
0.0356 0.0229
0.2515 0.7090
-0.2671 0.3344
-0.0157 0.0347
0.0146 0.5764
0.4133 -0.4526
0.9778 0.0100
-0.0747 -0.0268
-0.4672 0.4524
0.0421 -0.7611
-0.8266 0.0983
-0.0489 -0.6172
0.1022 0.8305
0.5010 0.0083
0.3899 0.8501
-0.9092 0.3048
1.0778 -0.4050
-0.3802 -0.0401
0.6277 0.1050
0.8247 0.1962
0.5870 -0.0021
0.2829 -0.0631
0.1300 0.0083
0.1463 0.0690
-0.0283 -0.5720
-0.4030 -0.2391
-0.6559 -0.1156
-1.8012 -3.3936
0.4234 -0.0366
0.5631 -0.3831
-0.1711 2.3247
0.4442 0.5280
0.9120 -0.0592
0.0874 -0.5571
-0.0097 -0.1214
-0.0012 -0.0206
-0.0732 0.8530
-0.7454 -0.2929
-0.8687 -2.3680
0.1787 0.6058
-0.0819 0.8913
-0.2992 0.6669
-0.5300 0.1945
-0.2366 -0.7490
-0.7143 0.1599
-2.6834 -2.2979
0.8344 0.0297
-0.8020 -1.1443
0.4271 0.8664
0.3636 -0.3892
-3.9538 0.3922
-0.3090 -0.0374
-2.1135 0.9263
-0.0542 -0.6215
0.7876 1.1428
0.0106 0.0078
-0.1207 -0.4662
0.8132 0.1486
-0.0962 0.4849
-0.0788 -0.1765
0.0410 -0.0438
-0.0518 -0.2224
0.1955 0.8783
0.4678 2.5254
0.3385 0.1346
-0.0802 -0.1577
-0.0129 -0.0103
-2.0600 -3.5065
-0.2481 -0.0781
0.0151 0.3677
-0.1313 0.2012
-0.2020 -0.5536
0.2236 0.0562
0.5686 0.6991
-1.4700 3.3960
0.6166 -0.1631
-0.3910 0.1918
0.1207 0.6071
-0.3141 0.4789
-0.3717 0.9195
0.4001 0.5727
-0.0946 -0.3946
-0.1867 -0.0354
0.0421 -0.0510
0.0549 -0.0223
-0.3700 0.0572
0.5830 0.4599
-0.6623 -0.0022
-0.0282 -0.0565
0.3150 3.5922
-0.0380 -0.0106
0.0641 -0.0021
-2.6165 -1.0094
-0.4580 -0.6008
0.5030 0.7624
-0.0412 0.0322
-0.5728 -0.5915
-0.1310 -0.0175
-0.2007 -0.1073
0.1181 0.7051
0.0120 -0.0019
-0.8088 -0.0337
0.2239 0.1381
-0.0349 -0.1783
-0.3695 0.4682
0.0407 0.7672
0.6568 0.1691
0.1932 -0.1077
0.8406 -0.6210
-0.5849 1.5025
0.0309 -0.0252
-0.0494 -0.5899
-0.1083 -0.4735
-0.3445 0.0935
-0.4400 -0.2121
-0.3323 -0.2550
-0.0801 -0.0571
-0.3462 0.4618
0.3036 -0.3418
3.0033 -0.4197
-0.1040 0.1001
-0.1391 -0.8693
-0.1712 0.1820
-0.2107 0.4782
0.5406 0.0355
0.0546 -0.7673
0.4649 0.5445
0.3268 0.1924
0.0194 0.4139
0.2330 0.7375
0.4052 0.2113
-0.1042 -0.0111
0.5341 -0.6416
0.4186 -0.1868
-0.7506 -0.2994
-0.6926 0.5420
0.0081 0.0835
-0.0844 -0.3365
-0.0460 -0.1552
-0.3354 0.2019
0.3599 0.1350
-0.6187 0.2206
0.2560 -0.3369
0.2756 -0.1470
0.0921 -0.0858
0.8866 -0.3734
-0.0288 0.7270
-0.4719 -0.7190
0.4338 -0.2651
0.2126 -0.3411
-0.0014 -0.0061
0.3569 -0.1707
0.0893 0.0088
0.3025 0.1515
0.0433 -0.3341
0.1147 0.0609
-0.4784 0.7120
-0.1676 0.0187
0.2601 -0.1467
-2.5795 0.4176
0.4030 0.7018
0.8919 -0.4279
0.7903 0.4827
0.0145 -0.1027
0.0210 0.8355
0.4527 2.6686
0.1173 -0.1282
-0.2010 -0.4574
-0.1832 0.2260
-0.0948 -0.4593
-0.0888 -0.3233
-0.2082 0.8616
-0.1240 0.9137
0.4835 -0.5190
0.0132 -0.1202
-0.3563 0.4540
-0.3021 -0.9021
0.4071 -0.3411
0.1030 0.9070
-0.2252 0.3446
0.3778 0.5257
0.5714 -1.0412
-0.0103 0.0096
0.0242 -0.1656
0.2598 0.0610
-0.0240 -0.0388
-0.8666 0.2682
-0.0623 0.5768
-0.3231 -0.5188
0.3318 0.6114
-0.0804 0.0585
0.8011 1.0874
-0.0503 -0.2061
0.0458 -0.0992
0.7777 -0.4135
0.9275 0.2176
0.0057 0.0524
-0.5157 0.1864
0.3418 0.9170
-0.0150 -0.8696
0.0694 0.0417
0.5754 -0.1060
-0.3316 0.5438
0.9926 0.0121
0.0398 0.0475
0.6258 -0.4810
0.9583 0.1649
-0.1057 -0.8228
-0.6747 -0.5215
-0.0614 -0.0645
