0.3400 -0.4230 -0.6282
0.2058 -0.1863 -0.3311
0.0090 0.0304 -0.4376
-0.4190 -0.2780 0.6419
0.6701 -0.6194 0.0570
-0.0439 0.4245 0.8557
0.1744 -0.3072 -0.0043
-0.1277 0.2127 0.4846
-0.0171 0.0563 0.5145
-0.0609 -0.0052 0.1064
-0.0399 0.1176 -0.2009
-0.2701 0.1799 -0.2158
-0.3748 0.6125 -0.1383
-0.0005 0.0041 0.0026
-0.1575 0.0581 -0.6996
-0.0813 -0.1704 -0.3629
0.0549 0.6048 0.3092
-0.4031 -0.6728 -0.1369
0.0585 0.1297 0.2738
0.2598 0.2588 0.0106
-0.8959 -0.2092 0.2056
-0.0710 -0.2125 0.1141
0.1338 0.0211 -0.0825
-0.2063 -0.0234 -0.1070
-0.0096 0.0232 0.1620
0.0064 -0.0012 -0.0710
0.0006 -0.0001 0.2040
0.0030 0.0140 0.1856
0.1069 0.2812 0.4031
-0.0137 0.0060 0.1344
0.0055 0.0052 -0.8245
-0.2573 0.2191 0.7698
0.1110 0.9160 -0.1815
-0.0893 -0.0807 -0.1978
0.0568 -0.1146 0.2259
-0.0045 -0.0159 0.0390
0.0801 0.1466 0.8617
-0.2191 0.0957 -0.3532
-0.1143 -0.1947 -0.8491
0.1281 0.0333 0.1424
-0.1816 0.1842 0.2048
-0.0827 -0.1050 -0.2236
0.0728 -0.4998 0.7496
0.2841 -0.2684 0.2707
0.8155 -0.0795 0.2461
-0.1005 0.0385 -0.2410
0.2901 -0.1336 -0.3778
-0.0546 -0.1557 -0.8011
0.0824 0.2323 -0.6703
-0.4776 -0.7091 -0.3774
5.0410 -0.0071 -0.1070
4.8931 -0.0728 -0.7416
5.0458 -0.0536 0.1350
4.6982 0.6798 -0.1473
5.1015 0.5025 0.8535
5.0250 0.0156 0.4117
4.3961 0.0053 -0.3712
5.1129 0.1975 0.3307
5.0399 -0.1361 0.0765
4.5887 -0.0408 -0.2692
5.0269 0.0884 0.2442
5.2240 -0.4029 -0.5255
5.0249 -0.1064 -0.0405
4.5537 0.0593 0.0310
5.1398 -0.0055 0.5461
4.6676 -0.1474 -0.3397
4.9914 0.0237 0.0007
5.2137 0.3284 -0.6461
4.5492 0.0476 0.3670
4.8237 0.2940 0.0393
4.6456 0.2550 -0.3471
4.9223 0.0485 -0.1090
4.9886 0.1194 -0.0178
4.9680 -0.1416 0.1414
5.0351 0.0029 0.0470
5.3219 -0.0999 -0.2337
4.9977 0.0037 -0.0048
4.9594 0.0934 -0.5845
5.0033 -0.1038 0.4969
5.2548 -0.4519 0.1594
5.0269 0.0078 0.4267
4.9817 -0.5528 0.4446
4.8291 0.2437 0.1257
4.5577 0.7294 -0.2698
4.9783 -0.0429 -0.0442
5.0695 -0.0953 0.0221
5.0012 -0.4041 0.7971
5.0419 -0.0147 0.1944
4.9760 -0.0134 0.0429
4.8889 0.3703 -0.6319
5.0113 -0.0248 0.0488
5.4760 -0.0086 -0.5377
4.9091 -0.1133 -0.1640
5.3439 -0.4365 0.1113
4.8831 -0.2660 0.5194
5.0737 -0.1279 -0.0825
5.5386 -0.2093 -0.4780
5.0026 0.0526 0.2202
5.1574 -0.3128 0.7355
4.7225 -0.0281 0.2273
