0.0569 0.7234 0.4026
-0.1411 -0.6893 -0.3791
-0.1348 -0.1186 -0.1038
0.0686 -0.0470 -0.9633
0.4916 -0.0393 0.2401
-0.0492 -0.2631 0.8208
0.1428 -0.1753 0.0822
-0.1810 -0.0875 0.4873
0.0290 0.0066 0.0032
-0.7826 -0.2505 0.2548
0.0221 0.1202 0.8788
0.2314 -0.8835 -0.2711
0.1134 -0.1601 -0.4830
0.1092 0.6785 -0.0506
-0.4740 -0.0485 -0.0130
-0.1962 0.5233 -0.5078
-0.0559 -0.1600 0.0096
0.0181 -0.1752 0.1137
0.7509 -0.6329 0.1860
0.1439 -0.3287 0.4770
0.0393 -0.5637 -0.7951
0.0191 -0.0492 -0.0315
0.0156 -0.0667 -0.0765
-0.2283 0.3305 -0.0167
-0.2912 -0.0944 -0.0361
-0.0145 -0.0499 0.5902
-0.1094 0.0617 0.1760
0.0921 0.1018 0.7406
0.1310 -0.3713 0.7163
-0.2824 0.8409 -0.1294
0.1281 0.1005 0.5430
0.0209 0.4750 0.4240
-0.0208 -0.0163 0.0486
-0.3985 -0.9874 -1.3552
0.1036 0.0366 0.0025
-0.1219 -0.0123 -0.1760
-0.0579 0.0384 0.6348
0.3542 0.3659 -0.2337
0.4778 0.0859 0.2928
-0.1411 -0.0808 0.2335
0.0160 -0.1477 -0.3095
-1.9905 1.9725 0.1470
0.1533 -0.3637 -0.4153
-0.1487 -0.0676 -0.0077
-0.4247 -0.0224 -0.8761
0.0066 -0.0015 0.1803
0.4388 2.4817 1.7895
-0.1900 0.0638 0.1623
0.3808 -0.6738 -0.3661
-0.4026 0.2689 -0.4792
0.4549 0.1467 -0.0128
0.0847 -0.1289 -0.9451
0.0062 -0.0003 0.1865
-0.1201 -0.0354 0.2660
0.0086 -0.0036 0.0174
1.6571 0.9034 0.8199
0.1864 -0.8881 0.0876
0.3827 0.2722 -0.5202
0.0830 -0.1082 1.2608
0.4959 0.0876 -0.3082
0.4290 0.1085 -0.7417
-0.8159 -1.6622 -0.4166
0.0541 0.1117 0.1196
-1.4326 -0.1268 -0.2420
-0.0648 0.0500 -0.1225
-0.2463 -0.0393 0.2613
-0.1603 -0.5339 0.5689
0.0040 -0.0912 0.0347
0.1123 -0.1230 -0.0415
-0.0061 0.0120 -0.1274
-0.2116 0.7455 0.3453
0.0695 0.2467 -0.4827
0.1595 0.0315 -0.3802
-0.0807 -0.0099 0.1872
-1.1060 -0.2838 2.9401
-0.1998 -0.0902 0.2071
0.1312 2.4892 1.5139
0.1293 -0.0944 -0.1016
-0.3869 0.1821 0.2899
0.3304 -0.4223 0.4186
-0.0092 0.0331 0.0428
-0.2862 0.2217 0.3667
0.2642 -0.1113 -2.4063
0.0691 -0.0411 -0.3982
-0.0641 -0.5303 0.6423
-0.0196 0.0553 0.0876
0.0042 0.0030 -0.9182
0.6693 0.4321 0.2146
-0.0583 0.5265 0.5161
0.0008 0.0005 0.0031
-0.0591 0.1150 0.1052
0.1573 -0.7090 0.0782
-0.0202 0.0469 -0.1500
0.0312 -0.0056 0.0226
0.0043 -0.0174 0.7348
0.0180 0.1961 0.3158
0.0331 0.2923 0.4774
-0.6407 -0.3065 0.2124
0.0892 0.0857 0.1469
0.0039 0.1654 -0.3259
