-9.232987637277177972e-01 1.256104713569314857e-01
3.563944582926260041e-01 -2.090646131509323602e-01
5.490685591791779618e-01 5.643180594552617002e-01
8.800145605581070063e-01 -1.545717741949852349e-02
-2.043280622388848888e-01 -3.790016185027635376e-01
3.395001252317443596e-02 -5.381621656709283802e-03
7.895275708721817276e-01 3.814069867706880723e-01
5.401643511399101261e-01 8.095229025786975230e-01
-6.946339055147354724e-01 -2.928686764240053808e-01
-7.548976130185613975e-02 1.040086973494273592e-01
-7.546686129180815716e-02 4.158883979883221116e-01
-3.017747907643117955e-01 -3.109955614250080602e-01
9.579491736337551744e-02 2.429890955304052358e-01
-6.139722919100822074e-02 2.761245549296739155e-01
-5.544414819088553381e-01 -3.652113947975130226e-02
-3.222018416317846135e-01 5.753905060133458482e-01
7.956625812824347221e-01 3.603280059157021875e-01
-2.604400688126755625e-01 9.382003560788845231e-01
-3.210911114926998655e-01 2.376443246976721602e-01
-2.976358513675074202e-01 -9.293720603849766615e-01
1.219717958164160537e-01 1.302845576217369072e-01
-2.742111194121892304e-01 8.250992904027925068e-01
4.891832420946666815e-01 6.848284863136443190e-02
-7.018638861865539313e-02 3.270549635644442454e-01
4.338269833347923460e-02 -3.140409461526605939e-01
-2.814618009910309637e-01 2.524906304614307762e-01
6.937018679078671424e-01 -6.605930529260706230e-01
5.648682797230116792e-01 -7.016386925352582349e-01
-5.148926167131295806e-01 -3.143191553053923393e-01
-2.941833592793511865e-01 -3.565510155668476927e-02
4.237584899493389984e-02 2.832531724866885758e-01
6.999861813377572517e-01 3.209808856657782594e-01
6.301708551439876294e-01 -5.528435181625924733e-01
-2.734506249536731715e-01 6.732113144068492261e-01
2.944178280115989366e-01 7.071090183283493258e-02
1.555689940161693319e-01 -6.736465114171545643e-02
7.830253311322833421e-01 2.702852373456784418e-01
3.583316598479706072e-01 -6.519970815684701382e-01
7.468347155040207241e-02 -5.863273026188099007e-02
-7.015784272561313983e-01 -2.069386031472995185e-02
-6.908426544732082508e-01 3.708905311173248953e-01
-5.868129721211664540e-01 5.558195844779267869e-01
-1.462298452514054214e-01 -2.021296830518046761e-01
-5.461516805923511964e-01 3.223126595752389689e-01
-5.106537837370580396e-02 -1.130433051450978749e-01
1.481250308240695535e-01 -3.435366828373175307e-01
-1.689048309955208937e-01 2.390610076196735267e-01
-4.769924074119654134e-01 -1.323584912775720435e-01
-3.344704484463005278e-01 -2.729870688520660837e-01
-3.120876169686254142e-01 -3.601969458069360086e-01
2.024871141632410332e+00 8.615605425445573839e-01
1.790429518440252110e+00 -4.671778462001196508e-01
1.612161149518618997e+00 -7.781342250176817577e-02
2.753654204806327943e+00 -9.719773394600395022e-02
2.026277443164495207e+00 3.249722741325522524e-01
2.337681446167269250e+00 1.780369954349907691e-01
2.522166508018593767e+00 -1.929820922032900638e-05
3.019669333128017996e+00 4.552403778141428381e-01
2.996498742862129472e+00 -1.951699482845450084e-01
2.596678237528547761e+00 7.618806227928105468e-01
2.622732634456505174e+00 1.318933290022524796e-01
3.372731918521525873e+00 1.367660359158985595e-01
1.694775541924880002e+00 4.975167363302085977e-01
2.964064088348540071e+00 -3.670795351366124559e-01
2.467071870352468110e+00 -3.885041853690610059e-02
2.617399859150439045e+00 2.681114479370749759e-01
2.766640895318072335e+00 -2.103506155167668701e-01
2.403808190410577694e+00 -8.844821816356294997e-02
2.768559527668324804e+00 7.304525985270235444e-02
2.122439240561059925e+00 5.982841014399501445e-01
2.662222953416694793e+00 -5.958520678267500426e-01
2.865421021731090256e+00 2.809590146325371962e-01
2.893647911450344168e+00 -8.535862649576003713e-01
2.432864350259785091e+00 -7.372323504722755327e-01
2.774753249113269149e+00 9.497652108509638813e-01
2.718025773090511077e+00 -8.712442695817390614e-02
2.746320554061738139e+00 -2.082376853125784411e-01
2.704883716266301530e+00 4.917134548352568302e-02
2.301015442258291355e+00 -1.843097517843933220e-01
2.690441203832065753e+00 -3.195396995191147616e-01
2.701270728974707325e+00 4.325859360265292275e-01
1.978228122180125226e+00 -1.344955051672476198e-01
2.126227259326270769e+00 2.981498618532104072e-01
2.918295298552932238e+00 6.088710159836128177e-01
2.270113841706200564e+00 -6.111827628301300802e-02
1.758149096268012634e+00 -2.043668567513259524e-02
2.500018821637567612e+00 4.863788953798255511e-04
2.243430006789257192e+00 -4.602850092589002018e-01
2.469588808555722714e+00 3.887093914278421519e-02
2.007313683098148616e+00 -1.512807638063178028e-01
2.994760985853605728e+00 1.146724741987169838e-01
2.196341409182192006e+00 1.732204866774360308e-01
2.458638492495511585e+00 -1.357711860793082703e-01
2.439117042187871398e+00 -6.924224085263087913e-02
2.488777334946104869e+00 -8.665587096777292997e-01
2.587949276488370032e+00 -7.243569291590833993e-03
1.642961519096435508e+00 -4.334231681334447250e-01
2.305722005845799227e+00 -1.643118768677517272e-01
2.496476870149481719e+00 1.470531651148573038e-01
2.996190418072547157e+00 1.276612619529682580e-01
