0.4962 -0.1374
-0.3449 -0.0278
0.7161 0.2179
0.0048 0.2036
-0.0572 -0.3971
0.0465 0.1274
0.0267 -0.5146
0.4795 0.2731
0.0042 0.0313
0.3514 -0.4413
-0.9440 0.1275
0.0810 -0.0659
0.0694 0.1004
0.1814 0.3265
-0.3128 0.8810
-0.4902 2.1161
-0.2295 -0.4276
0.0968 0.2140
0.8484 0.0843
0.7367 0.2948
0.0907 0.0176
0.2583 -0.4703
-0.0106 0.1924
-1.9169 -3.0064
0.0228 -0.0295
-1.0730 1.3841
0.0902 -0.0107
-0.1266 -0.1747
-0.6924 -0.6627
0.1113 0.0421
-0.4030 0.5554
-0.0887 0.0231
0.4070 0.4556
-0.0623 -0.1695
-0.1623 0.0470
-0.0784 -0.0066
0.0728 -0.0437
-0.2155 -0.2743
-0.6864 -0.5588
-0.1547 -0.1427
0.2040 -0.1260
-0.8293 0.3312
0.7984 0.1459
0.1206 -0.0072
0.1429 -0.1360
0.0428 0.0694
-0.0395 0.0822
0.0274 0.0044
0.0078 -0.1390
-0.4578 -0.1086
-0.1507 -0.0797
-0.0203 -0.0558
0.1766 -0.9239
0.0171 -0.0002
-0.1067 -0.1912
0.2461 -0.4246
0.1651 0.9650
0.2991 -0.3785
0.0074 0.0020
-0.5517 -0.5989
-0.1576 -0.8488
0.2307 0.1529
-0.0267 0.2065
0.1313 -0.0563
0.0635 -0.1190
0.8689 -0.1771
0.2748 0.9387
-0.2380 -0.5249
-0.0665 0.0775
-0.6481 0.2335
0.1007 0.5412
0.0035 -0.0072
-0.0948 -0.2159
0.3395 -0.3754
0.4889 -0.1424
0.0938 -0.3847
-0.3280 -0.0623
-0.0687 -0.7393
0.1121 0.0938
0.2528 -0.2301
0.0160 0.0912
-0.2534 -0.0634
0.0577 -0.9291
0.5469 0.1396
0.0860 0.0304
-0.6597 -0.3889
0.4943 0.0882
-0.1232 -0.4164
1.3505 1.4323
0.1585 0.9439
-0.1516 0.0938
0.1856 -0.0018
2.2462 -2.4745
0.2999 0.2430
-0.1367 -0.0245
-0.5631 -0.7377
0.0845 0.0118
0.4467 -0.0436
-0.7216 0.4956
-0.3141 -0.2044
-1.3734 -2.0996
0.1778 -0.5036
-0.0732 -0.1738
0.1956 0.3372
0.0224 0.1389
0.3429 0.7793
-0.0033 0.2124
-0.3138 0.1869
-0.5112 -0.4172
-0.6752 -0.4315
0.3151 -0.0114
-0.2564 0.2563
0.9009 -0.0603
0.1210 -0.3771
-0.1266 -0.5777
0.2999 -0.0054
-0.0431 -0.6251
-0.5596 -1.6236
0.4555 -0.6207
-0.8086 0.5763
0.4318 -0.0178
0.2948 -0.0212
0.0463 0.4374
0.5759 0.1426
0.4178 -0.1561
0.8793 -0.1058
-0.0185 0.0581
0.4722 0.5354
-0.5293 -0.1498
-0.2209 -0.0804
0.0861 0.4864
-0.6569 -0.6185
0.1366 0.1946
0.3146 0.0984
-0.3607 0.3008
-0.1883 0.3607
0.0140 0.5805
0.3511 0.1136
0.0052 0.0859
0.9375 0.3332
0.4898 -0.7932
-0.1884 -0.4194
0.3216 0.2926
-0.1798 0.1293
-0.4153 0.7344
0.2761 0.4322
0.1297 -0.6980
0.1890 -0.2141
0.0372 -0.2543
0.1932 0.0707
-0.4103 -0.0115
-0.0694 -0.4261
0.2722 0.2708
0.0844 0.5833
-0.5070 -0.0433
0.4176 -0.5358
-0.0080 0.6654
0.0332 -0.1714
0.1084 -0.3933
0.8146 -0.4891
0.2584 -0.0170
0.6366 0.0226
0.9748 -0.0902
-0.4677 0.5360
0.4072 0.6029
0.0086 -0.1894
-0.3539 0.1527
-0.6692 -0.7054
0.9599 -0.2080
0.3317 0.1076
-0.2527 0.2339
-0.2906 -0.3509
0.1776 0.0996
0.7087 0.0656
0.4922 -0.0567
-0.1535 0.0678
-0.0665 0.5596
-0.0151 0.0592
-0.0366 -0.1286
2.0215 -0.7357
0.0748 0.0885
-0.6866 0.5814
0.2685 -0.5282
-1.0990 3.2175
-0.3197 -0.0192
1.0976 2.0690
0.6376 -0.4053
0.1891 -0.2217
-0.8089 0.0961
0.6652 0.1850
0.1489 0.0972
0.8017 0.0588
0.2290 -0.3420
0.0383 -0.1211
-0.1598 0.5609
0.4918 -0.8010
-0.0931 0.3507
0.1636 0.9251
-0.0986 0.4565
0.0919 0.1674
