-0.0732 0.0844
-0.0220 -0.0951
0.0005 0.5015
0.0293 0.0253
0.5986 0.7227
-0.5836 0.0549
-0.2050 -0.5057
0.1882 -0.2336
0.0884 -0.0200
-1.2284 -0.2745
-0.4358 0.0063
-0.2216 -1.1902
-0.1751 -0.0365
-0.0461 0.6816
-0.0571 0.4937
-0.0251 -0.0015
0.5920 0.0427
0.4296 0.1391
-0.4563 -0.4837
-0.3379 0.2032
-0.5412 -0.0683
-0.1073 0.2082
-0.5737 -0.6897
-0.0069 0.5193
-0.2744 -0.6863
-0.5314 -0.7353
0.1761 -0.4821
0.7020 -0.0291
-1.4065 0.4577
0.2004 -0.7709
0.1656 0.0435
0.7852 -0.5124
-0.5039 -0.5417
1.0357 0.3276
0.8247 -0.4658
0.6691 -0.3411
-0.0308 0.5664
0.3903 -0.4604
-0.1322 -0.3132
-0.4348 0.2436
0.7692 0.2956
0.8977 -0.2015
0.5306 -0.5189
1.0118 0.4658
0.4894 0.1922
0.2103 0.6571
-0.0087 -0.0047
0.0284 0.4747
-0.7597 -0.3857
0.2756 -0.2150
