-0.3937 0.1841
-0.0531 0.2414
0.0944 0.2233
-0.9780 -0.0657
0.6239 0.1312
-0.0583 0.0318
-0.7220 0.1205
0.6252 -0.6418
0.6646 0.3674
0.3499 -0.0780
0.7306 -0.2898
-0.3392 0.2058
0.4991 -0.2045
-0.3530 0.1693
-0.0250 -0.0260
0.2951 0.0022
-0.8931 0.4312
0.3269 -0.4667
-0.6792 -0.5741
-0.1387 0.5596
0.0897 0.7262
0.3052 0.1092
0.3627 -0.1181
0.4294 0.2077
0.6288 0.0781
-0.1197 0.9764
-0.0010 0.0005
-0.0943 0.0556
-0.6335 0.3736
0.9064 -0.3759
-0.4030 0.8192
-0.0085 0.2504
0.1924 0.1197
-0.8041 -0.3819
-0.0710 -0.0191
-0.1937 -0.3349
0.1863 -0.4898
0.1225 0.6301
-0.7000 -0.0543
-0.6375 0.6547
0.2966 0.0714
0.6007 -0.1877
0.0805 0.4234
-0.6542 -0.6917
0.0011 -0.1416
-0.4199 -0.3582
0.0078 0.0532
0.0261 0.0665
-0.3039 0.5221
-0.5937 0.2241
-0.3108 -0.1592
0.7730 0.0012
0.3042 0.3475
0.5291 0.6674
0.4462 0.2758
-0.6979 0.5903
0.2174 0.1390
0.3946 -0.3252
-0.5282 0.7785
0.0033 0.0266
-0.2551 0.0793
0.5973 -0.2211
0.0315 0.0101
0.2331 -0.3343
0.2005 0.1570
-0.6525 0.2871
-0.2704 0.6789
-0.0947 -0.4214
0.1182 -0.3829
0.4279 -0.3611
0.0369 -0.0011
0.1696 -0.6447
0.8231 0.1633
-0.0011 -0.3920
0.5365 -0.2742
-0.2448 -0.1888
-0.7946 -0.2662
-0.7166 0.5106
0.1968 -0.5076
-0.0467 0.2150
-0.4036 0.3839
0.7483 -0.3705
0.9672 -0.0167
0.5904 0.3689
-0.5422 -0.2127
-0.8503 -0.0037
-0.4511 0.2700
-0.0263 -0.0017
-0.2884 -0.0701
-0.3168 0.3120
-0.7062 -0.3902
-0.0475 0.0273
-0.0351 -0.0085
0.8023 0.4336
0.1788 -0.0826
0.3194 -0.0948
0.7559 0.2654
0.3650 0.8182
-0.0775 0.9228
0.0040 -0.1629
0.5113 0.3663
-0.2136 -0.3555
0.1807 -0.6266
-0.7764 -0.5753
-0.1263 -0.9615
0.0523 -0.7643
-0.0977 -0.2631
-0.5589 -0.2751
0.2579 -0.1263
-0.3680 0.3263
-0.0642 -0.9414
0.0076 -0.0443
-0.2457 0.8344
0.4473 -0.6034
-0.2624 0.3574
0.0887 -0.3607
-0.2414 -0.6762
0.7469 -0.1447
-0.0158 -0.1810
-0.4030 0.7674
-0.1699 -0.0988
0.0896 -0.3675
0.2944 0.6632
0.2114 -0.4043
-0.1817 -0.3111
0.6695 0.5142
0.3869 0.9122
0.3615 0.2800
0.7045 -0.4707
0.1875 -0.3214
0.0744 0.1578
-0.0289 -0.0320
0.3873 -0.2408
0.6706 0.3728
-0.0034 -0.2174
0.6998 0.5703
0.2762 -0.8738
-0.0150 0.0221
0.2051 0.4096
-0.4688 0.0806
0.0769 0.0141
-0.6425 0.2743
0.6643 0.3244
0.3285 -0.0267
0.1461 -0.1002
0.3251 0.3336
0.1674 0.0221
-0.3414 0.5101
-0.0366 0.6596
0.4793 0.6876
-0.8228 -0.3504
0.0420 -0.4617
0.1740 0.9704
-0.3176 -0.6307
-0.0819 0.9433
0.0352 0.5575
-0.0110 -0.9001
-0.2733 -0.7911
0.1667 -0.2224
0.0856 0.2912
-0.1732 0.2237
-0.3029 0.6215
0.1543 0.0896
-0.1394 -0.1096
-0.0933 0.0714
-0.0215 0.1796
-0.5952 -0.3104
0.7921 -0.5937
0.2486 -0.7807
0.0297 0.0406
-0.9199 -0.0924
0.0149 0.2350
0.4718 0.2360
-0.1574 0.3328
0.4481 -0.4068
-0.1301 -0.0812
-0.2889 0.9501
-0.3982 0.5598
0.9101 -0.3978
-0.8621 -0.4838
0.1295 -0.0140
-0.7484 -0.4874
-0.5650 0.1401
-0.4999 0.2798
-0.1756 -0.1183
0.6019 -0.5296
0.4869 -0.3881
0.0675 0.3028
-0.0345 0.0412
0.2292 0.0478
0.4974 0.4305
0.1719 0.0514
-0.1072 0.2203
0.0609 -0.0335
0.5806 -0.3441
-0.0032 -0.0006
0.2249 0.2150
-0.1067 0.0940
-0.0707 0.1114
0.0928 0.5353
0.6069 -0.4224
0.0304 0.1607
0.5591 -0.2713
0.4880 0.0122
-0.0941 -0.0207
0.6702 -0.5093
0.2836 0.3411
0.3214 -0.3853
-0.0537 0.0165
-0.7532 0.3649
-0.1342 0.1869
0.2651 -0.9358
0.2792 0.2682
-0.0121 -0.8630
0.0425 -0.7433
-0.2700 -0.0167
-0.8715 0.2732
-0.8249 -0.4212
0.4321 -0.3660
0.7562 0.2007
-0.1776 0.5833
0.6039 0.5059
0.9133 -0.3603
0.0991 -0.0114
-0.0070 -0.1377
-0.0092 -0.2813
0.3046 0.0021
-0.3720 0.6477
-0.1013 0.3532
0.3977 0.9159
0.2910 -0.3745
-0.0025 -0.0069
-0.4720 -0.0316
-0.2428 0.1081
-0.1911 0.1972
-0.6045 0.6563
-0.6048 -0.0191
-0.1756 -0.0394
-0.0563 0.1404
-0.4678 0.6790
-0.2176 0.6171
-0.3056 -0.3690
0.1660 -0.1442
0.3297 0.6596
0.0218 -0.1150
0.3429 0.6595
0.2359 -0.2439
0.7015 -0.0005
0.2341 -0.2089
0.0058 -0.0005
-0.8298 0.5360
0.3365 0.2460
-0.6849 -0.0922
-0.7909 0.3605
-0.0072 0.0036
0.7293 0.0470
-0.0000 -0.0158
0.5958 0.1109
0.2491 -0.4404
0.2657 0.1762
0.0872 0.0722
-0.1808 0.5370
-0.0000 -0.0189
0.3687 -0.2206
-0.8068 -0.3058
-0.5225 -0.4256
-0.3843 -0.7211
-0.1684 -0.5121
-0.8367 -0.3808
-0.3785 0.6423
-0.8924 0.3026
-0.1152 0.4982
-0.0147 0.1904
-0.1616 0.7055
0.8332 0.1283
0.0835 0.2125
0.0399 -0.8583
0.0398 0.2167
0.3264 -0.1561
0.0564 -0.0604
0.1365 0.1308
0.1355 -0.7906
-0.5651 -0.6808
0.0501 -0.2898
-0.4991 -0.5755
-0.1060 0.1316
0.0107 -0.2022
0.4409 -0.7242
0.5636 0.6110
0.4663 -0.2159
0.1227 0.7395
-0.3377 -0.2419
0.5290 0.1328
0.6568 -0.3681
-0.4798 -0.4270
-0.1134 -0.7033
-0.1562 -0.0427
0.1710 -0.5445
0.0739 -0.2540
0.7010 -0.0580
0.0759 -0.6696
0.3538 -0.7350
-0.3942 0.1205
0.5321 0.4475
0.0490 0.2460
0.1917 -0.3629
-0.6733 -0.7377
0.4002 -0.2945
-0.0666 0.0887
0.3911 -0.5465
0.0806 -0.4825
-0.6153 0.2164
-0.0324 -0.0116
-0.2976 -0.9053
0.0192 0.1221
0.3987 0.0510
-0.3823 0.1512
-0.0837 0.4564
0.0034 0.2335
-0.3267 0.7820
0.0378 0.7951
0.1147 -0.0337
-0.0095 0.7669
0.3651 -0.8155
-0.0639 0.0769
0.0852 -0.2110
-0.4611 0.1748
0.3861 -0.2195
-0.4669 0.0190
0.3444 0.1548
-0.1461 0.1934
0.0797 -0.0584
-0.5456 0.2374
-0.2746 -0.3164
-0.0616 -0.3942
0.8054 -0.0775
0.1960 0.0028
0.4996 -0.7019
-0.5716 0.4605
-0.0933 -0.0522
-0.3886 0.2215
0.3657 -0.4857
-0.1939 0.3117
0.6629 0.0045
-0.2897 -0.4177
-0.4049 0.4612
0.2272 -0.6922
0.5700 -0.7675
0.3461 -0.5782
0.0223 0.6996
-0.2737 0.8746
-0.2826 0.2005
-0.3863 0.5653
0.2119 0.1422
-0.8077 -0.2187
-0.3099 -0.4351
-0.1806 -0.2936
-0.0116 -0.0822
0.5727 -0.4952
-0.2444 -0.0160
0.0362 -0.0459
-0.0158 -0.0058
-0.1111 -0.6987
-0.3537 -0.6997
-0.2241 0.6030
0.0584 -0.0216
-0.2805 -0.6989
0.4218 -0.5430
-0.0447 -0.1754
-0.2542 0.1528
-0.2168 -0.8726
-0.4809 -0.1935
-0.7592 0.4063
0.1036 0.8039
0.1746 -0.3530
0.8809 0.3985
0.6079 0.3744
0.4420 -0.7749
-0.0705 0.1022
-0.3610 0.6436
-0.4759 0.4051
-0.0983 -0.6401
-0.5074 -0.3877
0.0832 0.8801
-0.7945 0.4759
-0.1048 0.1949
0.1189 0.6953
0.5266 0.6644
0.1276 0.3047
0.2031 -0.4981
-0.4083 0.2401
0.5286 -0.3499
-0.8251 0.5417
0.0729 -0.1617
0.0918 -0.0648
0.7398 -0.0106
-0.3514 -0.7631
0.4981 0.0545
0.0550 -0.1466
-0.8372 -0.1548
0.4249 -0.1931
-0.8522 0.5050
-0.1159 0.0125
0.0451 0.9357
-0.0052 -0.0770
0.2534 -0.9451
0.1139 -0.1166
-0.2985 0.2218
-0.4454 -0.0372
0.4066 -0.0435
-0.6627 -0.7137
-0.0522 0.2695
0.3777 0.2623
-0.0717 -0.1038
0.0159 0.0601
-0.4806 -0.4702
-0.1517 -0.4811
-0.4284 0.2464
-0.3169 -0.0189
-0.0619 -0.7065
-0.3630 -0.5113
0.4929 -0.2914
-0.0440 0.2119
-0.4380 0.1992
0.0551 -0.0911
-0.1367 0.3883
-0.2567 -0.4591
0.1305 0.0275
-0.7783 -0.4632
-0.4705 0.7560
0.7683 0.0425
0.0362 0.1822
0.0067 0.0124
0.5315 0.4544
-0.7678 0.2734
-0.1655 -0.4322
0.3321 0.2885
0.5480 -0.1982
-0.0379 -0.6489
-0.0993 0.3191
-0.8074 -0.1617
-0.1539 -0.0262
0.5971 0.0775
-0.1496 0.8825
0.0775 0.7467
-0.0177 0.0174
0.3532 -0.5684
-0.3661 0.2665
-0.0656 -0.0732
-0.5048 -0.5267
-0.0172 -0.7635
-0.2027 -0.6838
-0.6286 0.3148
0.2698 0.7795
0.2251 0.2255
-0.1357 -0.0783
-0.0548 0.2405
0.2638 0.2707
0.1481 0.6172
0.5347 -0.8020
-0.1186 0.0499
-0.5187 -0.1380
0.0375 -0.2988
-0.2156 -0.8312
-0.0514 0.3639
-0.9373 -0.1360
0.0456 -0.4938
0.2676 -0.8427
-0.0040 -0.0110
0.1138 0.0881
0.1732 -0.2617
0.7168 0.3840
-0.2637 0.4398
-0.0786 0.9681
0.7496 0.2522
0.3836 0.4192
-0.4510 0.5094
0.2306 -0.8796
0.3973 0.7146
0.5417 -0.1827
-0.6210 -0.1169
0.7075 0.1826
0.6203 0.2762
0.3892 0.0198
-0.3848 -0.3819
-0.0733 -0.9379
-0.8892 -0.2389
-0.3124 0.4509
-0.2238 0.3693
-0.2111 0.5662
-0.1271 0.7327
-0.0521 0.0047
0.0536 -0.0259
0.4785 0.7105
0.3586 -0.4176
-0.0043 -0.2591
0.3294 -0.2661
0.1422 0.2295
-0.5497 0.2825
-0.2754 -0.3599
