0.3046 0.5110 -0.0190
-0.2957 -0.5561 0.6254
0.0835 -0.2876 -0.5508
-0.3687 0.6047 0.0504
-0.0013 -0.1557 -0.4966
0.6620 0.0087 0.4199
-0.4935 0.3502 -0.0237
-0.1965 0.1724 0.3378
-0.0842 -0.0295 -0.1818
0.0306 0.0165 0.0328
-0.0646 0.2178 -0.1071
-0.3029 -0.4113 -0.2283
0.3120 0.1827 0.1017
-0.0025 0.0026 0.0106
0.0237 0.0098 0.0221
0.1441 -0.1761 -0.2517
0.2223 -0.5290 0.4374
-0.9038 0.1605 0.0311
0.1587 0.3638 -0.4959
0.1649 0.0521 0.8065
0.0497 -0.1366 0.1025
-0.3975 -0.0053 -0.0594
-0.0131 -0.0467 -0.2653
-0.6497 -0.3807 -0.3869
0.3247 0.0157 0.4900
-0.2836 0.1345 0.0143
-0.1453 0.0611 0.3101
-0.4614 -0.2228 0.5063
-0.1938 -0.2607 0.5276
0.4867 0.1731 -0.2048
-0.5011 -0.1359 0.1603
0.0078 0.0765 -0.4549
-0.0228 -0.0074 0.0412
0.1798 0.3005 0.3330
-0.0354 0.5155 0.7958
0.1018 0.0903 -0.3001
-0.1853 -0.1568 0.2890
-0.1217 -0.0662 0.1173
0.0181 -0.0343 0.1469
-0.0478 -0.1996 -0.4004
-0.2215 -0.0755 -0.1930
-0.6751 0.1004 0.5382
-0.7827 -0.5719 0.1585
-0.6431 -0.5590 -0.3612
-0.2443 -0.1965 0.2644
0.0444 0.4926 -0.0209
-0.0265 -0.0139 -0.0931
-0.0753 0.0511 -0.3339
-0.6657 -0.2684 0.0726
0.1771 0.1394 0.2878
-0.1657 0.0396 -0.7144
-0.0435 -0.0129 -0.1176
-0.0549 -0.5626 0.2478
-0.4425 0.4860 0.0098
-0.0105 -0.1742 -0.0838
0.2656 -0.0872 -0.1128
0.0952 -0.4301 -0.5629
0.3531 -0.6686 0.0691
0.1913 -0.0219 -0.5565
-0.0321 -0.0270 0.9128
-0.0134 0.0262 -0.4568
-0.3610 0.0350 0.3061
-0.2037 -0.0629 0.9040
-0.1749 0.0632 0.5136
0.3314 -0.1443 -0.8323
0.0318 -0.0632 0.2629
0.4901 0.1236 -0.2843
-0.0581 0.2654 -0.1561
-0.0085 0.0141 -0.0288
0.1389 0.1001 -0.0139
-0.0087 0.0549 0.0087
0.0022 0.1368 0.8168
-0.0704 0.3236 -0.1585
-0.0057 -0.0094 -0.0256
0.0215 0.0016 -0.1292
0.4432 -0.5234 -0.0739
0.0056 -0.0065 -0.2153
0.0829 0.3599 -0.3377
0.2617 -0.0952 0.3639
-0.3755 0.1851 -0.0573
-0.0016 0.2903 -0.2995
-0.0848 0.5142 -0.2223
0.2094 -0.0707 -0.2298
0.4981 0.3372 -0.7159
0.5117 0.5191 0.5171
0.1020 -0.0865 -0.6583
-0.4052 -0.2110 0.3334
-0.0010 0.0099 0.0334
0.1005 -0.0625 -0.0645
-0.0641 0.0324 0.1022
0.0117 0.0862 0.5160
-0.0213 -0.0027 0.9461
-0.5173 -0.1360 -0.2500
-0.0221 -0.0107 0.0616
0.1879 0.1342 0.5692
0.3555 0.0353 0.2559
-0.3952 0.1272 0.6207
-0.1615 0.0594 0.7512
-0.2608 -0.2085 0.6579
-0.0675 0.2003 -0.0730
2.4512 -0.5547 -0.2319
2.1470 0.2959 0.5840
2.3651 -0.3188 -0.3545
2.5053 0.0081 0.0025
2.4642 -0.3233 0.7422
2.8098 -0.1661 -0.2338
2.7713 0.2916 0.1946
1.9973 -0.0975 0.2531
2.4167 0.1859 0.7557
2.4242 -0.0220 -0.1692
2.4982 -0.0001 -0.4001
2.4800 0.0439 -0.1390
2.3878 0.1132 -0.3456
3.0580 -0.1637 0.1693
2.5173 -0.1346 -0.2460
2.1682 0.2457 0.6689
2.4333 0.0769 -0.0774
2.9699 -0.0164 0.1664
2.1546 0.2539 0.5958
2.8424 0.0862 -0.4359
2.4723 -0.1203 0.2535
2.7432 0.4334 0.2989
2.4907 0.0557 0.6743
2.4228 0.2727 0.7661
2.7005 0.0079 -0.2168
2.4307 -0.0538 0.4699
2.4053 0.0034 0.7953
2.4427 -0.7506 0.0878
2.2305 -0.3097 0.7391
2.3683 -0.0376 0.2641
2.3532 0.2393 -0.0715
2.6267 -0.4888 -0.0140
2.2949 -0.1958 0.5251
2.6845 0.2905 -0.2189
1.9753 -0.1168 0.3203
2.4913 -0.0193 -0.1393
2.4302 0.2475 0.9090
2.7329 0.2533 -0.3692
2.3511 -0.0465 0.5504
2.4714 -0.0655 0.5160
2.2029 0.0555 0.2088
1.8016 0.1294 -0.2059
2.9695 0.5451 -0.1843
2.7194 -0.0366 -0.3147
2.7708 0.3938 0.8112
2.6233 -0.4497 0.4162
2.3495 0.1844 -0.6047
1.7823 0.3499 -0.4125
2.4588 -0.2814 -0.8922
2.4505 -0.0234 -0.0785
2.1481 -0.0020 0.4718
2.1433 -0.3023 0.7839
2.5021 0.0134 -0.1055
2.4006 -0.2755 -0.2970
2.3073 -0.0160 -0.3298
1.8124 0.0356 0.3837
2.4854 0.0138 0.2545
2.5046 -0.1870 -0.0511
2.4687 -0.0210 -0.0373
2.6343 -0.0375 -0.4315
2.4261 -0.3853 -0.0385
2.6210 -0.0768 0.2882
2.3813 -0.1122 0.4469
1.8055 0.2807 0.4841
2.8900 0.4734 0.4542
2.8367 0.0982 0.7978
2.8548 0.7787 -0.2694
2.5814 -0.1471 0.2484
2.5766 -0.0382 0.1311
2.4967 -0.0015 -0.0500
2.0862 -0.1024 0.2786
2.5382 0.4525 0.1374
2.5391 -0.1844 -0.0713
2.2450 0.0915 -0.4286
2.2680 0.0549 -0.3146
2.7350 -0.3825 0.0576
2.0266 -0.0455 0.4016
2.5140 0.0427 -0.5906
2.4160 0.1593 0.1997
2.4980 0.0090 0.0329
2.5853 0.0282 0.6406
2.7804 -0.4042 0.3703
1.9498 -0.1875 -0.5040
2.5291 -0.1701 -0.4758
2.5296 0.0317 -0.1414
2.3976 -0.0181 -0.3597
2.4201 0.6369 -0.0325
2.3012 0.0575 0.4102
2.4377 0.5962 0.6647
2.3115 -0.1961 0.0281
2.5127 -0.0660 -0.2790
2.3009 0.0444 -0.0517
2.6892 -0.0330 -0.2413
2.5411 0.0263 0.9890
2.7559 -0.1775 -0.5617
2.5258 -0.0085 0.2085
2.5727 0.0151 0.4491
2.4813 -0.0245 -0.0782
2.5856 0.0341 0.4172
2.8359 0.0058 0.1956
