-0.5315 -0.2821
0.8428 -0.1702
-0.4673 -0.0320
-0.0946 -0.1731
-0.8018 0.5380
-0.1664 0.6851
0.7274 0.3109
-0.4581 -0.5308
-0.0752 -0.1426
0.6093 -0.2846
0.1810 0.3920
0.0609 0.3943
0.6319 -0.0832
-0.6233 -1.7996
-0.3864 -0.2152
-0.1693 0.6901
0.1594 -0.3140
-0.2431 -0.4942
0.5663 -0.1884
-0.4876 -0.6797
-0.3432 -0.1870
-0.7032 -0.3026
0.0313 -0.1431
-0.1794 -0.5794
-0.3820 0.3220
0.7032 0.0836
0.0897 0.8881
0.2075 0.3000
-0.2900 -0.6302
-0.5358 -0.6844
-0.0014 0.0656
-0.1843 0.4729
0.1121 0.9408
2.2527 0.4581
-0.8199 -1.7037
2.5636 0.9662
-0.6688 0.2368
0.6122 -0.2047
0.5936 -0.5799
0.1031 -0.0482
-0.3109 0.8787
-0.7737 -0.3426
-0.0554 0.7089
-0.1115 0.0698
0.0474 -0.1713
0.2100 -0.1977
0.6052 0.0439
0.2822 0.3802
0.1805 -0.0179
-0.5691 -0.4683
0.3558 0.1177
-0.2551 0.2187
0.6911 0.0215
-0.2978 -0.4754
-0.0467 0.1829
-0.5345 -0.3151
-0.7632 -0.2759
-0.1749 -0.6988
0.0188 -0.0539
-0.1471 -0.5976
0.2454 -0.1921
-3.0834 0.8513
-0.3319 -0.3344
-0.4016 -0.8172
0.0010 0.0576
-0.5464 0.3007
0.0167 0.0406
-0.0840 0.1667
2.2426 1.6563
-0.3079 0.3756
-0.0461 0.0611
-0.5387 0.6584
-0.9627 0.2162
-0.4006 1.0178
-0.0558 -0.5153
0.0352 -0.0076
-0.3497 -0.4853
-0.6327 -0.3914
-0.1460 0.0547
-0.3076 0.5872
-2.5544 -0.4282
-2.7363 -0.9344
0.0069 -0.1238
0.6560 0.5716
0.5582 0.7767
0.3483 0.2389
-0.3227 -0.3839
-0.1350 0.7062
0.3108 -0.9424
-0.2557 0.1870
-0.1059 0.1837
0.2893 -0.9360
-0.7028 0.2282
-0.0286 0.5286
0.0958 -0.0548
-0.0520 0.2590
0.8073 -0.5751
-1.3260 0.9958
0.1602 0.7558
0.6865 0.2373
