0.6189 -0.7412
0.1431 0.3315
0.5702 0.5518
-2.1184 3.4114
0.0103 -0.0428
-0.7282 -0.1532
0.3871 0.6105
0.2243 -0.5549
0.0549 -0.2621
-0.2673 0.2528
0.3422 -0.0043
0.0984 0.2220
-0.0179 -0.0787
-0.2870 0.0120
-0.2244 0.4120
3.5087 0.1118
-0.2256 0.3928
-0.2522 1.2819
-0.3398 0.2006
0.5019 0.1139
-0.8627 -0.0845
0.5758 -0.7262
-0.5228 0.4389
0.4181 -0.5095
-0.7573 0.4702
-0.6205 -0.3419
-0.1575 0.7002
-0.8206 -0.4942
0.1318 -0.4843
0.0397 -0.2622
0.9131 -0.1055
0.3113 -0.0742
0.0860 0.6397
0.8241 -0.3801
-0.6257 -0.2290
-0.5366 0.1012
0.0749 -0.0499
0.4850 -0.4621
0.8092 -1.1095
0.4988 0.1846
0.2794 0.1011
0.2898 2.0705
0.9143 0.1225
0.8017 0.2046
0.3263 0.8436
0.1756 0.2455
-0.5932 0.6117
-0.1951 -0.0061
-0.1833 0.5497
-0.4803 0.6323
0.5992 0.0446
-0.6786 -0.0528
0.2043 -0.2522
0.5006 0.3827
-0.2704 -0.7283
-0.4358 0.6309
-0.0315 -0.1054
0.5248 0.4662
0.7499 0.6486
0.0640 0.2013
0.1546 0.0022
-0.2602 -0.4119
-0.1143 0.4792
0.1752 0.1769
0.1702 0.6909
-0.2726 0.3089
-3.4532 -2.1857
-0.4297 -1.0484
0.5585 -0.2836
-0.4876 -0.8475
-0.3617 -0.6265
-0.1182 -0.2014
0.3904 0.1555
-0.7285 0.1082
0.0113 0.2488
0.0013 0.0054
0.3865 -0.0526
-0.1108 0.1451
2.2313 2.6899
0.4352 -0.1866
-0.0619 0.0521
-0.0909 0.0247
0.0833 0.2285
-0.4357 -0.2851
-0.2213 0.8561
-0.2315 -0.9112
-0.4119 -0.5291
-0.5203 -0.4953
0.8613 -0.4288
0.1363 -0.0858
-0.1175 0.0029
0.0000 -0.0005
-0.3641 0.3526
0.1980 1.2379
-0.0614 0.1483
-0.9823 0.0432
-0.5312 0.0303
0.1336 -0.2320
0.4340 -0.7110
-3.2292 -2.0505
4.5804 -0.8929
5.0161 -0.0110
3.2139 -0.4185
4.6422 1.4336
5.2119 -0.2775
4.8531 -0.1111
5.7795 0.2241
5.0002 -0.0156
4.7455 -0.7862
5.1033 -0.2120
4.9732 0.1092
4.4879 0.5695
4.8640 0.0883
4.9133 -0.8715
5.4222 -0.4456
4.2431 -0.2927
4.8725 -0.0153
5.8458 -0.2532
5.2527 -0.5095
5.0735 0.2784
5.1679 -0.8911
5.1810 -0.0818
5.4631 -0.1281
5.0761 0.1503
4.0185 3.1637
4.4634 0.3074
5.2653 -0.2917
5.7818 0.2310
2.7063 0.1535
5.5934 -0.3358
4.5867 0.0305
5.1167 0.2446
3.9211 2.9465
5.2456 0.1775
8.8264 -0.3090
4.9574 -0.0868
4.2084 0.0484
4.0687 0.1149
4.8415 0.3778
5.0956 -0.3568
4.0721 -0.0710
5.1774 -0.0676
5.2793 -0.5487
4.3118 -0.2609
4.3960 0.7246
4.8169 0.3588
5.1949 -0.4201
4.9822 -0.0225
4.1695 0.1134
5.1027 0.1962
3.1569 2.5699
4.7550 -0.8886
3.2809 -3.0155
4.9809 -0.0720
5.1641 0.0997
5.0303 -0.2674
4.6954 0.1830
5.6404 -0.1857
5.5632 -0.0917
4.6534 0.5532
5.2689 0.0026
4.1236 1.8811
5.7864 0.0034
5.0172 -0.0020
5.5689 0.3139
4.7168 0.5261
4.5509 -0.2703
4.9582 -0.4263
5.0658 -0.1620
5.4174 0.5998
4.7666 0.2741
5.2032 -0.8861
4.4462 -0.2415
4.5511 -0.6310
4.7142 -0.5869
5.2065 0.1994
5.1110 -0.4583
4.6898 -0.5544
5.0268 -0.2774
4.4674 -0.2948
5.0089 0.1278
4.8735 0.3137
5.5700 0.2019
4.9754 -0.2511
5.4486 0.5771
5.8521 -0.4651
4.5795 -0.7591
5.8875 0.3426
4.7294 -0.7975
5.0561 0.3639
5.0228 0.9872
5.8946 -0.1037
5.0019 -0.0569
4.1579 -0.0037
5.6021 0.7126
5.2931 -0.0664
5.7264 0.2516
5.6671 0.0231
5.4094 0.0040
7.0924 -3.4189
