-0.1357 0.0819 0.1036
0.2801 0.5387 0.7876
-0.0592 0.5585 -0.0261
0.2356 -0.4627 -0.4719
0.3726 0.1526 0.4250
-0.0106 0.2210 0.2259
-0.3706 0.5633 -0.6446
0.4455 -0.3112 0.5569
0.0015 -0.8430 0.3068
-0.3707 0.0823 -0.7102
-0.3906 0.1470 0.4929
-0.4287 0.0793 0.3696
0.0369 -0.0270 0.0040
0.0126 -0.0160 -0.5085
0.0705 -0.0848 0.0194
0.3494 -0.7055 0.2149
0.1417 0.6299 -0.0041
-0.4685 0.1879 0.6625
-0.1554 0.2469 0.5528
0.1082 -0.0598 -0.1469
0.1439 -0.0225 -0.4139
-0.0335 -0.1684 0.2424
0.0033 -0.2389 0.5110
-0.1069 0.0779 -0.1375
0.1302 -0.4434 -0.5649
0.6438 -0.5250 -0.4645
-0.0221 -0.1145 0.1077
-0.0071 0.0071 -0.0056
0.0065 0.0126 -0.6385
-0.3447 -0.1382 0.0991
