-0.1759 -0.1326 -0.2220
-0.0634 -0.0769 0.0334
-0.0756 0.0318 -0.2666
-0.5423 -0.3364 0.9428
0.0099 0.3010 -0.1792
-0.0043 0.0021 -0.0007
-0.0024 -0.0187 0.5124
0.1263 0.1617 -0.2912
-0.3469 0.0494 0.5906
0.8020 0.3299 -0.7664
-0.0605 -0.0183 0.0478
-0.0007 -0.0015 -0.3152
-0.2997 0.2662 0.6727
0.1943 -0.1692 0.9125
-0.2005 -0.1201 0.2808
0.3117 -0.3977 0.0963
0.4057 -0.2425 -0.9385
-0.0479 -0.0890 -0.2824
-0.7685 -0.1660 -0.0666
-0.9380 -0.3038 -0.4403
-0.2722 0.4679 -1.0191
0.3795 0.7462 0.0433
-0.0961 0.1628 -0.6258
0.3820 0.0189 -0.6335
0.0068 -0.0349 -0.1113
0.0455 -0.1022 0.1440
0.0029 0.0360 -1.0048
-0.0517 -0.1491 -0.0612
0.1470 -0.8909 -0.7665
-0.8203 0.3886 0.1693
0.7250 0.1170 0.5778
0.5801 -0.4670 0.5088
-0.1253 0.3822 0.0656
-0.0005 0.0001 -0.0537
0.0245 0.1143 0.6813
0.6200 0.1474 0.8327
-0.1116 0.0199 0.0313
0.0237 0.0345 0.1353
-0.2548 0.9081 -0.5355
-0.0222 -0.0682 -0.8110
0.0922 0.2545 0.5641
-0.6275 0.2208 -0.4867
-0.2443 -0.1023 1.0726
0.4939 0.0797 0.8912
0.1414 0.0518 -0.1494
-0.1569 0.4822 0.5504
-0.4145 0.2313 0.4640
-0.1371 -0.5544 0.2126
0.2484 -0.1540 -0.1688
-0.3583 -0.7860 0.4874
-0.1289 0.1036 -0.9694
-0.3006 0.6038 0.0255
-0.0026 0.0065 0.0232
0.0483 0.0120 -0.0326
0.3789 -0.4434 0.4208
0.1326 0.5674 0.6604
0.0312 -0.6598 -0.2790
0.3661 0.5873 -0.3129
-0.3711 0.3865 0.7493
-0.0376 0.0663 -0.2883
-0.2856 0.0278 -0.7875
-0.1932 0.4774 -0.3904
0.0077 0.0299 0.0461
0.0095 -0.0186 0.0724
0.1762 0.0156 -0.2157
0.0673 0.1339 -0.0789
-0.0607 0.0175 -0.1439
-0.0793 0.2048 -0.4769
0.0002 -0.0016 0.0109
0.0380 -0.0232 0.2564
0.7813 0.2756 0.1306
0.0024 0.1310 -0.0422
0.0674 -0.0562 -0.3771
0.0507 0.0541 -0.1639
0.4410 -0.0101 0.0325
0.6026 0.9156 -0.4788
-0.1220 0.3272 0.2327
-0.0014 0.0334 -0.0158
-0.3791 -0.1694 0.2355
-0.0001 0.0035 -0.1365
-0.1147 -0.1446 -0.1252
0.1156 -0.3828 -0.1946
-0.0828 0.5056 -0.0320
-0.0142 -0.0323 -0.1599
0.1163 -0.2580 0.3532
-0.0046 0.0003 0.1510
0.0658 0.0306 0.0870
-0.3951 -0.5180 0.3408
0.7936 0.3475 -0.6490
-0.7427 -0.1690 0.8719
-0.4007 0.0839 0.8483
0.3441 -0.6255 0.5084
0.0415 0.0773 0.0701
0.0356 0.0217 0.1098
0.0002 0.0001 -0.0010
0.0597 -0.0550 0.6439
-0.4453 -0.3334 -0.9679
-0.0432 0.0353 -0.0735
-0.1010 -0.5828 1.0208
0.2770 -0.0344 -0.5157
-0.0532 0.0627 -0.5479
-0.6191 -0.0137 0.8727
-0.0989 0.0514 0.4654
0.4547 0.0866 0.4447
-0.1820 0.2474 0.3372
0.0025 0.0289 -0.0337
0.0786 0.0524 0.1156
-0.0327 -0.0106 -0.0042
0.0242 0.4750 -0.3353
-0.0024 0.0330 -0.1641
-0.7439 -0.4611 -0.2762
0.6292 0.2173 0.0335
-0.1946 -0.4488 -0.2673
0.0225 0.0025 0.9181
0.6491 0.8008 0.4735
-0.0046 -0.0035 0.0108
0.7288 0.6413 -0.0473
-0.0476 0.1679 -0.1364
0.0243 -0.0622 0.6160
-0.7578 -0.0091 -0.6151
0.7652 -0.1552 -0.4960
0.3338 0.0122 0.4616
0.0130 -0.0418 0.0755
0.0388 -0.2683 0.4706
-1.0018 0.1004 0.6491
-0.1476 0.5934 -0.3456
-0.2398 0.6731 -0.6173
0.1648 -0.0871 -0.5221
-0.0828 -0.7247 0.6461
0.1504 -0.6741 -0.4755
0.7336 0.1101 0.2151
-0.2269 -0.0501 -0.9316
-0.2735 -0.7901 -0.8516
0.2740 1.0104 -0.5471
0.3661 0.0489 -0.5658
-0.0053 -0.1407 -0.0678
0.4393 0.4606 0.1723
-0.4490 0.2117 0.6712
-0.0113 -0.0370 -0.0087
0.0063 -0.0005 -0.1646
-0.1268 -0.1017 -0.4322
0.2431 1.0035 0.5644
-0.0462 0.0963 0.5790
-0.5347 -0.4046 0.8666
-0.3662 0.2338 0.9864
0.2453 0.0119 0.4572
-0.1267 -0.0510 -0.0999
0.4131 -0.2000 -0.7641
-0.5835 -0.0798 0.3568
0.0004 0.0011 -0.0602
0.0655 -0.4694 0.0862
0.2088 -0.0498 -1.1090
0.4449 0.3889 -0.1280
-0.2557 -0.4845 0.4768
0.5889 -0.8786 -0.0155
-0.0115 -0.1337 -0.0358
-0.0741 0.0796 0.1292
-0.6863 -0.4606 0.4022
0.3224 -0.0914 -0.0286
0.1668 -0.0464 0.1836
-0.0976 0.0358 0.0875
0.1974 0.1274 -0.1628
-0.5765 0.5730 -0.3741
-0.0037 -0.0191 -0.1151
0.4330 -0.5119 -0.2175
0.6247 -0.1787 -0.2415
0.1903 0.0188 -0.1708
0.2277 0.0412 0.3275
0.2728 -0.5950 -0.5530
-0.2828 -0.4445 0.1234
0.4466 0.4143 -0.4104
0.1594 -0.9331 -0.2983
0.0077 0.0012 -0.0328
0.7590 -0.0351 0.0376
0.6522 0.2872 0.9243
0.2644 0.2072 0.0214
-0.1513 -0.3168 -0.3108
0.0118 0.0049 -0.7622
-0.2245 -0.2728 1.0447
0.1293 0.0679 -0.0045
0.2066 -0.2537 0.0848
0.1546 -0.2128 -0.3439
0.0347 0.1098 -0.1374
-0.4828 0.3481 0.2988
0.1635 0.3078 0.8450
-0.0792 0.0356 0.0760
0.6108 -0.0310 -0.7866
-0.4408 -0.5423 -0.4488
-0.4321 -0.5774 -0.0997
-0.3943 -0.6182 -0.6395
0.0025 0.0039 -0.5384
-0.9369 0.4320 0.3702
-0.3042 -0.0187 0.0294
-0.5083 -0.1931 -0.0476
0.9036 0.4108 -0.3002
0.0287 0.3325 -0.1558
-0.2187 -0.2632 -0.3411
0.8876 0.0109 -0.5358
-0.1206 0.2541 -0.9070
0.8912 0.4178 0.5114
-0.8148 0.2631 -0.3396
0.0163 0.0058 0.7458
-0.6143 0.4275 0.1166
-0.1598 -0.0198 0.1011
-0.0849 -0.0780 0.0684
0.0154 0.0689 -0.4503
0.1595 -0.0774 -0.0034
-0.4713 -0.8849 -0.3225
-0.1014 0.0019 0.7750
0.2682 0.4449 -0.6906
-0.1667 0.1007 -0.2535
0.9446 0.4570 0.3786
-0.5229 0.1708 0.5462
-0.0752 0.0355 -0.1724
0.2598 -0.2610 0.3946
0.2170 -0.1149 0.1623
-0.5396 0.6302 -0.4563
-0.0883 0.0553 0.6300
-0.7930 -0.2415 0.6560
0.3089 0.0281 -0.4519
-0.1021 -0.2674 0.5585
-0.0024 0.0230 -0.1185
0.8026 -0.6448 0.2404
0.0290 -0.3125 0.5453
-0.0089 -0.0179 0.4287
-0.0907 0.2680 0.0456
0.0006 0.0079 -0.0175
-0.1891 -0.2298 -0.1052
-0.6755 -0.8424 0.3832
0.4453 0.7453 -0.2697
-0.4681 0.9974 0.0816
-0.0442 -0.1724 -0.8442
0.7673 -0.5764 0.6283
-0.0134 0.4365 0.0408
0.3613 0.1306 -0.1998
-0.0113 0.0359 0.0524
-0.0188 0.1672 0.8038
0.7010 -0.1526 -0.8132
-0.0051 0.1093 -0.5153
0.0092 0.0178 0.0115
-0.0749 0.1245 -0.3807
-0.1431 0.0286 -0.6733
0.6987 0.2537 -0.5057
0.1051 -0.5416 0.5858
-0.0002 0.0014 -0.0003
0.7843 0.7112 -0.5605
-0.3823 0.0198 0.5363
-0.6724 -0.7810 0.3789
0.1554 0.0203 0.0554
-0.2439 0.5663 -0.5721
-0.0719 0.6650 -0.5131
0.4011 0.0802 0.1754
0.1677 0.0215 -0.7342
-0.4757 -0.6046 0.4843
0.2889 0.1317 -0.2166
0.3386 0.0479 -0.1803
-0.3345 0.0676 0.6101
-0.0165 -0.1336 0.0209
-0.0026 -0.0272 0.3298
0.0166 0.3655 0.2321
-0.8055 -0.6562 -0.1796
-0.0183 0.0145 0.1453
-0.1486 -0.0011 0.2634
0.0673 0.1090 0.4277
-0.3546 0.1543 0.7054
0.0020 -0.3521 -0.4819
0.3192 0.4730 -0.5996
0.0520 -0.5193 -0.3378
-0.3536 0.0030 -0.7103
0.2127 -0.0159 0.2382
-0.6306 0.0924 -0.2168
-0.1126 -0.6039 -0.7232
-0.3882 0.6543 0.1184
-0.0795 0.2715 -0.9567
0.2387 1.0934 0.0005
0.0616 0.1030 -0.1504
-0.8915 0.4338 -0.1456
-0.8259 0.0493 -0.6252
0.0944 -0.6220 -0.0492
-0.3680 -0.6144 -0.5227
0.7428 0.5569 0.0642
0.1601 -0.1124 -0.4575
-0.9912 0.2806 0.3502
0.0873 -0.2078 -0.2427
-0.0429 -0.0311 0.5736
-0.0000 0.0171 0.0962
-0.4023 0.4582 0.3093
-0.0056 0.0062 -0.0135
0.7775 0.2388 0.0176
0.0333 0.1466 -0.0709
-0.1154 0.7751 -0.3076
0.0298 -0.9945 0.5320
-1.0155 0.0055 -0.2718
0.2908 -0.2248 -0.5391
0.1967 0.4930 1.0310
-0.2567 0.5879 -0.1900
-0.0202 -0.0336 -0.0560
-0.9641 0.0066 0.6752
-0.0435 -0.0444 0.2470
0.1543 0.2055 0.3401
0.2731 0.0495 -0.0069
0.0621 -0.1542 0.1000
-0.1322 0.6874 -0.4068
0.1814 -0.0621 -0.4295
0.0092 -0.0097 0.0011
-0.1594 -0.1194 0.1769
0.0767 0.3028 0.2505
-0.0308 -0.2429 -0.8243
0.7077 -0.4754 0.1945
-0.0214 0.1079 -0.2110
-0.0111 -0.0570 0.5635
0.0112 0.0251 0.2064
-0.3505 0.1059 -0.1782
-0.3018 -0.8157 0.0485
0.1849 -0.1047 -0.9522
-0.1766 -0.8512 0.2367
0.0284 -0.1348 -0.1803
0.1361 0.1775 -0.0586
-0.0060 0.0547 0.0040
0.3500 0.3378 1.0482
-0.0828 0.1901 -0.0566
0.8247 0.3582 0.0216
0.1200 -0.0473 0.1482
-0.2799 0.7103 -0.4294
0.5124 0.0202 0.0928
0.1920 -0.1017 -0.3019
0.1183 -0.7001 0.1889
-0.1621 -0.2532 0.5580
0.0050 0.1442 0.1715
0.2719 0.1384 -0.3953
-0.0702 0.0155 0.7999
0.0118 0.0018 -0.0141
-0.0249 -0.0709 -0.3080
-0.1250 0.8503 -0.1527
0.2242 -0.1207 0.0589
0.3893 0.0548 0.3806
-0.0922 0.0991 -0.0546
-0.0218 0.0657 0.0194
0.0174 0.1581 -0.9283
-0.5467 -0.0455 -0.9759
0.0931 -0.1122 -0.0022
0.1018 -0.1795 -1.0817
0.4878 0.1741 0.2391
0.1731 -0.0307 -0.1092
0.0082 0.0087 -0.5908
0.3055 -0.0646 -0.6104
0.1177 0.2285 -0.0411
0.2443 0.2577 -0.0359
0.3463 0.2689 0.0715
-0.2597 0.1565 -0.3388
0.3374 -0.0401 -0.2057
-0.4930 -0.2055 0.0945
-0.9561 -0.2901 0.1505
0.1257 0.0262 -0.3457
1.0203 0.1131 0.2764
-0.3874 -0.4631 0.1525
-0.1073 0.4080 -0.4970
0.2025 -0.3134 0.4114
-0.1479 0.4386 -0.0824
0.5005 -0.4553 -0.4466
0.1352 -0.2020 -0.8445
0.3320 -0.0867 -0.2279
-0.7204 0.2386 0.6029
-0.1626 -0.4684 0.7010
0.0227 -0.0108 -0.3005
-0.1183 -0.8322 0.4109
-0.0914 0.1851 0.2585
0.1057 -0.4609 0.5686
-0.7494 0.0116 -0.7129
0.1233 -0.0855 0.5120
0.0059 -0.0264 0.0103
-0.0246 -0.1007 0.2369
-0.0910 0.1116 -0.0611
-0.2288 -0.1005 -0.9453
-0.0135 0.2254 0.5674
-0.4330 0.0973 0.4655
0.0116 0.5171 0.2539
-0.2615 0.4135 -0.2515
0.4006 -0.4776 0.4534
-0.0138 -0.0014 0.0466
0.1292 -0.1516 0.1374
0.0716 0.5443 0.0576
-0.1657 -0.0458 0.8482
0.0307 0.0060 -0.0380
0.4305 -0.2193 0.1865
0.0159 -0.0111 1.1577
0.0032 -0.0830 0.0528
-0.1142 -0.1955 0.1103
0.0136 0.0769 -0.3543
0.2755 0.4605 0.2832
-0.1618 -0.0748 -0.2666
0.2709 0.0569 0.1484
0.6121 -0.4420 -0.8732
-0.0022 -0.0124 0.0661
-0.0998 0.1722 0.7086
-0.0054 1.0427 0.4820
-0.0151 0.1609 -0.9247
0.0935 0.2644 0.2893
-0.0835 0.0953 -0.2117
0.5982 -0.0287 -0.5023
-0.3474 0.5136 0.1096
0.0078 -0.2653 0.4906
0.0333 0.0396 0.0166
-0.3062 0.1998 0.2164
-0.2756 -0.1479 1.0539
0.1724 0.3032 0.5296
0.0237 0.0091 -0.0294
-0.3293 0.0150 -0.3418
-0.0679 -0.1116 0.3012
-0.0155 -0.0224 -0.1967
-0.0230 -0.1154 -0.9561
0.0889 -0.1110 0.0706
-0.7265 0.2293 0.5362
0.0126 -0.1361 0.7111
-0.4370 0.1157 0.7633
0.0016 0.0057 -0.0045
0.5693 0.0734 -0.4091
0.4267 -0.2649 0.8145
-0.2814 -0.0241 0.0769
-0.1099 -0.8023 -0.2078
0.6911 -0.1004 0.8062
0.0669 -0.0464 -1.1424
-0.4366 -0.3757 0.4505
-0.1657 -0.4104 -0.5346
-0.1874 -0.0235 -0.0490
-0.4140 0.1521 -0.0695
0.3129 0.0592 -0.0667
-1.1095 -0.1572 -0.1564
0.5563 -0.4124 -0.0364
-0.2468 0.1252 0.1659
0.0469 -0.1244 0.7770
-0.0408 0.4585 0.0313
-0.0490 -0.0870 0.7616
0.0870 -0.2341 -0.1519
0.3615 0.3857 -1.0640
-0.3406 -0.3691 0.3025
0.0486 -0.2026 -0.5537
0.0096 -0.0075 -0.3044
-1.0940 -0.2641 -0.0583
-0.1511 -0.0939 0.0497
-0.8463 -0.1942 0.5754
-0.5667 -0.6567 -0.1787
0.4201 -0.1025 0.5502
0.0621 0.0669 -0.1700
-0.2809 -0.0179 0.4729
0.6307 0.4141 0.3362
0.0759 -0.0018 0.0064
0.0514 0.0102 -0.0226
-0.0000 -0.0001 0.0276
0.0268 0.1736 0.3111
0.2293 -0.0452 0.1874
0.0033 0.0074 0.2391
0.9269 0.1731 -0.5140
-0.8307 -0.5148 -0.0269
0.0187 -0.0575 0.2980
0.7754 0.0376 -0.2936
-0.0684 -0.2844 -0.6294
-0.1160 -0.0722 -0.2814
0.0004 0.0001 0.4844
0.0170 0.0149 0.0308
0.2545 0.2739 -0.9740
0.4098 0.0180 -1.0425
-0.0419 -0.0932 0.4137
-0.0481 -0.0342 0.7784
-0.0117 0.8789 0.3325
-0.1914 -0.1890 0.8659
0.3628 0.5714 -0.0676
-0.1235 -0.0001 -0.1048
0.1395 0.5449 0.1083
-0.0164 -0.1861 -0.4683
0.2703 -0.1252 1.1541
-0.0804 0.3994 1.0392
-0.0159 -0.0198 -0.0412
0.0015 0.0037 0.0059
-0.0145 0.0007 0.3969
-0.3172 0.0925 0.5259
0.0098 -0.0040 0.0162
0.0123 -0.0602 -0.0431
0.0649 -0.0423 0.3062
-0.0196 -0.0097 -0.0682
0.2609 0.0846 0.3760
-0.1877 -0.4279 -0.7169
-0.1810 0.0766 -0.0594
0.4350 0.4138 -0.4748
0.0649 -0.1258 0.7327
0.0871 -0.0730 0.7254
-0.0025 -0.0058 0.0459
0.0584 0.0640 -0.7096
0.3855 0.9019 0.4560
-0.1571 0.3870 1.1215
0.0342 0.0007 0.7151
0.3354 -0.4783 0.7337
-0.3305 0.6870 0.6225
-0.2182 0.3748 -0.1901
-0.4979 0.2902 -0.6241
0.0462 0.3865 -0.7897
0.2965 0.4309 0.2711
-0.1714 -0.4714 -0.8782
-0.0225 -0.0057 0.5509
0.2780 0.3437 0.6487
