0.2631 -0.3004
0.8814 0.0119
-1.2648 0.2867
0.3304 0.5197
-0.4210 -1.8036
-0.1194 0.6765
0.0922 -0.1183
0.4945 -0.1283
-0.0341 0.1636
-0.0701 -0.1409
0.0817 -0.6344
-0.4839 0.7081
0.0543 0.9063
-0.3718 -0.8959
-1.1962 1.3521
1.0646 -0.1474
-0.3869 0.3023
-0.0883 0.1451
-0.0871 0.0011
-0.3640 -0.2406
0.2993 0.4560
2.0059 -0.2884
-0.4249 0.0407
0.0432 -0.5258
-0.1112 0.0360
-0.0141 0.0700
0.8237 0.1434
0.5346 0.3021
-0.0050 -0.0422
0.6768 -0.6973
0.9703 -0.1601
-0.8487 0.0766
-0.5443 0.6918
0.8204 0.3201
0.0254 -0.1244
-1.7475 1.0852
-0.0247 -0.1280
0.2302 -0.1078
-0.3583 0.4038
-0.3065 0.4923
0.2500 -0.7364
0.1477 -0.0876
-0.0870 0.1102
-0.4317 0.3335
-0.4357 -0.4646
0.8848 -0.4228
-0.2045 -1.0194
-0.2296 -0.0586
-0.0093 0.2098
-0.0253 -0.3530
0.2060 0.0275
-0.8277 0.2944
-0.0129 0.8732
0.7771 -0.1624
-0.7382 -0.2177
-0.1787 0.1648
-0.3100 -0.0187
0.6307 -0.3278
-0.0582 0.0823
-0.1205 0.1516
-0.0815 0.5306
-0.0832 0.0135
0.5163 0.5575
-0.8606 -0.2671
-0.0563 0.0510
0.0039 -0.0240
-0.0377 -1.8399
0.2110 -0.8702
-0.0372 0.6894
-0.3103 -0.0116
0.1695 -0.9787
0.5582 -0.6755
0.0886 0.8514
-0.5492 -0.3544
0.2663 0.2339
-0.0171 0.6473
-0.0491 -0.3631
-0.8708 -0.1528
-0.0732 -0.5146
0.4930 0.5382
0.1752 0.2815
0.3101 0.4571
0.2942 0.6936
-0.0786 0.0314
-0.0099 0.0099
1.4593 0.1055
-0.2709 -0.1079
-0.2434 0.2721
-0.0871 -0.1404
0.3957 -0.1698
0.2708 -0.5632
0.1080 -0.1380
-1.1835 -0.9063
-0.2140 -0.4414
-0.1666 0.3625
-0.4463 -0.6501
-0.2363 0.7857
0.6044 -0.1477
-0.5144 0.7992
-0.4157 0.7235
