-9.585939959652353126e-01 -6.513759647011854725e-02
-2.310800274847038191e-02 -2.251056812622409531e-02
-1.373901524713999275e-02 -7.361711088229697664e-01
-2.134142888947687944e-01 2.454474594688102196e-01
-2.561641002119548205e-02 -2.575603549815411522e-02
9.704951292279206942e-01 9.091736197549921128e-02
-3.391532708645281780e-01 1.955043383845617676e-03
7.708546062395873477e-01 -3.261110053359363437e-01
-3.247832301367624130e-01 3.231007764778552616e-02
4.953206632299493872e-01 -5.673624322009437337e-01
1.259689586787840765e-01 -8.491041588788735828e-01
-2.246823375380832266e-01 1.877317815867917128e-01
4.483848442586127470e-01 -4.403775381522301129e-03
6.132982501453985158e-01 4.212558069963442398e-01
-7.171076164385815632e-01 -2.078622940065520674e-01
-1.674747681474930694e-01 8.984519380918458697e-01
2.400217267615778471e-01 1.865767331996101841e-01
-3.597870500504180002e-01 -5.928337988966397853e-02
1.131710463251154736e-01 1.006058964183503407e-01
2.469186685183816510e-01 -4.013702581915312706e-01
2.309365948580616723e-01 6.492873162027782419e-01
-7.593463019477283416e-01 -2.611287591119691442e-01
9.397494524841727703e-02 -4.016923911322819452e-01
1.039946281574449516e-01 3.531211124400539525e-01
1.015454700135983096e-03 6.091901111668262397e-02
-4.970293243352403301e-01 -3.886188086781114381e-01
-1.433195219235171639e-03 -1.013978913805186656e-02
-7.102675331704297879e-01 -3.738991130126245177e-01
-3.154904593631297494e-01 -3.784583402199798718e-01
-2.226459660572464166e-02 5.650243583405165429e-03
-1.710341318372807229e-01 1.106767970574625420e-01
-2.751206296087937431e-01 -1.319159147480148397e-01
-1.767830151501633973e-01 -8.754422180244333940e-02
-4.782137701777889466e-02 -8.132400639237228820e-03
-2.083081712841774458e-01 7.270294673908649363e-01
-1.286374408998850749e-01 5.042727601309525687e-01
-7.169228901172046697e-01 6.223515608667646859e-01
-4.361229012860785891e-04 -1.038118742453770366e-01
1.085451201632692680e-01 -5.614918486138277265e-01
3.491258848201534981e-01 -3.002080470195877537e-01
7.632492897230209739e-01 2.153369388807005458e-01
-6.362227210187150206e-01 5.743068782307684250e-01
-5.780962191362967045e-02 6.944329381633883580e-01
2.529885948652230154e-02 -7.725729121559229452e-03
-1.432069796239789361e-01 3.171519503005643809e-02
2.978531046433098295e-01 6.852702371149602123e-02
-1.886957810251528589e-01 -6.918188120777102323e-01
-6.320037161119096414e-01 -5.223217560391070213e-01
3.914597472955414492e-01 -6.383847736858053734e-01
1.075483433507923303e-01 -7.891370800939061514e-01
4.189315076617829092e+00 7.257744655804921896e-01
3.957625755598683792e+00 -9.925727274457348814e-01
3.452000932408515244e+00 -1.088260846626866278e-02
3.478678385185082433e+00 -4.027384909329882468e-01
4.059780126896112229e+00 -2.800585104227026889e-02
4.084145568158615625e+00 -1.531715200996759674e-01
4.003639093686512496e+00 1.265854954889538697e-01
3.741627755571704572e+00 5.662545963931632231e-01
4.204820440918239477e+00 -9.736576100414635893e-02
3.189200363593534870e+00 4.303213485410734562e-01
3.325602703342979360e+00 4.269771912333077957e-01
4.006711276750729134e+00 1.299813207530022829e-01
3.841696035744054605e+00 2.000079559534967411e-01
4.502317176859070180e+00 -4.338822081493691196e-01
4.041831457636193115e+00 3.091461219816146189e-01
4.418872705945365631e+00 -8.895045173811119144e-01
3.467489600369095815e+00 -9.863273606738408306e-02
3.899256137864354876e+00 1.515173259394692225e-02
3.846568561008617770e+00 -1.724733133825497727e-02
3.820228508525258526e+00 1.498151205263964503e-01
3.227279047600741801e+00 4.881418780438999683e-01
3.866331005432960488e+00 2.811092598009459209e-01
4.287749910485992189e+00 8.640143956720328644e-01
4.317434129956908784e+00 -3.455639604868390169e-01
4.051792262171968417e+00 1.907207158600149610e-01
3.584228652811128679e+00 -5.697461852918538350e-01
3.997919518789865734e+00 1.952413178704495711e-02
4.841996291788158935e+00 3.630648590324537239e-01
4.504592414634506881e+00 -6.214649300400681975e-01
3.105295589132349487e+00 -2.687220696076189075e-01
4.714517979386310564e+00 3.553895347766097834e-01
4.072140239084385271e+00 3.762889569136739776e-01
3.299929393666301891e+00 3.474842792862763430e-01
3.740993291051876390e+00 -2.312084051279166275e-01
4.419200103258298817e+00 -5.352327458660477433e-01
4.172242105625519670e+00 1.002124341618165354e-01
4.153107105761820073e+00 -1.033990251084708906e-01
4.536962421779287880e+00 -8.875484472619064868e-02
3.413346460705192875e+00 4.090896993967480522e-01
4.070500727619846160e+00 -3.592985952490815316e-02
4.469654195071504077e+00 3.513217295257772266e-01
3.665338493985019319e+00 6.602355663241618383e-04
3.864862124616611272e+00 7.138887778097902093e-01
4.864420983906550866e+00 9.579813493726181683e-02
3.542084887654734171e+00 6.424662618073232467e-01
3.127866592490073927e+00 -4.886327930569778211e-01
4.843235789759878784e+00 -3.859548447782667480e-01
3.713563029610259747e+00 5.586332599468910587e-01
4.010440303790105077e+00 5.227814902333793867e-01
3.313265779046090653e+00 1.977899007739157208e-02
