0.0755 0.5088 -0.4223
-0.4536 -0.2189 0.6055
0.4889 -0.1881 0.5205
0.7372 -0.6070 -0.5108
-0.3188 -0.0309 -0.3897
0.1007 0.2245 -0.9538
-0.4575 -0.3203 0.4534
0.0579 0.0195 -0.0171
-0.3608 0.3215 -0.3355
0.1430 0.0221 0.0814
0.0029 -0.0222 -0.8406
0.0583 -0.3928 -0.6587
-0.4742 0.6558 -0.3443
0.4872 -0.3652 -0.1665
0.1861 -0.0983 -0.2391
0.0221 -0.2285 0.3176
0.1781 0.0747 0.2600
-0.3852 -0.3315 1.0103
-0.0191 -0.0085 0.7145
-0.0488 -0.0841 -0.2559
0.0005 -0.0002 0.0139
-0.3292 0.0837 0.4512
0.0837 -0.2364 0.2691
0.1621 -0.3723 -0.8229
0.0982 -0.1809 -0.4866
2.0223 0.0353 0.1082
2.0190 -0.2180 -0.1125
1.8675 -0.1636 -0.6452
1.6859 0.3179 0.4580
2.2549 -1.1444 0.0064
2.1127 -0.1809 -0.1064
2.1003 -0.0351 -0.1781
1.9884 -0.0427 0.1033
1.7474 0.0673 0.1944
1.2586 0.5478 -0.6001
1.9273 -0.2441 0.6138
1.8032 0.0202 -0.1537
2.0577 -0.0468 -1.0097
1.9893 0.0533 0.0278
1.4174 -0.3243 0.9368
1.9834 0.0199 0.0420
2.0189 -0.9580 -0.1491
1.9854 0.0186 -0.1231
2.7363 -0.1312 -0.1384
2.1550 -0.0981 0.0319
1.9337 0.1124 0.0863
1.8230 0.3407 -0.1356
1.9573 -0.3701 -0.2405
2.6610 0.3519 -0.1862
1.3971 0.9318 -0.0498
