-0.1090 -0.0124 0.8705
0.0397 -0.0011 0.0725
0.2163 -0.4986 0.2180
0.0600 -0.0711 -0.4803
-0.0118 0.1567 0.3008
0.4633 0.3853 -0.2395
0.2676 -0.0150 -0.2393
-0.1733 0.0744 -0.0110
-0.3227 0.0383 -0.6192
-0.0443 0.0943 0.9761
-0.1176 -0.0280 -0.5922
-0.2515 -0.3746 -0.1630
-0.5300 0.5915 -0.6073
0.3425 0.6808 -0.3500
-0.0098 -0.0393 -0.0716
0.0232 -0.1751 -0.7671
0.0245 0.1456 -0.3500
0.0081 0.0492 -0.4670
-0.0069 -0.0032 0.0195
0.1653 -0.1644 -0.3062
-0.0567 -0.1806 0.3153
0.0211 0.1895 -0.2422
0.4692 -0.3151 -0.4518
-0.0487 0.1607 0.6051
-0.0863 0.1714 0.0877
0.2691 -0.1434 0.0490
-0.4828 0.3262 -0.2950
0.0770 0.0321 0.0407
0.3698 0.2887 -0.2996
0.2839 -0.6111 0.3766
0.1036 -0.0699 0.7747
0.0343 -0.1374 0.4123
0.2499 0.2068 -0.4022
0.1199 0.0756 0.1113
-0.0811 0.5043 0.0196
-0.5279 -0.4399 0.6600
0.1942 -0.1601 0.9642
0.0065 -0.0057 -0.0199
-0.0645 0.0627 -0.0043
-0.2107 -0.0130 -0.2031
0.2033 0.5716 -0.3885
-0.0077 -0.0224 0.0108
0.2621 -0.1185 0.7215
0.5949 0.7608 -0.6276
0.4695 0.6520 -0.2198
-0.1256 -0.0068 -0.2388
-0.1174 -0.5470 0.2880
0.0118 0.0026 -0.1831
0.1266 -0.0167 -0.0281
0.0792 -0.0661 0.1104
1.8133 0.0741 -0.1766
1.7597 0.0662 -0.0863
1.9968 -0.0020 -0.0118
2.0002 0.0003 0.0010
1.9216 -0.1726 0.7226
2.2089 -0.2666 0.2736
2.3619 0.4034 -0.5051
1.9778 0.4658 0.8199
2.2098 0.0053 -0.9393
1.7809 -0.0068 0.1541
1.9214 0.0116 0.7456
1.9512 -0.4368 0.8353
2.0261 -0.0691 -0.1292
1.3118 0.3211 0.4291
1.8681 -0.7351 0.6245
1.7875 -0.5865 -0.4766
1.8971 -0.3545 -0.8437
1.3960 -0.9010 0.3691
2.1123 0.3090 0.9979
1.9087 -0.0891 0.4566
2.0714 -0.0557 0.1175
1.8049 0.0902 -0.1050
1.9787 0.0022 0.0702
1.8827 0.0242 -0.1544
1.6456 -0.1198 -0.4764
1.8194 0.1427 -0.3032
1.9382 -0.0838 -0.4536
2.1442 0.3849 -0.2136
2.0045 0.0548 -0.5386
1.9886 -0.1606 0.2706
2.2814 0.1830 -0.2041
1.9740 -0.0152 0.1355
2.0201 -0.1140 -0.2218
1.7917 -0.0348 0.0075
1.7196 0.1644 0.7909
1.9927 0.0239 -0.5555
2.0418 -0.0200 -0.4491
2.0734 0.1226 -1.1228
1.8880 -0.1554 -0.2802
2.1660 0.1314 -0.7936
1.8781 -0.3134 0.4476
2.5086 0.3550 0.2696
1.7320 -0.0737 0.0859
2.1025 0.0342 -0.4524
2.4953 0.7634 0.3447
2.1644 0.8809 0.2050
1.8269 -0.1571 -0.0553
1.9105 0.0227 -0.0643
1.9458 -0.1422 0.2518
1.8286 0.2322 0.9682
