0.0029 -0.0291 0.6905
0.1720 0.2632 0.2280
0.7586 0.0738 1.3730
-0.0798 0.0765 1.0982
0.3794 -0.2403 -0.3544
-0.0012 0.0036 -0.0668
-0.1356 0.3837 0.6241
0.0990 -0.5539 0.2652
-0.0383 0.0822 -0.2836
-0.0362 0.0356 0.0752
-0.0257 0.0611 -0.1000
-0.0599 -0.1927 0.0669
-0.0444 0.4270 0.4745
0.3315 0.0060 0.4058
0.0000 0.0017 0.0931
0.2320 -0.3613 0.0841
0.7434 -0.3988 -0.3607
0.1202 -0.1762 3.3063
0.6848 2.6408 -2.1247
0.1069 0.1696 -0.0349
4.3216 -0.2167 -0.1726
4.5964 0.3119 0.1467
4.4810 0.0175 -0.0723
4.1510 0.7031 0.3825
5.3094 -0.3917 -0.0245
4.5223 0.0688 -0.1635
4.6170 0.2916 -0.0939
3.9442 0.0800 0.7947
4.6462 0.3648 -0.1943
4.4467 0.4013 -0.2907
5.1538 2.5298 1.7654
4.5483 -0.3630 -0.2455
4.2666 0.0640 -0.2093
4.3766 -0.5351 0.3804
4.3696 -0.0265 -1.3468
4.3557 -0.1165 -0.4353
4.9509 0.2532 -0.4280
4.2387 -0.6920 0.2389
4.4884 0.0238 -0.0131
3.9766 0.7492 0.2293
