0.9558 -0.2221
-0.2773 0.1192
-0.2268 0.1451
-0.0378 -0.0128
-0.3149 -0.5719
0.1102 -0.1162
0.3262 -0.0234
-0.7557 -0.4397
-0.0918 -0.1558
-0.1461 0.6779
-0.3114 -0.1303
0.8550 -1.3811
0.1791 -0.2161
0.7696 0.2007
-0.4407 0.0782
0.5703 -0.1605
0.0855 -0.7008
0.4215 -0.7368
0.6089 -0.6313
-0.6420 0.1756
0.0593 -0.0214
-0.2617 0.5061
0.4487 0.1511
0.3143 0.1060
-0.2134 0.2433
1.1051 -0.1792
0.9459 1.2427
0.2608 -0.6131
0.0411 0.0279
-0.3285 0.2876
0.8019 -0.3746
-0.5190 0.2341
-0.0265 -0.5896
0.0086 0.0050
-0.1125 -0.3230
0.2067 -0.1043
1.1374 3.1054
-0.3308 -0.6317
0.7877 -0.1215
-0.3844 0.1018
-0.0411 0.0089
-0.0504 0.0713
0.3390 0.1845
-0.8452 -0.3330
-0.5692 0.0777
0.1013 0.0514
0.0431 0.1836
-0.5346 0.2930
-0.0675 0.0424
0.0279 0.0096
-0.2786 0.4309
-0.1093 1.6664
-0.1283 0.8727
-0.2889 0.7499
-0.3809 -0.5945
-0.0671 0.0297
0.0213 -0.5348
-0.2423 0.3153
-0.0199 -0.2130
-0.4838 0.8224
-0.1847 0.5930
-0.2559 0.7499
-0.7645 -0.3534
-0.3098 -0.2450
0.3012 -0.1283
0.2458 -0.4937
-0.4316 -1.6455
0.0214 0.0146
-1.2388 2.7278
0.0503 0.0759
0.3619 -0.1460
-0.0988 -0.0787
0.3069 -0.6864
-0.2181 -0.4176
0.4048 -0.7751
1.8898 -1.1955
0.4919 0.1471
-0.3251 0.3370
0.1721 0.0513
0.9546 0.2816
-0.8605 0.0521
0.4365 0.6228
1.0616 -1.7778
0.2108 0.2636
2.5216 1.6601
0.6782 -0.4724
-0.4970 0.3289
-0.5633 0.6791
-0.0143 -0.2380
-0.1891 -0.1534
0.0054 0.0412
0.0435 -0.0523
-0.2738 0.0940
-0.8445 -0.0825
0.9578 -0.0543
0.2583 -0.1759
-0.1441 -0.9253
0.0267 -0.0053
-0.0640 -0.5311
0.1424 -0.6291
