0.2147 0.1065 -0.6794
-0.1210 0.0871 0.1138
-0.0383 -0.2721 0.1601
0.1060 -0.0648 0.3228
0.0095 -0.0137 0.8251
0.1484 0.1693 -0.2135
0.0098 -0.0128 0.0737
-0.0008 0.0043 -0.9518
0.2296 0.0044 -0.0713
0.2612 -0.0722 -0.1464
0.0154 0.0510 -0.0079
0.2159 0.1487 -0.3947
0.3228 0.4037 -0.5699
0.3540 0.1096 -0.1768
0.2262 0.0726 -0.4891
-0.0466 -0.0702 0.1871
-0.6379 0.1162 -0.1999
0.2087 -0.2208 0.7562
-0.0968 -0.2355 0.0954
0.3509 0.2147 0.5167
0.1699 -0.4595 0.1809
0.0759 -0.0200 -0.2087
-0.5530 -0.1910 -0.1638
0.0186 0.1126 0.0712
0.2397 -0.1580 0.2574
-0.2013 -0.4149 -0.2597
0.4888 0.6070 -0.8395
0.5084 -0.0611 0.1723
-0.1418 0.6064 -0.6785
0.1230 0.1583 0.0964
0.5851 0.3936 -0.3506
0.2160 -0.1671 0.1539
0.0269 -0.0019 -0.0583
0.0301 -0.2347 -0.2168
-0.1360 0.1940 0.1035
-0.3878 0.3505 0.7526
-0.0288 0.0102 0.0533
-0.0228 -0.0306 0.1708
0.1579 0.1527 -0.2862
0.0348 -0.3229 -0.8707
0.0331 -0.0691 -0.2495
0.0150 -0.0018 -0.7105
0.0012 0.0202 -0.4012
-0.0392 -0.0217 -0.0051
0.0886 0.2664 -0.1482
0.2580 0.4710 -0.4927
0.0092 0.0000 0.4045
0.1140 0.0361 -0.7910
-0.1013 -0.3882 0.1004
-0.0028 -1.9690 0.7131
0.4442 0.0804 -0.4096
0.0039 -0.1432 -0.5463
0.3155 -0.0077 -0.5919
0.0004 0.0649 0.1858
0.1103 -0.0803 0.1242
-0.6885 0.8840 -0.1637
0.4775 -0.4929 0.0532
-0.1535 0.0783 0.9749
0.3964 0.2069 1.6737
0.0077 -0.0021 -0.3021
0.0013 0.0026 -0.0005
-0.0253 -0.0195 0.1071
0.0341 0.8893 0.4445
-0.4173 0.4079 0.0550
0.0063 -0.1091 0.0990
0.1432 -0.7069 -0.3081
-0.2968 0.2111 -0.9236
-0.1236 0.1921 -0.2741
0.1423 -0.1084 0.0636
0.0135 -0.2252 -0.3396
-0.0022 0.0923 -0.4111
0.0037 0.0053 0.6128
0.8551 -0.0769 -0.1607
-0.3457 0.2303 0.6062
-0.0225 0.4890 -0.0749
-0.4669 0.3838 0.1821
0.0795 -0.0560 -0.5526
0.6673 0.1145 0.3353
-0.1874 0.0204 0.1325
0.3127 0.0999 -0.7306
-0.0099 0.0043 0.0667
0.1215 -0.0048 0.6685
-0.0099 -0.0118 -0.1738
0.1379 -0.2688 -0.5021
-0.0313 0.0713 -0.1027
-0.9496 0.2975 0.0144
0.0672 0.0946 0.2952
0.0764 0.0210 0.0643
-0.0310 0.0060 0.9510
0.8718 -0.0260 -0.2389
0.2087 -0.0641 -0.6822
0.1066 0.0271 -0.1998
0.1393 -0.1367 0.4012
0.2665 -0.0320 0.3875
-0.1156 0.1082 0.5957
0.1571 -0.3955 0.4572
0.8144 0.5423 -0.1391
-0.0980 -0.0144 -0.0712
-0.7698 1.9023 -0.9543
0.1295 0.3253 0.3433
-0.0044 -0.4763 -0.5349
0.1094 0.2025 -0.8915
-0.1454 0.8548 -0.3674
-0.7796 0.1138 0.1980
-0.4723 -0.2897 -2.0389
0.5459 -0.5235 -0.4186
0.2262 -0.9001 -0.3114
-0.1004 -0.4270 0.8456
-0.0141 0.0024 0.0019
-0.0607 -0.0672 -0.1162
-0.0073 -0.0115 -0.5919
0.4337 0.0998 -0.8852
0.1259 0.0696 -0.3713
0.2741 0.1950 0.6532
-0.0360 -0.0253 -0.5302
-0.6578 0.0726 0.1270
0.2749 -0.0401 -0.0055
0.0238 -0.0415 -0.0284
0.1829 -0.0142 -0.5110
-0.0035 -0.0003 -0.5519
0.4725 0.0074 -0.1510
0.0030 -0.0045 -0.5301
-0.3193 -0.6090 0.4180
0.0052 -0.0158 -0.3108
-0.1729 -0.4623 0.4844
0.2887 -0.0615 0.3585
0.5234 0.3132 0.3278
-0.2251 0.0103 0.9412
-0.4213 -0.0419 0.8553
-0.0059 -0.0019 0.0067
-0.2729 0.3492 0.1720
0.3764 0.1862 -0.4380
0.0683 -0.0683 0.0143
-0.0683 -0.2652 -2.3138
-0.1439 0.1188 0.0697
0.7946 -0.0042 0.1689
-0.4284 0.0498 -0.2035
-0.1104 0.5701 -0.5659
-0.4050 -0.2572 0.2649
0.0160 -0.2682 0.1081
0.0507 -0.0343 0.8819
-0.0005 0.0015 -0.1146
-0.2692 0.7106 -1.0083
-0.9746 0.2033 -0.0878
-0.0757 -0.3665 -0.3941
-0.1297 -0.1028 0.3647
0.0034 0.0007 0.0077
-0.2315 0.3298 0.4437
0.5418 0.1679 -0.1691
0.0103 -0.0054 0.2465
0.0222 -0.4305 -0.2967
-0.4238 0.0418 0.4179
-0.1365 0.2084 0.1323
-0.3055 -1.5439 0.8924
-0.0030 -0.6921 -1.6716
0.0169 -0.0276 0.0917
-0.0251 -0.0298 -0.0753
-0.6405 -0.3457 0.4481
0.5941 0.0422 0.1832
0.2727 0.0121 -0.4048
0.2764 0.2957 -0.4829
-0.0712 -0.0018 0.5692
0.1707 0.2271 -0.5929
-0.0469 -0.5102 -0.4306
0.0126 -0.0494 -0.1109
0.1349 0.8506 0.1288
0.4649 0.2277 0.1645
0.0233 -0.0001 -0.0392
0.0249 -0.1104 0.0356
0.2939 -0.1439 0.4970
-0.0083 0.0307 0.1395
-0.0553 0.0016 0.9515
0.0495 0.3975 -0.6066
0.6313 -0.4078 0.4024
0.2291 0.1248 -0.3497
0.0102 -0.2089 0.0596
0.0161 0.0566 -0.0061
0.0065 0.0134 -0.2485
-0.1326 -0.1432 -0.2254
0.0998 -0.4840 -0.1652
-0.0244 0.1018 -0.5124
0.3303 -0.7794 -0.3469
0.0768 0.4268 -0.5285
-0.1695 -0.2442 -0.0227
0.0107 -0.0045 -0.3190
0.7502 -0.0454 0.2235
0.2660 -0.0457 0.2200
-0.4299 0.2255 0.2887
-0.0002 0.0146 0.0522
-0.2758 0.0489 -0.5385
0.3484 -0.7835 0.1398
-0.0093 0.0762 0.2359
0.1394 0.1261 0.3318
-0.2396 0.2880 -0.1688
0.4668 0.7305 0.4541
-0.1732 0.2866 0.4084
0.2541 -0.6521 -0.3632
0.2504 -0.7563 0.2544
-0.0407 -0.0488 -0.0286
0.1716 -0.0065 0.6547
