0.4619 0.0971
-0.7854 0.6819
0.1364 0.5347
-0.8112 0.3000
-0.0543 -0.1107
-0.3006 -0.5857
-0.3162 -0.7435
-0.9713 0.1060
0.0211 0.0996
1.0344 -0.1309
0.5182 -0.3691
-0.0612 -0.5417
0.3199 0.1196
-0.9812 -0.0754
0.0162 0.1294
-0.4664 0.4428
-1.1312 0.0521
-0.8245 0.3140
-0.3867 -0.0448
0.2270 -0.3312
0.0305 0.0120
0.0527 1.1911
-0.6012 -0.3220
-0.2730 -0.7562
0.4483 -0.3942
1.9919 -0.0815
1.9564 -1.0303
2.4680 0.8228
2.1135 -0.0437
1.1174 0.5000
2.1087 0.2260
2.4381 0.4138
1.2107 -0.4591
1.8912 0.9642
2.5974 -0.2884
2.1377 -0.1175
1.6870 0.5801
1.9408 -0.1719
1.8893 -0.0922
2.7775 -0.1579
1.4968 -0.1764
2.6138 -0.2380
2.0480 0.2160
2.4742 -0.0972
2.7323 0.1938
2.0865 -0.2500
2.1901 0.0302
1.2165 0.9015
2.8646 -0.0926
2.2829 0.8907
