-0.4045 -0.1081 -0.7742
0.6204 -0.4564 -0.1326
-0.2160 -0.0820 -0.9080
-0.0988 0.1501 -0.5061
-0.0666 -0.1051 0.5700
0.4412 0.0246 -0.4565
-0.4728 0.0291 -0.4087
-0.7358 -0.0039 0.4922
-0.1850 0.1968 0.2795
-0.0553 0.1029 -0.8722
0.0357 0.0462 -0.0896
-0.0016 0.0123 0.0050
0.2597 -0.0336 -0.2290
0.1119 -0.2094 0.2038
0.3668 -0.0239 -0.8916
-0.4898 -0.6044 0.0608
-0.1897 0.2308 0.0642
0.0140 0.0374 -0.0995
-0.1254 0.6173 0.6837
-0.0350 -0.0201 0.0107
-0.2661 0.4538 0.2462
-0.0315 0.0041 -0.5752
0.1127 0.2856 -0.7823
0.2036 -0.1413 -0.2225
0.1434 0.0631 0.0276
0.0912 0.1503 -0.0100
-0.0630 0.0364 0.0059
-0.0794 -0.0168 -0.1636
-0.6555 0.5126 0.3353
0.7978 -0.2316 0.0302
-0.4524 0.2584 -0.6068
0.3361 0.4289 0.2119
0.3435 -0.1385 0.2095
-0.2482 0.1815 0.3744
0.0116 0.3605 -0.1263
-1.3199 0.3950 0.5086
0.7334 0.1776 0.3367
0.0574 -0.3122 -2.0096
0.1754 -0.1327 0.8472
0.1931 0.0142 0.0890
0.3648 0.2847 -0.0663
0.0403 0.6952 0.6062
0.6343 -0.6960 -0.2844
0.0901 -0.2156 0.1388
0.3685 0.0684 -0.4362
0.4011 0.3104 0.1324
0.0537 0.0079 -0.0794
0.3489 0.2338 -0.0656
0.0618 0.4011 0.3211
-0.0498 -0.3542 0.3707
