-0.2538 -0.1262 -0.1039
-0.7464 -0.5824 0.0000
0.0068 0.0075 -0.2698
-0.1159 0.0679 0.0899
0.3967 0.0173 0.5068
1.8455 0.0374 -0.8395
-0.1963 -0.4351 0.6103
1.1253 1.5492 0.9389
-0.2225 0.3928 -0.0670
-0.4263 -0.2221 -0.9424
-0.0548 -0.1690 0.7311
0.2142 0.1454 0.4071
0.2413 0.1715 0.4757
0.3426 -0.5913 0.4073
-0.2932 0.1354 0.7080
-0.5889 -0.1024 0.6335
0.1656 -0.0241 0.4267
-0.6201 -0.5729 -0.4229
0.0471 0.0007 0.0067
0.0414 -0.1194 0.0792
-0.2483 -0.3684 -0.3032
-0.3111 0.4118 -0.0211
0.1155 0.2453 0.7438
-0.3903 0.0099 0.7624
-0.3931 0.2900 -0.0997
-0.0232 0.4017 0.3530
0.4712 -0.3357 0.3065
0.0902 0.1036 -0.7708
0.2195 -0.2260 -0.3419
0.0863 -0.0072 -0.0363
-0.2035 -0.1402 -0.2957
0.0033 -0.0008 -0.0800
-0.4628 0.4730 -0.4898
0.0162 0.5167 0.5763
0.1503 0.0664 0.2844
0.0242 0.0354 0.9858
-0.0945 0.1295 0.2502
-0.0498 -0.0237 -0.1659
0.2776 0.1523 0.7200
-0.0019 -0.1224 0.4111
-0.0414 -0.6281 0.1664
0.6780 0.0962 -0.0598
0.4060 -0.0117 0.2333
-0.1085 0.4791 0.2097
-1.2092 0.0418 0.2554
-0.3686 -0.1184 0.3135
0.2163 -0.5236 0.4751
0.1552 -0.7177 -0.6348
-0.6569 0.6815 1.0870
-0.3008 -0.3222 -0.4742
