0.8834 0.0822
0.4738 0.8396
-0.1181 -0.6396
-0.2261 0.1826
-0.1507 -0.1736
0.0910 -1.2744
-0.0521 -0.1326
0.0091 0.0038
-0.0128 -0.7946
0.0387 0.9499
0.3572 -0.6331
0.0268 0.6183
0.0480 0.7094
0.0026 -0.0207
0.0690 -0.0938
0.4157 -0.2668
-0.9460 -0.1048
-0.1065 -0.6137
-2.1786 2.2562
0.0884 0.1281
0.5430 0.2250
0.0463 -0.2677
-0.9357 -0.0768
0.3488 0.4459
0.9624 0.0790
4.8832 0.0157
4.7046 -0.6237
2.9801 2.7528
4.2883 0.8289
4.8286 0.4524
4.5516 0.3114
5.0089 -0.4836
4.4427 0.0067
4.3342 -0.2171
4.6431 -0.5050
4.6517 0.0551
4.0165 -0.5354
5.7331 0.4368
3.4693 -0.3820
4.0382 0.2712
4.4553 -0.5116
4.6097 -0.4656
3.6536 1.6177
4.5181 0.0480
4.6473 -0.2508
3.3664 -2.7674
3.9884 -0.0510
4.9508 -0.1591
3.9816 -0.0486
4.8160 0.5388
