0.0012 0.0014 0.0010
0.2201 0.1336 0.5227
-0.2691 -0.2049 0.6521
-0.2041 0.0893 0.0837
-0.0791 -0.0737 0.5361
-0.0845 -1.2406 -1.0560
0.0464 -0.2568 -0.4988
-0.2208 0.0432 0.2318
0.0135 -0.0409 -0.4431
-0.1451 0.4987 -0.5532
-0.8856 -0.0898 0.0050
0.0976 0.1386 -0.6250
-0.0489 0.0921 -0.1875
-0.2037 -0.5049 -0.0609
0.4355 -0.0534 -1.1027
3.9758 -1.0453 0.5044
2.6989 -0.5770 -0.0178
3.0155 0.0207 0.0185
3.0874 -0.0412 0.2333
2.9865 0.2699 0.1499
3.1320 0.2460 0.1431
3.0581 -0.0010 -0.5983
3.4131 0.2813 0.0392
2.4881 -0.2188 0.1099
3.0756 0.1169 0.5480
2.7457 -0.0475 0.7648
3.0782 0.0166 0.0332
2.6613 0.3449 0.1113
2.8624 0.1983 -0.7139
3.0569 0.0912 0.2428
