0.0877 -0.9431
0.2873 -0.0896
-0.6923 1.9491
-0.2129 0.9744
0.6149 -0.6989
0.7017 -1.2032
0.0406 0.1173
0.6905 -0.4455
-0.4763 0.1900
0.0767 -0.0379
-0.1555 0.1094
0.1141 0.9843
-0.8884 0.0595
0.0293 0.1561
0.0430 0.1493
0.0309 -0.0745
-0.0148 0.0206
-0.8448 -0.1666
0.3950 -0.4350
0.2626 -0.1945
-0.1167 -0.0864
0.2307 0.6534
1.3897 -1.6058
-0.1136 0.3801
-0.8425 1.7497
0.1649 0.7697
1.8922 0.3151
-1.0614 0.2404
0.0179 -0.0120
-0.7234 -0.2282
0.6078 0.2990
-0.2879 -0.3244
-0.6019 -0.2511
0.8518 0.0961
0.1659 -0.3534
0.8372 -0.0399
-0.0525 -0.0204
0.9802 0.1491
1.4155 0.2581
-0.0155 -0.0027
-0.2117 -0.5419
-0.1942 0.0645
0.9666 0.0678
0.2412 -1.2209
0.6372 -0.1403
0.9412 -0.2724
0.1053 0.7752
-0.4951 0.1487
0.0695 0.0214
-0.0194 0.0403
0.1292 0.3999
0.6001 0.1899
-0.4100 -0.1703
0.6571 0.6841
-0.4079 -1.7970
-0.1260 -0.0020
-0.3649 2.1599
-0.1639 -0.4361
-0.2797 0.2836
-0.0603 -0.0217
0.6447 -0.0502
-0.3221 2.1741
-0.4120 -0.1837
0.0431 -0.1913
0.1305 0.0227
0.4755 0.6299
0.9046 -1.0868
0.1679 -0.0310
-0.0632 0.0499
-0.2128 0.7261
0.3231 0.0715
-0.1000 0.0888
-0.1033 0.7252
0.0273 0.1729
-0.1987 -0.8876
-0.1273 0.0154
0.9041 -0.2831
-0.4791 0.2428
-0.1809 -0.0720
-0.7123 -1.2921
0.8285 -0.3074
-0.2112 -0.0379
-0.2863 -0.3057
0.1110 0.0451
-0.6364 0.4084
-0.1193 0.0273
0.0258 0.1164
0.5568 0.3746
-0.4514 0.3477
-0.5737 -0.5684
0.1087 0.1840
-0.5552 -0.0030
0.3895 -0.0838
-0.0100 -0.4750
-0.0868 -0.1036
1.1039 -0.2329
0.0563 0.0296
-0.3555 -0.2180
0.2752 0.8462
-0.3133 0.1725
-0.9139 0.1205
0.6275 0.3706
-1.0302 -0.2652
-0.0999 -0.2502
-0.2789 0.1875
0.3006 -0.3234
0.0726 0.0078
-0.0010 -0.0012
0.2483 -0.0943
-0.1085 -0.0031
0.6630 -0.2041
0.3117 0.5681
0.4842 -0.3567
1.1844 -0.0350
-0.3245 0.3775
0.4801 0.6370
-0.3526 -0.1613
-1.8662 -0.9820
-0.5673 -0.4147
0.1682 -0.2819
-0.6184 0.9250
0.5695 -0.7301
0.0494 -0.0440
-0.3087 0.0388
-0.8946 0.3859
-0.7518 -0.4232
-0.0917 -0.5281
-0.1148 0.8419
-0.0923 0.1781
-0.4043 0.0735
0.3826 0.2878
-0.0692 0.4835
0.3282 -0.1726
-0.1232 0.1866
0.0544 -0.5673
0.0069 -0.0597
0.1748 0.0405
-0.0428 -0.3230
-0.0086 0.2350
0.4187 -0.6272
0.1939 -0.1909
0.0946 -0.2115
-0.1440 -0.2361
0.0302 0.0136
0.7437 -0.2538
-0.0235 -0.3846
-0.8371 0.3380
-0.1406 0.8991
-0.5905 0.7655
0.0611 0.5129
0.1437 0.1562
-0.0358 -0.0651
-0.0595 -0.0140
-0.6347 -0.2330
0.2860 0.0672
-0.5668 0.4438
0.3821 -0.9831
0.0188 -0.6055
0.7058 -0.8403
1.5641 0.4261
0.1631 0.5948
0.6991 -0.3507
0.4705 0.1258
0.1576 -0.1589
0.2263 -0.8593
0.5055 0.6384
0.4110 1.1038
0.4700 -0.0410
-0.1995 0.4149
-0.7173 1.0792
-1.1013 -0.6276
-0.0037 0.5522
-0.9393 -1.6063
0.1639 0.1615
-0.0306 0.1948
0.2763 -1.9884
-0.4173 0.9032
0.3532 0.6350
0.1462 0.0640
-0.0567 0.1634
0.2343 -0.0302
1.4335 -0.1628
-0.5656 0.6150
-0.2093 -0.2943
-0.1258 -0.0642
0.1045 -0.0085
-0.3083 0.0638
0.7516 0.2935
-0.0093 1.1897
-0.0129 -0.0179
-0.0832 -0.0504
-0.8008 -0.5001
0.2378 -0.1633
0.0080 0.0253
-0.5985 -0.2557
0.0497 -0.0048
0.0374 -0.1812
-0.0009 -0.5338
-0.7641 0.6440
0.4041 -0.2217
-0.1691 0.4920
0.0467 -0.0668
-0.5239 -0.0778
0.0925 -0.0014
-0.3750 0.1836
-0.7299 -0.2537
-0.5733 -0.1417
-0.0924 0.6928
0.6687 -1.3814
0.3846 -0.5513
-0.1545 -0.6819
-0.0194 0.0610
-0.3052 -0.1111
0.0273 0.1768
0.1401 -0.9153
-1.4972 -0.1980
-0.6778 0.2802
0.4544 -0.5076
0.3906 -1.0312
-0.1452 0.4789
-0.1020 -0.3211
-0.3376 -0.6060
-0.2021 -0.5234
-0.3985 0.5428
-0.2566 -0.3194
-0.5408 -0.2859
-0.4490 -0.0002
-0.6731 0.2908
-0.1532 -0.1813
-0.0733 -0.0485
-0.2975 0.8187
0.1805 0.9731
-0.1647 -0.4105
0.6532 0.5431
-0.4144 -0.3046
-0.0043 -1.2339
0.1506 -0.0663
-0.1293 -0.9398
-0.4749 0.7541
0.5697 0.3033
0.0151 -0.2370
0.3749 -1.9395
0.7156 -0.2495
-0.0339 1.7103
0.3495 0.4855
1.0458 -1.4438
-0.2613 -0.7086
-0.4849 -0.9257
0.2332 0.7381
0.0802 0.0603
-0.4060 0.7217
-0.4942 -0.5704
-0.7032 0.6306
-0.4818 -0.0803
0.3665 -0.6142
-0.7490 0.1230
-0.4118 -0.0976
0.0693 0.4302
1.0945 0.7186
0.0688 -0.1067
0.1662 -0.3689
-0.2850 0.4839
0.7934 0.4364
-1.1528 1.1973
-0.0395 0.0009
-0.1547 0.7356
0.0110 0.0368
0.2412 -0.5241
0.2374 0.2746
-0.5385 0.6111
-0.3712 0.1528
-0.8875 -0.4499
0.2108 0.5020
-0.1660 1.8636
0.0500 0.6729
-1.0331 -0.9167
-0.0701 0.1427
-0.8127 -0.2068
-0.6735 -0.3914
-0.0308 0.0292
-0.6004 -0.4843
0.3858 0.1771
0.3789 -0.6880
0.6535 -0.7481
0.1496 1.9261
0.2613 0.1340
0.5477 0.6982
0.6167 0.0006
-0.4249 0.6732
-0.8521 -0.6037
-0.5634 -0.5945
0.3108 0.1236
0.4645 0.2882
0.5612 0.5164
-0.0083 0.0150
2.0737 -0.1840
-1.2921 0.6061
-0.1999 0.4704
-0.2251 -0.6022
-1.2191 0.1629
0.1963 -0.2807
0.0926 0.2177
0.2460 0.2273
0.0157 0.0703
-0.0823 -0.1654
0.8863 -0.5802
0.2639 -0.6154
-0.4652 -0.4580
-0.4714 0.4257
-0.2963 0.6284
0.2550 -1.9070
0.4276 0.4460
0.0481 0.0489
0.5219 0.7922
-1.3032 0.0530
0.7749 0.4391
0.0527 -0.0769
-0.5076 -0.0019
0.4808 0.0428
-0.5266 -0.7801
-0.5332 -0.2223
-0.6781 0.1428
0.3356 -0.3766
0.9381 -0.0807
-0.5706 0.2174
-0.7242 -0.4958
0.7642 -0.2530
-0.1007 0.1834
-0.0139 -0.0002
1.3598 0.3618
-0.1559 -0.6364
-0.0826 -0.0544
0.1036 -0.1087
-0.3740 -0.2833
0.3657 0.0522
-0.0637 -0.7476
0.7961 0.4808
-0.0384 0.0195
-0.9069 0.2770
1.8437 0.8195
-0.1010 -0.5925
0.5361 -0.5497
0.0255 -0.3327
0.1850 0.1259
-0.0003 -0.0022
-0.7969 1.4829
-0.6503 0.1967
-0.2229 0.4089
-0.0349 -0.3730
-0.0502 0.0997
0.0631 0.0793
0.2665 -0.3787
-0.5432 0.6499
-0.1645 -0.9270
-0.7835 -0.3079
-0.6930 -0.6646
-0.0377 0.0642
-0.1388 0.1100
-0.4002 -0.8412
-0.9568 -0.7614
0.1787 -0.2936
0.2752 0.0643
0.2346 -0.5823
-0.4072 1.4856
0.0698 -0.0822
-0.1685 0.9170
-0.7504 0.2289
-0.4805 0.0823
0.1117 0.6226
0.5934 0.5954
0.0456 0.1173
-1.0814 -1.0125
-0.2460 -0.9662
-0.8664 -0.0243
0.0411 0.0844
-1.2467 1.0353
-1.5923 -0.0246
0.1523 0.0994
0.0026 -0.0046
-0.1369 -0.1051
0.0143 0.0044
0.3467 0.1187
0.1068 0.3926
-1.1944 1.3025
-0.0468 0.0269
0.0716 0.6073
-0.5365 -0.2475
-0.0396 -0.0080
0.3688 -0.2004
0.2808 0.1116
0.2754 -0.5261
-0.4036 -0.1193
0.0002 0.6308
-0.0621 0.0080
0.1666 -0.1985
0.6804 -0.0543
0.0435 0.0348
-0.0541 0.0629
-1.4770 -0.6295
-2.0406 -0.7707
0.0686 -0.4468
-0.0081 -0.0032
-0.0345 -0.0737
0.1494 -0.9738
-0.1510 0.0090
0.0573 -0.1435
-0.1641 0.8261
-0.0880 0.1420
0.4415 -2.0269
0.1505 -0.5315
-0.6099 0.0466
-0.6514 -0.1377
0.0991 -0.0787
-0.6198 0.1753
0.0802 -0.0554
0.6350 -0.6500
-0.0031 -0.4975
-0.8098 -0.4112
-0.0714 0.1035
0.1639 0.7578
-0.7727 -0.3658
1.8422 0.6093
-1.1474 -0.7104
0.0195 0.4818
0.8174 -0.9232
-0.1878 -0.1411
-0.7524 -0.3052
-0.4473 -0.0619
0.2985 0.0949
0.1828 -0.0456
0.0275 -0.0787
-0.4297 -0.8532
0.1081 0.4627
0.0053 0.2888
0.1944 -0.1928
-0.3516 0.2905
-0.6584 0.1347
0.8795 0.0846
-0.0412 -0.3953
0.3597 -0.1118
1.5906 0.9613
-0.0126 -0.0133
-0.9564 1.6409
0.4422 0.6857
-0.2928 0.3002
0.0954 0.0733
-0.0614 -0.6801
0.3030 0.0910
-0.1891 -0.1120
-0.6375 0.3279
0.2004 0.1019
-1.6587 -0.8001
-0.0039 0.4890
0.0226 -0.5715
-0.3237 0.1823
0.0223 0.0212
0.5119 0.1820
0.6440 0.1086
-0.1095 0.3511
1.1487 0.9850
-0.7280 0.1080
-0.4172 0.4558
-1.5861 0.6703
-1.5085 1.5090
0.1951 -0.5393
-0.0757 -0.1453
0.5756 -0.4513
-0.0375 0.3449
0.4929 -0.4311
1.3788 1.5836
-0.3487 0.1196
-0.1020 0.0193
0.1394 0.2964
-0.3821 -0.5677
-1.0382 0.0409
0.9695 0.7897
0.4780 0.6883
0.7925 -0.0576
1.1834 -1.4895
0.2848 0.4078
-0.2206 0.3690
0.1245 -0.8884
-0.0922 0.3445
1.4762 -0.4744
-0.2057 -0.1212
-0.0002 -0.0013
0.1063 -0.9763
-0.0260 -0.0105
-0.8510 -0.1268
-0.0930 0.1828
-0.3371 0.6834
-0.3428 0.0221
-0.3136 0.9768
-0.2268 -0.7397
0.9584 0.0859
-0.6178 0.5286
-0.6544 0.0935
0.8489 -0.2555
0.1702 0.0313
-0.3247 0.0351
