-0.1749 0.0341
0.1806 0.1441
0.1786 -0.2010
-2.5313 2.3785
-0.5442 -0.1152
-0.0442 -0.0314
-0.3687 -0.1363
-0.1838 0.2783
-0.0944 0.1800
0.1240 0.0863
0.4418 -0.3299
0.2953 0.6872
0.1556 0.2841
-0.0953 -0.3381
0.1610 -0.0497
-1.1357 -0.0287
-0.1589 -0.3017
0.0165 0.0259
0.5382 -0.1470
-0.0048 0.2386
5.6631 -0.1030
5.0289 0.4721
4.2101 2.8915
4.9008 -3.1920
4.5072 0.0478
4.2719 0.6189
4.3521 -0.4318
5.1963 0.5395
5.2001 -0.5088
2.4000 -1.4685
4.8513 0.1226
4.8995 0.5577
3.2151 0.2225
5.7850 -0.0752
4.4217 0.2751
5.0628 -0.2396
4.7522 0.1493
4.4924 0.0842
5.0593 0.9556
5.2280 -0.4643
