1.9250 -1.1229 0.3639
-0.4110 2.5597 -1.7959
-0.3687 0.7349 0.2197
-0.0520 -0.1568 -0.8396
0.2283 -0.2952 -0.2655
-0.0037 0.0113 -0.0250
0.3866 0.2663 0.0817
-0.0933 0.0148 0.8416
-0.4980 -0.2268 -0.5787
-0.4602 -0.2447 0.5123
0.0762 0.0144 0.2257
0.4196 -0.2273 0.0127
-0.6367 0.2397 0.0950
-0.4348 0.2770 -0.1486
0.5015 -0.3022 -0.4959
0.0271 -0.0446 0.1398
-0.2648 0.5077 0.3350
0.3146 0.1449 -0.4042
0.2977 -0.2226 0.1766
1.6720 0.4008 -0.8685
0.7657 0.0945 -0.3002
-0.1097 0.0501 0.6496
0.3547 0.0571 0.1389
-0.1523 0.0339 0.0799
0.0891 0.5941 0.6840
0.0844 -0.0368 0.9399
0.0464 0.1117 -0.2217
-0.2316 0.4742 0.8327
-0.0436 -0.3373 0.1121
0.1250 -0.5490 -0.6379
-0.0676 0.1903 0.1094
-0.3590 0.8943 -0.0574
0.0085 0.0176 0.0607
-0.0060 0.0003 0.0125
0.4237 0.7731 -0.2837
0.5765 0.0751 -0.6044
-0.1213 0.0828 0.6082
-0.3757 0.2559 0.6016
0.3300 0.7140 -1.2882
0.1754 0.0344 0.6507
-0.1536 -0.3119 -0.6834
-0.1145 0.0042 -0.3876
1.3152 1.4905 0.7455
-0.0612 -0.1477 0.0166
-0.1698 -0.0536 0.4431
0.6824 -0.5608 0.3505
-0.2098 -0.2706 0.6672
-0.3002 -1.3769 1.1770
-0.0083 -0.0109 -0.1451
0.4151 -0.4763 -0.1350
0.0040 -0.0053 0.9884
0.7216 -0.0398 -0.2041
0.0127 0.0754 -0.2819
-0.0916 0.1152 0.8245
-0.0424 0.2764 -0.0884
0.0362 -0.1507 -0.3507
0.1317 -0.8271 0.1932
-0.2388 -0.0569 -0.4131
0.0101 -0.1227 0.4003
0.0845 0.6744 0.0154
-0.1338 -0.0408 0.3940
0.1685 -0.0234 -0.3763
-0.6273 -0.0953 0.7321
0.0668 0.3550 0.0692
-0.0638 -0.0378 0.0008
0.6411 -0.0532 -0.4234
-0.0081 -0.0009 0.0218
0.0056 0.3482 -0.1211
-0.4948 0.4953 -0.1784
-0.0339 0.0159 -0.0475
0.3878 0.0266 -0.0675
0.2256 0.5160 -0.1067
-0.0097 -0.0151 0.0816
-0.4875 -0.7435 0.1409
-0.2769 0.2283 0.7254
0.2893 0.3824 0.7546
-0.2544 -2.4241 3.1681
-0.0674 -0.4308 0.2811
-0.3153 0.0929 0.3526
0.1389 -0.1626 -0.3617
-0.9846 -2.3390 0.7435
0.0857 0.3067 -0.4875
-0.3261 0.1719 0.1337
-0.1211 0.1629 -0.2738
-0.1903 -0.0765 -0.0495
0.3120 -0.4562 0.0974
-0.0003 -0.0008 -2.1334
-0.1843 -0.0178 0.3563
-0.1724 0.0925 0.2188
0.2830 0.2761 -0.2108
-0.4627 0.1285 0.0825
0.2182 -0.1554 0.0755
0.0165 0.0013 0.9930
-0.5473 0.2247 0.7358
0.0049 0.0454 0.4943
0.5110 -0.3378 -0.6656
-0.3834 -0.0690 -0.0999
0.2298 -0.0613 -0.3758
-0.1631 0.0357 -0.2265
1.2341 0.7328 -2.5439
