0.5620 0.5812
-0.2888 -0.0892
-0.0665 -0.0794
0.2750 0.1344
0.0191 0.2691
-0.0901 2.0234
0.8437 -0.1227
-1.5350 -0.2867
0.2952 -0.6255
0.3902 -0.0061
-0.3663 -0.5674
-0.5013 1.6457
-0.1469 0.4968
0.0221 0.0200
-0.0364 -0.1552
0.0398 0.8514
-0.0208 -0.0934
0.8283 2.3397
-0.0212 -0.1019
-0.6527 1.1618
0.0925 0.4248
-1.5442 1.1364
0.4099 0.5237
-0.4102 -0.3613
0.3455 -0.6867
-0.1405 -0.0458
0.0452 -0.5054
0.0487 0.0230
0.5530 0.5674
0.0048 0.0115
-0.1827 0.1663
-0.3245 -0.8372
2.1007 -0.3366
0.2024 -0.2302
0.8773 -0.4639
0.8159 -0.0524
-0.0530 0.0633
0.0502 -0.4527
-0.8513 0.5040
0.5600 0.3619
1.9468 0.0111
-0.9442 0.1025
0.2512 0.1359
0.3254 -0.8865
0.0532 0.1879
-0.5999 0.2870
0.6161 0.3999
-2.0808 1.5994
-0.8602 -0.2647
-1.6539 -0.3364
3.7381 0.2908
1.9591 -1.4938
4.3300 0.4153
3.5013 0.0119
3.6383 -0.1924
5.0519 0.8939
3.4750 -0.7568
2.8623 0.6373
4.1969 0.2532
3.9578 0.5099
3.2735 0.1061
3.5737 0.0902
1.9765 0.0954
4.2298 0.1118
3.2265 0.4409
3.4017 -0.5630
3.5088 -0.0153
3.9597 -0.4055
2.7051 -0.3030
3.8886 -0.1080
4.3087 0.4623
3.2983 -0.0461
3.5217 -0.9151
4.0176 -0.5364
3.3438 0.0440
3.5945 -0.4102
3.4365 -0.9866
3.5090 2.1366
3.3056 -0.3236
3.4114 -0.0388
3.3226 -0.1840
3.5064 0.3904
3.5001 -0.0026
4.4664 0.0215
3.5838 0.1496
3.6834 -0.9487
2.5585 -0.1757
2.5093 -0.3801
2.9978 -0.5124
3.7476 -0.4032
3.5636 0.9619
3.4866 0.0743
3.9666 0.1267
3.5490 0.9627
2.7127 -0.1623
3.9449 -0.1698
3.7114 -0.7897
3.0758 -0.5952
4.4819 -0.0846
3.5152 -0.1452
