0.2821 -0.1010
0.2000 0.7785
0.1918 -0.6453
0.1829 0.1041
-0.0063 0.0100
0.3447 -0.2144
-0.0491 0.0090
0.0342 0.0735
0.6227 0.6961
0.0466 -0.0235
-0.8462 1.7228
-2.2479 -1.8350
0.0392 0.1585
0.5589 0.5380
0.2582 -0.2780
-0.0945 0.4916
-0.0079 0.0281
3.8901 -0.8434
-0.0615 -0.1425
-0.4466 0.1741
0.7238 0.4286
0.5477 -0.6108
0.0019 0.0307
0.8735 -0.3647
-0.3821 -0.3574
0.4587 -0.4074
0.3618 0.4906
2.9555 -1.0877
0.3147 -0.1043
-0.0998 -0.9264
1.5802 -1.3237
0.3401 -0.4944
0.6147 0.7581
0.2191 0.3228
0.3201 -0.9450
-0.2495 0.3454
0.9001 0.1563
0.1119 0.7109
0.2005 0.1825
0.2539 0.1178
-0.0563 -0.1032
0.1018 0.7741
0.3024 0.4129
0.5554 -0.3143
0.0974 0.1362
-0.0790 0.4858
-0.9640 0.1313
-0.0029 0.0714
-0.1744 0.0565
-0.6106 0.2072
