-0.2238 0.5442
0.3436 0.2379
0.0894 -0.4912
0.6829 -0.4212
0.7542 -0.5874
-0.0093 0.0118
-0.2800 -0.1997
0.0232 -0.2965
0.4412 -0.8865
-0.2406 -0.7176
0.4953 0.3625
-0.1446 0.5006
0.3002 0.1664
0.1752 -0.7871
0.4203 -0.7042
0.0521 -0.2181
-0.0058 -0.0079
0.3761 -0.6910
0.2613 0.2619
0.4989 -0.4234
-0.2565 -0.0805
-0.0144 -0.4388
-0.4681 -0.0292
-0.0868 0.4393
-0.6429 0.3480
0.0400 0.1495
0.1638 0.4964
-0.7829 0.3768
0.7571 -0.4737
-0.8659 -0.2485
-0.4710 -0.4988
0.2469 -0.1116
-0.1006 -0.0615
-0.7689 -0.6343
0.0013 0.0267
0.0381 0.0322
0.0849 0.1545
0.1896 0.6077
-0.1256 0.0618
-0.5860 0.7391
0.1017 -0.2760
0.0623 0.2052
0.0296 0.6832
-0.0967 -0.0361
-0.2040 0.2915
0.0760 0.3782
0.4419 0.3397
0.4372 -0.0229
0.4247 0.7619
-0.5929 -0.0019
-0.2721 -0.0715
0.1332 -0.7687
0.3865 0.1073
-0.1658 0.8967
0.6949 -0.5604
-0.6784 0.5964
-0.6198 -0.3422
0.1594 -0.1078
-0.9155 0.3766
0.0294 -0.0736
-0.5001 0.5957
0.7629 -0.0424
-0.1472 0.1568
0.6937 0.2617
-0.7028 0.3117
0.5338 0.3374
-0.4935 0.2760
-0.7691 -0.3311
-0.8015 -0.2622
-0.2029 -0.4287
-0.8131 -0.0440
-0.2465 -0.6700
-0.2338 -0.3793
-0.0322 -0.2998
0.5742 -0.1396
-0.2627 0.5313
0.3198 0.3113
0.1245 0.8624
-0.9345 0.2506
0.0071 -0.4084
-0.1134 0.0144
0.5236 0.1101
-0.1227 0.6570
0.1844 -0.0429
0.0439 0.0504
-0.5191 0.3084
-0.8163 0.0273
-0.0396 -0.6007
-0.0204 0.0772
0.8391 -0.2436
-0.6906 0.1086
-0.1863 0.0290
0.4667 0.2053
0.0257 -0.9010
0.5889 -0.5708
-0.3170 -0.5684
0.3312 0.4662
0.1119 0.4100
-0.6453 -0.2731
-0.7369 0.5532
0.4654 0.1720
0.1557 0.0691
-0.0426 0.6726
0.3056 0.0648
0.0174 0.0068
0.3828 0.7840
0.1011 -0.3082
0.3990 0.1245
-0.9144 -0.2791
-0.0684 0.2265
0.2691 -0.1117
0.2786 0.8410
-0.0006 -0.0098
0.3985 -0.0921
-0.5538 -0.7421
0.2725 0.3514
0.2729 -0.4571
-0.4794 -0.0907
0.6220 0.3444
-0.3643 0.7897
0.0688 0.2171
0.0606 -0.0406
-0.4916 0.1880
-0.0096 0.0056
-0.0408 0.4094
-0.2903 0.7957
0.7319 -0.5175
-0.0837 0.1714
-0.0785 0.6482
0.1752 0.1260
0.1337 -0.3267
0.3452 0.2902
0.3068 -0.2485
0.2513 0.2715
0.5057 0.0791
-0.0180 -0.0917
-0.1630 0.9763
0.1143 -0.5370
-0.8364 -0.2303
-0.4038 0.1955
-0.4079 -0.0734
-0.7010 -0.1094
0.3490 0.3861
0.0650 -0.2997
-0.0360 -0.0393
-0.3862 -0.3199
0.1083 -0.3824
-0.0554 0.2598
0.0812 -0.2363
0.0162 -0.2172
-0.5383 0.1632
0.0465 -0.1436
0.4604 -0.4714
-0.4756 -0.3072
-0.0070 -0.1350
0.3959 -0.9146
-0.2492 0.0204
0.0575 0.0608
-0.1344 0.0603
-0.8003 -0.5475
0.1827 0.1324
-0.8455 -0.2610
-0.0197 -0.0586
0.2015 -0.5694
-0.5122 -0.3464
0.4125 -0.3668
0.0780 0.0622
0.3560 -0.5820
0.1000 -0.0835
-0.6041 0.7041
0.9720 0.0735
0.0383 -0.3631
0.3638 0.6736
0.3180 0.4785
-0.2309 -0.7261
-0.3621 -0.2190
0.7381 -0.4530
0.2136 -0.9402
-0.2339 0.7031
0.4042 -0.2907
-0.2027 0.6391
0.5335 0.4976
-0.1953 -0.0238
-0.0947 -0.5559
-0.3177 -0.0529
0.1012 -0.7852
0.8582 0.1035
-0.0071 0.0448
-0.9731 -0.1172
-0.2458 0.3549
0.6711 0.6285
-0.0911 0.3735
-0.0112 -0.0702
-0.2909 -0.1501
0.0463 0.0155
0.3888 -0.3831
0.5908 0.6769
0.1094 -0.5354
-0.5417 -0.2369
0.2891 0.8287
-0.4832 -0.1126
0.2275 -0.7439
0.3397 0.8695
0.6154 -0.5060
-0.0666 -0.2630
0.1192 0.4173
-0.4482 0.5013
-0.0034 0.0135
-0.2063 -0.7893
-0.5209 -0.1683
0.4728 -0.2368
0.0432 0.7273
0.0390 -0.2522
-0.0430 0.0219
0.0160 0.1780
0.3391 -0.3856
0.6782 -0.7113
0.2135 -0.4914
0.0274 -0.0487
-0.9261 -0.1810
-0.4413 0.2684
0.0427 -0.0088
0.4238 0.0800
0.3796 0.5912
-0.6761 -0.7051
0.0864 -0.1964
-0.0281 0.2538
-0.2162 -0.5959
-0.0053 0.5740
0.2836 -0.0970
-0.7155 -0.2357
-0.7459 -0.0896
0.1241 0.1361
0.4566 -0.4771
0.0333 0.7248
0.5367 0.2084
0.2721 -0.5488
-0.8104 -0.0675
0.0474 0.1888
-0.0722 -0.8744
-0.5666 0.5084
-0.3576 -0.0803
0.7908 0.1293
0.4868 0.5360
-0.1196 -0.1775
0.3344 -0.1727
0.0000 -0.0004
-0.1040 -0.0916
0.5855 -0.3565
-0.0039 0.1225
2.6800 -0.0687
3.6882 0.3897
4.0979 -0.1169
3.2953 0.1841
2.8400 0.0403
4.1993 -0.1500
3.8751 0.9047
3.2359 0.2809
3.3383 -0.0388
3.5045 0.1186
4.1449 -0.3477
3.9263 0.6687
4.1757 -0.5592
3.1632 -0.3008
2.6373 0.1442
2.8201 0.2471
3.5071 -0.0009
3.4567 -0.0761
3.6561 -0.3019
3.6887 -0.1554
3.1251 0.3044
2.9913 -0.8568
3.4947 0.0800
3.6113 0.5512
3.6581 -0.2525
3.5008 -0.0017
3.9277 -0.5915
3.5685 -0.0667
2.6697 0.4187
4.0229 -0.6363
3.4555 -0.5745
3.1522 0.5647
4.1380 -0.1380
3.4611 0.3757
3.0851 -0.4355
3.9028 -0.0212
4.0632 0.7142
4.0043 -0.5766
3.6539 -0.6649
3.1269 -0.3999
4.0780 -0.1896
3.2239 -0.7348
3.2918 0.2849
2.9633 -0.0897
3.0546 0.1646
3.5964 0.3803
3.4755 0.0024
3.4467 -0.0086
3.5943 -0.1124
3.6999 -0.0439
3.7320 -0.0678
3.5234 0.0029
3.0366 -0.8448
3.5597 0.0341
3.5620 -0.0142
3.6082 0.2020
3.4182 -0.2793
3.9436 -0.2477
4.0178 -0.3413
3.8727 -0.3602
4.0887 -0.3652
3.6928 0.0721
3.6236 -0.7061
3.5451 -0.0162
3.8637 0.5899
3.5177 0.0144
3.1808 -0.4060
3.6935 0.7488
3.6190 0.3705
3.3775 -0.1792
3.5789 0.0656
3.7563 0.0441
3.6176 0.4343
3.3473 0.6244
2.5873 -0.0311
3.7244 0.5054
3.6690 0.1821
3.2354 -0.1258
3.4524 0.0002
3.1831 0.0970
3.7862 -0.5885
2.5946 -0.3140
3.4526 0.2959
2.7106 0.2656
3.5010 0.0004
3.5391 0.8838
4.4632 0.2253
2.8779 -0.0718
3.1322 0.4249
3.3315 -0.2262
3.8897 -0.1524
3.8935 -0.5729
3.6103 0.0490
3.1406 0.3527
3.2090 0.1682
2.8317 0.5615
3.8496 0.6680
3.7023 -0.0192
3.0779 -0.2958
3.2713 0.8340
3.3344 -0.1449
3.8232 0.3957
3.0072 -0.5884
3.4922 0.0445
2.6668 -0.5070
3.4733 0.0149
3.9259 -0.1331
2.9622 0.5463
3.6877 -0.2925
3.7009 -0.0359
2.8008 -0.1625
3.5446 0.1102
3.6301 -0.3028
2.9540 0.3202
3.0524 -0.4512
3.0943 -0.4851
3.7199 0.0175
3.6341 0.3873
3.8425 0.2907
3.6096 -0.5468
3.6038 0.0739
2.8510 0.6779
3.7323 -0.3003
3.5079 -0.0463
2.9079 -0.5983
3.4299 -0.3991
3.5754 -0.2170
4.3518 0.3505
2.9043 0.3067
3.3145 0.4240
3.4939 -0.0093
3.5191 0.3087
3.2998 0.1847
3.8162 -0.1366
3.2979 0.7169
3.9434 -0.5352
2.8653 -0.3109
2.6832 0.3578
3.4689 -0.2265
3.3849 -0.4050
3.1817 0.9327
3.7223 0.3414
3.9403 0.1696
3.1346 -0.0216
3.4578 0.0116
3.2530 -0.2070
3.4080 -0.5846
3.3113 0.1423
3.0932 -0.1509
3.6245 -0.2361
4.2760 -0.4089
2.8107 0.6512
3.5086 -0.0807
3.4309 0.0953
3.7365 -0.2921
3.7067 -0.2443
3.6641 -0.6590
3.5714 -0.3827
2.6133 0.2216
3.2139 0.7903
3.8847 -0.0151
3.6248 -0.1131
4.2234 0.2280
3.4467 -0.0738
2.6188 -0.1379
4.1181 0.0179
2.7006 0.4620
3.5063 0.2160
3.4970 0.3969
3.5227 0.7757
3.7392 0.6023
3.5635 0.1749
3.4459 0.5384
3.4934 0.0871
3.6882 0.5047
3.8856 -0.4539
3.9561 -0.6575
4.3635 -0.4217
3.5507 0.5263
3.7246 0.3475
3.4751 0.1388
4.2444 0.5537
4.1297 -0.2496
3.4745 0.0020
3.6696 -0.1319
3.1640 -0.8965
3.5147 0.1214
2.8639 0.2376
3.8658 -0.9192
3.3889 0.1585
3.1923 0.4905
3.5190 -0.4663
3.0078 0.0368
3.0717 0.3272
3.0300 -0.5379
2.6040 0.0099
3.3657 0.7654
3.8496 -0.5024
3.7338 0.4636
2.7573 0.6123
2.5635 0.0521
2.9168 -0.0116
3.4912 -0.0122
3.4631 0.4387
4.1758 -0.2528
3.7230 0.0545
3.4792 -0.9683
3.6423 0.0402
3.3671 0.1322
3.5674 -0.0352
2.9150 0.3189
3.7054 -0.1718
3.5368 0.0007
3.6091 0.1492
3.0520 -0.4360
3.7528 0.2706
3.5138 0.0196
3.5070 0.0385
3.5483 0.2905
4.1352 -0.0094
3.7209 0.0974
3.8872 0.6005
3.1794 0.7527
3.0076 -0.1130
3.8690 -0.2757
3.5801 0.0192
3.7283 0.7686
3.4906 0.1467
3.4830 -0.5918
4.3617 0.0216
3.5574 0.0863
3.4685 -0.5965
3.3506 -0.8942
2.9089 0.1459
3.6064 0.1286
3.3729 -0.0593
3.8215 -0.4213
3.2785 -0.3573
4.3197 0.2495
4.1146 0.7700
3.5009 0.0044
3.5495 -0.4434
3.2107 0.8201
3.2639 -0.0236
3.9394 0.6307
3.5099 -0.1104
3.1844 0.2392
3.4801 -0.0252
4.3707 0.0108
3.6259 0.1094
