0.2340 1.2545
-0.1534 0.9154
-0.0106 0.0123
-0.6699 -0.6776
-0.0389 -0.1233
-0.8439 -0.4190
-0.3247 -0.4850
0.4218 -0.0013
0.8411 0.4100
0.0754 -0.4280
0.1443 0.0822
-0.2558 0.9272
0.1568 -0.9597
0.2783 -0.3481
-0.3947 0.1952
-0.9076 0.0239
0.8657 -0.8601
0.2983 0.0691
-0.2765 0.8624
-0.2521 0.9188
-0.0490 -0.0371
-0.5903 -0.2962
0.3877 -0.5221
-0.0112 -0.3845
0.6855 0.4074
-0.7416 -0.5000
0.3522 -0.4412
-0.2807 -0.5923
-0.0261 0.2096
-0.3369 -0.2129
0.1364 1.3547
0.4440 0.2889
0.0459 -0.0395
0.2436 0.1014
-0.1750 -0.1824
-0.2625 0.5363
0.5959 0.3343
-0.6895 0.1181
0.1004 0.0912
-0.4753 0.2425
0.0506 -0.9641
0.1357 0.4039
-0.0933 -0.2928
-0.0705 -0.4827
-0.7050 -0.1927
0.3720 -0.7677
0.1093 0.0728
0.1271 -1.0727
0.5472 -0.6452
-1.1411 -0.3851
-0.4252 -0.6194
-0.0482 -0.5392
-0.4065 -0.2080
-0.1184 -0.5753
-0.0051 0.0004
-0.0113 1.5188
-0.4597 0.1781
-0.8304 -0.1978
-0.2111 0.7192
-0.0293 -0.0302
-0.3365 1.0981
-0.4631 0.6613
-0.4788 -0.0702
-0.0545 -0.2367
0.0379 0.1529
-0.5745 0.2832
1.4049 -0.5116
-0.0898 0.3449
0.9812 -0.4818
0.0252 0.0747
-0.0537 -0.5482
0.8766 0.2010
-0.4520 0.0845
-0.1348 -0.0426
0.7158 -0.2459
0.4773 0.5203
0.9415 -0.4641
0.3809 -0.2624
0.3786 -0.2149
0.0760 0.6680
0.1340 -0.0487
-0.0264 0.5554
-0.0028 -0.5405
0.1752 0.2287
0.4722 -0.1770
1.2798 -0.1090
0.5500 -0.0592
-0.0970 0.0780
-0.7368 0.4161
-0.5937 -0.4476
-0.3650 0.2498
-0.5178 0.7926
0.6343 -0.3893
-0.5757 0.0888
0.6575 0.1231
0.0062 -0.7798
-0.7178 1.4495
-0.0964 0.2136
0.3946 -0.6552
0.0567 0.0349
0.2289 0.0785
0.7148 0.6557
0.0960 1.0646
-0.2919 -0.0461
-0.2433 -0.0147
0.2845 -0.7252
-0.6560 -0.0742
0.4417 0.1705
-0.6553 -0.3504
-0.3675 -1.1328
-0.0718 -0.0470
-0.5287 0.7453
0.5545 0.0161
0.2275 1.0608
-0.0444 0.2953
0.3523 -0.3500
1.1434 -0.1262
0.0530 0.0439
-0.6123 -0.3238
-0.0693 0.9678
-0.0877 0.0530
0.0804 1.0521
0.2678 -0.2738
-0.8985 -0.3479
0.2090 0.3473
0.1844 -0.4706
0.7061 1.1778
-0.4210 -0.2631
0.4057 -1.0904
-0.6233 0.1296
0.3207 -0.3826
-0.7259 0.6680
0.0454 0.8384
-0.0896 0.4798
0.2172 0.2070
0.8805 0.1728
-1.0655 -0.7589
-0.0606 0.5007
-0.6816 0.0764
0.2103 0.1681
-0.4116 0.4225
-0.9238 0.3350
0.7428 -0.2322
-0.7346 -0.6479
0.5858 0.9335
0.0095 0.0289
-0.0991 0.0026
-0.0740 -0.2339
-0.4385 -0.4926
0.0328 0.3529
0.2330 -0.0895
0.5926 0.7183
-0.0769 0.0534
0.3950 -0.0585
-0.4573 0.6205
0.1584 0.1718
-0.1150 -0.1000
0.7247 -0.4599
-0.3855 -0.5220
0.3616 0.1725
0.6013 -0.7024
-0.2835 0.6912
-0.0793 -0.2448
-0.2058 0.5391
-0.0097 -0.2285
-0.0201 -0.6799
0.6873 0.0141
-0.0049 0.0102
-0.1682 -0.3674
-0.0501 -0.1404
0.5453 0.1218
0.4234 -0.4005
0.3630 -0.0053
0.7579 0.5333
0.3766 0.3333
0.4201 0.1041
0.0711 -0.0292
-0.0707 -0.2533
0.0333 0.0524
0.0884 0.7136
-0.2992 -0.5056
-0.2032 0.5102
0.2719 -0.2277
0.7269 0.7978
0.3413 -0.7593
-0.0314 -0.0358
-0.2678 -0.1206
0.0313 0.0680
-0.6676 -0.0323
0.2705 0.2660
-0.2864 0.8684
0.0391 -0.0044
0.0111 -0.1901
-0.5380 -0.3463
0.5466 -0.1764
0.0665 -0.0205
0.3699 0.8745
-0.2464 0.1046
-0.0978 0.2499
0.0749 0.1995
0.0826 0.4813
0.0924 -0.0244
-0.3674 0.1867
0.0077 -0.6042
-0.3148 0.4320
0.5015 0.5832
0.5890 -0.3799
-0.1419 -0.0255
0.2833 -0.1079
0.7760 0.8411
0.2453 0.9997
0.1802 0.3348
0.3487 -0.2461
-0.1712 -0.3243
0.0019 -0.0344
0.4053 -1.2165
0.9253 -0.1248
0.7257 0.0646
-0.2732 -0.1185
0.1545 -0.1705
0.8623 0.4512
-0.1817 1.0184
0.9549 -0.0826
-0.3136 0.2959
-0.2711 0.0154
0.1729 -0.1135
0.0816 0.2219
0.6600 -0.7258
-0.0573 0.0976
0.9734 -0.9115
-0.0252 -0.0636
0.1359 -0.3509
0.3169 0.7405
0.4786 -0.0632
-0.4887 0.0432
0.0429 -0.5474
-0.0173 0.4262
0.7774 0.0534
0.5671 -0.6920
0.7004 -0.0435
-0.0557 -0.0403
-0.3234 -1.3018
-0.1249 -0.2849
-1.4836 -0.1414
-1.0383 0.7496
0.1591 -0.4555
-0.4568 -0.0013
0.5444 0.8291
-0.1034 -0.5894
0.2207 0.5588
-0.4158 0.5074
-0.1022 0.2046
0.0928 -0.0639
0.0045 0.0397
-0.0224 0.0272
-0.8613 1.0603
-0.0469 0.1838
-0.1490 1.2763
-0.0519 -0.3832
-0.6845 0.6322
-0.0465 1.5022
-0.4503 -0.6198
-0.2065 -0.0522
0.6950 0.6242
0.3175 -0.0193
0.3597 0.7771
-0.0460 -0.0110
0.3210 0.6687
0.1578 -0.0848
0.1516 0.1153
0.2084 0.1182
0.0373 -0.0741
0.0353 -0.0455
0.9224 0.1138
0.5667 -0.0648
0.3814 -0.4172
0.6810 0.6330
-0.4664 0.1184
-1.1697 -0.2975
0.0390 -0.1895
0.6258 -0.1623
-0.1928 0.5777
-0.0718 -0.6744
-0.9930 -1.3381
-0.6468 0.3229
-0.3642 -0.0555
-0.7052 0.3731
-0.6413 -0.7049
0.1650 0.0982
-0.0905 0.0108
1.3359 0.6937
-1.0999 0.1990
0.3870 -0.9552
-0.2931 -0.1240
-0.6527 0.2800
-0.7527 1.4099
-0.0262 -0.0522
0.1850 -0.5368
-1.2438 -0.0585
0.1298 -0.5336
0.0145 0.2556
-0.1097 0.1106
0.2583 -0.2993
0.0776 0.1661
-0.2152 -0.2608
1.6809 0.1313
0.2683 0.4357
-0.5675 -1.2361
0.1731 -0.4670
-0.1539 0.3495
0.0825 -0.4343
0.3683 -0.3758
0.0216 -0.0720
-0.7338 1.1130
0.1911 1.3071
-0.7795 0.8404
-0.2574 0.3985
-0.1125 0.5978
0.1446 -0.1299
-0.2354 0.7109
-0.1344 -0.1929
-0.1396 -0.0048
-0.5474 1.2618
-0.0865 -0.0124
-0.1689 -0.1030
0.7277 0.6369
-0.0361 -0.6374
-0.7913 0.0061
0.5283 0.7878
1.1942 0.2375
0.1906 0.8158
-0.3741 0.3316
0.7582 0.2824
-0.2828 0.5045
0.4060 0.1481
-0.1200 0.3814
-0.5288 -0.2830
-0.0546 -0.1294
0.8481 1.4294
-0.1080 0.7160
-0.3395 -0.2551
0.3623 -0.2755
-0.5528 0.4033
0.0332 0.3580
0.2218 1.5834
-0.5610 -0.8662
0.0301 -0.1755
0.0889 0.0586
0.4313 0.4500
-0.2394 0.5716
0.2625 0.3031
-0.4071 0.9866
-0.2153 -0.2137
0.2633 -0.4040
0.5087 -0.7329
-1.0222 1.1715
0.0989 0.8297
-0.2170 0.0006
-0.2623 -0.2129
-0.1065 0.0769
0.0786 -0.4709
0.0822 0.0807
0.2671 0.2025
-0.7042 1.3793
-1.2610 0.1714
-0.1973 -0.1373
-0.5915 -0.4351
-0.1109 -0.0017
-0.7314 -0.2460
0.0686 0.0131
-1.0609 -0.1011
-0.0090 -0.0068
-0.1641 -0.0963
0.7504 0.4527
-0.4321 0.0594
-0.1125 0.1564
-0.0726 -0.1225
-0.1745 0.6906
0.3179 -0.3818
-0.8812 0.4310
0.4978 0.4881
0.7107 0.3972
-0.4380 0.9744
-0.0401 -0.4268
-0.1390 0.6865
-0.1964 -0.0280
0.4751 0.2455
-0.6146 -0.5173
0.1996 -0.1971
-1.1046 -0.6916
0.5960 -0.7521
0.0023 0.0855
0.3304 0.8621
-0.2303 0.3079
-0.9368 0.4517
1.1460 -0.0439
-0.9019 -0.2871
0.0334 -0.0778
-1.1491 0.2068
-0.1405 0.9432
0.0010 -0.0053
-0.9225 -1.1467
-1.1389 -0.7120
0.1250 -0.1057
-0.4997 -1.2682
0.6921 0.3585
-0.4829 0.6949
0.0594 -0.0182
0.5969 -0.3600
0.3738 0.8725
0.0548 -0.0357
0.6684 -0.1961
0.0794 -0.8717
-0.1527 -0.4314
-0.1768 -0.3620
-0.0590 -0.1141
-0.1296 0.1870
-0.3955 0.5601
0.7072 -1.1873
0.4524 -0.3801
0.4459 0.0871
0.1300 0.3197
0.0247 0.0941
-0.3022 0.2464
0.4401 -0.6237
0.2533 0.3278
-0.2681 -0.6540
-0.0170 0.0239
0.0293 -0.2656
-0.1844 0.2605
0.0695 -0.9446
-0.6335 -0.6242
-0.5295 0.7914
-0.5942 0.3753
0.0834 0.2969
-0.8706 0.6129
-0.1879 0.1804
0.3880 -0.1958
0.0004 -0.0228
-0.7138 0.5432
-0.2216 -0.0582
0.0775 -0.1667
-0.2311 -0.3247
0.0253 0.0333
0.0196 0.1877
0.5315 0.3715
-0.3793 1.0068
-0.0503 0.2088
-0.5814 0.0458
-0.2314 -0.1057
0.0623 0.0903
-0.5784 1.0452
0.1945 0.3144
-0.1343 0.3648
-0.5298 0.2114
-0.1166 -0.1328
0.5918 0.2129
-0.8133 0.0873
0.4069 -0.0030
-1.0846 -0.6912
-0.9060 1.1104
-0.1576 -0.1319
0.6669 0.6754
0.3703 0.2334
0.1207 -0.0441
0.4503 0.0485
-0.8353 -0.2713
0.0984 -1.5968
-0.3114 -1.6426
-0.3504 0.5129
-0.2509 0.1156
0.1897 -0.4677
-0.0470 0.2523
0.3195 0.3637
-1.2058 -0.6762
-0.4173 -0.4947
-0.0885 0.5636
-0.0804 -0.3534
-0.2523 -0.0649
-0.0218 -0.0068
0.6799 0.5024
-0.3430 0.1184
1.0165 -0.2167
0.1200 -0.7637
0.8408 -0.3557
-0.1202 -0.4558
0.0521 0.6271
-0.1326 -0.2735
-1.0082 -0.0426
-0.3758 0.1085
-0.4162 -0.0693
0.6603 0.1687
-0.6664 0.1697
-0.3020 1.5525
-0.2095 -0.8625
-0.2801 0.3279
-0.1627 -0.1718
-0.4502 0.6653
0.6929 0.5755
0.1267 0.6240
