-0.0136 -0.2031
-0.2563 -0.6249
-0.2830 -0.7771
0.0493 0.2189
0.1367 -0.5587
0.5183 1.1555
0.0591 -0.9788
-0.1224 -0.3601
0.0241 0.0460
-0.4640 -0.6214
0.3780 0.3717
-0.7336 0.1184
0.3045 0.4692
-0.7192 0.1682
0.1568 0.3839
-0.5238 0.8286
-0.0487 0.3020
-0.6758 -0.0600
-0.0820 -0.1523
0.3890 -0.3480
-0.4344 0.1418
-0.0546 -0.0036
0.8530 -0.0409
-2.5422 -3.1268
-0.1094 -0.0143
-0.1444 -0.0023
0.2195 -0.4862
0.1343 -0.4393
-0.7324 0.0826
-0.5702 -0.3897
0.0311 0.3307
0.0815 -0.1338
-0.4567 -0.4339
-0.0404 0.5693
0.0937 -0.0096
-0.0166 0.8592
-0.5283 -0.4549
-0.3506 0.7554
0.5878 4.0147
-0.9782 0.0380
-0.6780 -0.0503
-0.3434 -0.7069
-0.0278 0.6554
-0.0435 0.5593
0.3363 -0.9072
-1.0987 -2.0793
-0.2733 -0.5139
-0.2176 0.4169
-0.8164 -0.4158
-0.8421 0.2481
0.0058 0.0673
0.2504 -0.7525
0.9107 -0.0241
0.4801 -0.4064
-0.8249 -1.7913
-0.5885 0.6171
-0.0357 0.0162
0.4041 0.2788
0.0115 0.7390
-0.3314 -0.0849
0.0875 -0.5898
-0.0307 0.1689
-0.5848 -0.2895
-0.2621 -0.3362
-0.3767 0.2296
-0.0193 -0.1060
3.8463 0.2614
-0.0670 0.8302
0.3668 0.1460
0.3850 -0.3309
3.6507 0.1556
-0.0648 0.5722
0.3451 0.8017
-0.4875 -0.3283
0.0578 0.1621
0.0321 -0.1478
-0.4403 0.5976
-0.1748 0.7039
-0.1461 0.8250
-0.5145 -0.2533
-0.1260 0.5033
-0.0440 -0.0724
-0.0146 -0.2760
0.1902 -0.1007
-0.0587 0.0411
-0.7367 0.5825
-0.1459 -0.1090
-0.0274 0.1921
0.0850 -0.0186
-0.5661 -0.4234
0.3571 -2.2725
0.6357 0.3410
0.0079 0.6633
0.3896 0.1752
-0.5440 -0.3265
-0.4580 -0.1202
-0.7112 -0.0412
0.2142 0.1304
-0.4921 0.4556
-0.0534 -0.0396
0.9814 -2.2305
0.0680 0.2218
-0.7147 -0.6012
0.0038 -0.0078
0.5448 0.7872
-0.3390 -0.0620
0.0684 -0.2753
0.0896 -0.2629
-0.0125 0.0224
0.0176 -0.0244
-0.2146 0.1529
-0.1129 -0.7918
-0.0239 -0.2972
-0.2380 0.1596
-3.2919 -0.8611
0.7430 -0.3099
0.8520 0.4733
0.8765 0.2599
0.1715 -0.0901
-0.3593 -0.4769
-0.3898 -0.4647
-0.2065 0.1885
0.9856 -0.0619
0.5165 0.4744
0.3807 0.3401
0.0999 0.0943
0.1989 0.5174
-1.3432 2.1396
-0.4354 0.3679
-0.5240 0.0368
0.0196 -0.7091
-0.1522 0.8533
-0.2568 0.2927
-2.4320 -3.2715
0.3691 2.0346
-0.9462 0.0793
0.7209 -0.6289
0.0940 -0.0928
-0.1512 -0.0603
0.1279 -0.0202
-0.1330 0.3615
0.3736 -0.3868
0.3929 0.8709
-0.7149 0.0581
0.6208 0.2283
0.5145 0.2533
0.7241 -0.2465
0.2491 0.6794
0.3188 -0.5687
-0.6749 -0.1061
-0.0144 0.8252
-0.2453 0.1793
0.2265 0.1074
-0.2737 0.1416
0.6749 -0.2418
0.8310 -0.2345
-2.7768 2.9310
0.0093 0.5397
0.1855 -0.2873
-0.6033 0.2037
-0.3511 -0.3678
0.6098 0.5743
0.9694 -0.0720
-0.3764 0.0803
0.0285 0.0280
-0.0860 -0.0572
-0.4229 0.6215
-0.0334 -0.1264
-0.1242 0.1795
0.0526 0.0904
0.5193 0.1335
-0.6865 0.1870
-0.0557 -0.0430
1.2651 0.5138
0.4430 -0.1851
-0.2377 0.3380
0.0793 -0.5116
0.4173 -0.4470
0.1287 0.6758
-0.2778 -0.0214
0.0002 0.0001
-0.9400 -0.0404
0.4171 0.3534
-0.4616 0.1929
-0.2085 -0.2905
-1.3432 2.9641
0.6895 0.1549
-0.2303 0.1797
-0.4454 -0.0920
-0.2655 0.1808
0.3742 0.3320
0.0424 -0.0547
-0.2514 0.7168
-0.1516 2.0186
-3.4236 -0.5733
-0.5254 -0.4374
0.4099 -0.2824
0.4982 0.2447
-0.1069 0.2432
0.7947 -0.5760
0.4180 -0.8130
0.1509 0.1567
0.6441 -0.1308
-0.1513 0.0116
-1.7095 1.0005
1.4695 1.9722
-0.2837 0.3717
-0.4655 0.3526
-0.3139 0.8132
0.0656 -0.5402
-1.0933 -3.9689
0.4746 -0.0375
-0.0724 3.5417
0.0696 0.6774
-0.0884 0.2184
0.1577 -0.0762
0.2014 0.1229
0.1404 -0.0645
0.0014 -0.0082
-0.4912 0.3351
0.0177 -0.2041
-0.1542 0.6411
-1.6411 1.8910
0.9393 -1.5061
0.8793 0.3342
0.3255 -0.1450
-0.1135 -0.0589
0.8167 -0.4126
0.9215 -0.0510
2.2233 1.4555
-0.4058 -0.1954
0.4130 0.4328
-0.0404 0.0034
-0.6888 -0.3582
0.0123 -0.7340
0.5890 0.6035
0.0209 0.0470
-0.6515 -0.3436
-0.1721 -0.3790
-0.1036 0.0768
-0.4860 -0.7764
0.0422 -0.6537
-0.1781 0.1549
0.3384 0.1279
0.6052 -0.3741
0.1035 -0.2915
0.0073 -0.0038
0.0122 0.9238
0.8279 0.2312
0.1986 0.1911
5.1002 0.0182
5.2698 -0.0323
5.0036 0.0378
5.5994 -0.7368
4.5476 0.4042
4.9713 0.0675
4.2594 0.6888
5.1143 -0.1335
5.0040 -0.1321
4.3384 -0.0700
4.9998 0.0724
5.5430 -0.1520
5.5184 0.2431
5.5469 -0.5558
4.8958 -0.0987
4.9000 -1.0793
5.2273 -0.7623
5.3918 -0.0978
4.8684 0.5245
4.7644 0.6602
4.7521 -0.4145
4.9870 -0.8159
5.0173 -0.1211
2.5920 0.5311
4.4349 0.1381
5.0025 -0.6685
4.9170 -0.1454
3.4899 2.0390
5.1641 0.0652
5.2740 -0.6059
4.9479 -0.0198
5.0438 0.7296
5.0203 0.0533
5.0702 -0.3765
5.7900 0.0379
4.6955 -0.2451
4.9880 0.0492
5.2876 -0.6271
4.8907 0.3747
4.4492 0.5810
5.6944 0.2926
4.9261 0.4094
4.3078 -0.2047
5.2012 0.1328
5.1985 0.1625
7.1034 -1.9965
5.0483 -0.1179
4.6814 -0.4770
4.9470 -0.1499
5.0903 -0.0512
5.7724 0.5034
4.9579 0.6700
5.2182 0.0475
7.7002 -0.9365
4.5586 -0.2730
5.5763 -0.7204
5.9760 -0.1203
4.8678 -0.0937
4.9746 -0.3979
5.3078 -0.2637
5.0888 -0.1505
5.4749 0.0557
4.4373 -2.3125
4.2552 -0.5735
5.2341 -0.2334
4.4823 -0.7614
4.9961 0.0034
5.6761 0.5681
4.3921 -0.0786
5.0706 -0.1166
5.4176 -0.2976
4.6022 0.8523
4.5776 -0.7475
5.0013 -0.3363
5.1540 0.2666
5.4710 -0.1807
5.3554 -0.8381
5.2391 0.4186
4.9994 -0.0024
5.3958 0.7538
4.9989 0.1535
4.7883 0.7048
5.2860 -0.0248
5.0600 -0.0192
5.1366 0.3537
4.3084 -0.6534
4.7187 0.2901
5.0964 0.5035
4.5240 0.3604
5.1390 0.7771
4.0464 -0.2088
5.1749 0.6188
5.6558 -0.5915
5.1670 0.2520
5.2261 0.6864
4.4248 0.6645
5.5029 -0.1927
5.0328 -0.6013
5.5750 -0.3114
5.0772 -0.0937
4.4155 -0.2736
5.6135 0.4736
5.0913 0.4008
4.3439 -0.6028
4.9183 -0.5594
6.0179 -0.1474
4.4240 0.5323
5.2212 -0.4420
5.0789 -0.0167
4.6075 -0.1157
4.6172 -0.5005
4.2095 0.0028
5.1524 0.2337
4.9471 0.1106
4.4781 -0.0701
5.5202 -0.8133
5.2171 0.1445
3.9366 2.8158
5.7034 -0.3479
4.3898 0.7091
4.9433 -0.0421
4.7628 0.7554
5.0876 0.8186
4.9237 -0.3792
4.9206 -0.2637
4.7087 -0.2245
4.8319 0.2018
5.1357 -0.4584
6.9701 -0.9169
4.7907 0.2217
4.9861 0.0732
5.8067 -0.4478
5.3223 0.2993
4.4371 -0.6361
5.3386 -0.3785
5.0204 0.0190
4.9748 -0.9407
4.8559 -0.1197
4.7666 0.1860
4.0566 0.0296
5.1509 -0.0806
4.0905 0.2581
5.0590 -0.0131
4.9752 -0.0274
4.9041 -0.0303
5.2006 -0.1303
5.3008 0.1778
5.7186 -0.2919
4.3261 0.3759
3.1953 -2.1371
4.9998 0.0122
5.2988 -0.5485
5.6644 -0.0795
4.5534 -0.1000
5.6656 0.0210
2.7620 3.4196
5.1162 -0.4248
5.1451 0.0273
5.7483 -0.1765
5.9111 -0.3024
5.9437 0.1675
4.8893 0.8861
4.4737 0.6850
4.7405 0.0277
4.4925 -0.6146
4.8968 -0.3829
3.1658 -0.5761
5.6247 -0.5241
4.7689 0.3751
4.8946 0.4532
5.6276 0.1262
3.3983 2.3855
4.8786 0.3107
6.7423 -1.9639
4.8745 0.3140
4.2403 0.5702
5.0790 0.0805
5.1045 -0.6353
3.5922 -0.1385
4.9744 -0.1801
4.4391 -0.3611
3.7581 -1.0362
5.0265 0.2572
5.1373 0.3355
5.9749 1.2550
4.8927 -0.1710
5.5101 0.6112
4.9566 -0.3137
4.7488 0.7883
5.0828 0.6794
4.9099 0.0200
4.7423 -0.1426
5.9608 0.1607
5.5721 -0.5454
7.1488 0.9620
4.3011 -0.3219
4.0942 -0.1880
5.0564 0.1980
4.5325 0.0292
5.6175 -0.7647
4.3347 0.5830
5.0608 0.7636
4.4161 -0.4820
4.8456 0.1836
5.7507 0.3703
4.6552 0.2125
5.3672 0.3851
4.9826 -0.4181
4.9725 -0.0897
4.2697 0.1050
5.2140 -0.0067
4.9989 -0.0011
5.1125 -0.4317
5.1511 0.0303
5.0781 0.2223
5.5552 0.5215
5.6856 0.1210
4.6447 -0.4622
4.8272 1.3961
5.4036 0.0322
7.5605 -3.2540
5.2097 1.9437
4.6644 -0.4457
4.7182 0.4491
8.2637 0.2535
3.7225 1.7775
4.3239 -0.6487
4.7901 0.5805
5.6993 0.6261
6.9487 2.4719
4.8092 0.8185
4.6334 -0.6109
4.4322 0.4909
5.1764 0.5766
4.8149 -0.2277
4.7852 0.9128
5.6108 -0.4888
4.9266 0.1461
4.5386 0.8399
5.0612 -0.0301
5.1153 -0.7749
5.1866 0.8353
4.8145 0.5254
5.0572 0.5910
5.7196 0.1496
5.5229 -0.6763
4.0787 0.3352
4.4808 0.2511
4.2697 -0.5336
5.0333 -0.0254
