-1.9467 -2.4465 0.2333
0.0155 0.0721 -0.7659
0.0332 -0.0782 -0.0843
0.0634 -0.0693 -0.9306
0.1060 0.0378 0.6344
0.0928 0.2163 -0.3882
-0.2693 -0.4299 -0.4795
0.8966 -2.1409 -1.5857
-0.1438 0.0307 0.6880
-0.1011 0.0044 0.2549
0.4452 0.0363 -0.8243
-1.7257 1.7270 -1.0592
0.7209 0.2268 -0.1609
0.5670 -0.0610 0.4092
0.7450 0.4781 0.4648
0.2813 0.8037 -0.2277
0.0108 -0.0442 0.0045
-0.0722 0.0696 0.0274
0.0404 -0.2596 0.0305
-0.7108 -1.2672 1.8389
3.9994 0.0113 -0.1770
3.2899 -0.4432 -0.2395
3.8641 -0.0496 0.5801
3.9601 -0.0077 0.0144
4.0285 -0.4840 0.7739
4.0005 -0.0001 0.0005
3.9661 0.0023 -0.0027
4.5756 -0.0390 -0.0955
4.0023 -0.0006 0.1242
3.9536 0.0128 -0.8473
3.9983 0.1118 -2.7122
4.0187 0.0021 -0.0057
4.0218 0.0011 -0.0700
3.9968 -0.0416 1.7438
3.4868 0.5884 -0.1485
4.3068 0.4090 0.3831
4.2686 0.2764 -0.3923
3.6970 -0.3940 0.2181
3.4556 0.0301 0.2651
3.9120 -0.1287 -0.0687
