0.1971 0.0643
0.0288 0.6700
-0.6097 -0.3665
0.1520 -0.4161
-0.0362 -0.1125
-0.3181 0.3357
-0.3883 -0.3178
0.1379 -0.6468
0.1264 0.0175
-0.1651 -0.2302
0.6638 -0.0262
0.3311 -0.5640
-0.4077 0.7054
1.5500 -1.3197
0.8079 -0.2390
-0.2119 -1.6793
-0.0239 0.0105
0.3946 0.8616
-0.1174 -0.1275
-0.4845 -0.1742
0.9167 -0.1132
-0.7512 -0.6080
-0.6650 -0.5234
0.5496 -0.3235
-0.8848 0.0590
-0.1116 0.5646
0.1304 -0.2483
0.6380 -0.9411
-0.5683 -0.2389
0.1324 0.8353
-0.6683 -0.2882
-0.2232 -0.1017
-0.0067 0.2469
-0.4357 -0.0896
0.4746 0.3718
-0.1819 0.1794
-0.3011 0.8572
-0.3935 -0.0363
-0.0873 -0.4377
0.0225 0.3332
0.8208 0.3179
-0.0010 0.0265
-0.7092 -1.0676
0.7756 -0.3744
-0.0589 -0.0351
0.7995 0.4230
0.0632 -0.0340
-0.1827 0.7870
-0.8459 0.4432
-0.1556 0.1966
-0.6460 0.2658
0.5814 -0.4419
-0.0661 -0.0388
-0.0102 0.0112
0.3169 0.3552
-0.8712 0.3541
0.4236 0.5036
-0.1450 -0.1254
0.0144 0.0115
0.2948 -0.4872
-0.4909 0.6662
0.4519 0.5153
-0.1179 -0.1128
-0.7429 -0.2802
0.5713 0.1300
-0.6643 -0.4238
-0.2278 -0.9249
0.0626 0.0051
-0.6330 -0.0483
-0.2994 0.7398
0.4775 0.7899
0.6673 -0.5724
0.1086 -0.2410
-0.4601 0.0262
0.1783 0.3312
-0.3699 0.3653
-0.0607 0.3339
0.0280 -0.3781
-0.1098 -0.6723
0.0854 -0.0502
-0.5246 -0.0023
0.2923 -0.9177
0.1857 -0.0133
-0.6592 -0.1893
-0.0155 -0.3618
0.1035 0.0282
-0.2902 0.3612
-0.1279 0.0272
0.8142 -0.4813
-0.2671 -0.2032
-0.6544 1.6857
0.1364 0.3673
0.0155 0.0218
0.2722 0.7941
0.3170 0.1252
-0.1758 0.0278
-0.3920 -0.1161
0.0289 0.0740
-0.2113 0.5662
-0.2663 -0.6798
