-0.4045 -0.1081 -0.7742
0.6204 -0.4564 -0.1326
-0.2160 -0.0820 -0.9080
-0.0988 0.1501 -0.5061
-0.0666 -0.1051 0.5700
0.4412 0.0246 -0.4565
-0.4728 0.0291 -0.4087
-1.5772 -0.0083 1.0551
-1.0006 1.0641 1.5114
-0.0553 0.1029 -0.8722
0.0357 0.0462 -0.0896
-0.1656 1.3070 0.5308
0.2597 -0.0336 -0.2290
0.1119 -0.2094 0.2038
0.3668 -0.0239 -0.8916
-0.4898 -0.6044 0.0608
-0.1897 0.2308 0.0642
0.2638 0.7080 -1.8806
-0.1254 0.6173 0.6837
-0.0350 -0.0201 0.0107
-0.2661 0.4538 0.2462
-0.0315 0.0041 -0.5752
0.1992 0.5047 -1.3822
0.8622 -0.5982 -0.9421
0.1434 0.0631 0.0276
0.0912 0.1503 -0.0100
-0.0630 0.0364 0.0059
-0.0794 -0.0168 -0.1636
-0.6555 0.5126 0.3353
0.7978 -0.2316 0.0302
-0.4524 0.2584 -0.6068
0.3361 0.4289 0.2119
0.3435 -0.1385 0.2095
-0.2482 0.1815 0.3744
0.0116 0.3605 -0.1263
-0.6795 0.2033 0.2618
0.7334 0.1776 0.3367
0.0231 -0.1256 -0.8081
0.1754 -0.1327 0.8472
0.1931 0.0142 0.0890
0.3648 0.2847 -0.0663
0.0403 0.6952 0.6062
0.6343 -0.6960 -0.2844
0.0901 -0.2156 0.1388
0.3685 0.0684 -0.4362
0.4011 0.3104 0.1324
0.0537 0.0079 -0.0794
1.5557 1.0425 -0.2924
0.0618 0.4011 0.3211
-0.0498 -0.3542 0.3707
