0.1297 -0.0219
-0.5329 -0.9424
-0.5044 -0.4404
0.5278 0.6667
-0.0862 -0.1670
0.3637 0.6749
0.1947 1.0038
0.0275 -0.9910
0.3330 -0.4485
0.8533 0.6800
0.0806 0.4430
0.3196 0.5753
0.0574 -0.1847
-0.2468 -0.9439
0.0033 -0.0085
1.0748 0.1569
-0.4496 -1.0921
-0.0280 -0.3051
0.2156 0.7465
-0.3728 -0.1229
0.5393 -0.3612
0.3308 0.5737
-0.0023 0.0039
-0.1823 0.3041
0.0236 0.9198
0.4644 0.1439
-0.5417 -0.0196
0.6462 -0.5371
0.3175 0.8947
-0.4229 0.2892
0.0626 -0.6185
0.2231 -0.6424
-0.1174 -0.4653
-0.0521 0.0551
-0.0218 -0.0855
-0.5337 0.2442
-0.0041 0.6795
-0.4346 -0.3789
-0.0872 -0.1627
0.5754 0.1742
0.7168 -0.1504
0.5102 -0.9141
0.3283 -0.2806
-0.4009 -0.4968
-0.0390 0.0116
0.1327 -0.7199
0.6774 -0.2691
-0.1090 0.5074
-0.0945 0.3832
-0.4982 -0.6002
-0.4960 0.2045
-0.9741 0.0953
-0.0211 -0.4509
-0.0734 0.2537
0.0873 -0.0271
-0.0220 0.1221
-0.0246 -0.3303
0.8510 0.2345
-0.2833 -0.8079
-0.4459 -0.7680
0.1032 -0.0286
0.4638 -0.4640
0.3251 -0.1951
-0.3750 -0.5382
-0.1214 -0.3452
-0.0696 -0.9121
0.6763 -0.6486
-0.1260 0.4080
0.1693 -0.7518
-0.2940 -0.5893
-0.1770 -0.4230
-0.3266 -0.8400
-0.0137 0.1945
-0.1385 0.1178
-0.0524 -0.8705
-0.7397 0.5147
0.2779 -0.7349
-0.5730 0.1585
0.0015 -0.0012
0.6082 0.1028
0.0158 0.0893
0.5485 -1.0476
0.6618 0.1472
-0.4123 -0.4314
0.6780 -0.3449
0.1730 -0.7216
0.0328 0.2140
0.1321 -0.3956
-0.4879 -0.6198
-0.0580 0.7119
-0.2832 0.6116
0.8977 -0.7303
0.6980 0.7063
0.4261 0.1080
0.7586 0.6147
-0.0016 -0.0127
0.4094 0.5371
-0.5188 0.4837
0.4569 0.1322
-0.4935 -0.8331
0.0254 0.5739
-0.1803 0.0718
0.3873 0.2880
-0.3004 -0.2503
-0.9660 0.3647
0.0283 0.5635
-0.1403 1.1555
0.6848 -0.1105
0.2420 -0.4877
0.7154 0.0486
-0.3196 0.8323
0.1101 0.1577
0.2371 0.8392
-0.3979 -0.5070
0.0013 0.0523
0.0117 -0.0725
-0.9095 -0.5184
0.1699 -1.0968
0.2196 -0.1421
0.3063 -0.0139
0.2078 0.3549
-0.7027 -0.3547
-0.1142 -0.6848
-0.2301 0.4803
-0.0098 0.0403
-0.1584 -0.1994
-0.0754 -0.4478
-0.7392 0.1039
0.0949 0.0572
0.0095 0.6309
-0.1022 -0.1271
-0.6544 -0.4844
-0.7521 0.4109
-0.5910 1.0017
0.1561 -0.3804
0.3296 0.1250
0.5919 0.7703
0.2016 0.6171
-0.2965 0.4989
-0.1132 -0.1226
0.8639 0.0108
-0.3498 0.9606
0.9425 0.0784
0.3914 0.9248
0.0411 0.1703
0.2321 -0.6511
-0.0191 -0.8329
-0.4508 0.7392
0.0217 -0.1200
0.0242 0.0397
0.2079 0.1138
0.9041 0.3986
0.8612 0.1220
0.7509 -0.5627
-0.1282 -0.0726
0.1194 -0.0082
-0.0472 0.2037
1.0230 -0.5359
0.4171 -0.0900
0.3504 0.4510
0.0007 0.0211
0.0077 -0.9604
0.2207 0.0322
0.3653 0.9982
0.7165 -0.5242
-0.1040 0.4682
-0.1229 0.1168
-0.9990 0.0023
0.0296 0.8203
-0.8710 0.2366
0.8754 -0.0805
0.0596 -0.7911
-0.1869 0.0501
0.3507 -0.3507
0.1365 -0.2906
0.3543 -0.6589
0.2388 -0.1039
0.0641 -0.2401
0.0607 0.6176
1.1311 0.1410
-0.1063 0.2694
-0.2591 0.5725
0.1054 -0.0142
-0.8580 0.7838
0.3730 -0.2237
-0.2064 0.8593
0.6722 -0.3356
0.3680 -0.8355
0.5674 0.4457
0.6183 -0.3648
-0.1314 -0.1463
-0.3074 -0.0054
0.3669 0.8372
0.3157 0.3717
-0.5442 0.5855
-0.3268 -0.0888
-0.4018 0.1307
0.1675 0.7988
0.4972 0.8426
-0.2261 1.0498
