-0.3391 0.2278 -0.3043
-0.0085 -0.0017 -0.0056
-1.1263 -0.8229 1.1032
0.0140 0.1734 0.0817
-0.0861 0.0439 -0.1737
0.0932 -0.7829 0.5695
0.1528 -0.0094 -0.2891
-0.0157 -0.0083 -0.2298
0.0703 0.1112 0.1929
-0.1342 -0.0394 0.2400
0.0269 -0.0465 0.1542
-0.8881 0.3906 -1.0168
-0.0250 -0.2141 1.9274
0.1979 -0.5267 0.1232
0.0548 0.6143 1.0554
0.5860 -0.0378 -0.2808
0.2872 -0.3475 2.4205
-0.1984 -0.0163 0.0661
-0.4503 0.4390 -0.5341
-2.0250 0.4299 0.9695
0.0193 0.2065 -0.0866
-0.0253 -0.1117 -0.4641
-0.1251 0.0348 -0.0298
0.5042 0.1338 -0.3678
0.1238 -0.1304 -0.1047
-0.0033 0.0381 -0.0443
0.0010 -0.0026 0.0115
-0.0326 -0.1163 0.4004
0.0000 -0.0003 0.0026
0.5578 1.7199 3.1407
0.0295 -0.0547 -0.0172
0.0114 -0.0057 -0.4511
-0.0997 0.0981 -0.0884
0.0846 0.1928 0.7232
-0.2274 0.6922 0.3270
-0.1441 -0.2544 -0.1821
-0.0508 0.1152 -0.5466
-0.0045 -0.0407 -0.2299
-0.0072 0.0220 -0.0791
-0.0026 -0.0013 -0.0141
-0.0237 0.3271 0.6566
-0.0460 0.0369 0.6239
0.4041 -0.2532 0.0236
-0.4079 -0.6568 -0.5692
-0.0799 -0.4057 0.4245
0.0241 0.0662 -0.0997
-0.0057 -0.0118 0.1014
0.7955 -0.7852 -3.5123
-0.0606 0.0061 -0.0885
0.1892 -0.2746 -0.7005
-0.4554 0.1013 -0.3750
1.8661 -0.7942 1.0524
0.3219 -0.1514 0.3208
0.2259 0.3739 -0.6991
0.0432 -0.2170 0.1823
0.2328 -0.0597 0.5323
-0.0086 0.1271 0.3913
0.5045 -0.2399 -0.9595
0.0945 -0.1503 -0.1284
0.0252 0.0522 0.0293
-0.1409 0.2500 0.7893
-0.1238 0.0879 0.0574
0.2162 0.0596 3.0014
0.1202 -0.0211 0.6569
-0.8242 0.1723 0.1715
0.0219 0.0234 0.0174
0.0604 0.1136 0.5506
-0.1298 -0.1772 0.7602
0.1514 -0.3697 0.5835
-0.0366 0.1889 -0.5771
-0.1906 -0.0793 -0.2577
-0.4000 0.3668 -0.2121
0.0837 0.0400 0.2127
0.0080 -0.4093 -2.8908
0.8690 0.3145 0.3054
0.1664 0.0764 -0.5955
0.0085 -0.0112 -0.2177
-0.0193 0.0485 -0.2597
1.8933 -2.0039 0.3418
0.2402 0.0506 0.2329
0.0469 -0.1800 0.8443
0.3278 0.6753 0.2178
0.3428 0.4994 -0.5335
0.0218 -0.0203 -0.0179
-0.0056 -0.0004 -0.0037
0.1134 -0.1158 0.0071
-0.1856 0.5438 0.6628
0.6026 0.0496 0.3671
0.0934 0.2378 0.3967
-1.7391 -0.9988 1.6281
0.2352 -0.1216 0.1513
-0.0662 -0.0773 0.0942
-0.1109 0.2235 0.2470
-0.0478 0.0275 0.2329
0.1265 -0.1396 0.5246
0.0007 0.0010 0.6384
-0.1899 0.0144 -0.6068
-0.0088 -0.0102 -0.0817
-0.1629 0.3969 -0.8702
0.1801 -0.0320 0.4825
-0.1858 -0.5121 0.6968
0.0133 -0.2388 -0.4956
-0.0470 -0.3878 0.9044
0.1789 0.2298 0.3243
-0.2046 -0.0329 -0.2972
0.0470 0.0009 -0.2690
-0.1197 0.0162 0.2669
0.0787 0.0695 0.0031
-0.1179 0.0625 -0.7554
-0.0132 -0.0035 0.0116
-0.3698 -0.7589 -1.5241
-0.1010 0.3601 0.8902
0.0043 0.0087 0.0095
-0.0784 0.0842 -0.5628
0.2905 0.3595 -0.1006
2.0720 1.7318 2.2178
-0.0014 0.0164 -0.0959
-0.0932 0.2406 0.9480
0.0075 -1.2580 1.1161
-0.0828 0.3619 0.6702
0.2042 -0.1308 -0.3839
-0.0809 -0.1548 -0.0505
-0.0284 0.0312 -0.1098
0.0867 -0.1773 -0.0316
-0.0301 -0.0321 0.0758
-0.0093 0.2186 -0.0768
-0.1982 -0.2502 0.5281
0.0656 -0.0481 -0.0331
-0.1159 0.2571 0.0020
0.3583 -0.3678 -0.6767
-0.6394 1.7453 -0.2884
0.0439 0.2465 -0.6172
-0.5858 1.4462 0.1060
-1.8227 -1.0037 -0.2093
0.0177 0.0269 -0.4728
0.6063 0.0534 -0.4513
-1.1300 2.6097 0.3669
0.0160 0.0017 0.4736
0.0208 0.1845 0.1814
0.0030 0.0200 0.2443
-0.0302 0.1965 0.4323
0.0591 -0.1162 -0.5279
0.0013 -0.0043 0.0303
0.0534 0.1853 0.4228
-0.2274 0.0965 -0.0378
0.0021 -0.0121 -0.0174
-0.0332 0.0044 -0.0372
0.2146 -0.1067 -0.0410
0.1875 -0.2782 -3.5090
-0.0038 -0.0160 -0.0560
-0.6922 0.4484 -0.0445
0.3627 0.2149 0.6664
0.1498 0.0358 0.0911
-0.5102 -0.3022 -0.6644
0.1927 0.2639 -0.4191
-0.0219 -0.0268 -0.0605
-0.3644 -0.2315 0.8969
0.3425 0.1444 0.0598
-0.4024 -0.2508 -0.3755
-0.0959 0.0785 0.2018
-0.1758 -1.4354 -2.4048
0.1644 -0.0917 0.0566
-0.0861 -0.3747 -0.9012
-0.3029 -0.0143 -0.2588
-0.3023 -0.7030 -0.3346
-0.1731 0.0725 -0.4869
0.4375 -0.2462 -0.4399
1.6261 -0.1377 0.7833
2.6141 -1.5124 -0.2456
-2.1908 -0.1669 -2.6527
-0.2641 -0.1696 -0.1493
0.0002 -0.0004 -0.0006
0.2310 -0.0963 0.3547
0.6306 0.1217 0.7322
-0.0184 2.1891 0.5956
0.1103 0.3939 0.0384
-0.4144 -0.4629 0.5285
0.5713 0.0185 0.1314
-0.0807 0.0104 -0.0158
0.0638 0.1640 0.0042
0.0171 0.0339 -0.0454
-0.2607 0.6348 -0.1585
0.0000 -0.0036 -0.1813
-0.0589 -0.0236 -0.8965
0.0003 -0.0021 0.1304
2.5078 -0.8915 -0.0475
-0.0084 -0.0103 0.0191
0.0079 0.0414 0.0480
0.3230 0.0160 0.1212
-0.0407 0.0931 0.0279
0.0169 -0.2256 0.6676
-1.1888 0.7919 3.3366
0.2990 -0.7485 -0.4956
-0.0164 -0.1055 -0.2722
0.0061 0.0043 0.0216
0.1740 -0.0825 -0.0939
-0.0264 0.0292 -0.8092
0.0194 0.1134 -0.3608
0.2838 -0.0252 0.1932
-0.3760 0.1143 -0.9359
