0.0937 -0.1649 -0.2065
0.0486 -0.1799 0.5233
-0.1745 0.0582 0.3907
0.5238 -0.1479 -0.2325
0.1917 0.1347 0.1240
0.1702 0.4492 -0.5970
-0.0345 0.0055 0.0550
0.0031 0.0128 -0.0240
-0.0845 0.1961 -0.0518
-0.3468 0.4595 -0.5520
-0.2705 -0.3823 -0.5934
-0.2937 0.8026 -0.2460
-0.1565 -0.1127 0.0443
0.1138 0.0822 0.2180
-0.0209 0.0645 -0.3495
-0.0020 0.0022 0.0017
0.0477 0.2407 -0.4150
0.0064 0.2721 -0.1724
-0.7495 -0.1768 -0.5289
0.0102 0.0046 -0.0120
0.0027 -0.0004 -0.4813
1.0401 0.7505 1.0414
-0.1998 0.0843 0.3078
-0.3375 0.0568 -1.0861
-0.3192 -0.0013 -0.2300
2.6355 -0.0022 -0.8088
2.5018 0.0765 0.1215
2.4672 0.0787 0.3730
2.6638 -0.2314 -0.5981
2.4425 -0.2853 -1.0810
2.6541 -0.1160 -0.0805
2.6912 -0.2403 -0.9325
3.0518 -0.7252 0.1130
3.1093 -0.0775 0.6041
2.4965 -0.0144 -0.0069
2.5159 -0.0076 -0.0056
1.3662 0.4575 -0.2265
2.6220 0.3365 -0.2643
2.6866 0.9183 -0.0087
2.5116 0.0665 0.5645
2.4343 0.1311 0.0490
2.6226 -0.2928 0.6266
1.1487 0.1825 -0.3198
1.4686 -0.1832 0.6438
2.8259 0.0898 -0.6969
2.6220 0.0697 -0.0931
2.4829 -0.0490 -0.4090
2.6313 0.0639 -0.0181
2.5252 0.1093 -0.5170
2.1702 0.3401 -0.9010
