-6.303501472517304416e-01 5.373726946561429019e-01
-1.515940775091647597e-01 -1.829722611617345951e-01
-4.681352261951742810e-01 1.090495896562538869e-01
2.075230384212303422e-02 6.953426211165678605e-01
-3.093257878319339849e-01 -3.301662522313437154e-01
9.807532160930740872e-01 1.951164431946243172e-01
2.349453667594192732e-02 -9.601537941007673438e-02
-4.567713861984900037e-01 -6.145200469837228986e-03
5.957103236740387553e-01 7.172039270474892536e-01
1.619847339742151449e-01 2.908504151702978047e-01
-7.034487819740963266e-01 1.555164340114346122e-01
2.296986831440383722e-02 -5.861606164826060027e-03
-3.937017505098387021e-02 5.333782520523185121e-04
-1.067692821963508870e-01 7.210131038873852649e-01
1.491481414667737426e-01 -2.848888896002677029e-01
1.194888201525622501e-01 -9.563066768096147863e-01
4.930825283047250984e-01 1.241104532794553572e-01
2.487788354468082330e-01 -8.388094894905340215e-01
7.115087738646916904e-01 -5.860760534700415469e-01
4.301461445711592113e-02 1.297984548583231978e-01
5.073841862124855995e-01 -2.068297768415184867e-01
-2.390950723548590784e-01 -1.821721622156258769e-01
-8.170130394046171141e-01 2.273999336435223173e-01
-3.856758370062580987e-02 8.520910904974658973e-01
-4.370369376629243963e-01 -2.326689541139316808e-01
-1.418771260117498989e-01 -3.029769492154706367e-01
7.325049442001853317e-02 8.853384343983015103e-01
-8.311931152591760241e-02 2.586168851161094184e-01
-1.825469430913102264e-01 2.746698138704986580e-01
3.889226356565871345e-01 -1.031642783625798393e-01
-1.889154383916056001e-01 -1.962430033388907480e-01
3.917851033425212570e-01 -5.369421420769346920e-01
-4.842814759627259713e-01 5.911171915724152542e-03
-1.649586761371812649e-01 -1.969327586762912585e-01
4.649450531313223944e-01 1.547997075345297624e-01
-6.370855485042458133e-01 -7.967959796588133803e-02
1.947785916093232039e-01 5.782457019025463024e-02
6.690001640456765264e-01 -2.953451105533453913e-01
-5.188509798466445916e-02 -6.654476178691056676e-01
-7.644284357335613678e-02 4.380367638174846312e-01
-2.506519755924146997e-01 -4.893511399733279643e-01
5.181261569317697768e-01 6.005939332983457613e-01
7.959412776474733553e-01 1.355736860833778867e-01
3.151535414775114563e-01 -4.315980322863970375e-01
9.020840182521350226e-02 -8.478655084216074611e-01
-2.827685571413445231e-01 6.470706691030066182e-02
6.233979685608204147e-02 7.559785161824102984e-01
-6.836609111949470963e-01 6.284754150166781128e-02
-1.978886808958448679e-02 4.614072328988638172e-01
-4.249325407712402636e-01 1.738704105636557640e-01
3.146151038565250690e+00 2.976201093662194097e-01
3.845037385381140371e+00 2.882802822490450056e-01
4.026708918464788844e+00 3.459882761795107786e-02
3.876744525526739427e+00 2.416569554483297411e-01
3.767715309549666713e+00 -7.249010991387512537e-02
4.175725351286223130e+00 -2.486161628835157483e-02
4.019649320567833861e+00 1.628426690629428408e-01
4.035973314918273047e+00 -3.588837230891961383e-01
3.855788078376802375e+00 -4.857581015986510153e-01
3.891413343575243822e+00 2.263657960240376410e-01
3.678751354950186681e+00 -4.475678517382474797e-01
3.923058658990845160e+00 -9.521471808680321836e-01
3.876418007855835679e+00 -1.237984245446374365e-01
4.087128091994225443e+00 3.582616251348191144e-02
3.814778884264427905e+00 9.684614221814270840e-02
3.948943660308664949e+00 -4.796438012878192492e-01
4.017520825809285157e+00 1.094251201353532710e-02
4.473725112905333035e+00 -2.000997093650567771e-01
3.877991355220336445e+00 4.377959621944738089e-01
4.242159444151717196e+00 8.895863530260704755e-01
3.466364271592236701e+00 1.712935346612281251e-01
3.572616845318839829e+00 -8.176030198019408335e-01
3.810100796000944090e+00 -1.548123401362791751e-01
3.899353688044595145e+00 8.906290872199237318e-01
3.546020457481900312e+00 2.501041449833358438e-02
4.275875928275873150e+00 -7.692547700918166420e-01
3.642279389473766837e+00 2.243561593607346638e-01
4.251700452692283250e+00 5.953791222108710812e-01
3.440288985530793653e+00 -4.782548200334785782e-01
4.108389432114539552e+00 -5.306698437284986802e-01
4.131709830365194236e+00 -7.523027635309078587e-01
3.930163637382800612e+00 8.013096898635211351e-01
3.081309370144380111e+00 -3.673689603741843168e-01
3.953639045897934690e+00 5.605421052278501959e-01
3.875301418667443709e+00 5.834887526915494282e-01
3.626344784328408011e+00 8.417861067772756112e-01
3.727052925749748891e+00 -6.845757870883381058e-01
4.003875953180538794e+00 1.616409682981928900e-02
4.486980715853602142e+00 8.692815232799411262e-01
4.169639907945485113e+00 -6.338609224524384134e-01
4.007499927361460657e+00 -4.067052148703495518e-01
3.885696466230329715e+00 -2.001768477906639143e-01
4.453162507649962798e+00 -5.014600964758060275e-01
4.028079020758381645e+00 -7.369350944204454690e-01
3.248510065859548934e+00 -6.129106720218249205e-01
4.010034499181672984e+00 -1.024145191778126907e-01
4.005631617121264476e+00 -5.785125338712245879e-01
3.489145811063609770e+00 2.188024115912071965e-01
4.816278613195377645e+00 6.820295056224448364e-03
4.466901478397130809e+00 -4.230877489349234577e-01
