0.4531 0.3287
0.2035 0.5468
-0.2847 0.2983
-0.1846 0.7764
0.4122 -0.1014
0.4884 0.4970
-0.9928 -0.0148
0.6833 -0.1943
-0.3704 -0.3257
0.6333 0.0358
-0.0025 -0.1709
0.0292 0.2764
-0.3387 -0.7024
-0.2873 -0.0385
-0.3315 0.4044
0.2808 0.8849
0.3497 -0.1282
-0.2550 0.6300
-0.4740 -0.6346
-0.1126 0.0844
0.7677 0.5893
0.2966 0.8639
0.4617 0.0613
0.0977 0.1455
0.3875 -0.6725
0.0594 0.0951
-0.3132 0.1547
-0.2618 -0.4380
-0.3402 -0.7989
-0.2360 -0.0663
-0.2012 -0.6644
0.2225 0.7631
0.3238 -0.0394
-0.4295 0.0531
-1.0283 1.5383
0.5542 0.1813
-0.4339 0.4355
0.0125 0.1073
0.4669 0.1452
-0.6247 0.4257
0.4043 0.2989
-0.2253 -0.1671
0.0121 0.0541
-0.2051 -0.0213
0.4186 0.5892
-0.5130 -0.2070
0.9114 0.1634
0.0867 0.3531
0.1292 -0.1587
-0.1503 -0.4738
-0.0029 0.0658
-0.4129 -0.6341
-0.7286 -0.0476
-0.0816 0.0647
0.5317 -0.6435
0.3802 0.1914
0.8194 0.3004
-1.1797 0.4830
0.1658 0.1791
-0.2022 -0.8391
-0.0124 -0.1678
-0.2205 -0.1079
0.0019 -0.6024
-0.3614 0.3732
-0.7335 -0.2355
-0.6786 0.0325
-0.1453 0.0450
0.2020 -0.3839
0.4103 -0.2147
0.0210 -0.1235
1.8548 0.4853
-0.7591 0.4683
0.1571 -0.0982
0.3208 0.9143
-0.1111 0.2448
-0.0430 0.6771
0.1860 -0.3795
0.2718 -0.6694
-0.3272 0.0800
0.1371 -0.1108
0.0510 -0.1318
-0.1380 0.2495
-0.2178 0.9563
-0.0964 -0.1377
0.0322 0.0809
0.1751 0.1900
0.0118 -0.0063
0.1290 0.5463
0.3986 -0.6228
0.0175 -0.1276
-0.1052 0.0966
0.0488 0.0436
0.1078 0.4686
-0.0954 0.7507
0.0003 0.3049
-0.5024 0.2540
0.3796 0.3804
0.1293 -0.0129
0.6817 0.1527
2.8772 -1.3396
-0.1686 -0.4656
0.4582 0.7405
0.3367 0.8711
-0.2251 0.1420
0.2044 0.1235
-0.8629 0.0391
-0.1324 0.1062
0.6002 0.3543
-0.2026 0.0417
-3.4093 -0.1061
-0.6790 -0.6751
-0.0064 0.1882
0.0606 0.3933
0.7062 0.5795
0.2217 -0.2860
-0.6168 0.2012
-0.6614 -0.4229
-0.6647 1.5269
0.2266 0.8630
-0.0675 -0.4427
0.6607 0.3220
0.0283 -0.0738
-0.0859 0.2540
0.0045 -0.0071
1.6405 -1.5251
-0.1895 0.1867
0.2027 0.6730
3.1695 -0.9562
0.0564 0.1378
-0.1653 -0.0807
1.1584 -1.6615
-0.9522 -0.9678
0.3928 0.1101
-0.1846 0.0495
0.2722 0.1390
-0.0163 0.1468
-0.3292 -0.3550
0.6139 0.3221
0.3912 -0.2203
-0.3983 -0.5079
-1.3812 -2.1347
0.9185 -0.1093
-2.4074 -0.3739
-0.0292 0.0084
-0.1144 0.0711
0.8361 -0.0282
0.6987 0.6185
0.7293 0.0614
0.3454 0.2339
0.6979 -0.6613
0.0207 0.0361
0.0230 0.0655
0.3717 -0.6964
0.0226 0.5030
-0.4046 -0.7141
0.1578 -0.7510
0.1213 -0.6645
0.4488 0.4974
-0.2123 -0.5053
-0.0705 0.3807
-0.0547 -0.7043
-0.4014 -0.2329
0.2051 0.1616
-0.4687 -0.6680
-0.4804 0.0667
0.4661 0.3224
-0.9348 0.2882
-1.0132 -0.5826
-0.9616 0.2498
0.3146 -0.4791
-0.3736 -0.0033
-0.1861 -0.0815
-0.4098 -0.7466
-0.3344 0.7777
-0.2614 -0.0048
0.6584 -0.3742
-0.7216 -0.1240
1.4017 -1.0480
0.1607 -0.1599
-0.5667 0.2007
0.2036 0.0581
0.0283 -0.0424
0.6719 -0.0447
0.0964 -0.1092
-1.3455 -0.2197
0.4992 -0.0042
0.3863 -0.3358
1.5028 -2.0182
-2.3705 1.7445
0.8061 0.4306
-0.5787 -0.5250
0.0187 0.0051
-0.1679 -0.4179
-0.5815 -0.3487
-0.0506 -0.9069
-0.8592 -0.4901
0.2382 -0.5206
1.1008 -1.7590
-0.0915 -0.9921
0.5120 0.5790
0.1058 -0.0355
-2.0732 -0.4497
0.4232 -0.4909
1.1763 0.9946
-0.8091 0.3433
-1.0688 -3.3962
-0.8345 -0.5375
-0.6669 -0.2376
0.3583 0.6645
0.1953 -0.5949
0.2935 -0.0053
-0.4698 0.5232
0.0259 -0.0008
2.5645 -0.4814
-0.1973 0.2829
-0.1826 0.6027
1.9990 -1.5825
-0.2013 0.3435
-0.3168 -0.1075
0.2741 -0.4200
0.4381 -0.0117
-0.7942 0.1626
0.5323 0.2621
0.3812 -0.8367
-0.2976 -0.1263
-0.0342 -0.1011
-0.5674 0.6678
0.6565 0.2180
0.0586 0.7591
0.1768 0.0454
-0.2433 -0.5114
0.2070 -0.2659
1.1135 -0.4266
0.8105 -0.5228
0.5457 -0.3940
0.5536 0.1396
0.4576 0.4651
0.2286 0.0789
-0.1590 0.3070
-0.2220 -0.0453
0.2360 0.6335
-0.0577 -0.3563
-0.0514 -0.2041
-0.2862 0.5505
-0.6735 0.3107
0.0024 0.0042
0.0439 0.0082
0.9398 -0.0076
0.7213 0.2508
0.2335 -0.3663
4.1963 -0.6383
3.9886 -0.4006
4.0832 0.2818
4.5143 0.6181
4.3649 0.9371
4.4925 3.3120
4.6685 -0.9780
4.8318 -0.7859
4.7824 0.1103
4.4924 -0.0397
4.2957 0.3653
4.6492 0.3118
4.6354 -0.9639
3.9756 0.8347
3.9883 -0.2896
4.1992 -0.1391
4.6511 -0.1340
4.2708 -0.5330
5.2179 0.5288
3.6899 0.3528
4.3152 0.2972
4.9039 0.1496
5.0848 -0.1956
3.9758 -0.3817
4.9021 -0.4160
3.5050 0.9568
2.6955 1.2268
4.5786 -0.0448
3.9794 0.1023
4.5500 -0.4546
5.2207 1.6484
4.8142 -0.0916
3.1538 -0.4894
4.1992 -0.6730
3.1396 0.2091
4.3731 0.2784
4.3940 -0.3574
4.8353 0.2267
3.8439 0.6840
5.4572 -0.0708
4.5715 -0.3225
7.5828 -1.9916
4.4158 -0.0097
4.2961 -0.2456
4.4408 0.1796
4.8472 -0.8452
4.6995 0.3996
4.5228 0.0468
5.1524 0.2904
4.8931 0.7095
4.7444 0.0574
4.0613 -0.4500
3.6935 -0.5327
4.5911 -0.9610
4.4049 0.2377
4.8828 -0.2220
5.1836 -0.0320
4.6540 0.9727
4.3420 0.0107
4.8158 -0.4651
4.6184 -0.1110
4.1446 0.5215
4.2517 0.8988
4.1812 0.7285
5.4373 0.1648
4.2588 0.4487
4.5929 0.4834
4.0151 0.0323
4.2567 0.6646
4.0502 0.6370
4.6371 -0.1974
4.2492 0.1407
4.7494 -0.7724
7.4067 0.6605
4.7772 -0.2849
3.8607 0.3666
5.4009 0.0795
4.1779 0.0102
4.6994 0.9388
6.1340 1.0279
4.1001 -0.1620
4.5359 -0.7211
4.3700 -0.2443
4.3461 -0.0549
5.1127 -0.1887
4.8846 -0.1890
4.4583 -0.4596
4.8699 -0.7274
5.1952 -0.3036
4.3418 -0.8014
4.8337 0.4170
4.4565 0.7632
4.3428 0.4930
4.5028 -0.7036
4.1182 0.1728
4.6132 -0.7030
2.8367 0.7360
5.5474 -2.0793
4.4345 0.7298
3.7726 0.5992
4.2047 0.2618
4.8534 0.2982
4.5032 -0.0036
4.7618 0.6567
5.1972 0.4876
5.2645 -0.5348
4.4912 -0.0580
6.2576 0.1732
4.6984 0.4599
4.6493 0.0944
5.0114 0.3622
3.5628 -3.2749
4.4324 0.9278
4.7293 -0.0844
4.2173 -0.0710
4.2025 -0.7995
4.4117 -0.0033
4.2122 0.0821
4.7546 0.0703
4.3841 -0.1082
4.3127 0.0947
4.1959 0.4972
5.0305 0.3111
3.6913 0.2080
4.2313 -0.2607
4.0468 0.0311
4.1341 0.1276
3.6393 -1.1851
4.7510 -0.0043
4.1970 -0.9007
4.2685 -0.1973
4.3789 0.2230
4.5800 -0.3293
3.9439 -0.3912
4.3989 -0.4537
4.1646 0.7084
3.9128 0.3454
4.3865 0.0937
4.0202 -0.0112
4.6880 0.4342
3.9837 -0.4416
4.5036 0.0260
4.6218 0.6546
4.9233 0.1989
5.3507 0.1056
4.0217 -0.0632
4.3211 -0.5419
4.6793 -0.5094
4.3969 -0.3992
4.6912 -0.5994
5.0551 0.7741
4.1842 -0.2017
3.9485 0.0791
4.5767 0.2392
4.3700 -0.7965
4.1353 -0.2229
4.6025 -0.0634
4.5418 0.1011
5.3749 0.1582
4.7515 0.8422
4.0803 0.7763
3.9720 -0.0059
4.0511 1.7741
4.7867 0.6015
5.4741 0.0755
4.4039 -0.2583
4.1558 0.2054
4.9729 -0.4822
4.6471 -0.0524
4.4602 0.7447
4.5214 0.1468
4.8810 0.4162
4.7697 -0.5985
4.3715 -0.0648
4.9290 0.0431
4.5952 -0.1131
4.6379 0.1927
4.3302 -0.5201
4.2139 0.1221
4.5679 0.0646
5.5599 -0.9869
4.9518 0.4149
5.1421 0.0110
4.6143 -0.4102
4.5044 -0.3383
4.7237 -1.0410
4.8745 -0.2201
4.8384 -0.2907
4.3665 0.1338
4.5049 0.0326
4.1779 0.4623
4.4018 0.0411
3.9121 -0.0626
4.1529 0.1454
3.5957 -3.4427
4.2209 -0.9458
1.7542 1.0490
4.3095 -0.5796
4.6025 -0.0588
3.3856 -0.4607
4.9225 0.6830
4.5929 0.0053
3.4542 0.7429
4.5571 -0.3063
5.0350 0.5274
4.6507 -0.1695
4.4213 0.3584
4.5229 0.0844
4.4633 0.5082
5.1566 -0.5909
4.4600 0.2523
4.1626 -0.3121
4.5069 0.0034
5.2282 -0.4876
4.7692 -0.3909
4.0072 0.2954
3.7042 0.0813
4.8397 0.3092
4.1853 0.2506
4.9156 -0.1352
4.4978 -0.0013
5.0324 -1.5887
4.4845 -0.0263
4.6139 0.0702
4.8930 -0.0833
4.5791 0.1168
4.9579 -0.5179
4.5450 0.1615
3.8767 0.4326
2.4344 1.6546
3.8216 0.1247
4.0632 0.2725
4.6772 0.7852
4.5504 0.3063
4.4658 3.2574
4.4727 -0.5978
4.7349 -0.0986
4.7168 0.2304
4.4544 0.3760
4.0047 -0.5734
4.2685 -0.0048
3.9771 0.8505
5.0765 -0.7975
4.1827 -0.5282
6.8404 0.1291
3.9576 -0.5017
4.1672 0.3767
4.7910 -0.3309
4.3662 0.3313
2.0368 -1.2504
