-0.0789 0.0811 0.0940
0.4740 0.5791 0.4249
0.0431 -0.7898 -0.1792
-0.2876 -1.4074 0.2763
1.1349 -1.7765 -0.1547
0.0329 0.1586 -0.1831
0.0216 -0.0096 0.0229
0.1789 0.6166 0.2998
-0.5336 0.1198 -0.4926
0.0005 -0.0017 0.0146
-0.0518 0.2682 0.1980
-0.0576 -0.0915 -0.6601
0.0386 -0.0071 0.5964
0.2917 0.0632 0.5296
-0.2171 -0.0443 -0.2243
-0.5823 0.3357 1.3986
-0.0152 0.0296 -0.0589
-0.2859 0.6563 -0.2046
-0.4285 0.8754 -0.3340
0.6881 0.2901 0.4072
3.4709 -0.2262 -0.5698
3.0020 -0.4345 -0.2863
2.9253 -0.4085 0.8459
2.3303 0.1921 0.6409
3.1566 0.0915 0.7269
3.0341 0.0075 -0.1479
2.9899 -0.2681 0.0594
2.9971 0.0172 0.3113
3.0262 -0.0676 0.0025
2.6214 -0.1098 -0.7972
2.2137 0.4607 -0.0428
2.8546 -0.0035 0.2398
2.8550 -0.0859 -0.0119
3.0080 -0.0015 -0.5107
3.0416 -0.0393 -0.0809
3.0182 0.1861 -0.8544
3.5067 0.1136 -0.3372
3.0555 -0.0339 -0.0220
3.7186 -0.5976 -0.1803
3.0873 0.0291 -0.0361
