0.1854 0.1612
-0.1091 -0.1910
-0.2296 0.5581
0.8452 0.2181
-0.1391 -0.0125
0.4001 -0.5105
0.0905 0.0030
0.6106 -0.7181
0.8785 0.2073
0.4526 -0.5888
0.2941 -0.6719
-0.9418 -0.2166
-0.2126 0.4524
-0.0006 0.0011
0.7064 0.4965
0.2905 0.4214
-0.6147 0.7812
0.0120 -0.5007
-0.3821 -0.3979
0.1623 -0.0273
-0.0785 -0.3593
-0.2173 -0.0597
-0.5430 -0.3129
-0.1646 -0.1018
-0.7086 -0.6125
3.9221 -0.0562
5.1179 -0.2576
4.4794 0.0796
4.4998 0.0003
4.5239 -0.8056
4.4747 0.7553
3.8857 -0.4816
4.4975 0.0377
3.8655 -0.1786
4.5799 0.1717
4.6275 -0.5964
4.4889 -0.0005
4.2521 -0.9448
4.0541 -0.4943
4.8253 -0.0308
5.1555 -0.1654
5.0467 -0.2076
4.0926 0.3558
5.0335 -0.4083
5.2050 0.0966
3.5380 0.0991
4.3711 0.6655
3.9969 0.1242
4.3703 0.4454
4.6191 -0.0452
