-0.8166 -0.4677
0.7553 -0.0360
0.2609 0.2875
-0.1287 -0.2153
0.2643 -0.3427
0.5304 -0.0824
-0.1759 -0.6004
0.1353 0.4430
0.2113 0.4633
0.8173 -0.0900
-0.3031 -0.8694
0.6140 0.5260
2.1321 -1.7091
-0.7670 -0.2678
1.4743 -1.1027
0.7599 -0.1584
0.2318 -0.3192
0.9425 -0.2145
-0.4768 -0.1184
-0.0255 0.3220
0.5680 0.0616
0.1856 0.4412
0.3466 -0.8486
0.2409 -3.5367
1.0253 1.2908
0.4092 -0.2381
-0.1914 -0.0986
0.2997 0.0427
0.0110 -0.0029
-0.5431 -0.2123
0.4627 -0.6495
1.1476 1.9809
-0.0746 -0.0136
0.0564 0.0487
-0.6413 0.5753
-0.5240 -0.5085
0.3338 0.2484
-0.1453 -0.4425
-0.7562 2.4677
-0.0949 0.0642
