0.0860 0.0438 0.2157
-0.1120 0.4928 -0.4046
-0.8860 -0.1446 -0.6214
-0.2674 0.2067 -0.0798
0.3700 -0.1205 0.0295
-0.4280 -0.7374 0.4599
-0.6706 -0.2696 0.2587
-0.2270 0.4112 0.5888
0.3045 -0.4160 0.7157
0.1718 0.2119 0.4853
-0.0114 0.0686 0.3725
-0.1192 0.0845 0.0693
-0.8182 0.0045 0.4238
-0.0023 -0.0017 -0.0455
-0.6784 0.3187 0.5809
2.1036 0.0099 -0.4066
2.2585 -0.1913 -0.4204
2.1764 0.4377 0.2075
1.9770 -0.0534 0.0291
2.0319 -0.0226 -0.7319
1.9699 0.1163 0.2419
1.9942 0.0555 -0.0278
1.6303 -0.0508 0.8110
2.1068 0.1121 0.0503
2.4323 -0.6377 -0.8455
1.9691 -0.0489 -0.2209
1.6206 0.5533 0.3922
2.2293 0.2307 1.1262
1.5042 0.3193 0.1968
2.0470 0.1758 -0.1568
