0.1826 -0.0536 -0.0329
0.0201 0.1016 -0.0444
0.6978 -0.1295 -0.4008
-0.1258 0.5123 0.3548
-0.1945 0.0557 0.3021
0.0007 0.0029 -0.0025
0.2447 -0.3982 1.0346
0.8259 -1.8299 -2.0926
0.0587 -0.0579 0.1552
0.1315 0.2913 -0.8807
0.0836 0.2585 0.6728
0.0546 -0.0209 -0.0853
0.0603 0.2948 -0.1784
-0.0064 0.0561 -0.0131
0.1151 -0.2455 0.3522
-0.1361 -0.2568 0.0766
-0.2297 -0.9504 0.0828
-0.7451 -0.3201 -0.2481
0.2555 0.1276 0.1979
-0.1572 -0.0262 3.0562
0.5348 -0.2411 -0.2966
-0.0183 0.0063 -0.0564
-0.0015 0.0500 0.6676
-0.3486 -1.3396 -0.1606
-0.0666 -0.0154 0.1706
-0.2201 -0.1283 -0.1259
-0.0436 0.0082 -0.1698
-0.2150 0.2924 -0.7671
0.0790 0.1430 -0.1671
0.0610 0.1392 -0.0091
1.6353 -0.4332 1.5631
-0.2557 -0.4414 0.3855
1.5715 -0.8415 -0.7431
-0.4497 0.2137 0.6967
0.5353 0.0604 -0.5264
0.0068 -0.0062 -0.0082
0.1473 0.0144 0.0149
-0.4894 0.3518 0.2100
0.2633 0.5290 -0.3751
0.0136 -0.0401 -0.7974
