-0.1634 0.5534 0.5077
-0.6418 0.1218 0.1414
0.4527 -0.6735 -0.1420
-0.0624 -0.2678 0.0549
0.1063 0.0775 0.6969
-0.0104 0.1190 -0.3494
0.0084 -0.0413 -0.2458
0.0675 -0.0252 0.8597
-0.7492 -0.0043 -0.0356
-0.6503 -0.3968 0.2994
0.7578 -0.0127 0.1897
0.0607 0.3215 -0.7317
-0.0944 -0.0733 0.1307
-0.2113 0.1438 0.5278
-0.0780 0.0036 -0.7598
-0.1069 0.0506 0.2463
0.0262 0.1913 0.4240
-0.1983 0.0607 -0.2415
-0.0373 0.0446 -0.4013
0.1118 0.0429 -0.9599
0.0049 0.0075 -0.1011
0.0717 0.0203 -0.0593
0.0528 -0.1123 -0.1199
0.1017 -0.2796 0.4966
-0.0108 0.0540 -0.0609
2.9354 -0.4164 -0.2894
3.3209 -0.2020 0.0933
3.4905 0.0029 0.6262
3.5241 -0.0470 -0.0218
3.3009 0.0126 -0.6355
3.3554 -0.0354 -0.1582
2.8520 0.2171 0.4190
2.5997 1.4077 -0.4708
3.4319 -0.6018 0.3678
3.4550 0.0802 0.1769
3.5991 0.4504 -0.7379
3.5008 -0.0052 -0.3340
3.4191 0.2889 -0.1057
4.2095 -0.2014 -1.6756
3.6478 0.2139 0.1159
3.4268 -0.1663 -0.2854
3.1630 -0.4385 -0.3304
3.4473 0.0999 -0.5779
2.8655 0.7112 0.1010
3.4565 -0.4275 -0.9004
3.5024 0.0638 -0.1591
3.4943 -0.0011 0.0084
2.8041 -0.2903 -0.4560
3.4177 0.1699 -0.2961
3.4866 0.0458 -0.2473
