-0.5626 0.3945 -0.2197
0.0285 0.2126 -0.2944
-0.0012 0.0166 0.0128
-0.1087 -0.0243 -0.7641
0.1038 0.7418 -0.3936
-0.0295 -0.0412 -0.0711
-0.6744 0.0058 -0.2031
-0.0208 -0.0050 0.0048
-0.5105 0.1124 0.1238
0.1290 0.0491 -0.4896
0.3304 -0.4928 0.2559
0.0396 0.0170 -0.1170
-0.1803 -0.1093 0.0329
0.1575 0.0125 -0.7505
0.0003 0.4447 0.3422
-0.1402 -0.0347 1.7119
0.4224 -0.1386 0.1813
0.4684 0.1984 -0.6087
-0.1010 0.0232 0.0121
0.0891 0.0109 0.6501
-0.1412 -0.4309 -0.1943
0.2560 0.4400 0.5565
-0.1811 0.0133 -0.3246
-0.2110 1.7466 1.7604
-1.1966 -0.4209 2.5052
-0.4793 -0.3415 -0.9054
-0.0740 0.1490 -0.2027
0.2361 0.1996 0.9230
0.0210 0.0200 -0.7356
-0.2701 -0.8592 -0.0672
0.1954 -0.0169 -0.4521
0.0885 -0.0636 0.5170
-0.1328 -0.7524 -1.9324
0.0328 0.0191 0.1926
-0.4214 0.6530 -0.2521
0.0166 -0.0687 0.8672
-0.1275 0.1549 -0.7818
0.2217 -0.1742 -0.1058
-0.0661 -0.0943 -0.0143
0.0456 -0.0511 0.2158
0.5344 0.5543 0.4135
0.2679 0.2235 0.0964
0.1308 -0.0615 0.0436
0.1210 0.4631 0.6186
0.0021 0.0263 -0.9236
0.0842 -0.0439 -0.2917
1.3123 3.4850 1.5674
0.5582 -0.0468 -0.1771
-0.0893 -0.1782 -0.1417
0.8970 -0.1938 0.4696
