-0.2842 -0.2704 0.1708
-0.0245 -0.2147 -0.9092
-0.2815 -0.0739 -0.0237
0.0529 0.1260 -0.2090
0.3946 0.5755 0.6279
-0.0226 -0.1841 -0.1271
0.1275 0.0316 -0.6809
0.1153 0.1952 0.2044
-0.0300 0.0149 -0.0320
0.0351 -0.1706 0.0214
-0.2937 -0.3515 0.6795
0.6270 -0.0055 -0.2712
-0.0545 0.0748 0.1094
-0.2465 0.1014 -0.2703
0.0624 -0.0298 -0.1953
-0.0525 -0.3185 0.1446
0.5523 -0.2151 -0.6826
-0.0040 0.0022 0.0293
0.0002 -0.0048 0.0560
-0.3401 0.5065 -0.1154
-0.0554 -0.0466 -0.6450
-0.2994 0.1048 -0.6334
0.0221 0.0034 0.0116
0.0001 0.0001 -0.3713
-0.5322 -0.4227 0.4455
-0.0625 0.0626 -0.4684
-0.0085 0.0560 0.4768
-0.5324 0.3341 0.3618
-0.1135 -0.2018 0.7626
-0.4263 0.4755 -0.0096
0.1617 -0.2168 -0.1932
-0.0457 0.2400 0.0941
0.2864 0.2248 -0.1513
-0.0878 -0.0249 -0.1983
0.2740 0.0128 0.3404
-0.0059 0.0089 0.3837
0.3574 0.5141 0.6416
0.2309 -0.2230 -0.3280
-0.1959 0.1954 -0.6954
0.3177 -0.2290 0.2634
-0.1917 0.4082 -0.2508
-0.0064 0.0672 -0.3410
-0.3905 0.3598 -0.1696
0.1420 0.1930 -0.1032
0.2627 0.4856 -0.4514
0.4848 -0.0753 -0.2552
-0.0206 -0.0027 0.4532
0.1702 -0.0715 0.3714
-0.0144 -0.0378 -0.1753
0.0028 -0.0066 0.0051
-0.0672 -0.7949 0.0499
0.0127 -0.0541 -0.0981
-0.4510 0.0274 -0.2707
-0.1180 -0.0043 0.0623
-0.0644 -0.0531 -0.2711
-0.3842 0.0340 -0.4194
0.0751 0.0148 0.5351
-0.0029 0.0405 0.0135
0.4854 0.2694 -0.2876
-0.5275 0.4774 0.3529
0.0008 0.2752 0.0337
-0.0007 0.0019 -0.0019
-0.0036 0.0107 0.3750
0.5880 -0.6504 0.0362
0.5756 -0.2328 0.1362
0.0952 -0.0721 -0.1291
-0.2384 0.0958 0.6585
-0.0436 0.1286 0.6761
0.4668 0.8096 -0.0048
0.0957 -0.0487 0.1638
0.0323 0.0041 -0.1237
-0.0497 0.0351 0.0376
0.0069 0.0061 -0.0216
0.3380 -0.0944 -0.7139
-0.1913 0.0386 -0.2015
0.1412 0.0703 0.2406
0.0007 0.0378 -0.1281
-0.0011 0.0329 -0.2592
0.6213 -0.6434 0.3021
-0.0420 0.5186 -0.6473
0.0695 -0.4540 0.5603
-0.1874 0.0179 -0.3656
-0.0116 -0.0032 -0.0012
-0.1385 -0.1109 0.5204
0.1207 0.2163 -0.0415
0.1707 -0.6273 0.3981
0.3789 -0.0164 0.7779
0.1380 0.1139 0.5417
0.1707 -0.2102 -0.0056
0.4435 0.2357 -0.5821
-0.2184 0.1971 -0.2591
-0.6933 0.1291 0.2685
0.3105 0.5868 -0.7149
-0.8251 0.1634 -0.0998
-0.3173 -0.5888 0.3793
-0.0018 -0.0013 0.3737
0.0027 -0.0489 -0.5915
-0.1465 -0.9317 -0.3151
-0.0718 -0.4648 -0.1742
0.0241 0.0318 -0.0714
2.6441 0.1175 0.7232
2.4072 -0.1608 0.8618
2.3962 0.1107 0.8242
2.3966 -0.4641 0.7416
2.3218 0.1722 -0.0912
1.7508 -0.1984 0.3804
2.5663 -0.0214 -0.0054
2.7852 0.7192 0.3046
2.5473 -0.0112 -0.1516
2.3694 0.0244 -0.2444
2.8533 0.3575 0.5940
2.5824 0.0167 -0.1882
2.5351 -0.0643 -0.0306
2.5279 0.4167 -0.0861
2.8119 0.6820 -0.4325
2.1840 -0.1991 0.3805
2.4846 -0.0222 0.6428
2.4119 0.0042 -0.0054
2.5203 0.0260 0.3431
2.3510 -0.4740 0.3027
2.5283 -0.0529 0.6248
2.6826 -0.3587 -0.7294
2.5013 0.0156 -0.1190
2.6280 -0.6235 -0.0797
2.3689 -0.0653 -0.2173
2.8030 -0.1989 0.0888
2.5250 0.1147 -0.7394
3.0804 0.1149 0.2194
2.0797 0.0669 -0.4875
2.9074 -0.1672 0.0967
2.5233 -0.1989 -0.5785
2.5835 0.5840 -0.1287
2.2082 0.5441 -0.2578
2.4071 -0.3385 -0.8026
2.3524 -0.6011 0.6757
2.3336 -0.7046 -0.4588
2.2002 0.0488 0.8913
2.4274 -0.0733 -0.5712
2.0314 0.5457 0.5698
2.4969 0.0222 0.0177
2.3036 0.2811 -0.0072
2.7260 -0.6105 -0.6915
2.1722 0.0501 0.0199
2.2532 0.0227 0.3446
2.8616 0.1549 -0.0749
1.8161 -0.5601 0.4405
2.1601 -0.6488 -0.0487
2.5267 0.0150 -0.0576
2.5182 0.0754 -0.6953
2.5048 0.0097 0.0105
2.4382 0.1665 0.2216
2.0504 -0.3771 0.7117
2.1480 0.3139 0.4760
2.5889 -0.2095 0.2007
1.7340 0.2219 0.2515
2.7929 -0.2037 0.6680
2.3408 0.1187 -0.2888
2.2337 -0.0837 0.9427
2.1776 0.1765 -0.0363
2.4999 -0.0079 -0.1717
2.2708 -0.0784 0.3760
2.7356 -0.0550 -0.1441
2.3755 -0.6803 0.4971
2.4981 0.0033 -0.0235
2.6037 -0.0508 0.3067
2.1168 0.6600 -0.5006
2.0328 -0.0366 -0.5556
2.4833 0.0510 0.0427
2.5055 0.0043 -0.0764
2.3674 -0.3285 0.8399
3.0378 -0.0139 0.1880
2.5987 -0.1236 -0.0566
2.6535 0.3305 0.2306
2.8010 0.1414 0.8508
2.2395 -0.6261 0.1862
2.5172 -0.0748 -0.0348
3.3719 -0.0752 0.1209
2.4844 0.0195 0.0012
2.6070 -0.1179 -0.0441
2.8606 -0.3868 0.3103
2.4840 -0.0026 -0.0603
2.5867 -0.3404 -0.3457
2.7190 -0.3915 0.5827
2.3492 0.3325 -0.3014
1.8657 -0.5964 0.0260
2.0091 -0.4485 0.2810
2.5752 0.0131 -0.1993
2.4543 0.0688 -0.5881
2.6311 -0.1260 -0.5521
2.0075 -0.5146 0.3934
2.5466 0.0302 -0.2575
2.2880 0.6505 0.0149
2.7683 0.0514 -0.0121
2.4907 0.1571 -0.3098
2.2646 0.1332 0.7360
2.6451 0.0177 0.2273
2.1036 -0.2117 0.5386
2.7340 0.5046 0.6014
2.4204 -0.1190 -0.0870
2.4603 0.0673 -0.1145
