-2.1742 2.2235 0.1045
0.0820 -0.0702 0.7621
-0.3317 -0.0363 -0.3275
-0.3029 -0.3095 -1.5739
0.7514 -0.0021 2.4191
0.5021 0.6717 -0.4979
0.8273 0.2131 -0.1837
-0.0218 0.0262 0.1659
0.0023 0.0049 -0.0063
0.1514 -0.0545 0.3171
-0.0649 -0.0150 -0.0049
0.0275 -0.0382 -0.0362
-0.0783 -0.2188 0.7344
0.0045 0.0047 0.6021
-0.8976 0.1062 -0.1450
0.0136 0.0141 -0.0082
-0.4066 -0.0337 -0.0964
0.0098 -0.3013 -0.3258
0.0970 -0.0811 0.2264
-0.8153 -0.2577 -0.0484
-0.5571 0.2209 -0.2636
0.2864 0.2803 0.1788
-0.7719 0.3895 0.2579
-0.1972 0.0877 0.0835
-0.9489 0.2418 -0.1595
0.1661 -0.0804 0.2398
-0.4905 -0.3627 0.4915
-0.0378 0.2258 0.3646
0.4562 -0.6386 -0.0689
-0.0441 0.0639 -0.8051
0.5178 -0.3432 0.2809
-0.1974 0.3744 0.0500
0.1246 0.2710 -0.3810
-0.0013 -0.1450 -0.2789
0.5898 -0.5706 0.1003
0.0652 0.0336 0.0817
0.0331 0.0180 -0.0560
-0.6632 -1.1835 -0.3190
-0.2231 0.1231 0.0124
-0.0695 -0.0608 0.1757
0.5777 -0.4081 0.0533
0.0404 -0.5002 -0.6927
0.4024 0.5182 0.2228
-0.0883 -0.2960 -0.3001
0.0040 0.0223 0.4178
-0.1412 -0.3410 0.0213
0.2046 0.0637 0.5590
-0.0070 0.3265 0.8619
0.3788 -0.7243 0.3275
0.0189 0.5474 0.3720
-0.1641 0.2901 -0.4346
-0.4630 0.3117 0.7403
-0.3544 0.0107 0.8410
-0.2201 -0.8043 0.4257
-0.1124 0.0667 -0.5756
0.0087 0.0366 -0.0086
-0.0519 0.5020 0.6265
0.1560 -0.2322 -0.7970
0.0156 0.0541 0.0256
-1.7720 -0.4647 -0.5319
-0.6290 0.4358 0.1574
-0.0032 0.0061 0.5423
0.0081 0.0541 0.1416
-0.4191 -0.1748 -0.3777
-0.3609 0.3504 -0.8387
-0.0332 -0.1344 -0.0373
1.0702 0.5322 -2.3607
0.0083 0.0007 0.0211
-0.1155 0.1235 0.2532
-0.5321 -0.4959 -0.2895
0.0919 -0.0254 -0.0397
0.0043 0.0046 -0.0063
0.0397 0.0186 0.1292
0.1389 0.1496 0.6868
0.3706 -0.5066 -0.3359
-0.2552 -0.1622 0.3064
-0.0406 -0.1132 0.2350
0.3557 -0.3963 -0.1067
-0.5829 0.5526 0.2547
0.0118 -0.2765 0.4548
0.0479 0.2085 0.1980
0.0000 -0.0000 0.0204
-0.0077 0.1077 0.1808
-0.2156 -0.6797 0.2652
-0.0025 0.0078 -0.0058
0.6031 0.3525 2.0220
-0.3500 -0.1711 0.1011
0.1461 0.1032 0.0160
-0.0967 -0.4713 0.5814
-0.0602 0.1843 -2.2478
-0.8325 -0.6985 0.2877
-0.4748 -1.3744 -0.5805
0.4735 0.1627 -0.1703
0.0890 0.0228 0.2737
-0.0081 0.0977 -0.0140
-0.0992 -0.0391 -0.3804
-0.8368 -0.1253 -0.3705
-0.2814 -0.2287 0.6087
-0.0161 0.0010 0.0825
-0.2009 0.0823 -0.2807
0.1523 -0.1146 0.8389
-0.4025 0.4816 0.6744
0.0462 0.0432 0.0299
-0.7136 0.8911 -2.8057
0.1813 0.1562 0.4058
-0.7536 0.2090 0.1579
0.1027 -0.1766 -0.7817
-0.1024 -0.0496 0.0017
0.4098 -0.0509 -0.0413
0.6070 1.0962 -0.8152
-0.2393 1.7633 0.4184
0.7268 1.0278 -1.4741
0.2553 0.1875 -0.0696
-0.0514 0.0563 0.2969
-0.1321 -0.5079 -0.4622
0.0622 -0.0615 0.2049
0.0603 -0.2390 0.8142
0.6194 0.1973 -0.4007
-0.0044 0.0014 -0.1028
0.0246 -0.1878 -0.2110
0.0447 -0.0118 -0.1408
0.0054 -0.0084 0.0083
-1.2072 -1.0608 -1.1809
-0.8486 2.3473 -0.0676
0.4329 -0.2951 0.8440
-0.3039 0.5331 -0.1587
-0.2179 0.1187 -0.8578
0.0001 -0.0172 -1.3584
0.0235 0.0149 0.0464
0.1773 0.9345 0.0853
0.3732 -0.1824 0.7565
0.1208 -0.0789 -0.1533
-1.5388 -0.8861 -1.4386
0.0682 0.4302 -0.2912
0.0292 0.2129 0.0785
0.0271 0.0084 -0.2497
0.1199 -0.4356 -0.2728
0.2424 -0.2332 0.4602
0.0052 -0.0016 0.1688
0.0186 -0.0378 -0.0187
0.0520 0.0609 0.0349
0.2541 0.5975 -0.2049
-0.2559 0.0179 -0.1624
0.0136 -0.1401 0.2188
0.1599 -0.1094 0.3472
-0.0126 0.1648 -0.1746
-0.3251 0.9791 0.6082
0.1598 0.0478 -0.2006
0.5291 -0.1516 -0.8344
0.6217 0.2547 0.0775
-0.0693 0.6340 0.0434
-0.2872 -0.0242 -0.3840
-0.2650 -0.1683 -0.3024
0.0338 -0.0277 -0.3594
-0.1140 -2.4456 0.7785
0.2196 0.1644 0.0194
0.0012 0.0166 -0.3082
-0.2521 -0.3163 0.0976
-0.5796 -0.2139 -0.0172
-0.3102 -0.2833 0.6758
-0.0509 -0.0249 -0.1840
-0.4657 0.3049 0.1551
-0.1120 -0.0250 -0.5935
0.0053 0.2057 -0.0122
-0.3916 0.0730 0.3204
0.0679 0.0385 0.2387
0.0019 -0.0586 0.9814
0.1553 0.5090 0.7654
0.1044 0.0270 0.2302
-0.4231 -0.0459 0.1588
-0.0000 -0.0096 -0.0014
0.3278 -0.4902 -1.6952
-0.7810 0.1406 0.2655
-0.0379 0.0140 0.6607
-0.1322 0.1940 -0.0130
-0.9089 0.7928 2.2122
-0.0070 -0.0199 1.1812
-0.5304 0.4558 0.2113
1.1802 0.0106 1.9422
-0.0527 0.0377 -0.2795
-0.1445 0.9319 1.6804
1.7746 0.5200 -1.5368
-0.2019 -0.1326 -0.3326
-0.2677 -0.7575 -0.3756
-0.4326 -0.3313 -0.3404
0.7520 -0.9832 -0.1842
0.1342 -0.0633 -0.2233
0.3637 0.0568 0.0263
-0.3386 0.3005 -0.5895
0.9650 1.0248 0.2150
-0.2414 -0.0572 0.4894
-0.0536 -0.1038 -0.0884
0.0032 -0.0030 0.0293
0.2574 -0.3464 -0.8090
0.3066 0.6012 -2.6937
-0.0167 -0.0434 -0.0088
0.1277 0.0334 -0.0356
1.5920 -0.8884 1.2897
0.5752 -0.6034 -0.0008
0.3571 0.1241 -0.2362
