0.5678 0.5959 -0.4531
-0.2422 0.0917 0.5042
0.0013 0.0232 -0.1683
-0.5005 0.2042 -0.5146
0.0670 -0.0424 0.5627
0.1222 0.3910 -0.0585
-0.3737 0.0943 -0.6795
0.2844 0.1082 -0.2192
-0.0076 -0.0175 -0.0638
0.0552 0.1002 -0.6403
-0.0646 -0.2244 0.4230
-0.0204 0.1729 0.1717
-0.2835 0.1087 -0.1194
-0.0028 -0.0031 0.6763
-0.7562 -0.4875 0.4304
0.0420 0.0811 -0.1820
0.2499 0.0453 0.3479
-0.0522 0.0054 -0.3420
-0.1535 -0.2241 -0.6207
0.6649 -0.1111 0.2172
-0.0826 0.4821 -0.4842
0.3882 -0.3783 -0.0333
0.1612 -0.0373 -0.9342
0.1071 0.0454 0.1450
-0.1517 0.6180 0.1274
0.1399 -0.1048 0.6871
0.2913 0.2413 0.4345
0.4675 -0.6753 -0.0662
-0.3178 0.1117 -0.5111
0.1407 0.1163 -0.0609
0.0939 0.0224 0.1664
-0.3529 0.1437 -0.1726
-0.0579 0.6829 0.6382
0.1644 -0.2515 0.5646
0.0630 0.1348 0.6897
0.6356 0.7319 0.1816
-0.1222 -0.0694 0.3314
0.1065 0.4028 0.4108
0.0243 -0.3088 -0.7395
-0.0023 -0.3622 0.7546
0.1091 -0.2961 -0.2174
-0.5153 0.3068 -0.0215
0.0152 -0.0089 0.0205
0.1327 -0.1834 0.0074
0.0462 -0.0755 -0.7336
-0.3075 -0.3447 0.2984
0.0034 0.0179 0.9158
-0.0006 -0.0088 0.0043
-0.1316 -0.2096 -0.0356
-0.0593 -0.0106 -0.1085
0.0461 0.1750 -0.0471
-0.3894 -0.2698 0.5261
0.2527 -0.1873 0.6343
0.1042 -0.1968 -0.0276
-0.4155 -0.7508 0.0574
-0.0420 0.5000 0.7117
0.0161 -0.0066 0.4190
0.5862 -0.2857 0.4291
0.2304 -0.7001 0.6127
-0.1926 -0.2130 -0.3271
-0.3722 -0.1895 -0.1374
0.1577 -0.2527 -0.3217
-0.5968 0.4669 -0.3329
0.0937 0.3820 0.3000
-0.3725 0.1843 0.5421
-0.0610 -0.0208 -0.2598
0.0110 0.0518 -0.4282
0.0147 -0.1631 0.6843
0.3735 -0.3930 -0.0551
-0.0889 0.2244 -0.0078
0.6941 0.5544 0.4477
0.0480 0.0144 0.1565
0.0401 -0.1615 -0.0504
0.1377 0.1565 0.3610
-0.3404 -0.5765 0.7063
0.1385 -0.2860 -0.0125
-0.0479 -0.5599 0.6667
-0.0105 -0.0996 0.1306
0.3897 0.1386 0.4518
-0.0630 0.0589 0.6335
-0.5620 0.4524 -0.2741
-0.0722 -0.1787 -0.0109
0.0657 -0.0855 -0.3434
0.1505 0.3662 -0.2290
-0.0037 0.0053 0.0455
0.1450 -0.1614 -0.0131
-0.3561 0.0939 -0.2786
-0.0237 0.6272 0.5526
-0.4797 0.5632 0.2488
0.0855 0.0054 -0.5934
-0.0078 0.0403 0.0267
0.2789 -0.0380 -0.0320
0.7876 -0.1693 0.1721
0.0083 0.0435 0.0158
0.3260 0.0239 -0.3305
0.0096 -0.0168 -0.4701
0.0168 0.0491 -0.0862
-0.0538 -0.0373 -0.0185
-0.4595 0.4342 -0.7412
0.2861 0.1415 -0.8507
-0.1302 -0.0161 0.9467
0.0449 0.0356 0.8122
0.5230 -0.1330 -0.1761
0.3966 0.6917 0.5656
0.4330 -0.0952 -0.1264
-0.2477 -0.1078 -0.0455
-0.0650 0.3397 0.2333
-0.0488 0.0781 0.0506
-0.1768 0.3053 0.3924
0.4792 0.1252 0.0671
-0.1397 -0.1278 0.2366
0.7995 -0.5252 -0.0339
0.2806 -0.5121 -0.0163
-0.1995 0.7204 -0.3335
0.0502 -0.1179 0.0257
-0.2522 0.1632 -0.1020
0.3521 0.2999 -0.7765
-0.0443 -0.1690 0.6123
-0.4081 -0.6990 0.1076
0.0126 0.0180 0.2569
0.2670 -0.3018 -0.0290
-0.1078 -0.1107 0.2706
0.5421 -0.4280 0.3509
0.0616 -0.4091 -0.1237
0.0539 0.0150 0.0008
0.2191 0.1077 0.8580
-0.0485 -0.1440 0.1748
-0.7172 0.6927 0.0054
0.9102 0.1012 0.3893
-0.8773 0.2875 0.2768
-0.7240 0.3028 -0.6052
0.2290 -0.1499 -0.1924
0.1443 0.1456 0.1399
-0.3881 0.6448 0.3282
-0.0322 0.0720 -0.2299
0.0205 0.1458 0.3953
-0.8775 0.0337 0.2998
-0.1774 0.0459 -0.1384
-0.1783 0.0472 0.2941
-0.0654 -0.0091 0.1709
0.8323 -0.3492 -0.1558
0.0410 0.0127 0.1161
-0.0128 -0.1795 -0.3432
0.0188 0.0048 -0.1537
0.0184 -0.0104 0.2973
0.4249 -0.1323 0.0393
0.2902 0.2140 -0.8931
-0.4086 0.0500 -0.3404
-0.0278 0.2987 0.2770
0.0115 -0.0329 0.0412
-0.1181 0.0049 0.1236
-0.1223 0.0097 0.1179
0.1291 -0.0804 0.1111
-0.5417 -0.1229 -0.6929
0.7730 -0.1154 0.3557
0.0468 -0.1428 -0.5440
-0.0978 0.1363 0.3321
0.0697 -0.2081 -0.3825
-0.9102 0.0532 0.0178
-0.1744 0.0805 0.2982
-0.0516 -0.1870 0.7706
0.1052 0.0957 -0.4776
0.1415 0.2510 0.1559
-0.0018 -0.4301 -0.1401
-0.3422 -0.2246 -0.8712
-0.2506 -0.1186 0.0933
-0.0913 0.4181 -0.4446
-0.2934 -0.1460 0.2864
0.0802 0.0848 -0.0472
-0.4070 -0.2218 -0.2742
-0.0975 0.8471 0.1221
-0.0562 0.0049 -0.1024
0.0205 0.0347 -0.1527
-0.1095 0.0498 -0.4671
0.0374 -0.0865 -0.5456
-0.0153 0.0767 0.4661
0.0267 0.0070 0.0636
-0.2144 0.0548 0.0634
0.1975 0.3565 -0.7390
-0.0163 -0.0037 0.2227
-0.4198 0.7572 0.1567
-0.0105 -0.0072 -0.0124
0.5531 0.0284 0.4250
0.0248 -0.1590 0.7178
-0.4669 -0.3307 0.1622
-0.3267 0.1830 0.2021
-0.2218 0.4887 0.1538
-0.0598 -0.1862 -0.4613
0.2664 0.4045 -0.7687
-0.7148 -0.3238 -0.2517
0.6082 0.2137 0.2538
0.0774 -0.4318 -0.4408
0.2366 0.0116 -0.0916
0.3279 0.1757 -0.6366
-0.8033 0.1162 0.5690
-0.0198 -0.0031 -0.0568
0.2984 0.3890 -0.4689
0.0133 0.0202 0.0014
0.0328 0.2190 0.1811
-0.4775 0.3911 -0.4293
-0.0041 0.0080 -0.9762
-0.0645 -0.0663 -0.0047
-0.1709 -0.2787 0.0568
-0.2349 0.4402 -0.0685
0.0360 -0.0797 -0.0250
0.1078 -0.0843 0.5113
0.1539 -0.2290 -0.4527
0.0309 0.0748 0.0647
-0.5116 0.2469 -0.0931
-0.0644 -0.0580 0.9064
0.0639 0.0056 0.0567
-0.4424 0.5833 -0.2522
-0.1869 -0.1701 0.2602
-0.0411 0.0866 -0.1256
0.1375 0.1624 -0.1328
0.2106 -0.6174 -0.2084
-0.1268 -0.4568 0.2981
-0.4098 -0.0709 0.5166
-0.0606 -0.2913 -0.0703
-0.0279 -0.0738 0.8941
0.1494 0.0998 -0.1896
0.1056 -0.0001 0.1606
-0.0691 0.0196 -0.2565
-0.1001 -0.0402 0.2667
0.3119 0.2319 -0.1133
0.3302 -0.0082 0.7872
0.2774 -0.0305 -0.5128
0.3300 -0.5074 -0.0458
0.3614 0.6724 0.5301
0.0453 0.0202 -0.3609
0.4074 -0.4071 -0.0017
-0.0376 0.1839 -0.5964
0.2631 -0.1152 0.3166
-0.0031 0.0932 -0.1984
0.7825 -0.0565 0.4485
-0.0759 -0.1274 -0.1354
0.2552 0.0387 -0.0444
-0.0095 0.0199 0.1603
0.1214 0.2955 -0.0096
-0.5357 -0.2167 0.4150
0.2209 -0.2065 0.6987
-0.3730 -0.1502 0.3018
0.0338 -0.0207 -0.0262
-0.0201 0.0130 0.0433
0.6852 -0.3204 0.2846
-0.0085 -0.0033 0.1048
0.1653 0.1003 -0.4691
0.1251 0.2616 0.7351
0.1041 0.5782 -0.1545
0.0999 -0.1553 -0.4301
0.1189 0.2105 -0.4983
0.0013 0.0075 -0.1705
-0.1274 0.0645 0.2297
-0.2069 -0.0633 0.5827
-0.0277 0.0430 0.1207
-0.0519 -0.0243 0.1617
0.1218 0.6907 -0.5816
-0.4252 -0.0062 0.4716
0.2744 -0.1960 0.8078
0.5077 0.0791 -0.3518
-0.0105 0.0000 -0.4103
0.7816 0.4860 0.3219
-0.2440 -0.0932 0.3578
-0.0493 0.0425 0.7532
-0.2211 0.1417 0.5942
-0.4582 -0.5346 -0.4779
-0.0641 -0.0726 -0.0710
-0.0195 0.0584 0.3609
0.0869 -0.0269 -0.3583
0.0183 -0.0279 -0.2113
-0.3384 0.2180 -0.1408
0.1857 0.1816 0.3604
0.0902 -0.1279 0.1876
0.1451 -0.1370 -0.3469
-0.2160 0.0044 0.1413
0.0617 0.3425 -0.4075
0.0472 0.3523 -0.1660
-0.4590 -0.2286 -0.0628
0.4446 0.1301 -0.8627
0.1346 0.4137 -0.1032
0.0077 -0.0107 0.2525
-0.0075 0.0378 -0.0426
0.0208 0.0107 -0.6108
-0.1750 -0.0890 0.0696
-0.3307 -0.2193 -0.4853
-0.0164 0.1856 -0.0775
0.5835 -0.4379 -0.2616
-0.1747 0.0200 -0.5441
-0.0922 0.0749 -0.0281
-0.1415 0.5127 0.1635
0.0193 -0.0269 0.7996
-0.6229 0.1558 0.3556
-0.1433 -0.2825 0.1381
-0.0217 -0.0261 -0.0382
0.0714 0.0060 -0.9097
-0.0236 -0.0793 0.8094
0.0521 0.1753 -0.7950
0.0197 0.0016 0.9159
0.2739 -0.5803 0.1582
0.0632 -0.0216 0.1542
-0.5832 -0.4653 0.1040
0.2990 -0.1619 -0.8415
0.2755 -0.2729 -0.1335
0.0124 -0.4348 0.3367
0.8561 -0.2877 0.3744
0.1348 -0.0954 -0.0719
0.3718 -0.2744 0.7988
-0.3432 0.6688 -0.0474
-0.0190 0.0041 -0.0685
-0.2097 -0.0878 0.0444
0.1159 0.6188 -0.0043
-0.0423 -0.0285 -0.0363
0.0103 0.0080 -0.0433
0.2474 0.4336 -0.7758
0.2256 0.8764 -0.4244
-0.8554 0.0053 0.0275
0.0745 0.0750 -0.2394
0.0103 0.0039 -0.0100
0.6613 0.3983 -0.2080
-0.1234 0.0167 -0.1127
-0.0219 0.1427 0.8456
0.0198 0.0142 0.0110
-0.0529 0.0997 -0.3470
-0.0018 0.0199 0.4870
0.0683 -0.0274 -0.5529
-0.0196 -0.0098 -0.0322
0.0957 0.0557 0.3733
0.0109 0.2096 0.2675
0.2547 -0.4518 -0.5354
0.1233 0.0934 -0.8366
0.0615 0.1025 -0.3512
-0.0495 0.1127 -0.2452
-0.6003 -0.4372 -0.2167
0.0294 0.0716 -0.1655
0.0357 0.1968 0.1928
0.1042 -0.0947 -0.0711
0.1243 -0.3680 -0.0666
-0.2261 -0.7425 0.2928
-0.1470 0.1893 0.5483
0.0653 -0.5465 0.1065
0.0021 -0.0012 0.0105
-0.3864 0.2505 -0.1831
-0.3217 0.0623 -0.0275
-0.0926 0.0449 0.3783
-0.0104 0.0181 -0.0045
0.2302 0.1497 -0.2879
-0.2328 0.1881 0.8463
0.0631 0.3067 -0.1427
0.1179 0.1132 0.2376
-0.7259 -0.2246 -0.0474
0.0120 0.0134 0.1252
-0.3328 0.0480 -0.1839
-0.4489 0.5972 -0.2549
-0.3563 0.4105 0.4315
-0.0986 -0.1986 -0.4191
-0.0019 0.8341 0.2845
0.1481 -0.6738 -0.7105
0.1157 0.5425 -0.0885
0.2967 0.1240 -0.0483
0.0035 -0.0071 0.0079
0.1075 0.2054 -0.0048
0.2244 0.6672 -0.5381
-0.1811 -0.1671 -0.8365
-0.2365 0.2871 0.3507
-0.0447 0.0723 -0.2475
0.2835 -0.0617 0.3111
0.8216 -0.0420 0.2302
0.5822 -0.1121 -0.6257
-0.0033 0.0358 0.0875
-0.8009 0.1180 -0.2801
0.0832 0.0383 -0.1796
-0.1846 -0.1397 -0.1763
-0.0765 0.4273 -0.1294
0.0152 -0.0401 -0.1381
-0.0063 -0.0911 0.0387
-0.0424 -0.0056 0.5554
-0.0082 0.1026 0.1414
0.0737 -0.6496 0.5153
-0.1528 0.2680 0.0893
0.0013 0.0019 -0.0039
0.0211 -0.0110 -0.1104
0.3432 0.1551 0.1395
-0.0590 -0.1321 -0.6135
0.2782 0.6079 0.3801
0.0005 -0.2667 -0.6983
0.0009 0.0002 -0.1984
-0.2233 0.2761 -0.4484
-0.2763 0.8595 0.2592
-0.1040 0.1549 0.0325
0.0004 -0.0033 -0.0013
-0.0454 -0.1934 0.3791
-0.1733 -0.0463 0.1593
0.2609 0.1008 0.5367
0.0182 0.0120 0.1202
-0.1718 -0.0094 -0.3323
0.1864 -0.5008 0.3593
-0.0110 -0.1474 0.2732
0.0409 0.0214 -0.1077
-0.2087 -0.0690 -0.4688
0.6895 -0.2134 0.1968
0.0962 -0.1422 0.1989
0.2236 -0.0756 -0.0641
-0.1542 -0.9199 -0.1400
0.1592 0.0444 0.0538
0.0284 0.0922 -0.1886
0.0809 -0.0500 0.1068
0.1405 -0.0256 -0.1329
0.2633 0.6905 0.0478
-0.3380 0.1734 0.0234
-0.0448 -0.1082 0.2433
-0.4664 -0.3788 0.4472
-0.0355 -0.2469 0.5242
0.0030 -0.0500 -0.1478
-0.4197 0.2025 0.0521
-0.0194 0.1508 0.0863
0.1651 -0.8695 0.0728
0.2023 0.0075 -0.6339
-0.0485 0.0304 -0.0487
0.1751 0.2508 0.4337
-0.0682 0.0793 0.0052
0.0117 0.3140 0.0645
0.1096 -0.1304 0.3524
0.0636 -0.0064 -0.1474
-0.0357 -0.0084 -0.0272
0.4937 -0.5092 0.1450
-0.6276 0.5361 -0.2218
0.0759 -0.1279 0.4605
0.0802 -0.1191 0.6754
0.0095 -0.0028 -0.0800
0.7570 -0.1296 -0.3403
0.0175 0.0671 -0.0495
0.0973 0.1396 -0.6480
0.1427 0.0938 0.0236
0.5177 0.7204 0.0184
0.0478 0.0801 0.3567
0.0057 -0.0151 0.0293
0.0189 0.0033 0.6901
-0.0573 0.0391 0.1605
0.0294 -0.0480 0.1307
0.2988 -0.3407 0.4555
-0.0611 0.2784 -0.8802
-0.6610 -0.0755 -0.0474
0.1373 0.3560 -0.2335
0.3017 -0.0985 0.5222
0.1431 -0.5061 -0.1113
-0.3175 0.3117 0.0155
0.5568 0.5084 -0.6461
0.0199 0.0017 0.7064
0.8332 -0.3053 0.4010
0.1968 0.1294 -0.1803
0.6699 0.5315 -0.3292
0.1220 -0.3922 0.1871
0.1064 -0.0540 -0.4518
-0.0009 0.0010 -0.0008
-0.0240 -0.1077 -0.1444
0.1302 0.2431 0.4774
-0.0246 -0.0226 0.0916
0.7502 0.1423 0.3511
0.3910 -0.0376 0.2271
-0.0029 -0.0079 -0.0147
-0.0504 0.0704 0.0957
-0.6317 0.1125 -0.5704
0.3314 0.0043 -0.0878
0.1240 0.2740 0.1785
0.0999 -0.1810 0.3403
0.1098 0.2749 -0.5006
-0.1942 0.1722 -0.5060
0.5396 0.0341 -0.1726
-0.0004 0.0004 0.0012
-0.6203 0.1962 -0.0258
-0.1215 0.2544 -0.1602
0.0690 -0.2557 0.1134
-0.0002 0.1275 -0.0474
0.0212 0.0117 0.0748
-0.3596 0.4261 -0.3818
-0.0029 -0.0155 0.0925
0.0151 -0.0451 0.0068
0.2030 -0.0390 -0.3056
0.8355 -0.1877 0.0858
0.0487 0.0649 0.0691
0.2070 0.4686 0.5063
0.1876 0.2199 0.1144
-0.4886 0.1991 -0.4794
0.0614 0.2227 -0.1489
-0.1066 0.0187 -0.5324
0.1282 0.3362 -0.7480
-0.0208 0.0114 0.3577
-0.4185 -0.4295 -0.2961
-0.3734 -0.3784 0.6010
0.2575 0.3748 -0.3771
-0.0198 0.2152 -0.5740
-0.0779 -0.0550 0.1936
0.2166 -0.2671 -0.7450
0.0043 -0.0324 0.9594
0.2087 -0.6256 -0.2222
0.0484 -0.7187 -0.6107
-0.0883 -0.0205 -0.8291
0.7564 -0.3984 0.2952
-0.4454 0.7580 0.2594
0.1436 0.2568 0.0613
