0.1921 -0.8987
-0.1934 -0.7290
-0.0185 -0.0665
0.5810 1.0189
0.2119 -0.1888
-0.0160 -0.0135
-0.8747 -0.2590
-0.4690 0.2946
0.1476 0.0567
0.7902 0.4036
-0.5177 -0.1540
1.1333 -0.1104
0.3459 0.3277
-0.2882 -0.3383
0.1513 -0.2037
-0.3157 0.8947
0.3537 -0.0943
0.2940 0.2463
0.3593 -0.6193
-0.0304 -0.0157
0.1301 0.0710
0.6008 -0.1039
-0.0119 0.3077
-0.4192 -0.0928
0.1946 -0.2104
0.2049 -0.0847
0.4501 -0.0658
-0.9817 -0.3762
0.7195 0.2407
0.7447 0.9104
-0.0326 0.0166
-0.2828 0.8027
1.0237 0.1625
0.0025 -0.0020
-0.5290 -0.0536
-0.1615 -0.5578
-0.7048 -0.6248
-0.9909 -0.3427
0.0610 -0.2481
0.5779 -0.4031
-0.2151 0.1039
0.0441 0.6526
-0.5752 0.2334
0.8089 0.2719
0.2488 -0.1951
-0.0192 0.2895
-0.3463 -0.2925
0.8222 0.4975
-0.8495 0.5142
0.8997 -0.4660
1.0231 0.2975
2.9534 -0.1614
2.2653 0.3958
1.4354 0.4761
2.8768 -0.0291
1.8311 0.6383
0.8678 0.2121
2.3983 0.7388
2.7540 -0.2711
1.9506 -0.1415
1.5963 0.5818
2.0002 -0.0050
1.7790 0.7248
1.0329 -0.5474
2.0858 0.6371
2.0211 0.1994
1.6341 0.1045
1.6063 1.0520
2.6833 -0.7280
0.9748 0.2438
1.7024 -0.0324
1.7544 0.2544
2.0715 0.0901
1.1946 0.3602
2.1985 -0.4021
2.1027 -0.2845
1.8031 0.2861
1.8897 -0.0494
2.1118 -0.0190
1.8307 -0.6915
1.1094 -0.5608
2.0410 -0.1122
1.2867 0.6290
1.9351 -0.7040
2.1484 0.6949
2.0377 0.2451
1.3380 -0.5391
1.7393 0.4041
2.2339 -0.5004
2.0287 0.5591
1.9952 0.0873
1.6802 -0.2376
2.2233 -0.4945
3.1845 0.0172
1.0981 0.3974
1.7923 0.3558
1.0156 0.6538
2.2218 0.4350
1.4971 0.2239
2.2109 -0.2005
