-2.2094 -0.2550 0.4464
0.1930 -0.2657 -0.8402
-0.3257 0.1093 0.0993
-0.2220 0.1253 0.8095
-0.4102 -0.1205 0.0457
-0.6934 0.2903 -0.0184
-0.0623 -0.1563 -0.8543
0.3171 0.0923 0.6173
0.0289 -0.3282 0.2996
-0.4505 0.2414 0.2955
0.4123 -0.1065 -0.0081
0.1181 -0.2160 0.7322
-0.0090 -0.1081 -0.3556
-0.3152 -0.0688 0.3053
0.3400 0.4921 0.1929
0.0265 0.0049 -0.1010
-0.0318 -0.0661 -0.7211
0.1219 -0.0059 0.6675
0.0214 -0.6273 -0.0266
0.1192 -0.1467 0.0232
-0.6897 0.0839 -0.8249
-0.0160 -0.0848 0.4893
-0.0103 0.0391 -0.2461
-0.0963 -0.0201 0.1263
-0.0373 -0.0612 0.5326
-0.4971 0.4103 0.7507
0.0726 0.0946 0.5777
-1.3660 0.6514 1.0572
0.4019 0.4881 -0.3136
-0.0459 -0.1326 -0.1171
