0.1643 1.0908
0.8259 0.1127
-0.6681 0.6701
0.0490 0.1510
-0.8532 -0.4326
0.1352 0.3476
0.3105 -0.7697
-0.1558 -0.4727
-0.1214 -0.3102
0.0211 -0.1213
0.1321 0.0391
-0.6691 -0.0367
-0.3088 -0.2301
0.2446 0.4339
-0.5375 -0.5194
0.2303 0.1686
0.5757 0.0381
-0.8112 0.1646
0.1285 -0.3155
-0.0041 -0.0620
-0.3757 0.9146
0.4449 0.5575
1.0915 0.2247
-0.2823 -1.2500
-0.0503 0.0457
0.5177 -0.9387
0.7279 1.2135
-0.3936 0.6315
0.3510 0.9095
-0.2852 1.3362
-0.5723 0.3238
-0.7868 -0.2003
-0.9143 -0.1240
-0.2975 -0.0842
0.7523 0.2673
0.4097 -0.2855
-0.5346 -1.4225
-0.0829 0.1008
-0.2017 -0.0840
0.4294 -0.0647
0.2083 0.5151
1.1421 -0.9533
0.0449 0.1545
-0.0861 0.4117
0.0071 -0.0561
-0.0940 0.9744
-0.0313 0.6800
-0.0645 -0.0011
-0.1561 -0.6351
-0.2794 0.6759
0.0927 0.0584
0.6706 0.9405
-0.3378 -0.8817
0.5729 1.5490
0.8784 0.0871
0.1735 -1.2007
0.8007 0.4276
-0.0757 0.3023
0.1036 -0.6847
-0.2549 0.5635
-0.6763 -0.2911
0.6778 -1.1631
0.0535 -0.1902
-0.4456 0.6450
0.2373 -0.6489
0.4650 -0.4983
0.0327 -0.0315
-0.6735 -0.8415
-0.1960 0.8587
-0.4052 -0.2282
-0.2877 0.7242
-0.2976 0.4975
0.2107 0.0883
0.3568 -0.1547
-0.1849 -0.0214
0.6119 -0.3538
0.2855 -0.0462
-0.4291 -0.1118
-0.1813 -0.1362
-0.3869 0.0889
-0.1318 0.0745
-0.9727 -0.3691
0.0188 0.2429
0.0704 -0.7417
0.8217 0.4904
-0.3547 0.4184
1.3443 -1.0237
0.0600 -0.0057
-0.2362 -0.0438
0.0598 0.1035
0.2640 0.1294
-0.1119 -0.9780
1.0058 -1.0993
-0.1379 0.0878
-0.0286 -0.0992
1.3136 0.6136
-0.0632 0.1492
-0.2253 -0.6771
0.4269 -0.2877
-0.1038 0.4276
3.2130 1.4716
2.1440 0.3733
2.6088 0.1277
2.6978 -0.8853
2.1179 -0.0015
2.2986 0.9332
2.1675 0.0604
2.3308 0.7363
3.1354 -0.5971
2.6133 -0.0445
2.9373 0.2876
4.0409 0.3877
3.0503 -0.0888
2.5318 0.0876
3.6873 -0.4872
2.1684 -0.3390
2.3154 -0.5725
2.5400 0.0212
2.4176 -0.0234
2.1271 0.1795
3.2735 -0.0146
3.9536 0.4350
2.5897 -0.2471
1.6815 0.1658
2.9126 -0.3843
1.9319 0.7511
1.9616 1.3988
2.4959 0.8016
3.3955 0.0065
2.5186 0.1122
2.5015 0.9117
3.4395 -0.9389
3.2739 0.2191
2.3512 -0.6889
2.7578 0.1774
2.6826 -0.3975
1.7912 0.1934
2.7759 0.0713
2.7761 -1.1128
3.4798 -0.9317
2.5241 -0.5988
2.3429 -0.1939
2.1999 -0.0437
2.7188 0.0903
2.2149 0.0002
2.7278 0.8694
3.5628 0.3375
2.7202 -0.4870
2.4866 -0.0018
2.7335 0.7945
2.8759 0.1807
2.4283 0.3806
2.2592 -0.8084
1.8825 0.7831
3.0120 0.0631
2.8989 -0.0471
2.0958 0.3267
2.3495 0.3773
1.9270 -0.1622
2.1699 0.1192
2.7300 0.8179
2.7888 0.0521
1.5463 -0.0605
3.4156 -0.2547
1.7677 0.0688
2.5979 0.2949
2.7909 -0.3159
1.9726 0.0374
2.8508 0.0945
1.9330 -0.5224
2.9065 -0.4364
2.1917 0.2444
1.8692 -1.0185
3.1049 0.5111
2.6921 0.5333
2.6212 1.3599
1.9493 -0.1282
2.6159 0.1052
2.5728 -0.3440
3.0026 0.2541
1.8424 0.7045
2.4640 -0.2340
3.2165 0.1908
2.5364 0.0970
2.5242 -0.0669
1.7290 0.1856
2.0615 -0.3645
2.6448 -0.9580
2.2115 -0.0644
2.5389 -0.1178
2.3439 -0.1169
2.6665 -1.3349
2.6849 -0.3084
2.5834 -0.2321
0.9259 -0.2621
2.3335 -0.7931
1.6967 0.5285
2.8720 0.1591
2.5457 0.0630
2.5978 0.0845
