-1.629263421418664440e-02 2.223242350426688635e-02
-4.865230361992095576e-01 7.304898995449088384e-01
-5.108237037323777319e-01 -7.997690727642438047e-01
-1.514626205682278537e-03 -3.800672704626221338e-02
2.341847130153894840e-01 -1.400879720532577366e-01
2.734087483498627846e-01 -8.383510810457810158e-02
1.813590389726347230e-01 1.125151232925779704e-01
2.960617119547352405e-01 2.480973183324383935e-01
2.527264850228587087e-02 -3.129422817379903798e-01
4.476739442530334179e-01 -8.242506512748146719e-01
3.329754423189904555e-01 -8.560331849227509338e-01
-1.447589385931438988e-01 -9.144287475041488200e-01
3.991033735682404382e-01 7.886476430486951683e-01
3.399331811539462733e-01 -4.765521244680459567e-01
3.138706046018799878e-01 -2.234166815559305852e-01
1.082499309060801218e-01 3.523216637790432815e-01
-4.464691335841465825e-01 -4.048888151983844330e-01
-8.286088634844387402e-01 2.405147139967053760e-02
-7.367301754249400148e-01 3.206409075151351873e-01
8.830197183672224837e-01 -4.640860020969360122e-01
-4.387033769061395860e-01 -1.572456061385948400e-01
2.900035251930416225e-01 -2.414611002162893316e-01
-2.447063731302463463e-01 3.859363327044945668e-01
1.501627793053123827e-01 -4.298730461719849766e-02
-5.709293538922008970e-01 -1.399021752215526548e-01
1.541969788865632796e-01 1.507577676766762298e-01
6.724920764843732301e-02 -3.211429638174914669e-01
6.685443576190021157e-03 4.474420645003390068e-02
-3.458646208469532968e-01 -2.245666714271792874e-01
2.449688660756520475e-01 -1.457374124300706876e-02
-8.765710291158432255e-02 -7.440725753706037282e-02
-3.520458874238640429e-02 7.658295086525200579e-02
-5.718083322462556017e-01 7.191033663207315740e-01
-5.069479627828726853e-01 2.873682510924205347e-01
1.955995325073347502e-01 9.570793677573582459e-01
7.966275747455614509e-02 -6.493287111481470530e-01
3.995058507390748526e-01 4.059031892388927365e-01
2.931788498862820114e-01 -9.096786619958894260e-01
-2.916194092091528023e-01 1.596779882200590195e-01
2.759490548312955038e-01 -4.447496637270034747e-01
-7.789865259294922462e-01 6.196930087720718960e-01
4.581559982805900183e-02 -2.374673112399156572e-01
8.354542578916389628e-01 -1.047243930833599915e-02
5.059806354022353680e-01 -3.171231370551745865e-01
-6.297002104362713071e-02 9.887364855294613619e-01
4.802010414082484302e-01 8.040723965715147470e-01
6.961543667939592561e-01 -5.764182942970319523e-01
8.099574392988644345e-01 3.051566042814684576e-01
3.666359806555221507e-02 -1.632725885251422315e-01
-1.941990906551648299e-01 -3.985302138484019853e-03
4.173580933143069771e+00 -2.266039958451540881e-01
4.360028423236204098e+00 -6.370923270152303308e-01
3.563966364695877242e+00 3.566692080479706428e-01
4.607783316248450944e+00 -8.732782252571205661e-02
4.015526666844605685e+00 -7.581248537116268560e-01
3.974886021733516905e+00 -7.684838079355763574e-01
3.476518405499547715e+00 -8.324356401719267273e-01
3.483064206987940725e+00 -3.132781208607230417e-01
3.754131005501887053e+00 3.852498440440314531e-01
3.032916377493828808e+00 1.454238308230855758e-01
4.017765053117758889e+00 -5.149415962497144034e-02
3.476692236410313885e+00 2.113556970660603052e-01
4.685548028918334218e+00 1.703717163497696918e-01
4.094978006279081484e+00 -8.619867047439193353e-02
4.123015363498836017e+00 -1.892974288321563892e-01
4.032845146471884412e+00 -5.074896157014530118e-02
3.892222938945324451e+00 -1.379242214066093153e-01
4.416642269208939986e+00 8.020488371976262909e-02
4.751809955046510048e+00 -6.560729414117614719e-03
3.856947519037810856e+00 -8.843214222015421955e-02
4.264234199551721005e+00 1.986463206069157550e-01
3.591178520230538851e+00 -7.076549724661138630e-01
3.610435544835112864e+00 -2.879008526777751542e-01
4.069849521051222219e+00 -6.406500230376879212e-01
4.116069022154367651e+00 6.646762891489099712e-02
4.004599313656839854e+00 1.620875205990875492e-02
4.453697811839755438e+00 -5.888247567602563626e-01
3.732781361079423377e+00 1.491023732878571373e-01
4.293636756584557013e+00 -1.469113627932983057e-01
3.603982256561387931e+00 5.762498662648795483e-02
4.174228924537485952e+00 3.311683739429397422e-01
4.950289518605484496e+00 8.569840329350984776e-02
4.058706396487449020e+00 -2.392450231621891799e-01
4.224455831420612206e+00 -5.039549508643085263e-01
4.203031890292169059e+00 2.808964174993738849e-01
4.024720812030061268e+00 1.580992361412195818e-02
4.059860229765704709e+00 7.063718521073553136e-02
4.520865958222809233e+00 2.940081287121478759e-01
4.223555534361038255e+00 5.490563375268711077e-01
4.240235543047447209e+00 -4.902808451828013503e-01
4.713501104277087350e+00 -3.269510834283764766e-01
4.924193725418561485e+00 -1.357390006452611486e-01
3.361738117047161190e+00 -2.230446162346580441e-01
3.817074707334587202e+00 -2.113910650175541972e-01
3.901140531238545428e+00 1.401796080243312703e-01
3.728568884546252793e+00 -2.350923245387387950e-01
3.611342236865013433e+00 7.413482090309690964e-01
3.833924746284935736e+00 -3.748678963457538656e-03
3.853268500101818983e+00 -1.582367775378608343e-01
3.557574404260243739e+00 -8.808934900932653411e-01
