0.0751 -0.2119 -0.5628
0.0304 0.0176 -0.4561
-0.0029 -0.0051 -0.0437
-0.3234 -0.5899 -0.0044
0.0448 0.3536 -0.4145
-0.0360 0.1912 0.0341
-0.6596 -0.5354 -0.5024
-0.2812 -0.2417 0.9522
-0.1677 0.2260 -0.7007
0.2525 -0.1427 -0.0324
0.1176 0.1317 0.2606
0.5501 0.0639 -0.7994
-0.2785 -0.0082 -0.3155
-0.5905 -0.1595 -0.4826
0.2602 -0.9062 -2.3913
0.0288 0.3172 0.8926
0.4911 0.2130 1.5709
-0.0849 -0.0317 0.4946
0.2547 0.5075 0.8160
-0.2458 0.4371 -0.2663
-0.3096 -0.8737 0.3032
0.3195 -0.4081 0.1137
-0.1317 -0.1207 0.9037
0.0902 0.0086 -0.4757
0.7125 -0.2447 -0.6224
0.7711 0.3116 0.1452
-0.0538 -0.1576 -0.0993
0.2797 0.2925 -0.0674
-0.1671 0.0136 0.1056
0.3770 -0.1453 -0.2592
0.0059 0.2941 -0.5047
0.4029 -0.6348 0.6079
-0.1520 -0.2703 -0.4389
-0.7280 0.5566 0.0311
0.2193 0.3191 3.0317
0.1188 -0.1820 -0.8022
0.0692 -0.4012 0.1431
0.5870 -0.6501 0.1308
0.0779 0.0211 -0.6602
-0.3153 -0.0440 0.0093
-0.3111 -0.3019 0.3122
-1.5117 -0.3672 -1.6569
0.0445 -0.2868 -0.9029
0.3087 0.2988 -0.4025
0.3795 0.1166 -0.4371
-0.0356 -0.0508 -0.2004
-0.0183 0.0098 0.0952
-0.4646 0.1911 -0.0579
0.6695 -0.2454 0.2866
0.0284 0.0220 0.0663
-0.4073 0.0881 -0.1228
0.1124 -0.1715 0.1142
0.0087 0.0037 -0.2401
0.2179 0.1741 0.2134
-0.2104 0.2849 -0.1037
-0.6189 -0.0499 0.2043
-0.1489 0.3378 -0.0635
-0.0313 -0.1649 -0.0346
-0.0841 0.0699 0.1136
-2.3606 -0.8903 0.9704
0.0300 0.4327 -0.8664
-0.2068 0.8334 0.0770
-0.0252 -0.1658 0.0077
-0.6072 -1.0305 -0.3916
0.2471 1.9250 -0.0711
0.0010 -0.0001 0.0400
-0.0213 -0.0240 -0.0375
0.0430 -0.0765 0.4164
0.0069 -0.0095 0.1442
-0.2696 1.9517 -0.0348
0.2360 0.4866 -0.4205
0.3872 0.0611 0.5867
-0.4881 0.1783 0.4552
0.3199 -0.2792 -0.8716
1.9305 1.1358 -1.3693
0.0512 0.1514 0.9452
0.0057 0.0261 0.0134
2.1492 -0.8700 1.2227
0.1453 -0.2100 0.6528
0.2712 0.1664 -0.2015
0.0371 0.0604 -0.3466
0.0314 0.6438 -0.7004
-0.3768 -0.6293 0.2422
0.5073 -0.2080 0.1254
0.0093 -0.0735 0.8355
1.3420 -1.0728 0.2225
-0.0055 -0.0033 0.0252
-0.0144 0.3701 0.1686
0.6691 0.0601 -1.5007
-1.4972 0.8674 0.0354
0.4802 -0.3955 0.0431
-0.0134 0.0149 0.0212
0.0073 0.0945 -0.1886
0.0090 -0.6092 0.3831
-0.1146 -0.0292 0.1010
-0.0078 0.0748 0.0471
-0.0538 0.0794 -0.1547
0.1285 0.1581 0.0906
-0.0053 -0.0776 -0.0822
-0.0175 0.1972 -0.1323
-0.1230 0.0240 0.2394
0.2916 -0.0684 0.2684
-0.2391 1.5375 -1.0502
0.0142 -0.0968 0.0554
-0.0178 0.0912 -0.5971
-0.2302 -0.2768 0.0276
-1.6081 1.9840 1.4945
-0.2949 0.7473 0.5268
0.2976 0.2222 -0.4425
0.1133 0.0841 -0.5719
-0.0942 0.1859 -0.7905
-0.0119 0.0412 0.3149
0.4398 -1.5377 -0.3621
0.0080 0.0143 0.0131
-0.0057 0.0040 0.0580
0.5625 -0.2170 0.0134
0.8634 0.4805 -0.0436
-0.0924 -0.2302 0.6637
-0.4888 -0.0535 -0.9824
0.5539 -0.0189 0.4328
0.1258 0.0873 0.2650
1.0674 -0.0760 1.1082
-0.6611 -0.6051 -0.2507
-0.3811 -0.2705 0.6307
0.3055 0.1157 -0.2711
-0.2528 0.1736 -0.0660
-0.2771 -0.4937 0.2982
0.0658 -0.1451 0.1316
-1.1707 1.4959 -2.1472
-0.0323 -0.0057 0.0896
0.0019 -0.0057 -0.0668
-0.2084 -0.0376 0.1738
1.1248 -0.2182 -1.1827
-0.1370 0.2899 0.0722
-0.0581 -0.3407 -0.3920
-0.0262 -0.1144 -0.1486
-0.0525 -0.0698 -0.5098
-1.3481 0.3534 -0.5239
0.0033 0.0623 0.4060
0.1443 0.2290 0.1216
-0.0568 -0.1000 0.2961
-0.0792 0.2314 -0.0335
-0.0821 0.3583 0.1143
0.1354 0.4295 0.2855
0.4664 0.0126 0.1830
0.1210 -0.6316 0.3848
-0.4645 -0.3393 -0.3537
0.0528 0.0506 0.6591
0.1146 0.2433 -0.1147
-0.0127 -0.0019 -0.0127
0.0404 -0.0176 -0.4263
-0.1259 0.8040 0.0111
-0.4733 -0.1317 -0.3590
-0.0136 0.0218 -0.5290
0.4726 0.3855 -0.6559
0.0226 0.1042 0.9886
-0.1950 -0.3409 0.0042
0.1217 0.1774 -0.3214
0.0122 0.0053 -0.0548
-0.6296 0.3870 0.5325
0.1170 0.5161 -0.3632
0.5150 -0.2711 -0.2878
0.0048 -0.1136 0.6815
-0.0127 0.0057 -0.1530
-0.0350 -0.0319 0.0370
-0.0676 -0.0346 0.2458
-0.0524 -0.0582 0.0088
-0.0095 -0.0110 -0.1172
0.1768 0.0110 -0.0442
0.4786 -0.0998 -0.3226
0.3565 0.0345 -0.1068
0.0546 -0.0102 -0.2624
-0.0063 0.0021 0.0103
0.0729 -0.1388 -0.9067
0.2316 1.9080 1.8633
-0.0010 -0.0785 0.2037
0.0811 0.1092 0.8707
0.2843 -0.0722 0.4174
-0.4608 -0.0909 0.3294
0.0992 0.0415 -0.7116
-0.6493 -0.2530 0.1452
-0.1091 0.0820 0.4981
-0.0159 -0.0695 -0.9184
-0.0582 0.1160 -0.0132
0.2180 -0.1985 0.2078
0.4443 -1.2501 -0.2173
0.2339 0.2391 0.0789
-0.5121 0.4099 0.0035
-0.1301 -0.3902 -0.2110
-0.2355 0.1205 -0.1604
0.3102 0.8596 -0.2867
-0.3240 0.1866 0.7774
0.4524 -0.5667 0.5045
0.5206 -1.8011 1.0191
0.0018 -0.0122 -0.0192
0.2047 0.0237 0.7162
-0.1538 0.1474 -0.1468
0.4079 -0.0800 -0.3582
0.0953 -0.1248 0.8476
0.0564 -0.2281 0.3555
-1.0459 0.6947 -2.3847
0.1099 -0.0375 0.5914
0.0552 2.8491 -0.1825
-0.0312 0.5402 -0.3549
-0.0461 -0.1136 -0.7216
-0.4407 0.1237 0.2937
0.6238 0.5262 0.4338
-0.0146 0.0207 -0.2065
-0.0165 -0.0304 0.9522
-0.1278 0.1370 0.3517
-0.0805 0.0081 0.2105
-0.0596 -0.0284 -0.6351
0.0177 -0.0112 0.5998
0.1092 0.0425 0.2927
-0.4447 -0.6624 -0.1913
0.0198 0.6722 0.2557
0.0012 -0.0063 -0.3023
-0.5651 0.0740 0.6533
0.1894 -0.2812 0.3769
-0.0617 -0.0042 -0.5344
-1.6604 -2.0065 -1.7297
0.1323 0.4562 0.4222
0.0120 0.1392 -0.0251
-1.0635 -0.2134 0.2312
0.5353 -0.5074 -0.2207
0.0757 0.2068 -0.4393
0.0217 0.0428 0.0384
0.0433 0.0311 0.8437
0.1780 0.6265 -0.0452
-0.3906 -0.5807 0.2940
0.0983 0.7173 -0.1899
0.0089 0.0189 -0.0412
-0.0312 0.0315 -0.0139
0.2094 -0.0177 0.9276
1.0835 0.7061 -2.6390
0.1666 -0.2437 0.0809
0.2267 0.2366 0.8365
0.0950 -0.2188 0.1330
0.0982 -0.0615 -0.4903
-0.6186 0.7021 -2.4600
0.0017 0.0020 -0.0059
-0.0685 -0.0335 -0.0896
0.2217 0.1342 -0.6714
0.0999 -0.2943 -0.0074
0.0230 -0.5280 -0.5876
-2.5163 -0.6784 -0.5825
0.1001 -0.1347 0.2891
-0.1484 -0.1117 0.1868
0.3933 0.2734 0.6555
0.4370 -0.2531 -0.5486
0.0972 -0.0124 0.7262
0.2207 0.2231 -0.0535
0.7949 -1.6445 1.3291
-0.0175 -0.0521 0.7050
0.0186 0.0166 -0.0096
-0.0008 -0.0006 -0.0019
0.2754 -0.3182 -0.8887
-0.0734 0.5251 0.0214
-0.8683 0.0237 -0.3160
1.1514 0.9216 0.6240
0.2503 0.5175 -2.6750
-0.0801 -0.3160 -0.5692
-0.0543 0.2302 0.6431
0.2020 -0.8659 0.2481
0.0895 -0.1321 -0.3243
-0.1838 -0.1059 -0.1169
-0.0817 0.2908 -0.1108
0.3574 0.0077 0.3094
-0.1271 -0.0482 0.8574
-0.6528 -0.1139 1.6920
0.1347 -0.5264 -0.0182
-0.0004 -0.0086 0.0008
0.8477 -1.0055 2.8176
-0.0050 0.0868 0.2885
-0.0070 0.3652 -0.7535
0.4360 -0.3356 -0.6939
0.0070 0.0098 0.8325
-0.0108 0.0083 0.4009
-0.3611 0.3889 -0.1992
0.5957 0.5808 -0.1285
0.0013 -0.2543 -0.0288
0.1554 -0.7169 0.0304
0.2708 0.0840 -0.1742
-0.1478 0.1259 0.1698
0.0023 0.0011 0.2420
-0.2847 -0.3240 0.1513
-0.0089 -0.0639 -0.0338
0.0387 0.1449 0.1390
-0.0423 -0.0202 0.4621
0.0278 0.0239 -0.9242
-0.2237 0.0963 -0.0039
0.0031 -0.0004 -0.7946
-1.0314 -0.8765 -1.8313
0.2716 0.0065 -0.3946
1.6481 -0.3681 -1.3668
0.9743 0.6888 2.1137
0.5975 -0.0693 -0.7218
-0.2295 -0.1538 -0.5735
0.0334 -0.3010 0.0686
-1.8666 -0.8249 1.2183
-0.1115 -0.0445 -0.0711
0.0829 0.3614 -0.7698
0.0410 -0.0291 0.1633
-1.4994 -0.5376 -1.0815
0.5626 0.0767 -0.4578
-0.1993 0.3551 0.3226
0.0285 0.2725 0.3751
-0.5151 -0.1286 0.2755
-0.2066 0.4146 -0.2913
-0.1701 -0.2021 -0.2207
-0.0427 -0.0477 0.1284
-0.0008 0.0207 -0.0164
0.1578 -0.1879 -0.4465
-0.0166 -0.0118 0.5630
0.0075 -0.2651 0.5062
0.0080 0.2135 0.1806
0.0777 -0.1683 -0.0729
0.3470 -0.8444 1.9327
0.0117 0.0131 0.8239
-0.2758 0.2781 -0.0471
-0.0137 0.0582 0.1054
0.2562 -0.0167 -0.3326
0.0246 0.0313 -0.3681
-0.1018 0.0701 0.1204
0.0858 -2.5005 -1.1769
0.1269 -0.0798 -0.4957
0.0096 -0.1320 -1.3974
-0.2608 -0.1007 0.6030
0.0698 0.0469 -0.7001
-0.2114 -0.2741 -0.2542
-0.2954 0.3070 0.7385
0.3978 0.3078 -0.2460
0.5626 0.1404 0.1429
-0.4077 0.4130 0.3745
0.6378 0.3234 0.4974
0.0231 0.0150 0.1211
1.0014 1.1121 -1.2160
-0.0161 0.0132 0.7018
0.7401 1.2955 0.9709
0.4656 0.0850 -0.3520
-1.0022 -1.3201 0.3353
0.2506 -0.3908 0.6084
-0.6997 -0.6961 -0.0688
0.2487 -0.3281 -0.2253
0.0616 0.1048 -0.8843
2.0552 -1.0440 1.7927
-0.4499 0.0283 -0.5728
-0.2846 -0.1153 -0.3183
0.1303 0.1207 0.1754
0.6139 -0.2045 -0.0734
0.3395 0.1892 -0.0231
0.0245 0.0530 0.0133
0.0013 -0.0186 -0.0350
0.0004 -0.0217 0.2097
-0.1621 -0.0725 0.0796
-0.1554 0.4386 -0.0483
0.0794 -0.1099 -0.6861
-1.0714 0.2107 -1.1502
0.0180 -0.5080 0.1007
-0.0243 -0.2546 -0.0118
0.0389 -0.0570 0.9666
0.0842 0.0655 0.2247
0.0718 0.0201 0.2861
0.6270 0.0663 -0.6062
-0.3937 -0.0794 -0.6816
-0.2430 0.0991 0.1054
-0.1516 0.1306 -0.9158
0.8532 0.1457 0.0232
-0.0383 0.1206 -0.1948
0.0282 0.5217 0.7172
-0.0149 -0.0371 -0.0947
-0.0016 -0.0318 -0.1158
-2.8396 0.7202 0.9038
0.3779 -0.1469 -0.1270
-0.2469 -0.0234 -0.5981
0.3599 -0.2509 -0.6406
1.0854 0.9225 -0.6216
-0.0462 -0.0580 0.5457
-0.6735 -0.3710 -0.5034
0.6211 -1.2026 -1.6035
0.5788 -0.3381 0.1672
-0.0061 0.0080 -0.0131
0.0967 2.6257 -0.5557
0.4392 -0.0140 -0.0069
0.2926 -0.0646 1.3289
-0.0509 -0.0718 -0.2862
0.5626 -0.2563 -0.6585
-0.5449 0.3496 0.3787
-0.0406 -0.0224 -0.0019
0.4473 1.6385 -2.1976
1.2847 -0.1833 0.5060
-0.2871 -1.5461 -1.0534
-0.0982 0.1012 0.2330
0.0869 0.3148 -0.7701
0.1772 0.0036 -0.2932
0.7001 -1.2939 2.4743
-2.6280 0.2466 -0.2277
-0.0639 -0.3445 -0.2291
-0.1161 0.0421 -0.2866
0.4040 0.0231 0.3587
-0.9836 0.8226 0.4651
-0.5977 -0.0045 0.1266
-0.0206 0.0062 -0.1772
-0.0210 -0.0022 0.2835
0.6222 -0.3433 0.4173
-0.2726 -0.2041 0.2598
-0.2510 0.1223 0.5694
-0.1913 -0.3545 0.0905
0.1675 -1.1869 1.8399
0.3120 -0.4214 0.6723
0.8860 -0.4943 0.5353
0.1863 -0.1858 -0.1778
0.0329 -0.1063 0.1690
-0.0216 0.1342 0.0816
0.0304 -0.0606 2.0224
-0.0363 0.2010 -1.3270
0.0491 -0.0426 0.4392
0.0152 -0.1564 -0.1645
0.0600 -0.1467 0.0216
-0.1424 0.1445 0.1325
-0.3378 1.7193 -0.0037
0.0254 -0.0015 -0.0169
0.0066 -0.0071 0.0042
0.0970 0.4433 0.8286
-0.8337 0.3554 -0.0908
0.2505 0.3468 0.1357
-0.1418 -0.2460 -0.1496
-0.0101 0.0048 -0.0407
-0.4707 0.2538 -0.0068
-0.2239 0.2590 0.7800
-0.3672 0.4883 0.3481
0.1137 0.0498 0.0309
-0.4978 0.4115 0.5839
0.3280 -0.2399 0.6319
1.3263 -1.0224 2.5025
-1.1585 -0.8989 0.8518
0.0895 0.0475 0.0418
0.0296 -0.1416 0.1664
0.7553 -0.1746 0.3169
-0.1213 -0.4387 0.7263
-0.1881 -0.0543 0.5242
0.0255 0.0196 0.2269
-0.0252 0.2692 0.0208
0.1175 0.0485 -0.3547
0.4943 -0.3308 -0.5675
0.2504 0.6762 -0.5463
-0.0001 -0.2019 -0.0358
-0.0548 -0.2736 -0.4892
-0.2726 0.1545 0.1762
-0.4293 0.0779 0.4830
0.5846 -0.0441 -1.9849
-0.5160 -0.4081 -0.3029
0.0007 -0.0114 0.0100
0.0979 -0.0371 0.2645
-0.6080 -1.1592 -0.4488
-0.1038 0.2126 0.2981
-0.0481 0.0448 -0.1013
-0.4237 -0.0833 -0.0983
0.0019 -0.0131 0.7204
-0.0021 0.0191 -0.2171
-0.4172 0.2958 0.1097
0.0586 -0.0193 0.6860
0.0333 -0.0378 -0.0365
0.1985 0.2724 -0.8562
-0.0011 0.0171 0.1138
-0.1087 -0.1295 -0.2559
-0.0087 0.0139 0.8947
0.0775 -0.0925 -0.2311
0.3232 -0.7114 0.2310
-0.1263 -0.0282 -0.2100
0.9704 -0.2202 0.2001
-0.2593 -0.1172 -0.0341
0.0475 -0.0333 0.9807
0.2863 -0.0604 0.5736
0.0748 -0.0585 0.1884
0.0203 -0.0096 0.0075
-0.4698 0.0953 -0.2417
-1.6787 -1.4709 0.3308
-0.6494 -2.7966 0.3382
0.0946 -0.0864 -0.3869
-0.0314 -0.0077 0.1337
-0.1373 -0.1468 0.1068
0.2876 -0.1847 -0.0927
0.0232 -0.0014 -0.4474
0.0628 -0.1653 -0.4208
0.5849 -0.0595 0.7861
-0.0092 -0.0081 0.0924
-0.0864 -0.1075 0.1555
0.3935 -0.5682 0.0695
0.0421 -0.0745 0.8925
0.1783 -0.7150 2.3200
-0.0793 -0.0015 -0.0441
0.0686 -0.0346 0.1933
-0.6942 0.1592 0.5319
0.0136 -0.1806 -0.2889
-0.0525 0.0181 -0.2793
0.2658 0.5355 -0.3349
-0.0780 1.0815 0.1514
0.0588 0.1196 -0.1654
-0.1261 -0.0279 0.0844
