-0.4701 -0.2069 -0.1184
0.4891 -0.1315 0.6076
0.0151 0.0058 0.5215
0.0355 0.7170 0.0047
-0.0044 -0.0405 0.1474
0.3314 0.1829 0.1436
0.0153 -0.0032 0.0021
0.5092 0.2294 0.1160
-0.3467 0.0298 0.7544
-0.0001 -0.0067 0.1374
-0.3520 0.6879 0.0679
0.3618 0.4885 -0.2337
-0.0042 -0.0293 0.0071
-0.2638 0.3386 -0.7317
-0.2865 0.2529 -0.1436
4.6320 -0.2211 -0.3156
4.1949 0.9296 0.0867
4.4995 0.0002 0.0135
4.9316 0.0754 -0.0570
4.5812 -0.0728 -0.0196
4.3418 -0.0121 -0.6959
4.4848 -0.0108 -0.4823
3.9035 0.3840 -0.0873
4.6438 0.5711 0.5991
4.5164 -0.1166 0.1758
4.4045 0.0908 -0.0736
4.7418 -0.5441 -0.3921
4.5599 0.0332 -0.5695
4.2211 0.9393 0.1315
4.0668 0.7368 -0.4481
