-0.3061 -0.1329 -0.4856
0.0028 0.3444 -0.6679
0.0834 -0.9924 -0.0277
-0.0000 0.0135 0.1121
-0.0954 -0.0707 0.9148
-0.5966 0.5791 -0.4162
-0.6673 -0.9505 0.8864
0.0933 0.4345 -0.6625
-0.1104 -0.0202 -0.3986
-0.7247 0.4735 -0.4102
0.0747 -0.3795 0.0628
0.0071 0.0267 0.3402
-0.1787 -0.2071 0.7985
-0.2291 0.0503 -0.8844
0.0222 -0.3216 -0.3344
-0.3157 -0.1990 -0.0554
0.6104 -0.6498 0.0526
-0.1613 -0.0896 0.4572
-0.2132 -0.6227 0.4605
-0.6684 0.0042 0.4870
-0.1130 0.2959 -0.1337
-0.0691 0.0819 -0.2641
-0.0769 0.0031 0.3165
0.2331 0.6535 0.3866
-0.1646 -0.2474 -0.2611
0.3030 0.1503 0.6059
0.0034 -0.1176 0.0661
-0.8416 -0.0923 -0.2263
-0.1757 0.1093 0.2506
-0.3768 1.9598 0.9390
0.0044 -0.0113 -0.0006
-0.0638 -0.0502 -0.1138
0.1772 -0.0814 -0.9310
0.0625 -0.0592 0.0855
0.0899 0.1543 0.3999
-0.0052 0.0109 -0.2201
0.0648 0.0100 0.1211
0.0198 0.0038 0.5756
0.2518 0.4697 0.1562
-0.3775 -0.0732 0.1128
-0.0063 0.2358 -0.4988
-0.0394 -0.0997 -0.7807
0.0082 -0.0009 0.3342
-0.0312 -0.0716 -0.0829
0.1596 0.0583 0.0312
-0.2985 -0.4664 0.4390
-0.1610 -0.0086 0.0944
-0.0209 -0.0163 -0.0007
0.2639 -0.4680 0.1167
0.4108 0.1223 -0.4079
0.0857 0.0994 -0.0806
-0.1814 0.0083 -0.5321
-0.0363 0.0049 -0.0295
-0.0938 0.6669 -0.5366
0.3205 -0.1340 -0.2642
-0.2313 -0.5630 -0.1100
0.4790 -0.0601 0.7749
0.0952 -0.1593 0.0365
0.1470 -0.3914 0.3649
0.0447 1.3604 -0.1316
-0.1241 -0.4759 -0.3201
-0.2517 0.2112 0.3120
-0.0684 0.1182 -0.4349
0.0117 -0.4347 0.5910
0.5366 -0.5143 -0.1471
-0.3883 0.6103 0.4469
-0.2681 0.2216 -0.7709
0.1818 0.1283 -0.7431
0.3241 -0.7807 0.4074
-0.4635 0.2925 -0.7717
-0.2588 -0.1810 0.0571
-0.5284 0.0375 0.3804
-0.0789 0.5698 -0.8163
-0.8928 0.5100 2.3019
-0.0186 0.1934 0.5042
0.4231 0.2825 -0.3719
-0.0030 0.0365 -0.3190
-0.0094 0.0861 -0.0635
-0.5464 -0.9495 0.6395
-0.0948 0.2112 -0.3003
-0.0041 0.0770 -0.5660
0.4719 -0.0738 0.2633
-0.2485 -0.5471 -0.2491
-0.4116 0.7738 0.2249
-0.0637 0.1084 0.3187
-0.2545 -0.0908 0.0355
0.0572 -0.0050 -0.3976
0.1643 -0.0719 -0.1161
-0.1140 -0.2930 -0.1085
-1.6248 -0.6376 -0.9335
0.0369 -0.0090 0.2672
-0.1152 0.2217 0.0090
0.0346 0.0782 -0.1637
-0.1673 0.2039 0.6815
0.0459 -0.0204 0.3826
0.1372 -0.4064 -0.0555
-0.0034 -0.0001 0.5131
-0.3256 -0.0234 -0.9324
-0.0047 0.1387 0.8485
-0.0848 0.0180 0.5417
-0.0260 0.5016 0.1371
-0.0654 0.0575 0.5403
-0.4843 0.3672 0.7823
0.3713 -0.9087 0.1866
-0.0092 0.0111 -0.0273
-0.0185 -0.0072 -0.6291
0.1731 -0.1562 -0.2005
0.4514 -0.0242 -0.8228
0.0887 -0.2866 0.3079
0.0049 -0.1043 1.8386
0.0074 0.2633 -0.0836
-0.1269 -0.6882 -0.1084
-0.5131 0.4250 -0.1621
0.6765 -0.9171 -0.9978
-0.2870 -0.6246 0.3517
0.5158 0.5200 -0.0319
0.0638 -0.0258 0.1153
0.0663 0.1015 0.3499
-0.9625 0.0643 -0.8680
-0.0913 -0.2825 0.1626
0.0688 -0.1517 0.0301
0.0151 0.1768 -0.0110
0.2142 0.2658 0.0217
0.2594 0.3044 -0.3963
-0.0566 -0.0286 -0.1816
-0.5827 -0.1831 0.0683
-0.1208 0.0576 0.7827
1.9340 0.6820 1.5543
-0.0503 -0.2118 -0.0398
2.4542 0.6470 -0.3941
-0.0673 0.0892 0.0187
0.4271 0.4887 0.1869
-0.1031 0.1758 0.0046
0.2650 -0.2525 -0.1610
0.2277 -0.7898 -0.3394
0.0501 -0.0172 -0.0889
0.8635 1.2497 1.3376
0.1934 0.1234 -0.4088
0.1042 -0.1594 -0.5310
-0.4866 0.0420 -0.0005
0.0340 -0.0857 0.4948
-0.2093 0.2279 -0.2445
0.5059 -0.1539 0.1910
0.2677 -0.4222 0.1065
-0.3810 -0.3522 0.3857
-0.0386 0.0530 -0.8057
-0.1376 0.3423 -0.4474
0.3799 -0.3397 0.2391
0.3714 -0.2233 -0.4489
-0.0312 -0.0168 0.0325
0.5315 -1.0831 0.8241
-0.1169 -0.0518 0.0799
-0.0918 -0.1836 -0.0844
-0.0580 -0.2282 -0.6638
0.0113 0.9221 0.1049
0.0008 -0.4458 0.0582
0.1262 0.2639 -0.6570
-0.1691 0.5082 -0.7774
0.0043 0.2106 -0.2187
-0.7239 0.5186 -0.3932
0.3801 -0.5303 -0.1634
0.0077 0.0063 0.4640
-0.5594 0.2862 0.2144
0.2575 -0.1984 -0.2333
-0.2543 -0.0414 -0.0735
-0.0944 -0.1791 0.7602
0.5713 -0.3316 -0.5495
0.3320 0.1240 0.7904
0.0741 -0.1230 -0.3191
-0.2290 0.2619 -0.7196
-0.0851 1.1719 -0.1817
-0.0591 -0.1289 -0.8988
-0.5123 -0.2323 -0.4641
0.1550 -0.2461 -0.0723
0.1223 0.1193 0.3455
-1.7255 -0.2954 1.1266
0.3395 0.0719 -0.1176
0.0073 -0.0040 0.0990
0.1344 -0.0544 -0.7669
0.2025 0.3612 0.4876
-0.0058 -0.0043 0.0036
0.5480 -0.0471 -0.5601
-0.5123 0.3328 0.0483
-0.1798 -0.0994 -0.8195
1.6233 -0.2780 -2.0017
-0.0578 0.1281 0.1617
-0.1002 0.1600 0.1523
0.2063 0.5066 0.0188
0.3461 -0.6522 -0.0127
-0.2588 -0.1030 -0.5217
0.5379 0.2629 -0.0438
-1.1943 0.1874 0.9865
-0.0195 -0.0175 0.0196
-0.3072 0.4755 0.4334
0.1221 -0.0612 0.4684
-1.0211 1.1009 -1.4820
-0.0142 0.0151 0.0611
0.4286 -0.1720 -0.0523
0.0861 0.0172 0.0727
0.6072 0.0809 0.7449
-1.5866 0.1121 -1.8140
0.3556 0.3262 -0.4801
-0.0753 -0.5023 0.3864
0.5346 -0.2140 -0.2387
0.1031 -0.0252 -0.4979
-0.0129 0.0127 -0.0080
-0.1491 -0.0681 0.8378
-0.1358 0.1170 0.3954
0.1293 -0.0465 2.5870
0.0983 -0.0596 -0.1870
-0.0712 0.2013 -0.0225
0.8017 -0.1035 -0.3690
0.1171 0.1012 0.1353
0.0916 -0.1365 -0.2515
-0.3807 0.0790 -0.3851
0.4771 -0.4160 0.4349
-0.0082 -0.0016 0.1559
0.0501 -0.4047 1.3222
-0.0441 -0.0862 -0.3505
-1.2759 -1.2459 0.8297
0.5176 0.1816 -2.4351
-0.0602 -0.0370 0.2308
-0.1415 0.6852 -0.6120
-0.2567 0.1305 0.1322
0.0913 -0.3360 0.8583
0.0062 -0.0113 0.2632
-0.1978 0.1055 -0.1580
0.0407 0.0282 -0.5606
0.0654 -0.0046 0.0635
-0.0145 0.1359 0.1433
-0.2480 0.2889 0.8484
-0.0730 0.4436 0.7148
0.0518 -0.0247 0.2804
-0.6866 -0.2265 0.4985
0.2492 0.1219 0.2088
0.0001 0.0035 -0.0043
0.0294 0.0430 -0.0970
0.4225 0.4014 0.5866
0.1477 -0.8964 1.9278
-0.0460 -0.0504 0.0418
-0.0029 -0.0079 -0.0124
-0.2066 0.5575 0.4978
-0.0031 -0.0476 0.1819
0.7339 -0.2326 -0.1457
-0.0022 0.0026 -0.0305
0.1975 0.7083 -0.4010
-0.0021 -0.0004 0.0374
-0.0026 -0.0237 -0.6819
-0.4202 0.1380 0.8755
-0.6149 0.3980 -0.2900
-0.0033 0.0115 0.0232
2.1164 -0.0785 0.2441
0.0766 0.4207 -0.4713
0.0060 -0.0353 -0.0300
0.0157 0.0073 -0.0467
0.4293 0.7652 -0.1412
-0.0002 0.0019 -0.0742
-0.0901 -1.5180 1.7316
-0.1140 -0.4443 0.0541
0.0214 -0.2313 0.5343
-0.0167 0.1158 -0.1139
0.0407 -0.0784 0.4062
0.7819 0.3980 0.3241
0.1052 0.4166 0.7408
-0.0027 0.0237 0.1176
0.3801 0.1575 0.9082
-0.0191 -0.0840 0.0107
0.1125 -0.0198 0.2800
-0.0446 -0.5953 0.4567
-0.3477 -0.3012 0.8013
-0.3787 -0.0470 1.7109
0.0928 -0.3398 -0.2894
-0.0084 0.1788 -0.2733
0.0355 -0.0294 0.1744
-0.2667 0.1748 -0.3147
-0.2668 -0.3098 0.6906
-0.1089 -0.0753 -0.0737
-0.1240 -0.0113 0.2239
0.2416 0.0241 0.8235
-0.0763 0.3441 0.8778
0.0294 0.0406 0.2113
0.5132 0.3040 1.1205
0.4181 0.0747 0.1139
0.0339 0.0159 -0.5869
0.0611 0.0209 0.1701
0.0016 0.0257 0.0005
-0.0244 -0.0438 -0.1938
0.0468 -0.1577 -0.2922
0.5671 -0.0181 0.0266
-0.3883 -0.5703 -0.2849
0.0974 -0.5799 -0.1908
0.0935 -0.0402 0.0105
-0.6316 -0.2581 -0.0107
-0.6386 0.5297 -0.3918
0.6869 -0.1255 0.3588
-0.2159 0.2625 0.6604
0.2763 0.7072 -0.0426
0.0703 0.1250 0.3288
0.1311 0.0400 -0.5792
0.5731 -1.6560 -1.0796
-0.7718 0.3247 0.2730
0.2390 0.3510 -0.0439
0.6739 0.2599 0.1146
-0.3961 0.0750 0.1852
-0.0078 -0.0189 0.0390
-0.0628 0.0310 0.0209
-0.0471 -0.1487 0.3739
-0.2151 0.1648 -0.2255
0.4851 0.8601 -1.8220
0.0341 -0.0671 -0.1914
-0.6475 0.4248 0.2864
0.0039 -0.0066 0.0040
0.1035 0.2762 0.6820
0.0128 0.0500 0.0043
0.2593 0.0683 -0.7899
0.5829 0.4864 -0.1923
-0.1391 0.2025 -0.0673
-0.0706 -0.0516 -0.6725
-0.1469 0.1477 0.5730
-0.0387 -0.0056 0.5854
0.1553 -0.0569 -0.0438
0.6732 -0.3325 -0.5547
0.0880 -0.0338 0.0544
0.8609 -2.4244 -0.1668
-0.1313 -0.0717 -0.3290
0.0906 0.2698 0.4889
0.1584 0.1513 0.1221
0.0898 -0.1876 -0.5382
0.1012 -0.3502 0.5534
-0.1136 -0.1312 -0.4412
-0.3180 0.3025 0.6620
-0.0866 -0.0507 0.1593
0.3547 0.1226 0.6891
-0.1638 0.0716 0.3447
0.2005 -0.3108 0.7728
-0.0103 -0.0718 -0.8787
-0.3562 -0.0872 0.3176
-0.4877 0.7907 0.3105
-0.0431 0.1929 0.0982
-0.1059 0.1453 -0.9245
-0.0419 0.1317 0.7198
-0.9486 0.5247 -1.6496
-0.2114 0.0260 0.0226
-0.1843 0.0943 -0.3191
0.0820 -0.0069 0.0537
-0.4098 0.2232 0.4910
0.1477 -0.0326 0.0170
-0.0094 -0.6270 0.6203
0.0525 -0.3822 -0.3208
0.3726 0.0702 0.1498
0.1031 0.0775 0.2357
0.4589 0.4938 0.5248
-0.0354 0.2862 0.0991
-0.0010 -0.0000 -0.0696
-0.0823 -0.1008 -0.2304
0.0089 0.0013 0.1327
-0.0495 -0.0297 0.3244
0.0263 -0.0394 -0.6989
-0.9718 2.2466 0.7039
0.1086 0.2312 0.1125
0.5025 0.2664 0.7635
0.5291 -0.7013 -0.3677
0.4322 -0.4200 0.7139
1.2154 -0.4506 -1.4249
0.0022 0.0013 0.5897
0.0103 -0.0192 -0.0010
-0.0059 -0.0088 0.0340
-0.2548 0.4473 -0.0416
0.0298 0.0016 -0.5843
0.0476 0.6834 2.5617
-0.0804 0.0826 -0.1536
-0.1043 0.0193 0.4164
0.0554 0.0261 -0.4768
-0.2568 -0.1760 -0.1975
-0.0374 -0.0116 -0.1622
0.6207 -0.0106 0.2803
0.1696 -0.4603 -0.7821
-0.3310 0.6770 0.3189
0.3614 -0.4558 0.7880
-0.0157 0.0339 0.0989
-0.0275 -0.0208 0.0142
-0.2517 0.0179 0.2149
-0.6442 0.0430 -0.0213
0.0874 0.3560 -0.2926
-0.1372 -0.0982 -0.1846
0.8707 -0.4775 -0.6517
-0.5302 0.1136 -0.3166
0.1885 -0.3059 -0.0316
-0.1961 0.0266 0.3798
0.1104 0.1963 0.1016
-0.1579 0.1706 -0.3511
0.2223 0.2533 0.0199
0.6172 -0.1607 -0.1387
0.0697 0.0957 -0.1923
0.9979 0.6505 1.5068
-0.0713 0.0677 0.0827
1.4352 1.9272 -0.9625
0.5395 0.1123 0.5635
-0.4944 -0.2250 -0.2880
-0.0833 0.2136 0.1843
0.0140 -0.0045 0.3106
0.3429 -0.6088 0.3768
-0.0231 0.2174 0.4785
0.0114 -0.0159 -0.0199
0.0449 -0.0381 -0.0358
0.2924 -0.0998 -0.0814
-0.0618 0.0608 -0.3283
0.2858 0.1779 2.3986
-0.5320 0.1444 -0.1051
-0.1129 0.7812 0.2634
-0.1067 -0.1515 -0.5110
0.0059 0.0078 -0.0032
-0.1780 -0.2525 -0.1405
0.0008 -0.1700 -0.2676
0.2249 -0.6307 0.6520
-0.0149 -0.2181 -0.0192
0.1450 -0.1635 0.8796
-0.2478 0.0418 -0.5036
1.3401 -1.6457 -0.5883
0.7296 0.3378 0.0678
0.0378 -0.0259 2.6254
-0.9284 -0.0608 0.3462
-0.0043 0.2677 -0.1261
0.0226 0.0012 0.8572
0.3225 0.5759 0.2394
0.8510 2.1510 -0.0579
0.0500 -0.0926 0.0024
-0.2379 0.5690 0.4424
-0.3958 0.5282 -1.4872
0.3029 -0.0723 -2.0906
0.0510 -0.0235 0.4321
-0.4994 -0.4869 -0.4909
-0.3427 0.1673 -0.2232
0.0156 -0.0006 -0.0588
-0.9404 -0.0036 2.1605
0.0294 -0.0674 -0.7194
-0.0008 -0.0012 -0.0420
-0.0038 0.0021 0.0051
-0.1775 -0.3419 -0.5422
0.1243 0.0600 -0.1763
0.2872 0.1918 -0.3634
0.0794 0.8747 -0.4454
0.4595 -0.1782 -0.7418
-0.3096 -0.7444 0.0817
-0.0648 -0.2293 0.1495
0.4724 0.6568 -0.3284
-0.8012 0.1583 -0.1810
-0.1980 -0.2644 0.9068
0.3004 -0.1850 -0.6858
0.1610 -0.5866 0.1917
-0.5744 -0.1278 0.5143
-0.2062 -0.6355 0.7409
-2.6188 0.5549 -0.1061
0.7920 -0.1478 0.5139
0.1164 -0.2171 -0.4517
-0.5916 1.3660 0.8672
-0.0646 -0.0267 0.0108
-0.0588 0.0944 0.0765
-0.0247 -0.0135 0.0030
0.0005 0.0009 0.0052
0.1721 0.1140 -0.4147
0.3025 0.3118 0.5139
-0.0424 -0.1544 0.1928
-0.0699 -0.0641 0.4765
-0.0131 -0.0217 -0.0232
0.1730 -0.0754 0.3351
0.0533 0.1340 0.1103
-0.1064 0.0856 0.8405
0.0047 0.0173 -0.6616
-0.0393 0.1201 0.1217
0.9058 0.1419 0.0813
-0.0694 0.2732 0.2408
-0.0283 -0.0529 -0.0849
0.0501 0.1994 0.3985
0.0972 -0.0327 0.2515
-0.0357 0.0466 0.4186
0.2912 -0.0020 -0.2856
0.2335 -0.3558 1.7396
0.0313 -0.2654 -0.4505
0.6044 -0.4665 -0.1118
0.2079 0.2152 0.6401
0.4613 -0.1970 0.3771
-1.0609 0.2131 -1.6166
-0.0092 -0.0242 -0.2030
0.6235 0.2268 -0.4444
-0.3632 0.1346 0.4951
0.0913 -0.0671 -1.0421
-0.3955 -0.1634 0.4100
0.5256 0.0946 -0.2928
0.0698 -0.1969 -0.2809
0.1667 -0.0819 -0.2061
-0.4606 -0.0628 -0.4316
-0.5872 -0.2434 -0.1656
0.0259 -0.0667 -0.7494
-0.1162 0.0759 -0.0348
0.0008 0.0700 -0.0467
0.4254 -0.3391 -0.3270
0.0860 -0.1936 -0.4160
-0.0184 0.1206 0.1356
0.2893 0.1936 -0.2028
