-0.0339 -0.0344 0.0893
-0.1358 -0.0007 0.5698
-0.4525 -0.0961 0.6788
-0.9018 -0.4885 0.0103
0.5698 0.3368 0.6385
0.0354 0.0545 -0.0299
0.0909 -0.0580 0.6180
0.8204 -0.3550 0.1140
0.4945 -0.0964 0.5891
-0.7365 0.4526 -0.0779
0.0078 0.0089 -0.0068
0.0126 0.2823 -0.1289
-0.9233 0.1855 -0.0109
-0.1119 0.7026 -0.5178
-0.1809 0.2451 -0.7544
-0.1233 -0.1319 -0.0241
0.0248 -0.0526 0.4755
0.0704 -0.1502 -0.0415
0.1500 -0.0873 0.0176
0.0517 -0.0930 -0.7177
2.0319 0.0122 -0.0658
2.6278 -0.6868 0.1407
2.1891 -0.7360 0.1392
2.0797 0.0806 0.3239
1.9207 -0.0198 0.6317
1.9571 -0.2159 0.7992
2.3568 0.0535 0.9290
1.9931 -0.1587 0.0983
1.8850 -0.5271 0.8755
2.0102 -0.1126 0.2524
1.4522 -0.3049 0.2980
2.0258 -0.0218 -0.7737
1.9628 0.2058 0.0750
2.2652 0.0886 -0.1362
1.5182 0.1221 0.0180
2.6187 0.0592 0.3930
2.4259 -0.3947 -0.6976
1.9024 -0.1304 -0.1087
1.4758 -0.0110 -0.4976
1.5970 -0.4776 -0.4192
