0.3207 0.1568
0.4285 -0.6789
-0.0634 -0.1038
0.3847 -1.0065
-0.7016 -0.3411
-0.6075 -0.6134
-0.2886 0.8702
0.2913 0.7344
0.4260 0.1039
-0.8784 0.1581
0.2834 -0.1638
-0.9727 0.2092
-0.0537 -0.6510
0.0046 0.5834
0.1059 0.0537
-0.1561 0.2069
0.5160 0.2424
0.0154 0.1382
-0.0218 -0.0120
-0.0834 0.1677
0.5608 -0.0513
0.4581 0.1730
-0.3350 -0.4442
0.5767 -0.0262
-1.5459 0.2118
0.0023 -0.0528
-0.2620 0.4458
0.4455 0.4195
-0.1067 -0.0162
-0.2572 0.1400
-0.4633 -0.0667
0.4057 -0.6690
-0.5441 -0.0845
0.1605 0.0109
0.0468 0.5448
0.0240 -0.0108
-0.3427 0.2675
-0.0962 -0.5282
-0.0642 0.1954
-0.2556 0.3461
-1.3553 -0.2362
0.0459 -1.2145
-0.3037 -0.0480
-0.0992 -0.7595
0.2423 0.2371
-0.3995 -0.1975
0.0010 -0.3630
-0.7760 -0.1004
-0.0308 0.0227
0.4662 -0.5279
-0.0405 0.6846
-0.4393 0.8330
0.8532 -0.0654
-0.4479 0.0884
-1.5999 -0.2066
0.8137 0.0799
0.3094 -0.6745
-0.0998 -0.4018
-0.0261 0.6137
0.1554 0.0963
-0.3532 -0.0079
0.3219 0.5930
-0.0181 -0.0594
0.2885 0.1945
-0.0463 -0.6296
-0.2595 0.1160
-0.5672 -0.8058
0.6093 0.5666
0.4898 0.8379
0.0985 0.2078
-0.1008 0.1733
0.6171 0.1734
-0.0182 -0.0348
-0.4800 0.0609
0.3083 0.3343
0.2748 -0.4312
0.3931 -1.1473
-0.7901 0.4626
0.2199 0.1749
-0.8416 -0.5965
-0.1413 0.3460
-0.0165 0.1197
0.5266 -0.2016
-0.8497 -0.1780
0.3604 -0.0377
-0.0656 -0.0252
0.4018 0.4301
0.8138 -0.1025
0.0398 -0.9258
0.8883 -0.3286
0.2024 0.0395
-0.5548 -0.2202
-0.1084 0.3820
-0.0224 0.0203
0.0216 0.0140
1.0168 1.0209
-0.7048 0.5115
0.7578 -0.5676
0.4966 0.8308
0.0001 0.0002
0.1168 0.0087
0.1750 -0.0687
-0.0364 0.0162
0.1558 0.8125
-0.7661 0.5356
-0.1579 -0.0677
0.0334 0.0506
-0.0510 -0.1055
0.1584 0.4762
0.0902 0.1362
-0.8387 0.3211
0.0438 0.0892
0.0334 -0.0021
-0.2024 -0.3859
-0.4681 0.2467
-0.6258 -0.5771
-0.1028 0.1338
0.0769 -0.0127
0.8993 1.2503
0.4852 -0.3734
-0.2245 -0.2321
0.1481 0.1813
-0.6354 -1.2619
-0.4257 -0.6956
0.3359 0.9034
0.7558 0.2292
0.1578 1.2357
-0.7606 0.2902
0.3843 0.7841
1.1691 0.7995
-0.4752 1.4041
0.7354 0.3715
-0.0626 -0.5189
0.0697 -0.4781
-0.4413 0.1973
-0.3182 0.1607
-1.0063 1.2951
-0.2670 -0.0614
0.3800 -0.3968
-0.2853 -0.1591
0.6403 -0.0995
0.2711 -0.2138
0.1952 -0.3578
1.1115 1.2375
0.0348 -0.1170
0.2487 0.3630
0.1806 -0.6209
-0.0599 -0.6319
0.3067 -0.8458
-0.0243 0.0111
-0.3800 0.4316
0.8006 -0.2733
0.0581 0.0072
-0.0892 0.4105
-0.0911 0.1440
0.7380 -0.2579
0.0035 -0.0463
0.1344 -0.2340
-0.2203 0.1934
-0.4592 -0.6211
0.0496 0.4570
0.1919 -0.4355
0.0044 -0.2535
0.0199 0.1013
0.2873 -0.5847
0.3265 0.1711
0.8184 -0.0050
0.1863 -0.4922
0.1591 0.2236
-0.1854 0.5895
-0.2001 -0.1750
-0.1867 -0.7749
-0.2749 -0.1099
-0.1165 0.4777
1.1672 0.4952
-0.5908 0.5048
-0.3232 0.6141
-0.9142 -0.2558
0.0808 -0.0473
-0.0922 1.6052
0.2548 -0.1786
0.5996 0.5453
-0.2466 0.4867
-0.6169 -0.3879
-0.7995 0.0966
0.0296 -0.1212
-0.8100 0.3433
-0.0982 0.9318
-0.4048 -0.0641
0.3036 0.7107
-0.0493 -0.4852
-0.1544 -0.0554
0.4959 0.5295
-0.5581 0.2754
0.1938 -0.1781
0.4721 0.0015
0.6075 0.5215
0.1641 0.2611
0.1139 0.1135
-0.2114 0.3730
-0.2446 0.1277
-0.1393 0.7128
0.0722 -0.2501
0.1175 0.1865
0.0802 0.1902
0.0038 -0.0724
-0.5605 -0.7779
0.0510 0.0367
0.0261 -0.0633
-0.3527 0.2322
-0.6822 1.3944
-0.1906 -0.3849
-0.4630 0.7818
0.5010 -0.6370
0.2445 -1.4916
0.0167 0.0715
-0.6475 0.2519
-0.1482 -0.1854
-0.4568 0.1521
0.4868 0.7269
0.8585 0.2233
-0.0623 0.0709
-0.0186 1.1463
0.0266 -0.0884
-0.9862 0.8472
0.4776 -0.6024
-0.1059 -0.3696
0.1922 -0.4781
-0.3178 -0.0638
0.1821 0.1963
0.1178 0.1002
-0.3211 -0.9460
0.3244 -0.3719
-0.0953 0.0008
-0.4003 -0.5590
-0.2937 0.0369
0.1033 0.5661
-0.0904 0.1445
0.9190 0.0480
0.5991 0.7361
0.1046 1.1804
0.0817 -0.1689
0.2882 0.3600
0.0345 0.5970
-0.0525 0.7126
-1.3289 0.8283
0.0854 0.0827
0.0624 0.3624
0.1616 0.3441
-0.0777 -0.0638
1.7984 -0.7510
3.1849 -0.0327
2.1610 0.1575
2.3320 0.9106
3.4585 -0.2164
2.4432 -0.4123
2.6720 -0.0168
2.5016 0.0304
1.6991 -0.5044
2.1768 0.3231
1.8249 -0.2597
2.0715 -1.0576
2.6544 -0.3757
3.0062 -0.2826
3.0144 0.6427
3.2808 -0.3434
2.5498 -0.0260
2.4018 -0.9033
3.3165 0.4290
2.3593 -0.3073
1.9212 0.0039
2.6645 -0.4905
2.3453 0.3761
2.1124 -0.8944
2.1877 0.1891
3.2340 -0.0444
2.7700 0.5596
2.6274 -0.0121
2.5016 -0.0067
2.1691 0.3818
1.3914 -0.0061
1.7286 -0.5504
1.7389 -0.3515
2.2915 0.1674
2.6964 0.0415
2.3575 -0.5014
2.4568 0.5475
2.7411 0.4077
3.1744 0.3351
2.5062 0.0218
2.6485 0.3467
2.4897 0.3733
2.6849 0.0576
2.4889 0.2725
2.9832 -0.0065
2.3884 -0.1134
2.8874 -0.0246
2.8968 0.4217
2.7484 -0.1097
2.8087 -0.9151
2.5355 -0.1610
2.4556 0.0260
2.4950 -0.0261
2.6979 0.3742
2.3546 -0.1000
2.5776 -0.0713
2.3222 0.1368
1.7206 0.2674
2.4591 -0.6397
2.0838 0.0300
1.8954 -0.1784
2.0253 0.0051
2.2535 -0.2712
3.0674 0.1154
2.1368 -0.4345
2.4855 -0.0311
2.5812 -0.1136
2.6359 0.4295
2.1797 0.4072
2.0784 0.0457
3.1001 0.2086
2.5583 0.4537
1.6915 -1.2658
2.9473 0.2574
2.2530 -0.5452
2.5502 -1.4216
2.2588 -0.7035
2.1776 0.3909
1.9964 0.0434
2.3727 0.1863
4.0625 0.2988
3.1185 0.5732
4.1462 0.1963
2.8187 0.1687
3.3399 -0.3672
2.3653 0.0653
2.1967 0.8169
3.2469 0.3336
2.5429 -0.0758
2.5240 -0.0824
2.7756 -0.0974
2.9614 -0.2196
2.5854 0.6683
2.3593 -0.0659
2.8553 0.0989
3.2125 0.6169
2.4172 -0.6185
2.5765 -0.0032
2.2148 -0.0377
2.2537 0.1741
1.5000 -0.5319
2.5757 -0.0043
2.2552 0.0593
2.2759 0.0898
2.2559 -0.8846
2.5434 0.6448
2.2538 -0.0647
2.8332 0.0937
2.5403 0.0392
1.2408 1.1346
2.4680 0.1619
2.6646 0.1195
2.6714 0.2941
1.6614 0.0695
2.2042 0.0987
2.4068 0.0025
2.4066 0.1669
2.7932 -0.1770
1.8022 -0.3067
2.4760 -0.8396
2.2535 -0.3592
2.9985 -0.7903
2.7354 -0.1489
3.1708 -0.1883
2.4937 -0.9081
3.4657 0.0907
2.4930 0.0065
2.8346 1.3591
1.5848 0.9695
2.7399 -0.4085
3.3380 0.3047
2.4027 -0.0404
2.1941 -0.3765
2.5151 -0.1495
2.0414 -0.1322
2.4274 0.4541
2.3739 -0.1409
1.2670 -0.8281
3.0608 1.2069
1.9583 -0.5918
2.2671 0.6171
3.9195 0.8181
1.6761 -0.3070
1.7203 0.1346
2.1393 -0.2181
2.6276 -0.0350
2.9234 -0.2384
2.4118 0.6314
2.6737 0.4373
2.6898 0.2845
3.1903 0.1606
2.9558 0.1381
2.3344 -0.1325
2.2479 -0.5584
2.8873 0.5203
2.5738 -0.0501
2.1250 0.2136
3.2012 0.2982
1.8414 -0.1685
2.9153 0.9422
2.4482 -1.1898
2.3417 0.1385
2.6059 0.3491
2.4050 0.1295
1.9338 0.4154
2.3674 0.3063
3.4088 -0.2670
2.1865 -0.1941
2.2392 0.7955
2.8577 0.8708
2.6722 -0.0359
1.7389 -0.1505
2.4996 0.1591
2.8112 -0.1072
2.4147 0.4619
2.0108 -0.5998
2.5243 0.1724
2.6829 -0.0553
2.4377 0.0743
1.6336 0.2602
3.1134 -1.5270
2.7879 -0.9503
1.2969 -0.0571
2.4807 0.4508
0.9452 -0.3995
2.0086 0.1408
2.1973 -0.2500
2.7380 0.5069
2.4232 0.0614
2.9840 0.0836
2.4186 0.0095
2.4907 -0.0869
2.7309 -0.3847
2.9859 -0.6441
2.5793 0.0773
3.1504 1.1605
2.4159 -0.0371
1.7525 -0.6416
2.5626 -1.2194
2.8355 -0.8916
2.4845 0.3840
1.2525 -1.0586
2.2560 0.3531
2.5684 0.0391
2.3691 -1.4163
2.5499 -0.0071
2.6228 -0.2125
2.7814 -0.1892
2.2850 -0.4086
2.8853 -0.7978
2.4924 -0.0654
3.0065 0.5853
2.2685 0.3254
2.7287 0.1260
2.5378 -0.3082
2.9161 0.5824
2.0375 0.8444
2.6884 0.8962
2.7353 -0.1802
2.4993 -0.2698
1.7904 0.5663
2.5296 0.5410
1.6062 -0.9553
3.4666 -0.3743
2.3226 -0.5177
2.7867 -0.9150
3.0197 0.4399
3.2703 0.6174
4.0322 0.4232
2.3210 -0.2070
3.1118 0.5327
1.8520 -0.1766
3.3055 -0.0319
2.5347 -0.1149
2.8845 0.3393
2.4066 0.6490
3.0566 -0.6070
2.2755 -0.8604
2.9814 0.4351
3.1982 -0.5582
2.2537 -0.5089
1.7307 -0.1971
3.2305 -0.1879
3.2803 -0.1648
2.4888 0.0539
2.5732 -0.0343
2.4425 0.2686
2.1601 -1.1379
3.2595 -0.1618
2.2559 0.0477
