-0.2027 0.1481
-0.3251 0.2980
-0.6365 0.2615
0.0121 -0.0026
0.1551 -0.5992
-2.3638 0.5500
0.7961 -0.4353
0.1417 0.2402
0.1897 -0.0602
-0.0090 -0.0914
-0.0239 0.8095
-0.0922 0.2687
0.0557 -0.0507
0.4807 0.2773
-0.1728 0.5391
0.5546 0.0807
0.3382 0.1589
0.2561 -0.3294
0.1236 -0.3941
-0.1377 0.8822
0.1978 0.2262
0.5082 0.3601
0.4463 -0.7107
0.0162 -0.0618
-0.4727 0.6868
0.3031 0.2601
-0.1743 -1.1102
0.9512 -0.0694
0.0527 0.1116
0.4395 -0.2124
0.6149 -0.3392
0.4451 0.0038
0.5351 0.6982
-0.4753 -0.2108
-0.2338 0.3916
0.3930 0.7521
0.1735 -0.0999
-0.3576 0.4886
-0.2378 -0.7735
-0.1874 -0.7805
