0.9869 0.2869
-0.0426 0.3616
-0.3146 0.4978
0.6238 -0.5522
-0.4858 -0.2543
0.0773 -0.1394
0.0598 -0.7726
0.5524 -0.3269
0.1885 -0.9932
0.7386 -0.0703
0.2409 0.2848
0.1883 -0.6176
-0.7469 -0.5893
-0.1481 0.0438
-0.7325 0.4160
-0.3235 0.5102
0.3712 0.1686
-0.7712 0.2789
-0.5215 0.7436
-0.5968 -0.0266
0.7653 -0.0313
0.5540 -1.0261
0.8065 0.5972
0.0130 -0.9493
0.0572 1.0305
0.1631 0.1461
0.8394 -0.2061
-0.2075 -0.0882
0.0402 -0.2074
-0.6026 -0.8202
0.6314 -0.2926
0.2840 -0.0531
0.2497 -1.1548
0.1098 -0.2145
0.5789 -0.0968
0.3033 0.5945
-0.8382 -0.7592
-0.5747 0.5202
-0.8701 0.1151
-0.1146 -0.0267
0.2401 -0.1466
0.2179 -0.4019
0.1768 0.0453
-0.8206 -0.2438
0.2405 1.0089
-0.6656 0.0893
0.3337 -0.7139
0.5239 -0.1668
0.1173 0.0526
0.2437 0.1547
-0.4855 -0.1893
-0.4119 0.4441
-0.5465 0.1513
-0.2508 -0.0916
0.0240 -0.1120
0.2393 -0.2942
-0.3515 -1.0699
0.3192 0.1960
0.3833 0.4591
-0.0858 -0.9780
0.9498 -0.6929
-0.0033 0.3316
0.2553 -0.5016
-0.7215 -0.7446
0.8841 -0.1314
0.2905 -0.3081
-0.3448 1.0272
-0.4924 -0.4123
0.0540 -0.4773
-0.3383 0.2069
0.5305 0.0265
-0.4987 0.5681
-0.0621 0.4014
-0.5789 -0.8141
0.2380 -1.0264
-0.2790 0.1101
-0.0559 0.1604
-0.3245 0.0247
-0.3102 1.0639
0.0541 0.2031
0.9095 0.6982
-0.9889 -0.6613
0.0829 0.4547
-0.6595 -0.5485
0.0595 0.2772
-0.5295 -0.4560
0.3688 1.0369
0.6796 0.3659
-0.0590 -0.0285
0.2179 0.0232
0.0918 -0.0871
0.3951 0.0831
0.1654 0.3670
-0.0007 0.4300
0.6010 -0.0587
0.0060 -0.0546
0.4725 0.0769
-0.3298 0.1303
-0.0077 0.1365
0.0122 0.0161
0.3434 0.3092
-0.6949 0.7653
-0.0670 0.4266
0.7077 0.3523
-0.3032 -0.0678
0.1814 -0.1783
-0.0844 0.0362
-0.0409 -0.4134
0.9152 -0.2735
-0.2208 -0.5901
-0.0310 0.9197
-0.1033 0.3757
-0.1711 -0.0720
0.3209 0.1379
0.2663 0.4121
-0.5864 -0.0873
0.0962 0.4254
0.7425 -0.7813
0.1273 0.0686
0.1080 0.0177
-0.2269 0.2936
-0.6504 -0.1502
0.0215 -0.0184
0.0232 -0.6197
-0.6976 0.2387
0.1923 -0.0402
-0.9658 -0.4987
-0.1384 -1.0550
-0.1243 0.3921
-0.5171 -0.6478
-0.3043 -0.6277
-0.0601 0.0080
-0.2497 0.6054
-0.3107 -0.0183
-0.3117 0.1183
0.0472 -0.1361
-0.6613 0.4636
-0.4560 0.8998
0.4678 -0.5441
-0.2378 0.0230
-0.0002 -0.0042
-0.9967 0.0396
0.0007 0.0473
0.1792 -0.1555
1.1133 0.1272
0.9632 0.0645
-0.0748 0.6754
0.9036 0.0056
-0.0803 -0.0598
-0.0271 0.0687
0.1465 0.5808
0.3031 -0.5973
0.5101 -0.7645
-0.2231 -0.0682
1.0417 0.2518
-0.0520 -0.0380
0.1938 0.9647
0.9073 -0.1674
0.2098 0.1079
0.1716 0.1368
-0.0052 0.2635
0.0019 -0.1360
0.6170 0.8207
-0.1164 0.9491
0.2101 -0.6568
0.0898 -0.5499
0.0957 0.7725
0.3600 -0.1818
0.3934 0.1440
-0.2368 -0.0744
-0.9908 -0.3818
-0.3182 -0.7932
0.0705 -0.4386
0.0757 -0.8451
-0.5289 0.2789
-0.2960 0.0431
0.1593 -0.0963
-0.2132 0.4320
-0.2750 0.0016
-0.5310 0.2209
0.1822 0.1955
-0.3561 0.5627
0.0992 0.0034
-0.2170 -0.0766
-0.1633 0.0626
-0.1740 -0.0073
-0.8330 -0.2099
-0.2122 0.0767
0.1557 0.0054
0.8318 -0.5493
0.1430 0.0244
0.9755 -0.2385
0.3442 -0.4331
0.2043 -0.2579
0.0246 -0.0167
1.0539 -0.5005
-0.0819 -0.0213
-0.0358 -0.3582
0.7029 -0.3208
-1.0073 -0.3244
