-0.4307 0.3452 -0.6246
0.1331 -0.1749 -0.2980
-0.5077 -0.2246 0.8279
-0.0765 -0.7477 0.3665
-0.3291 -0.5776 0.1728
-0.2406 0.0696 0.3405
0.0398 -0.3886 -0.3517
-0.2553 -0.4321 -0.2187
0.2679 0.1686 -0.0028
0.2841 -0.1754 -0.0155
-0.1750 -0.6088 -0.0945
0.0095 -0.0173 -0.0117
-0.1359 0.2284 0.6867
0.2039 0.0997 0.2886
-0.0337 0.1057 0.5803
-0.1481 0.5776 0.1781
0.3486 0.4729 0.3056
0.1261 0.2601 0.2061
0.5554 0.6580 -0.0562
0.3331 0.7860 0.1571
-0.2709 0.5247 0.3268
0.0406 -0.0513 -0.4833
0.0394 -0.0224 -0.4505
0.1727 -0.1323 0.2604
0.4042 0.0133 0.3218
-0.3173 -0.1036 -0.2496
0.8203 0.5018 -0.1143
-0.0565 0.0376 -0.4643
-0.0207 0.0294 -0.0599
-0.3595 0.5076 -0.6968
