-0.0126 -0.1104 -0.3674
0.1403 -0.0022 0.0290
-0.0331 -0.0045 0.0518
0.3468 -0.4215 0.1745
-0.5139 -0.1709 -0.4471
-0.1927 -0.2233 -0.2692
-0.3395 0.0308 0.6841
-0.3877 -0.3084 0.8572
-0.7479 0.3324 -0.1909
-0.1629 0.4989 0.3741
-0.2718 -0.5109 0.0959
0.2444 -0.3311 -0.1948
0.0763 -0.2539 0.0523
0.2616 0.2486 -0.0418
-0.3440 0.3718 0.1238
-0.1572 -0.3191 0.7798
0.0361 -1.0024 0.1338
-0.0114 -0.1919 -0.0579
0.0232 -0.1752 -0.2679
0.1544 0.2347 0.3281
2.4438 -0.2262 0.6717
2.1062 -0.0228 1.0557
2.2366 -0.0047 -0.2806
2.3335 -0.0033 -0.1704
1.9972 0.1945 -0.2352
2.1225 -0.0426 0.4849
1.9962 0.0677 -1.1913
1.0817 -0.4347 0.1087
2.0061 -0.0070 -0.5996
1.8861 0.8670 -0.1695
2.0163 -0.0522 -0.1591
1.1264 -0.3454 0.3080
1.9912 -0.0394 -0.8685
2.3434 0.4558 -0.6688
1.7100 0.6078 0.2773
2.6055 0.3575 0.4046
1.9895 -0.2718 0.1021
3.0699 0.0122 -0.2109
2.7528 -0.7016 0.5770
2.2361 -0.0274 0.3212
