0.6657 0.2713
-0.6900 -0.2387
-0.4179 0.0289
-0.4730 -0.6267
-0.0411 -0.1011
-0.6020 0.1607
0.0542 0.0710
0.1765 -0.3260
-0.0170 0.1497
0.2467 0.2102
-0.0202 0.0005
-0.6872 0.2883
0.5336 0.5889
0.0156 -0.0073
0.4927 -0.3252
-0.0816 -0.3360
0.0283 -0.1091
0.0241 -0.8983
1.1039 0.0396
-0.3017 -0.0800
3.0328 0.0831
1.0294 0.1198
1.0777 0.3834
2.1287 0.0258
2.8092 -0.8534
1.9915 -0.9349
1.5421 0.1925
1.5879 -0.2958
1.0546 -0.3498
2.0054 0.0481
2.0921 -0.0620
2.2185 0.4178
2.1150 0.5104
2.0198 -0.2867
1.6021 -0.6567
2.1231 -0.2273
2.3818 0.3861
1.5137 0.0256
1.8957 0.9521
2.0659 -0.7968
