-0.2200 0.0569 -0.7944
-0.0380 0.0138 -0.0389
-0.2225 0.1707 -0.1819
-0.1996 -0.0945 0.5401
0.0007 0.0026 -0.0034
-0.3239 0.0806 -0.0324
0.0518 0.1374 0.5567
0.0965 -0.2838 -0.0132
-0.0308 0.0174 -0.0100
-0.3423 -0.4302 -0.7608
-0.0545 -0.1682 0.0622
-0.2141 0.5812 -0.3979
-0.3089 0.4229 0.2596
0.0544 -0.6085 0.1381
-0.4700 -0.3718 0.2065
-0.0245 -0.4024 -0.0426
-0.8549 -0.7094 1.8851
0.3524 0.2298 0.0461
0.0001 -0.0001 -0.0056
-0.0283 0.0546 -0.8312
-0.2211 0.6897 -0.6244
-0.2459 -0.0960 0.2669
-0.2718 -0.3147 0.0356
0.0423 0.1356 -0.8015
0.3269 -0.0425 -0.2470
0.1542 0.2609 0.6239
-2.1829 -0.0844 1.1665
-0.0634 -0.0064 -0.2143
0.5950 -0.1390 -0.0793
-0.0211 -0.0245 -0.3720
-0.6663 0.0637 0.2777
0.2296 0.2019 0.0476
-0.0246 -0.5196 -0.9219
-0.0188 0.3602 0.1512
-0.0068 -0.0141 -0.0121
-0.7279 0.3371 0.2849
-0.0831 -0.0058 0.2052
0.3450 -0.1852 -0.8531
-0.0006 -0.0570 -0.1232
0.0501 0.0764 0.0707
0.4668 -0.2190 -0.2877
-0.6289 -0.5739 0.1032
0.0203 -0.0323 0.6796
0.2833 0.1820 -1.8959
0.0179 0.0301 -0.0998
0.1307 0.1755 0.0373
-0.2841 -0.2299 -0.8791
-0.0498 -0.3248 -0.1025
-0.0014 0.0035 0.0250
0.1298 0.0987 0.0902
-0.7309 0.3893 0.1153
-0.0903 0.0764 -0.6605
0.0566 0.0065 -0.3857
0.3989 1.1447 2.3828
0.1984 0.5646 0.4184
-0.4327 0.2095 0.0740
0.0034 -0.0280 0.3238
-0.2937 -0.0022 0.4094
0.0615 0.0172 -0.1342
-0.0167 0.0373 -0.0764
-0.3385 0.0101 -2.5616
-0.0311 0.0189 -0.1371
0.2888 -0.6162 -0.2996
0.1165 0.0593 -0.3556
-0.2795 0.2204 0.8371
0.1078 0.0124 -0.0379
-0.0907 -0.0078 -0.7996
-0.0275 0.4403 0.0946
0.0464 -0.0656 -0.4176
-0.2344 -0.0993 -0.7653
-0.1813 0.2058 0.3774
0.2336 0.2705 -0.7523
0.0993 -0.0643 0.3461
0.0089 0.1197 -0.3264
0.0001 0.0023 -0.0053
0.0049 0.0336 -0.3707
-0.0049 -0.0305 -0.1231
-0.8011 -0.0717 -0.4776
0.3782 0.1721 0.1973
-0.0742 0.0003 -0.0670
-0.7100 -0.5438 -0.3094
-0.0214 -0.0508 0.7355
-0.2912 0.0091 0.8489
-0.5230 0.6057 -0.5764
0.1271 -0.1410 -0.0519
-0.1822 0.2976 0.2180
0.1578 -0.7645 0.5545
-0.0252 -0.0457 -0.0602
0.3144 0.0589 -0.5688
0.0154 0.0327 0.5341
-0.0652 0.1614 -0.1680
0.0757 -0.1082 0.0849
-0.4379 -0.6396 -2.1182
0.0802 -0.0378 -0.2250
-0.0283 0.0369 0.0351
0.0495 -0.0134 -0.0774
-0.0026 -0.0817 0.2913
-0.1181 0.4436 0.3306
-0.1822 -0.2132 -0.0878
-0.1865 0.2254 -0.6717
0.1319 0.1498 0.3197
-0.1494 0.8020 0.5376
0.0604 0.0589 0.0644
0.8235 1.1615 1.1285
-0.7449 0.0127 -0.2577
0.1293 -0.3136 -0.5893
0.0582 0.0084 -0.0988
-0.0738 0.0370 -0.0039
0.6423 0.0282 0.0739
-0.1438 -0.1546 -0.6004
-0.0883 0.2435 0.0465
-0.0859 0.3150 -0.0014
-0.1702 -0.0252 0.1250
0.3914 0.0159 0.5102
0.3429 -0.1585 0.7778
0.1731 0.4789 -0.4551
-0.0208 -0.0237 0.2037
0.0705 0.0258 -0.0200
-0.0275 -0.0241 -0.7284
0.3699 0.6867 -0.0191
0.0102 0.1259 0.0514
0.0085 -0.2497 0.0605
0.7131 0.2567 0.4446
-0.0273 0.0889 0.0481
0.0268 0.0131 0.0060
0.0957 -0.0136 0.5168
-0.3028 0.3733 0.4435
0.2068 -0.8967 0.1868
-0.2967 -1.3618 3.1077
-0.2476 -0.2946 0.6229
0.0942 0.1932 0.1931
0.0003 -0.0020 0.0278
-0.0698 -0.0022 -0.1004
-0.0100 0.4975 1.3730
0.1888 0.4115 0.4451
-0.2796 0.3400 0.0434
0.4095 -0.0432 -0.1014
0.0015 0.1403 0.0170
-0.0372 -0.1537 -0.0684
0.0095 -0.0119 -0.0113
0.0394 0.0647 -0.1056
-0.1504 -0.0338 0.1075
0.6750 0.0676 0.1128
-0.3008 0.6064 -0.6410
-0.2137 0.5767 -0.5151
0.0336 -0.5467 -0.5755
-0.3321 -0.0504 -0.1401
-0.3850 -0.5374 0.2054
0.3184 0.1679 0.3483
-0.1501 0.0854 0.4375
0.1052 -0.0340 0.1927
-0.5359 -0.6672 -0.0992
-0.0407 0.0366 0.0305
0.3377 0.2993 -0.8225
0.0321 -0.1111 0.4679
-0.0252 0.0296 -0.2247
0.0286 -0.0656 -0.0141
0.0723 -0.3080 -0.0341
-0.0023 0.0030 0.1062
0.2046 0.0246 -0.7656
0.7131 0.2308 0.1123
0.1361 -0.3097 0.0725
0.0747 -0.1283 0.4756
0.0032 -0.0653 -0.0416
0.2163 0.1314 0.1722
0.0171 -0.0583 -0.1721
0.6832 0.6275 0.3147
-0.5595 0.0185 -0.2158
0.0067 -0.0222 0.2406
-0.0767 0.2527 -0.7579
0.0678 -0.0757 0.0560
0.2644 0.5396 0.4132
0.7187 0.2893 -0.5429
0.5416 -0.0619 -0.1589
-0.0320 0.1906 0.7513
0.0334 0.3506 -0.2919
-0.3242 -1.4307 -0.8196
-0.0412 0.0458 0.7390
-0.3136 0.1120 0.0092
-1.9226 -1.2239 -2.0574
-0.6201 -0.2883 0.0164
0.2400 -0.0411 0.3931
-0.0227 0.6412 -0.5225
-0.0929 0.4468 0.1348
-0.0058 0.0059 -0.0256
-0.0006 0.0024 0.0240
-0.0809 -0.0227 0.0409
-0.0079 0.0149 -0.0177
0.1350 0.0376 0.5031
-0.4306 0.0995 -0.8343
0.0660 0.0130 -0.0266
0.2131 0.0441 -0.8947
-0.7948 0.1230 -0.3799
1.0426 -0.6466 0.8554
0.2256 0.3565 -0.0379
0.0061 0.0052 0.0415
1.9486 -0.7591 0.6290
0.4194 -0.1403 3.6169
-0.1405 -0.1148 -0.0079
-0.4237 -0.0591 0.5134
-0.0059 -0.0281 0.1933
0.0688 0.0221 0.2051
0.0410 0.0039 0.0107
0.0054 -0.0056 0.0354
-0.5784 -0.1068 0.5256
0.0430 0.0439 0.0354
-0.1973 0.0969 -0.0147
-0.0021 -0.0456 -0.5439
-0.2557 0.0911 -0.0395
-0.0222 -0.0228 -0.5145
0.0007 0.0221 -0.0302
0.3718 -0.1806 3.0955
0.0120 0.0484 -0.5068
1.3672 -0.5217 1.2256
0.1453 -0.3141 -0.0282
-1.2472 -1.9953 -1.0734
0.0509 -0.1369 0.1179
0.0308 -0.6450 0.2351
-0.0130 0.0853 -0.2651
0.0487 0.0934 0.1116
0.1327 0.2028 -0.3514
0.0367 0.1769 -0.7925
0.5136 -0.0155 -0.3475
-0.0271 0.0423 0.2017
0.0978 0.0596 0.0991
-0.2798 -0.1472 -0.2150
0.0395 0.0261 0.4297
0.1928 0.0228 -0.2975
0.0859 -0.8797 0.2443
-0.0056 -0.0605 -0.1113
-0.2089 -0.3485 -0.0095
-0.0818 -0.7688 0.0503
-0.2680 -0.4344 0.4977
-0.1552 -0.3100 0.7553
0.3087 -0.0178 0.3460
0.2010 -0.3289 -0.2807
-0.2124 -0.4094 0.3415
0.3307 0.1884 -0.2803
0.1067 -0.0387 0.1418
-0.1636 -0.1728 0.9194
0.5082 0.1496 -0.0527
0.0267 0.0088 -0.0927
0.4419 -0.4319 0.6465
0.5822 0.6492 0.0429
-0.1123 0.1305 -0.0759
0.0436 -0.0010 0.6412
-0.1377 -0.0697 0.0591
-0.2721 0.3486 0.1801
0.2116 -0.2971 0.0455
-0.0435 0.1986 0.2307
0.5270 -0.0796 1.1065
-0.7009 -0.4053 0.5754
0.7513 0.3307 0.5299
-0.2497 -0.2483 -0.0402
0.2944 0.1708 0.2557
-0.0346 0.3353 0.3217
-0.6609 -0.0485 -0.6839
-0.3425 -0.3083 -0.0583
-0.0447 0.0745 -0.1102
-0.0197 0.3140 -0.2254
0.1593 -0.2141 0.8474
0.1397 -0.1530 0.1509
0.0569 -0.0522 0.1819
0.2591 -0.1358 0.3868
0.8764 0.3867 0.1125
0.2428 -0.0256 0.0106
0.7694 0.2235 -0.6800
0.1225 -0.6935 -0.6089
0.0355 -0.0409 0.2990
0.2851 -0.0262 0.5575
-0.0069 -0.0122 -0.4293
0.4328 0.0334 -0.6342
0.1067 0.2493 -0.9297
-0.0377 -0.5126 -0.1395
0.0504 0.1044 -0.7259
-0.0380 0.1097 0.7254
0.1153 0.4210 0.1872
-0.0014 0.0023 -0.2539
-0.6882 -0.4703 -0.4609
0.1157 -0.3686 0.3137
0.0889 0.5642 0.0445
-0.0483 0.0705 0.3035
-0.1430 0.1119 0.1606
-0.2343 -0.0403 -0.0055
-0.2457 0.3393 -0.5266
0.0081 0.0057 0.0073
0.0041 0.0040 0.0174
-0.0503 0.6588 0.1831
-0.6637 0.0815 -0.6922
0.1789 -0.4963 0.6198
-0.1175 -0.0673 0.1953
0.1587 0.0247 -0.2136
0.4436 -0.0800 0.1868
-0.0075 0.0142 0.0314
-0.1016 -0.8089 0.1311
-0.1516 0.1662 0.1360
-0.3947 0.1126 0.0713
0.0908 0.0571 0.2383
-0.0088 0.0176 0.3493
-0.0846 0.1094 -0.0589
0.1178 0.5878 0.5696
0.1220 -0.1777 0.2017
-0.5021 0.0723 0.4453
0.1034 0.0222 0.0133
0.0954 -0.0627 -0.0050
0.5355 0.1158 0.4056
-0.6178 -0.1057 -0.0981
0.0516 -0.2491 0.7907
-0.4281 0.0487 0.2261
0.7504 0.4899 0.2255
0.0997 0.0161 0.3785
-0.0819 0.1545 -0.0336
0.1428 -0.1097 -0.3106
0.3445 0.0477 0.1565
0.0310 0.4204 0.4372
0.0911 -0.2313 0.7313
0.3334 0.3725 0.6970
0.0337 0.2542 -0.5537
0.4838 -0.3590 -0.5976
0.1357 -0.2400 0.3592
0.6478 0.2517 -0.7086
-0.5856 -0.2570 0.1758
-0.3089 0.8126 -0.0120
0.0987 -0.0329 -0.0340
0.3710 -0.7166 0.3372
-0.5610 -1.9656 -1.8252
0.0149 -0.0079 0.0209
-0.3132 -0.1077 0.5437
0.0605 -0.1156 0.2225
0.0331 -0.0203 0.2465
-0.0530 -0.0914 -0.3362
-0.3372 -0.2402 -0.5057
0.7035 0.4932 -0.2322
-0.4914 -0.7358 0.1225
0.0138 0.0251 -0.2010
0.1381 0.1424 0.5639
-0.0891 -0.0075 0.2432
0.0873 -0.2987 0.8685
-0.0036 -0.0045 0.0119
-0.0080 -0.0082 0.1996
-0.1161 -0.3990 0.4355
0.0063 -0.0799 0.4506
0.0653 0.0124 -0.5465
-0.0209 0.0353 -0.4726
0.3868 -0.0152 -0.4058
-0.6445 0.3175 -0.1975
-0.7596 -0.5529 -0.1682
-0.2828 0.4569 0.0574
0.1154 -0.1309 0.0352
0.1807 -0.1131 0.2413
0.2283 -0.0970 0.2213
-0.0229 -0.0433 0.3951
-0.1416 -0.0381 -0.1030
0.0559 0.0054 0.0083
-0.3568 0.3823 0.2189
-0.0867 0.4820 0.3386
0.1207 0.2405 -0.1135
0.0460 -0.1180 -0.6056
-0.3661 -0.0303 0.6134
0.2616 0.1179 -0.2335
-0.0870 -0.0152 -0.0320
-0.0029 0.0023 -0.0740
0.0385 -0.9039 -0.1548
-0.2251 -0.1562 -0.3590
-0.0722 0.1110 0.8878
-0.1770 0.1327 0.8203
0.2663 -0.4796 0.2921
-0.8119 -0.4230 0.3392
0.1360 0.1223 -0.4548
-0.4786 -0.8492 0.0193
-0.3641 -0.7080 0.4057
0.0650 -0.9095 0.2660
-0.1282 0.4501 0.2044
-0.6778 -0.1826 0.5371
-0.0449 -0.0324 0.0011
0.4868 0.7940 0.1043
-0.1203 -0.1299 0.2899
0.0460 -0.0136 -0.0260
0.4751 0.2603 0.5778
-0.1536 0.3426 -0.6889
-0.0497 -0.1373 -0.9337
0.2715 -0.6337 0.1274
0.0255 0.5004 -0.3746
0.0327 -0.7075 -0.2939
0.4240 0.1041 -0.0543
0.1267 0.2054 -0.5458
0.0325 0.3035 -0.4599
0.0519 -0.0016 0.1796
0.2366 -0.2452 0.5664
-0.2386 0.0179 0.2383
0.0047 0.0144 -0.6296
-0.2570 0.7684 -0.3530
-0.0316 -0.0136 0.1302
0.0171 -0.0033 -0.2612
-0.1330 -0.0812 -0.5655
-0.4551 0.4602 -0.1190
-0.1933 -0.1974 0.4317
-0.7099 -0.1087 -0.0416
-0.1592 -0.0592 0.2122
-0.0227 0.2521 0.1348
-0.4988 0.6346 -0.2612
0.1520 0.6960 0.1843
-0.1380 0.0420 0.1585
-0.1805 -0.0474 -0.1695
-0.0513 0.1005 0.0935
-0.0075 0.2414 0.1390
-0.0214 -0.5605 0.2973
-0.2410 0.1601 -0.0458
0.0399 0.0376 -0.0274
-0.2515 0.0640 -0.0668
0.0117 -0.0016 0.0218
0.1013 0.0036 -0.3140
0.0888 0.1719 0.6478
0.2531 0.1217 -0.4214
-0.0348 0.0672 0.0677
-0.0228 0.0284 0.0107
-0.3223 -0.8175 0.2594
0.4300 0.5125 -1.1654
0.0651 -0.0393 0.3591
-0.0917 -0.0562 -0.0902
-0.0237 0.6829 0.2860
-0.5880 -0.0238 0.1704
0.0461 0.0706 0.0961
0.1388 -0.1194 -0.0608
-1.3086 0.1838 0.5709
-0.2446 0.1199 -0.2804
1.9746 -0.5609 0.3053
-0.4955 0.0465 -0.5350
0.0347 0.4536 0.3475
0.0423 -0.0937 0.0366
0.5790 0.5867 -0.4614
-0.1815 -0.2338 0.5367
0.0266 -0.0881 -0.2293
0.5057 0.3835 0.3279
-0.7626 0.0217 0.4271
-0.1139 0.1019 0.2090
0.2474 0.3927 0.4790
0.2216 -0.0991 0.2802
0.0514 -0.0660 -0.3171
-0.1498 0.1051 0.0137
-0.2194 0.3188 0.1181
0.2555 0.0043 0.1507
0.5919 -0.0878 -0.6284
-0.6045 0.3221 -0.1383
0.3200 0.5965 0.1056
0.0602 0.5230 -0.6147
0.1178 0.0105 0.0783
0.0308 -0.4679 -0.4669
0.0135 -0.0072 -0.1272
0.0323 0.1558 0.0020
-0.3245 -0.2079 -0.0096
0.0016 0.0052 -0.0596
-0.3566 -0.4109 0.6150
-0.0032 0.0779 0.7339
-0.0022 -0.0107 0.0501
0.0083 -0.0098 0.0093
-0.0333 -0.1040 0.0509
0.1336 0.5518 0.6248
-0.8108 -0.3786 0.1321
-0.0054 0.0016 0.0086
0.0231 -0.0117 -0.0877
-0.1069 0.1992 0.3002
-0.0958 0.1635 0.2314
0.0769 0.1288 0.5796
-0.1891 -0.9261 0.2363
-0.2675 0.0605 -0.1872
-0.0200 -0.0375 0.0150
-0.7125 -0.5228 0.2972
0.2712 -0.0269 -0.2991
-0.0205 0.0273 -0.3229
0.7241 -0.3923 -0.0506
0.1590 -0.5659 -0.0385
-0.3517 0.8550 -0.2013
-0.0704 0.1452 0.1354
-0.0558 0.3583 0.1381
0.0575 0.1438 -0.3599
0.2241 -0.3822 -0.5942
0.0394 0.0038 -0.0599
0.0473 -0.0416 0.0253
0.2156 -0.2508 0.2257
0.1811 -0.2242 -0.4277
0.0040 0.0072 -0.0047
0.1031 0.0266 -0.7369
-0.0172 -0.0128 -0.2853
-0.2370 -0.5092 0.0803
0.0007 0.0004 0.0009
-0.6312 0.1412 -0.5979
-0.1433 0.6262 -0.1161
0.0516 0.1671 0.7868
0.2258 0.2456 -0.1490
-0.5922 -1.8847 -1.7534
-0.2754 -0.3036 0.7286
-0.1012 -0.0036 0.0013
0.0403 -0.0047 0.4834
-0.2091 -0.2254 0.5639
0.2436 0.4217 0.8416
0.3853 0.0464 -0.2223
0.2495 0.0142 -0.0578
0.2345 -0.1209 0.0125
-0.0604 -0.2276 0.6346
