0.8150 0.4284
0.2303 -0.1320
-0.0756 0.4200
0.6592 0.0671
0.6391 0.0641
0.2809 0.3983
-0.0661 -0.1059
0.1542 -0.1718
-0.0050 0.0052
-0.4868 -0.5241
0.3870 0.1702
0.1963 0.9590
0.2959 -0.1865
0.1188 0.0766
-0.7065 0.7064
0.3037 0.6352
-0.0362 0.0617
0.3477 -0.2096
0.0067 0.0096
-0.9122 0.0362
-0.9672 -0.0164
-0.0115 0.0103
-0.8348 0.4668
-0.5671 0.0275
-0.0798 -0.4553
0.2240 -0.7617
0.5649 0.6671
-0.7094 -0.5140
0.2149 -0.0598
0.6138 -0.5797
-0.1401 -0.0666
-0.0075 -0.0334
-0.7315 -0.2867
-0.7520 -0.4967
0.0789 0.0535
0.8441 0.3264
-0.7333 -0.4431
-0.8191 -0.5540
0.0876 0.0775
-0.0385 -0.0450
-0.4253 -0.3379
-0.7582 0.3232
0.5670 0.4888
0.0009 -0.0525
-0.8010 -0.4779
0.3539 -0.3627
-0.1840 -0.0925
-0.2658 -0.6589
0.4113 -0.0425
-0.1245 0.7775
-0.9437 0.1975
0.3194 0.2887
0.4130 -0.9042
-0.0544 -0.4127
0.7662 -0.4187
0.0089 0.2367
0.2025 -0.3058
-0.3407 0.4945
0.0453 -0.0470
-0.0195 -0.4150
-0.2451 -0.4473
-0.0328 0.4469
-0.4313 -0.2669
-0.0374 0.0357
-0.0614 -0.0178
-0.4089 -0.4085
-0.0796 -0.0888
-0.0027 -0.0274
0.5749 -0.4270
-0.7426 -0.6354
0.9164 -0.0461
-0.1206 -0.5426
0.3090 -0.1469
0.0921 -0.4178
-0.8262 0.0067
-0.0181 0.5589
0.3098 -0.6875
-0.1974 0.1163
0.4144 0.0706
-0.1313 -0.2772
-0.4518 -0.0958
0.6151 -0.1867
0.5321 -0.7072
-0.4118 -0.7733
0.1002 0.0614
0.8460 -0.4013
-0.2908 -0.6390
-0.0714 0.0140
-0.0604 0.0318
-0.9009 0.4259
-0.2745 0.0078
-0.4627 -0.3317
0.5742 0.6990
0.7251 0.4430
0.0473 -0.2301
0.2443 -0.1406
-0.0030 0.2550
0.4176 0.1516
0.7732 0.4943
-0.0229 0.5729
0.4074 0.8972
0.0654 -0.2594
-0.0799 -0.0086
0.3461 -0.8322
-0.4830 0.0056
0.1649 0.1333
-0.4877 -0.4111
0.0659 0.3390
0.0213 -0.5848
-0.6289 -0.6035
-0.2519 0.6158
-0.1212 0.4462
0.4041 0.5063
-0.0003 -0.0035
0.2564 0.6084
-0.2012 0.2911
-0.4754 0.7259
-0.0198 -0.0809
-0.6880 0.5108
0.3088 0.2593
0.0601 -0.0130
0.7293 -0.0141
-0.7974 -0.1092
-0.1028 -0.2060
-0.0592 -0.6453
0.0866 -0.4340
0.5336 0.2905
-0.8756 -0.3000
-0.3357 -0.2020
-0.0290 0.9871
0.3213 -0.3075
0.5769 -0.2594
0.0090 0.0598
0.0655 -0.1555
-0.2179 0.1497
-0.0860 -0.7019
-0.2026 -0.0370
-0.2035 0.2974
0.3916 -0.1016
-0.0351 -0.0164
0.2066 -0.0324
-0.0639 0.1367
0.1822 0.0364
-0.0084 0.2762
0.3161 -0.5277
0.0043 0.0428
-0.4145 -0.2916
-0.0089 0.0238
0.0456 0.4811
-0.5689 0.6732
-0.2086 -0.5408
0.2580 -0.6091
0.0409 -0.0112
0.9330 0.3421
0.3478 0.0974
-0.6925 -0.4467
-0.4279 -0.0255
-0.1884 0.0044
0.4984 0.1655
0.0759 -0.9262
0.4488 -0.4950
0.0080 -0.0525
0.1326 0.4168
-0.6386 0.0723
0.4985 -0.1164
-0.6168 -0.7167
-0.4531 0.3470
-0.1858 -0.0388
0.9070 0.2888
-0.1071 -0.1678
0.3160 -0.0579
0.3299 0.1168
0.0372 0.9248
0.1036 0.1746
0.1455 -0.9345
-0.5174 0.0902
0.0216 -0.0458
-0.0837 0.0646
-0.0258 0.1695
0.1020 -0.0126
-0.0526 -0.1860
0.0395 -0.3260
-0.0157 0.0044
-0.2245 0.1130
-0.5092 -0.2493
-0.1852 0.5417
0.8029 0.2829
0.7837 -0.3044
-0.5403 -0.7836
-0.8682 -0.2777
0.7345 -0.2061
-0.1866 -0.4301
0.3492 -0.8705
0.1061 -0.3133
0.1551 -0.0776
0.7496 0.2143
0.0208 0.2817
0.5571 -0.0123
0.7682 0.5177
-0.0364 -0.2177
