0.3130 -0.0349 -0.3630
0.6193 0.4152 0.4859
-0.2250 0.0708 -0.7090
-0.0054 0.0029 -0.3392
-0.2564 0.1340 0.0189
-0.1423 -0.2585 0.2329
-0.2124 -0.2332 0.6607
-0.5986 -0.1583 0.1951
0.0532 -0.1799 -0.8032
0.1412 -0.5672 -0.4803
-0.2025 -0.2310 0.2036
0.1752 0.1141 0.2468
0.0014 0.4919 -0.0161
-0.3320 -0.6238 0.3373
0.2671 0.1524 0.8021
0.7068 0.1749 -0.0860
-0.0172 -0.0034 -0.7316
0.0552 -0.4690 0.4584
-0.7864 -0.0101 0.4274
0.0476 -0.6292 -0.0111
2.4376 -0.0406 -0.2306
2.4909 -0.0481 -0.3061
3.1891 0.4643 0.4861
2.5000 0.0000 0.0076
2.7698 0.0558 0.0457
2.3977 -0.1314 0.2013
2.4888 -0.0037 -0.0149
2.3749 0.7665 0.2446
3.0626 0.5083 -0.5141
2.7072 -0.2523 0.7529
2.5435 0.0251 0.0224
2.6680 -0.0259 0.0318
2.4651 0.1524 0.1281
2.2434 0.0880 0.0058
2.5698 -0.1048 0.7002
2.5023 0.0882 -0.3282
2.6720 -0.0046 -0.0108
2.3270 0.0175 0.4594
2.4018 -0.7494 -0.6328
3.2262 -0.5035 -0.1385
