0.0448 0.4056
-0.1877 -0.1382
-0.1406 0.0839
-0.2970 1.7341
-0.2074 -0.0165
0.2791 -0.7424
0.4575 -0.4539
-0.0203 -0.0965
0.7424 -0.5607
-1.0809 -0.0286
-0.1705 -0.1903
-0.1623 -0.1899
0.0008 -0.1929
0.2683 -0.7432
-0.7035 -0.1741
-0.4805 -0.6726
-0.1807 0.1559
0.0125 -0.0615
-0.8296 0.5302
-0.8415 0.1035
0.5969 0.3769
-0.7088 -0.1669
0.6952 0.4747
0.0753 0.5082
0.2267 -0.1521
-0.0714 0.0517
-0.4129 -0.1156
0.0297 -0.8002
-0.7259 0.4010
-0.1222 0.2421
-0.0597 -0.9697
-0.7898 -0.3069
-0.5125 -0.1479
-0.9809 1.0495
-0.2946 -0.2907
-0.2069 0.3999
-0.2653 -0.1072
-0.6466 0.6541
-0.2636 -0.0750
0.0167 -0.7170
-0.3092 0.0624
0.7873 0.6029
-0.4643 -0.2560
1.0547 -2.4202
0.7381 0.4463
-0.5643 -0.1618
-0.0265 -0.0073
-0.0666 -0.0167
-2.6001 -0.3652
-0.7051 0.2713
-0.0768 0.4671
-0.6946 0.0306
-0.0373 0.9563
0.6552 0.1326
0.1161 -0.1050
2.2013 0.1313
-0.2660 0.4084
0.9386 -0.1473
0.1221 -0.1998
-0.1492 0.2746
-0.6979 -0.1317
0.0549 -0.0854
0.0083 0.4080
-0.1103 -0.0094
-0.0300 0.0109
-0.3037 0.5480
-0.6940 0.1696
-0.4749 0.3636
0.0441 -0.0030
0.0332 0.0233
0.0710 0.0623
-0.0551 0.8993
1.8936 -1.4258
0.0278 0.5507
-1.4858 -1.2390
-0.4762 0.2410
0.3598 -0.2649
0.3061 0.5049
0.0440 -0.9548
-0.0580 -0.2270
0.8797 0.3189
0.4700 0.2565
-0.0400 -0.0268
-0.3826 -0.0630
-0.3141 0.8507
-0.4402 -0.4042
-0.2776 -0.1152
-0.4376 0.7454
0.0244 -0.0069
-0.6439 -0.6583
0.0251 -0.0023
0.0052 0.0097
0.3545 0.2276
-0.6717 0.1056
0.1845 0.1754
-0.4528 -0.2283
0.2087 -0.7363
-0.5066 0.3700
-0.1409 0.0154
0.1138 0.1294
-1.3527 -0.9217
0.6752 0.5547
0.1165 0.6622
0.2819 -0.4960
0.9364 -0.7345
0.9592 -0.1749
0.6879 -0.0365
-0.0318 1.3359
-0.5654 -0.4625
-0.0968 -2.1132
0.0786 -0.1680
0.4111 0.0493
0.3996 0.4285
-0.4953 -0.4648
0.3189 -0.1214
0.7120 0.0233
0.3031 -0.6887
-0.4357 0.5812
-0.5464 0.7375
0.3382 -0.7460
-0.1795 0.4292
-0.3842 -0.4096
-0.7682 2.5583
0.0777 0.4644
0.1983 -0.6363
0.9275 0.7703
0.0487 -0.1141
0.2509 0.8638
-0.7595 -0.3096
-0.2329 0.8987
-0.6146 0.1980
-2.1786 -0.4818
-0.2309 -0.1168
-0.2385 -0.2142
-0.5082 -0.1345
0.1544 -0.1615
0.0788 0.0527
-0.0236 0.6576
0.0553 -0.0625
-0.1224 -0.1173
0.7811 -0.3550
0.2817 -0.0910
-0.1266 0.2393
0.3208 -0.4262
0.0583 -0.0768
-0.8320 0.2202
-0.0467 -0.1607
-0.1493 0.0425
1.2642 -0.2950
-0.2221 -0.3802
0.0505 0.3722
-0.7544 0.2160
-0.8758 -0.3457
-0.0546 -0.5470
-0.4624 0.7329
-0.1751 -0.2399
0.0530 0.0501
0.0221 0.0030
0.6183 0.2708
0.8246 -0.2407
-0.5897 0.7916
-0.3237 0.1701
0.0054 -0.0113
0.1858 0.0172
0.0985 0.0731
0.3498 -0.3716
-0.0752 -0.3013
0.7149 0.0865
0.7747 -0.3532
0.1741 -0.3632
0.0870 0.1819
0.1403 -0.0907
0.2681 -0.7926
-0.0111 -0.0000
0.7863 -0.0798
-0.1007 -0.0849
0.3144 -0.1856
-0.1430 0.2144
-0.0155 0.0320
0.0565 -0.0365
0.4229 -0.3723
0.1623 0.2398
-0.3198 -0.4340
-0.8983 -0.1178
-0.2619 -0.4064
-0.5617 -0.4842
-0.1330 0.2444
0.6295 0.2191
-0.5185 0.6360
-0.0001 0.0065
-0.0772 -0.0681
0.6348 0.7152
1.2219 -2.3789
-0.2601 0.5440
-0.3433 0.0194
2.2087 -0.8927
0.1698 0.3435
0.2424 -0.1275
0.1171 0.2218
-0.7860 0.2643
0.6733 -0.6939
0.4793 -0.3544
-0.0572 -0.3817
-0.1196 0.0457
-0.0013 -0.3084
0.4096 -0.8375
-0.0141 0.0170
0.0645 0.5695
0.5678 -0.0284
-0.3827 0.5041
2.1408 0.7232
-0.8162 -0.2181
-0.5108 0.2855
-0.0046 -0.0908
-0.3782 -0.1364
-0.1364 -0.4614
0.3543 -0.1243
0.1925 0.9441
0.0002 -0.0015
0.3434 0.1601
-0.2889 1.4742
-0.2909 -0.5891
-0.4086 0.8492
-1.5600 -0.5891
-0.6901 0.0097
0.6551 0.5882
-0.0499 0.0845
-0.0699 -0.0627
-1.5008 0.3353
-1.3956 0.8513
0.2255 0.3330
-0.7283 -0.2134
0.1154 0.0520
-0.5057 0.3024
-0.5829 -0.4586
-0.1925 -0.1267
-0.5732 -0.2042
-0.5437 -0.0604
0.1108 -0.2801
-0.2910 0.7574
0.8801 -0.1747
0.7306 0.1975
0.0367 0.1800
-0.1042 0.2223
-0.8787 0.1266
2.5418 0.3105
-0.3232 -0.0382
-0.4936 0.8119
-0.3232 -0.3959
0.7327 0.0154
3.6985 0.2015
4.0549 0.7212
3.7816 0.1553
3.4299 0.0518
2.6729 0.3625
4.0552 -0.1971
3.4942 0.7027
3.8444 0.7597
3.2738 -0.7394
3.3106 -0.6267
3.4346 0.0420
3.7595 -0.2043
3.1735 -0.1738
2.6872 0.0720
3.3499 -2.6929
3.8174 0.5504
3.4972 0.0313
3.2170 0.3796
3.5781 0.1113
2.5122 0.0418
3.4390 0.4601
2.7207 -0.2578
5.0420 -0.7738
3.2179 -0.4186
4.2769 -0.3329
2.8736 -0.0403
3.8027 -0.0062
3.2388 -0.2193
2.4115 1.6797
3.3482 -0.4730
4.9493 0.0906
2.8004 0.5306
3.2045 0.4299
3.4937 0.2600
1.4699 0.3656
3.7393 -0.2236
3.6001 -2.4298
3.0311 -0.0982
3.4361 -0.0294
3.8558 0.3852
3.3467 0.2319
4.0928 -0.0981
3.4837 -0.2628
3.4912 -0.4947
4.3117 -0.0410
3.3003 -0.2061
3.5300 0.1483
4.2187 0.4341
3.4212 -0.5160
3.0444 2.3486
3.5102 -0.0030
3.1202 0.0277
3.4551 -0.1082
3.1091 -0.7144
3.5502 0.9300
3.8531 -0.6894
3.1919 0.8472
3.4825 -0.3839
4.3881 -0.2416
2.7956 0.2499
4.1978 2.1224
3.5166 -0.1258
3.8501 0.1266
3.9228 0.6957
3.1007 0.6144
2.8702 0.0935
3.4883 0.0146
3.8669 0.5736
4.4635 -0.0534
3.5529 -0.5202
3.3023 0.1086
3.4791 0.0802
4.1793 -0.3505
2.8526 0.1844
3.6833 0.7936
3.1983 -0.5705
3.4131 -0.2074
4.2716 0.0022
3.2833 0.4533
2.7822 1.0106
2.9399 -0.3236
3.4916 -0.0223
3.1622 0.2468
3.7526 -0.3180
2.7526 -0.1035
3.9426 -0.7846
2.9684 -0.7344
4.0827 -0.6802
3.4947 0.0166
4.1583 0.0866
3.2979 -0.0689
3.4510 -0.2605
3.3407 0.1607
3.5796 -0.4674
4.3381 0.4004
3.8626 -0.4183
3.5143 0.0234
3.7506 0.1697
3.6491 -0.5005
6.0332 0.3774
3.5915 -0.4199
3.1296 0.9890
3.5570 1.2065
3.4387 0.2843
2.9862 -0.2651
3.5925 0.1000
3.4985 0.0021
3.3127 0.0899
3.2423 1.1827
3.9758 -0.7539
3.0520 0.1237
4.5204 -1.5672
2.9475 0.2122
3.4464 -0.3203
3.8832 -0.2115
3.3214 -0.0662
3.6025 0.0439
3.1639 0.2817
3.0300 0.0591
3.4087 -0.1551
3.1561 -0.5272
3.1338 0.2094
3.4092 -0.0394
4.1792 -0.4319
5.0280 0.0746
4.4281 -0.0234
2.9525 -0.0476
3.9514 0.4392
3.7190 0.0690
3.8760 1.7861
2.9278 0.5870
2.6307 0.1146
4.3162 0.3227
3.4408 0.2457
3.0449 -0.8083
3.7653 0.0717
2.9739 0.3665
3.2022 -0.6860
3.2456 0.7835
3.5756 -0.4860
3.1787 0.0164
3.2616 -0.6726
3.1518 -0.3534
4.4338 -0.2383
3.0631 0.5921
3.7021 -0.2800
3.9384 0.2634
3.0014 0.3691
2.9290 -0.1565
3.4345 0.4938
4.3891 0.1441
3.3811 -0.2911
3.5546 0.2109
3.2328 -0.0403
3.6133 0.3372
4.6555 -1.4165
4.2829 0.2026
3.7481 0.2501
3.1153 -0.0219
2.6349 -0.2423
3.7268 0.4671
3.0000 0.1349
3.4931 0.2003
3.9720 -0.3620
4.6278 -0.6543
3.1469 0.6162
2.0287 -0.1364
2.8716 0.4847
3.6618 -0.8928
3.6317 -0.0673
2.4160 -0.4581
3.0782 -0.5665
2.9195 -0.4040
4.3088 0.1007
3.3572 0.2755
3.8578 1.9084
2.7103 0.3645
3.6713 0.1118
3.5334 0.0190
3.3156 0.2728
4.1821 0.3195
3.5789 -0.1445
3.4828 -0.0123
3.3980 -0.3508
4.4690 -0.1872
2.9768 -0.4144
3.3693 0.1964
4.2293 0.3274
4.1014 -0.2250
2.3926 -0.6351
3.5825 -0.2673
4.0536 0.7982
3.7650 2.0104
3.7308 -0.6708
3.2212 0.5313
4.3949 0.2197
3.6194 0.1198
2.7438 -0.2560
3.3270 -0.5125
3.6907 0.3008
2.9675 -0.1937
3.7855 -0.0949
3.5831 0.1548
3.2018 0.2030
4.1795 -0.3312
2.7639 -0.5022
3.4865 0.3921
3.2247 -0.1891
3.4447 0.4167
2.7967 -0.4415
4.4047 0.1905
3.0592 0.0389
4.0839 -0.4564
3.2693 0.0191
4.4351 -0.6042
2.8879 0.0140
2.9741 0.4069
4.0204 0.2376
3.8133 0.1500
4.0984 -0.5994
3.6949 0.3309
3.2098 0.2639
3.3157 -0.0688
3.8838 0.4305
3.4693 0.0523
3.7790 0.5731
3.4315 0.1539
3.0410 -0.3862
3.6968 -0.1034
3.5201 -1.6038
2.9222 0.6172
3.6206 -0.0149
3.5141 0.0380
3.7102 0.1040
2.1098 0.4712
3.6041 0.2224
3.6639 0.2110
3.6392 -0.0539
4.2392 -0.2246
3.7678 0.0419
2.9160 -0.7406
3.1246 0.3806
3.4355 -0.5912
3.5080 0.0659
3.6792 0.0052
3.8646 0.5419
3.9264 -0.5916
3.0100 -0.2166
4.3520 0.0203
3.3543 0.1207
