0.0791 0.0043 -0.0121
0.5926 -0.7050 0.3201
0.0565 -0.0463 -0.5108
0.0634 0.0398 0.0157
0.0995 0.0734 -0.0114
-0.6572 -0.0244 -0.1535
0.0425 0.0488 0.2327
-0.1780 0.1440 -0.9406
-0.1996 -0.0917 0.2292
0.1422 -0.4545 0.3404
0.4174 -0.0804 0.2121
0.1229 -0.0856 -0.0361
0.5895 0.1516 -0.6448
-0.4629 -0.1931 -0.5378
0.7554 0.2610 -0.2697
-0.9739 -2.1002 -1.0396
-0.0171 -0.0452 0.7883
-0.0870 1.0664 -1.7262
-0.1850 -0.0447 -0.1522
0.0179 -0.0731 0.5240
-0.1685 -0.0532 0.3468
0.3744 0.2004 -0.0468
-0.0016 -0.0032 0.0010
-0.1051 0.0457 -0.2555
0.2654 -0.2593 -0.6012
0.3031 0.2142 0.2616
-0.0000 -0.0552 3.1374
0.0410 0.1939 -0.0092
0.1351 0.1211 0.2406
-0.0054 0.0919 -0.0083
0.0182 0.2091 -0.6433
0.3529 -0.3688 -0.4805
-0.0674 -0.0758 -0.2866
-0.1695 -0.4497 0.1720
0.3821 0.0496 -0.1998
-0.0613 0.0466 -0.6944
-0.2150 0.5730 -0.3087
0.0031 0.0007 -0.0094
0.0466 0.0281 -0.0439
-0.1353 0.0815 0.1836
0.1463 0.0700 0.4317
-0.0410 0.0978 -0.3392
-0.0422 0.0532 0.5401
0.1047 0.1625 0.4874
0.3041 -0.8626 -0.0526
-0.5574 -0.6163 0.2070
-0.2616 -0.0448 -0.4214
-0.4183 -0.2727 -0.3790
-0.4985 0.2049 -0.4676
-0.0767 0.0576 0.2450
0.0894 0.3021 0.7742
0.2226 0.0898 -0.3198
0.1723 -0.1537 -0.0491
-0.0047 -0.0093 -0.1006
0.1826 0.0687 0.1423
-0.0161 0.1121 0.1089
0.2962 -0.2840 0.3124
0.0957 -0.3014 -0.2450
-0.1036 0.0225 -0.0850
-1.0783 -0.2810 -2.2002
-0.0835 -0.2461 -0.2314
-0.1350 0.0706 0.4786
-0.3478 0.1155 0.4981
-0.0017 0.0041 0.0059
-0.5093 0.4353 -0.2719
0.1304 0.2088 -0.0067
-0.1027 -0.7252 0.1981
0.1134 -0.2637 -0.6208
1.7600 1.8911 -1.6262
-0.0283 -0.0001 -0.0062
0.0355 -0.0506 0.1638
-1.6941 0.3630 -2.5558
0.1995 -0.0512 0.3790
0.5584 0.3312 0.5044
0.1142 0.5968 -0.0252
0.2231 -0.1922 -0.8162
0.0785 0.0090 -0.1374
0.0720 -0.0111 0.9255
-1.6448 -2.3780 -0.2218
-0.0374 -0.0390 0.0546
-0.3550 -0.5389 0.1815
0.0222 0.0091 -0.5192
0.6643 0.1348 0.3418
0.1686 0.3330 -0.2876
0.0248 0.5972 -0.5397
-0.2493 -0.0569 0.4641
0.5337 -0.4865 -0.3501
0.0111 -0.0130 -0.1016
0.0005 0.0124 -0.8536
0.1446 -0.1219 0.0200
-0.0673 0.0814 0.6829
-0.0038 -0.0066 -0.4190
0.3136 -0.1632 0.3156
0.1896 -0.1609 0.4750
-0.3006 -0.1695 -0.8151
0.6760 -0.3097 0.0354
-0.2978 -0.1085 -0.0989
-0.0493 0.0302 0.2470
0.0152 0.0606 0.0727
0.0128 0.0781 0.0502
0.0693 0.0060 -0.0030
0.3157 0.6670 0.5551
0.2263 -0.1476 0.2673
-0.0885 -0.0906 0.3435
0.2199 0.0085 -0.1514
-0.1389 0.0663 -0.6493
-0.0520 0.0732 -0.0816
0.1976 0.0370 -0.1600
0.1821 -0.0178 -0.1739
-0.1235 0.4403 0.7765
-0.0374 0.0700 -0.6854
0.0775 -0.0990 0.0302
-0.4542 0.1036 -0.3848
0.3227 0.2211 -0.1728
-0.0545 -0.1008 -0.0939
-0.4283 0.0209 -0.7294
0.3249 -0.2551 0.2769
0.1021 -0.0518 -0.1877
0.2719 0.0917 -0.5026
0.0016 0.1213 0.2488
-0.0266 -0.0321 0.0168
-0.0717 -0.0840 -0.9147
-0.3286 0.3108 -0.2940
-0.3323 -0.4358 -0.8129
-0.0734 -0.2820 -0.0546
-0.2291 0.8399 0.1457
-0.1667 0.4615 0.7199
-0.0441 -0.6945 0.3134
0.6541 0.0198 -0.1812
-0.0517 0.0261 0.0168
-0.0363 -0.0163 0.4174
0.0164 0.0317 -0.2542
-0.1931 0.7295 -0.3325
0.0069 0.0445 -0.0146
-0.2117 -0.1837 0.6659
0.0457 -0.7288 0.0943
-0.1413 0.1152 0.7247
-0.3872 0.2626 0.0979
0.1142 -0.8087 -0.2503
0.2394 0.2679 -0.1294
0.0539 -0.6665 -0.4333
-0.2212 0.0360 0.0263
-0.1537 -0.2663 0.9106
-0.1533 0.3036 0.7564
0.2173 -0.1195 -0.6845
-0.0097 0.0209 -0.0980
-0.6486 0.3146 -0.4559
0.0064 -0.0001 -0.0010
1.3119 1.6913 -1.0201
-0.1341 0.2205 0.6778
-0.0509 0.0109 0.1114
-0.9145 0.0757 -0.3098
0.0016 -0.0003 -0.0065
-0.6033 -0.1351 0.0307
0.0275 -0.4093 -0.3255
0.8590 0.4530 -0.0885
-0.0633 -0.2166 -0.1152
0.0695 0.0598 0.9955
-0.1236 0.1167 -0.3602
0.2015 0.2574 0.0779
-0.2460 -0.0963 -0.1042
-0.1744 0.1459 0.1130
-0.7056 -0.3218 -0.0534
-0.1532 -0.5932 0.2620
0.3016 -0.1058 0.4846
-0.1630 -0.0741 0.0359
0.4451 0.2752 -0.0712
0.0722 0.3104 0.9179
-0.1492 0.0653 -0.1975
-0.2088 -0.1070 0.1159
-0.1899 -0.2647 -0.2244
2.0359 -1.2637 -0.2083
0.1443 -0.3868 0.3724
-0.5917 0.4673 0.6272
-0.0164 -0.0380 -0.1637
-0.8063 0.1565 -0.1522
-0.1985 -0.7525 -0.1434
-0.0059 0.0656 -0.2010
0.1883 0.5673 0.3054
-0.0362 -0.1569 0.5178
-0.0196 -0.1868 -0.1913
-0.8933 -0.3389 0.0322
0.0591 -0.0767 -0.3925
0.0044 0.0036 -0.5672
0.0552 0.0952 -0.2016
0.7553 -0.2517 -0.3794
-0.4689 -0.1163 -0.3369
0.0022 0.0005 0.3656
-0.0088 -0.0087 -0.3243
0.4143 0.2828 0.2727
0.0290 -0.4305 0.4165
0.1364 0.4731 -0.4998
0.3143 0.2231 -0.4140
-2.3946 -0.0228 -0.3077
-0.0715 0.2591 0.3796
0.2485 0.3975 0.1031
0.8710 -0.0428 -0.0933
-0.0030 0.1432 0.4358
-0.0617 0.2260 -0.0549
-0.0974 0.0064 0.4963
-0.0111 -0.0522 -0.0578
-0.1312 0.0748 -0.8572
0.0011 0.0006 0.2820
0.2655 0.1735 0.4410
-0.4675 0.5121 -0.5978
0.3939 0.8799 -0.0678
-0.1515 0.1312 -0.6725
-0.0942 -0.1956 -0.1420
-0.5451 0.3499 0.5753
-0.0541 -0.0339 -0.0221
-0.7147 -0.0398 0.2190
0.7891 0.2446 -0.0356
0.1210 0.0539 -0.9397
-0.1241 -0.3601 0.2286
0.3533 0.6832 0.0079
-0.4853 -0.1111 -0.5356
0.0121 -0.0264 -0.0143
-0.3011 -0.2033 0.5130
0.0754 -0.2286 0.1648
0.8193 0.2816 0.9471
-0.1072 0.1879 0.2740
-0.0382 0.1193 0.1947
-0.1132 -0.5535 0.0883
0.0308 0.1671 -0.3364
0.4127 0.0089 0.9646
0.2550 -0.3412 -0.4178
0.6740 0.1238 -0.0080
-0.1929 -0.2851 0.2993
0.0102 -0.5023 0.1414
0.1906 -0.1863 0.3608
-0.4109 0.2866 -0.4412
-0.5023 0.0849 0.2850
0.0567 0.1227 0.6503
-0.0254 -0.0553 0.4942
0.0346 -0.2307 0.7682
1.8017 -0.3288 -0.6462
-0.0158 -0.0234 -0.1104
-0.3348 -0.0739 0.1878
0.0467 0.0679 -0.6841
-0.3043 0.0196 -0.2738
-0.2588 -0.0235 -0.4076
0.4271 -0.0581 0.0825
0.3230 -0.1259 0.2619
-0.0772 -0.0550 0.4484
-0.0929 0.0226 0.5243
-0.9190 -0.2013 -0.0562
0.8452 -0.4023 2.6464
-1.8889 1.0518 -0.4386
0.2420 0.1562 0.0246
0.0206 -0.6230 0.2725
3.9644 -0.5222 0.0781
4.4091 -0.1227 0.0433
4.0684 0.0078 -0.0022
4.0626 -0.0446 0.3856
3.8135 -0.4606 0.2895
4.1923 0.0139 -0.2239
3.9459 -0.0569 0.6575
4.6642 0.5639 -0.1539
3.6871 0.0038 0.3462
4.0541 0.5036 0.2455
3.9358 0.3885 -0.8107
4.0564 -0.2852 0.1418
3.9763 0.6548 -0.5036
3.9266 0.1059 -0.2820
4.2273 -0.8561 -0.3869
3.7515 0.6921 -0.5706
4.4595 -0.0409 -0.5818
3.9939 -0.0076 -0.3732
4.0179 -0.0155 -0.0611
3.8038 -0.0754 -0.6456
3.1889 0.2359 -0.2027
3.7560 -0.1359 0.2207
4.0063 -0.0331 0.5803
4.2399 0.3109 0.4307
4.4521 0.7150 -0.0201
4.1767 0.2965 -0.4852
3.6292 0.3527 -0.7131
3.8751 0.5106 -0.4677
3.9267 -0.6479 0.3557
3.4045 -0.3316 1.1361
4.4723 -0.6945 0.0609
4.3043 0.0508 -0.4465
3.9420 -0.3208 0.3578
3.9813 -0.0015 -0.0987
3.4800 -0.2276 -0.0147
4.0650 -0.5476 0.5472
3.9328 -0.0636 0.5896
4.1095 0.1272 -0.5992
4.0059 -0.0146 0.7654
4.1322 -0.1148 0.5702
3.9173 0.4951 0.5181
4.4753 -0.6322 -0.4543
4.0355 -0.2670 -0.1285
3.9765 -0.0364 -0.0012
3.9589 0.0909 -0.1431
4.3081 -0.0072 -0.4963
3.4558 0.2314 0.3986
3.8468 0.1120 -0.2409
3.5726 0.4811 -0.2678
3.8786 -0.3933 0.9000
3.8780 -0.2214 -0.2982
3.9435 0.0369 -0.7960
2.0723 -0.6129 -0.0142
3.9926 -0.3076 0.1923
3.9685 0.2262 0.9024
3.4292 0.3337 -0.3523
4.0614 0.0239 -0.0285
3.9995 0.0476 -0.3455
4.4382 0.1050 -0.5385
2.9229 -0.0050 -2.1175
3.9512 -0.1906 0.0758
4.2312 0.0904 0.1165
4.0691 -0.0399 0.4623
4.0532 -0.2227 -0.6857
4.5729 0.0244 -0.4562
3.5068 0.1305 -0.1921
3.9345 0.1562 0.5734
3.9584 0.0545 0.5925
3.9741 -0.3361 -0.2486
4.0050 0.0788 -0.1315
4.1915 -0.3863 -0.1097
4.2896 0.1583 0.8683
3.7952 -0.3840 -0.2709
4.4672 0.0836 -0.1333
4.1344 0.3179 0.5160
3.9997 -0.0001 0.0001
4.4939 0.0891 -0.4137
3.7932 0.7842 -0.0429
4.1432 -0.5299 -0.2178
3.5871 0.0097 0.0820
4.6886 0.1685 -0.3902
4.8033 0.2503 0.5090
4.9800 0.8374 1.9313
4.0569 -0.1212 -0.0012
3.7801 -0.0974 -0.0755
3.7656 -0.1736 -0.3509
3.8688 0.3659 0.6223
3.8991 0.2929 -0.2503
3.8802 -0.0320 -0.1892
3.7856 0.1504 -0.2442
3.8862 -0.4135 0.2569
4.1366 0.0716 -0.2038
3.9815 0.0472 -0.0731
3.9683 -0.0516 -0.2782
3.9326 -0.1224 0.1797
4.0208 -0.2387 -0.0107
4.0137 0.0200 0.3832
3.2887 0.0922 -0.3639
3.7495 0.0920 0.2611
4.6087 0.2689 -0.0708
3.3706 -0.2971 0.4207
3.9986 0.0025 -0.1404
4.3214 0.8497 -0.3658
4.1244 0.0230 -0.0322
3.9870 0.0470 0.0820
3.9752 0.1522 -0.0618
4.1937 -0.0259 0.2220
4.2810 -0.1995 1.3203
4.6697 -0.6194 0.0343
3.9970 0.0150 0.1452
4.4976 0.0782 0.2841
4.0113 -0.2274 0.6810
3.5763 -0.6494 0.2489
3.8546 -0.0621 -0.0703
3.9091 -0.1109 -0.4684
3.9741 0.3786 -0.4133
3.9938 0.0145 0.0574
3.9978 -0.1155 0.2402
4.3270 0.5455 0.6227
4.0114 0.0673 0.2459
3.9643 0.0082 -0.6049
3.7516 -0.0898 0.2994
4.3901 0.0792 -0.6206
4.0384 -0.0456 0.1786
3.9480 -0.1504 -0.8565
3.1131 0.2632 -0.1810
3.7193 0.2265 -0.5230
4.0073 0.0114 -0.0003
4.0532 -0.0582 0.0609
4.0061 -0.0053 0.1677
4.1560 0.0678 0.6207
4.2672 -0.0509 0.9530
4.0527 -0.1491 0.9077
3.2802 0.4198 0.1109
3.9649 -0.0035 -0.1949
3.6981 -0.0607 -0.0292
3.9277 -0.0374 -0.0197
4.2091 0.2230 0.4355
3.9757 -0.0343 0.0863
4.2591 0.4618 0.2847
4.4491 0.0874 -0.3675
4.0123 -0.0385 -0.0851
4.0006 -0.1713 -0.0018
3.8855 0.3774 -0.5770
4.7083 0.4650 -0.0659
3.9525 0.1245 0.3225
4.1010 0.2997 -0.1012
4.0299 0.0417 -0.0350
4.4808 0.1504 0.7572
3.9419 0.0242 0.0278
3.9398 -0.1203 -0.7976
3.7506 -0.1153 0.0183
4.2375 0.5613 -0.6297
4.7511 0.1295 0.3378
4.2976 0.0330 0.8039
4.0814 -0.5373 -0.5362
3.8333 -0.0299 -0.9434
3.9797 0.0451 -0.0668
3.9613 0.0129 -0.0177
4.3794 0.0901 -0.2973
3.6669 -0.1505 0.3954
4.1449 0.0481 0.1418
3.3962 0.0837 0.6483
3.9554 -0.0508 0.9810
4.1119 -0.0859 -0.1218
4.1714 0.1932 0.4926
3.5330 0.1541 0.0026
4.0346 -0.0284 0.5091
4.6891 -0.0900 -2.1526
3.4491 -0.3762 0.5691
4.0044 0.0221 -0.0436
3.9893 0.0410 0.1950
3.8186 0.0630 -0.4751
4.0947 -0.0369 0.2305
4.3218 0.5376 -0.4117
4.3510 0.0265 0.6594
4.0617 0.2359 -0.2560
3.7376 -0.4601 -0.8378
3.9666 0.1359 0.1311
4.0887 0.1372 0.4844
3.4908 0.3289 0.4211
3.9868 0.0516 0.0413
3.9184 -0.1810 0.9284
3.5360 -0.5989 0.2030
4.6129 -0.6409 -0.2583
4.0344 0.1950 -0.0187
4.6869 0.1194 -0.4250
4.4346 0.1631 -0.7297
4.6437 -0.3244 -0.0211
4.4460 0.2218 0.4121
4.0832 -0.0187 0.0791
4.1237 -0.1338 -0.1724
2.9427 1.3284 -1.8003
3.9530 0.1964 0.9320
3.9983 0.1666 -0.0071
3.3838 -0.3479 0.5378
4.7054 -0.5334 0.2313
4.1565 0.0259 0.5206
4.0316 -0.3901 1.8181
3.4543 -0.4576 -0.0416
3.9698 0.0648 -0.0803
3.9281 -0.8056 0.1990
3.9463 0.3718 -0.2846
4.0502 -0.2490 -0.8720
4.0013 -0.0087 -0.1312
4.0034 -0.0054 -0.0432
4.0012 0.3260 -0.0362
3.7104 -0.0684 -0.6025
3.7094 -0.0032 -0.0256
4.9016 -0.0666 0.4067
4.0502 0.0443 -0.0343
4.0051 0.0446 0.0296
4.7293 -0.1461 0.0564
3.8784 -0.0085 -0.1124
3.6187 -0.0770 0.0276
4.1380 0.3080 -0.3782
4.0467 0.1866 0.1301
3.7100 -0.0641 0.8637
6.9136 -0.8253 -0.1222
3.7840 -0.0478 0.0371
4.3966 0.4344 -0.0167
4.1126 0.2191 -0.5563
3.6887 -0.1271 -0.3060
3.7602 -0.1364 -0.0901
3.8613 -0.0747 0.1797
4.3252 0.1227 0.4711
4.2569 -0.0723 0.4325
4.2497 0.2646 -0.1472
4.1449 0.5872 0.7910
3.9152 0.2991 -0.3002
4.1895 0.2999 0.0406
4.0536 0.0284 -0.0283
3.7388 -0.1665 0.3452
4.0460 0.0049 0.5248
4.2243 0.0716 -0.4869
4.0738 -0.3122 0.4590
4.8551 0.1318 0.0676
3.9912 0.4180 -0.1648
3.9266 -0.2498 -0.1933
4.1490 0.2067 -0.2909
3.9669 0.2090 -0.6302
4.0186 0.0556 -0.5752
3.6867 -1.4151 2.4994
4.0415 -0.1466 0.3537
3.1324 0.2887 -0.1030
4.0935 -0.4612 0.5239
4.2538 -0.5499 -0.0534
3.9497 0.1358 0.9056
3.5652 0.3508 -0.4982
4.8306 -0.1505 0.1276
