-0.0315 -0.1617
-0.4143 0.1670
0.1433 0.6401
0.5636 -0.4032
0.0291 -0.2245
-0.7622 -0.5222
-0.4656 -0.2627
0.1625 0.0166
-0.0935 -0.5508
-0.4586 -0.0992
-0.4153 0.5748
0.5056 -0.6896
-0.0089 -0.0043
0.1079 0.1397
0.0812 0.1928
-0.4308 0.6934
-0.0559 0.1677
-0.0163 0.0551
0.3552 0.2682
-0.5729 0.6256
-0.0541 0.6003
0.0158 0.5670
-0.3888 -0.7067
0.0569 -0.9129
-0.1632 -0.0266
-0.3066 -0.2610
0.1086 0.3411
0.6016 0.6965
0.1411 -0.4239
0.5846 0.2837
-0.7443 -0.0623
-0.1120 0.0282
-0.0251 0.4500
0.7323 -0.1438
0.6425 0.0517
-0.1981 0.7797
0.0957 -0.0171
-0.6848 0.0927
0.4466 -0.3064
-0.4468 0.1986
0.0593 -0.2514
0.1590 0.0993
0.7808 0.2461
0.4574 -0.7389
-0.6493 0.1276
0.7106 0.5514
-0.1920 0.1453
0.0178 -0.0171
-0.0081 0.3695
-0.2695 0.5497
0.5137 -0.0966
-0.2563 -0.4623
0.5336 0.0337
-0.3836 0.0613
-0.6637 -0.3633
-0.0000 0.0437
-0.4287 -0.6207
-0.5252 0.0558
0.3364 -0.6222
-0.3380 -0.9352
0.1341 0.0903
-0.6330 -0.4539
-0.5312 0.6049
0.0942 -0.0242
0.7158 0.1727
-0.1286 -0.2009
0.5063 -0.1437
-0.0210 -0.7118
-0.0366 -0.4361
0.8999 0.1029
-0.4641 -0.8768
0.4078 -0.2654
-0.2614 -0.5345
-0.4628 -0.6514
-0.5134 0.0798
0.1796 0.0976
-0.3423 0.3242
0.5488 0.3379
0.8687 -0.4710
-0.0769 0.0496
0.2561 0.3496
0.0923 0.1113
-0.6220 0.5103
0.1474 -0.2266
0.1439 0.0407
-0.4442 -0.1378
-0.8771 -0.3140
-0.3863 -0.4248
-0.0504 -0.4401
0.6561 0.4205
-0.2709 0.2288
-0.0671 0.0674
-0.3033 -0.5375
0.4114 0.7459
-0.0895 -0.0146
-0.4200 -0.1414
-0.4841 0.0120
0.2556 -0.6575
0.2331 0.2698
-0.1191 0.3355
