0.4102 0.6346
-0.2453 0.2185
0.0009 -0.0824
0.4826 0.8521
0.5267 -0.5739
0.6367 0.0277
0.5628 -0.2022
-0.3196 0.6295
0.1269 0.1489
-0.0114 -0.0074
-2.2449 2.1915
-0.7949 -3.5615
0.3320 0.3214
0.7237 0.2658
-0.3294 0.7422
-0.5055 -0.7648
-0.1502 0.3544
-0.7966 -0.1321
1.1443 3.8106
-0.4464 -0.1704
0.3134 0.0346
-0.1037 -0.3973
-0.0531 -0.0724
-2.4506 0.5756
-0.6725 0.6732
0.7741 0.3456
-0.1356 0.0168
0.0234 -0.0824
0.1441 0.1379
-0.2721 0.0214
0.2715 -0.1948
0.4252 -0.3888
2.2147 -1.8685
2.2787 1.2445
-0.7997 -0.0242
0.6433 0.5798
-0.3918 -0.0059
-2.9123 1.2603
-0.0075 -0.0112
-0.2697 0.0127
0.2315 0.1770
-0.1979 0.4983
1.6165 0.8678
0.3020 0.1064
0.8133 0.5440
0.6928 -0.6415
-0.2177 -0.4641
-0.0421 -0.0325
0.1048 0.0590
-0.7346 -0.3336
2.7120 -2.8505
-0.5279 0.5142
0.0734 0.0812
0.0203 0.1595
0.8462 0.2928
-0.2826 -0.1579
-0.6983 0.6286
0.4988 0.1601
-0.9365 0.2684
0.3325 -0.1563
0.6233 -0.2248
0.8676 -0.4711
-0.6383 0.1020
-0.0051 -0.0335
-0.1383 0.8237
0.0619 0.0751
0.2146 -0.1845
0.5300 -0.2081
-0.6622 -0.6755
-0.8431 0.3224
-0.0506 0.0399
-0.2943 -0.6317
-0.4421 -0.6132
-0.0134 -0.0390
0.7563 0.0029
-0.3985 0.1316
-0.2441 -0.2271
0.1584 -0.8646
-0.3729 -0.6647
-0.4590 0.5496
0.4794 0.0436
0.4091 0.1726
-0.0002 0.0000
-0.9026 0.2548
-0.6413 0.4711
-0.1661 0.8502
0.9385 -1.1232
-0.2907 0.9782
-0.2464 0.2461
-0.6369 0.0412
0.9689 0.4433
0.2610 -0.1047
-0.4548 -0.7985
0.0869 0.3113
0.4217 -0.0254
-0.0340 0.0294
-0.3420 0.2158
-0.0098 0.8430
-0.3519 -0.8679
0.5761 0.6237
5.2221 -0.2211
4.7946 -0.2560
5.2128 -0.0006
4.8786 -0.2504
5.1335 0.3320
4.3409 0.0404
5.2635 -0.6573
5.0712 -0.0484
5.4985 0.5621
5.0010 -0.4489
5.1606 -0.3618
4.4190 0.1667
4.5896 -0.2800
5.1051 -0.0289
5.0316 0.0768
1.6909 -0.6441
5.1596 -0.7250
4.2238 -0.0664
4.7264 2.1484
5.5112 -0.5659
5.2726 -0.1749
5.0429 -0.0273
4.1432 -0.1715
5.6521 2.2239
4.8431 -0.2131
5.4197 0.0036
5.2288 0.8787
5.1695 0.1373
5.4035 -0.5873
4.8368 0.3047
4.6766 -0.5124
4.6578 -0.3448
5.0248 0.1342
5.0541 -0.0348
4.3045 0.0530
4.8321 0.8322
5.4917 0.6325
4.4265 -0.1699
4.0465 -2.2060
4.6316 0.4225
5.1356 0.0667
5.4848 0.3680
4.7818 -0.3699
5.3012 0.5846
6.2003 -3.8119
5.7863 1.3285
4.8421 0.7939
4.8807 -0.4030
4.8129 0.0857
4.7844 0.1604
4.8716 0.2728
5.0295 0.5821
5.5467 -0.0985
5.0246 0.0185
4.0761 0.2434
4.9546 -0.0499
4.4046 -0.4359
4.9056 -0.0570
5.2177 -0.0810
4.9101 -0.1319
4.8711 0.8358
5.6964 0.0594
4.1561 -0.1502
4.9647 -0.1633
4.8493 0.2873
4.2757 0.6672
5.7482 0.3788
5.2685 0.6603
4.7115 0.0100
4.8646 0.3555
5.0491 -0.0814
5.0469 -0.0577
5.8142 -0.3106
5.2432 -0.0321
5.5241 -0.7815
5.0901 -0.0936
4.6832 0.1043
4.7200 -0.8098
5.9049 -0.5328
4.1141 0.0844
4.6807 0.1451
5.8580 -0.3260
4.8588 0.3099
5.1631 -0.1664
4.7749 -0.1916
5.0599 -0.0750
5.3186 -0.1724
4.3522 -0.0689
5.4131 -0.2941
5.1279 0.4431
5.2745 0.9490
4.7526 0.7415
5.4163 0.1498
5.0193 -0.0040
5.2213 -0.4966
5.0354 -0.0929
5.1134 0.0882
5.2009 -0.1017
1.9386 0.3960
5.5574 -0.5208
