-0.1745 -0.8026
-0.0016 -0.0067
0.2021 1.3238
-0.4421 -0.0199
-0.3050 0.3496
-0.9161 0.0969
0.1053 -0.1479
0.3428 -0.4601
0.0193 0.0248
0.1772 0.8363
0.5230 -0.2247
-0.0706 0.8108
0.1761 0.1185
-0.0299 0.1078
-0.0824 -0.5895
0.5308 -0.7506
0.0044 0.0088
-0.0479 -0.0910
-0.7271 -2.5808
-0.7272 0.6079
-0.3742 0.4591
-0.2889 0.7418
-0.1606 -0.1884
0.4603 0.6440
0.0391 -0.0427
0.5764 0.4098
-0.4136 -0.4572
0.0501 -0.0438
-0.8200 0.0738
-0.1450 -2.8206
-0.4364 0.1225
0.0745 0.4872
-0.6609 0.3533
2.3942 -1.4716
-0.0443 -0.0112
-0.8336 0.3635
0.3819 0.6038
0.3022 0.5165
-0.3127 0.3521
-0.4970 0.0223
-0.2642 0.6985
0.4371 -0.6600
-0.2916 -0.1951
0.0135 -0.0727
0.2089 2.3065
-0.2987 -3.0747
0.2503 0.0201
0.7777 0.1773
-0.1282 -0.0581
-0.1231 -0.0157
1.9283 -0.3207
0.5011 -0.3887
0.2373 0.7439
-0.0444 0.2744
0.5350 0.6453
0.7127 2.3402
-0.9069 -0.3396
-0.7824 0.0272
-0.8081 2.5723
-0.1373 -0.8222
-0.6707 -0.7184
3.3128 1.5202
0.4123 -0.4432
-0.2214 0.5246
-0.9436 1.6152
0.1855 0.2069
0.3867 -0.3464
0.3455 -0.9149
-0.0503 0.2216
0.6012 0.6775
-0.1998 -0.3208
0.5867 0.5745
0.1850 0.1834
0.0828 -0.2206
-1.1845 -0.0101
-0.2799 0.3633
1.1885 0.8208
1.7499 -1.9521
0.2261 0.8572
1.0859 -1.0235
-0.8643 -0.0053
-0.9562 0.0268
-0.5953 -1.4691
-0.3028 0.0920
0.2595 -2.4164
-2.8482 -1.1652
0.4362 0.7588
0.2068 0.4374
-0.7920 -2.0328
-0.3791 -0.7443
0.3026 -0.1567
0.6050 -0.2236
0.2881 0.3452
0.2056 -0.5338
-0.2213 -0.1162
-0.4152 -0.7992
-1.7152 0.2309
0.2210 0.5436
0.5507 -0.4416
0.3494 0.4289
-0.6103 -0.2566
-0.0510 -0.4708
0.1518 0.3163
-0.2536 0.2282
0.7843 0.0332
0.4887 0.2474
-0.5545 -0.1225
0.3580 -0.3112
0.0094 0.0114
0.2361 0.6031
0.0896 0.1846
0.1326 0.0993
0.2458 -0.0606
0.4148 0.1060
-0.5780 0.1073
-0.4234 0.6719
0.1042 -0.1231
0.0997 0.6881
0.6898 -0.4019
0.1011 -0.1548
-1.8646 -1.9861
-0.3749 0.8326
0.4425 -0.0007
-0.3097 0.1221
-0.0126 -0.0637
0.6131 0.2638
-0.4788 -0.4182
-0.0039 -0.0014
0.0782 -0.6501
-0.7898 -0.0485
0.3536 -0.8302
-0.3637 0.0194
-0.1909 -0.0144
-0.0011 -0.0009
1.3345 -0.0787
0.0426 -0.0013
-0.6042 0.1222
0.8081 -0.1608
0.2809 0.0525
-0.1241 0.0213
-0.3110 0.0984
-0.0846 0.0789
0.4776 -0.3125
0.0451 -0.0036
0.6760 -0.1563
-0.0789 -0.8103
-0.2399 1.4838
-0.4448 0.6343
-0.0058 -0.0135
-0.0164 0.0126
0.1847 0.5453
0.1734 0.0675
-0.3744 0.1166
-0.1463 0.0274
-0.7508 0.1304
0.1773 0.3779
0.3644 -0.2547
-0.0203 0.0539
1.1529 -1.0986
0.4337 0.8405
1.5398 -0.5721
-0.6318 -0.4927
1.8831 -1.7505
-0.9945 0.0596
-0.4840 -0.6551
0.7653 1.5697
0.7958 0.5898
-0.6622 0.2892
-0.0916 0.5311
0.2027 0.3080
-0.0165 -0.0251
-1.8938 0.1488
0.5196 -0.0416
-0.1248 -0.0561
0.0620 -0.0256
-0.1290 0.1336
0.3684 -0.2942
-0.0366 -0.0345
0.2643 -0.4470
0.1811 0.3534
0.1576 -2.3185
0.6264 -0.4655
-0.5911 -0.0867
0.0469 -0.6320
0.2654 0.4423
0.0837 -0.2884
-0.1104 -0.1134
0.3812 -0.3471
-3.6540 0.0779
0.6399 -0.3288
0.2605 -0.3909
-0.2416 0.0909
-0.0375 -0.0727
0.6734 0.6071
-0.5311 2.4857
-0.0148 0.2599
0.2632 0.0147
0.0394 0.0305
-0.8808 -0.3444
0.1630 0.4625
0.8131 0.0766
0.0576 -0.0785
-0.4842 0.4888
0.2152 0.3276
-0.3834 -0.1014
0.9239 -0.2588
0.0076 0.0446
-0.3130 -0.2792
-0.2536 0.0399
0.0141 -0.4882
0.7314 -0.2744
0.6418 0.9409
3.2765 1.4036
-0.6113 -0.2953
-2.1073 -3.2174
1.3026 0.5813
0.0200 3.5238
-0.1475 -0.2229
0.3515 -0.4845
0.0271 0.4635
-1.2985 0.7467
-0.4561 -0.3749
0.5390 -2.6921
0.1803 -0.4833
-0.1211 0.1366
0.7716 -0.5623
-3.2232 -1.6958
0.3016 0.1716
-0.4876 -0.2023
-0.5485 -3.9982
-0.8496 0.5967
-0.0397 -0.0857
0.2902 0.3363
-0.1625 -0.3503
-0.0497 -0.2771
0.6453 -0.5891
1.0665 -0.5253
0.0249 -0.1073
-0.0064 0.1932
0.4430 -0.7645
0.6081 0.3520
-0.4200 0.3713
-0.0914 0.4900
0.0663 -0.7475
-0.4141 0.0940
-0.6686 0.7158
0.1926 0.7704
0.3003 -0.0751
-0.4813 0.2761
0.1186 0.5670
-0.7936 -0.9419
0.1612 0.8269
-0.5742 -1.4127
-0.7436 3.4528
0.0988 0.2062
-0.1273 0.3783
-0.0900 0.6951
0.5862 -0.3812
0.0487 0.2068
0.6173 -0.0619
3.7495 -1.1597
0.3945 0.3406
-0.2195 0.0126
0.0246 0.4212
-2.6995 -0.8748
0.3408 0.2989
-0.8190 0.1282
-0.7483 1.4733
0.5700 -0.0414
1.3088 -1.4963
-0.1879 -0.7215
-0.3954 -0.1456
0.0564 -0.0316
-0.0418 -0.1769
-0.4175 -0.7420
-0.0619 -0.9622
-0.1993 -0.0214
0.2172 -0.0315
-0.0335 0.0573
-0.1619 -0.6582
-0.3173 -0.7880
0.0859 -0.0961
0.4668 0.1790
-0.1012 -0.6065
-0.0763 0.2243
0.5775 -0.2814
0.0052 -0.0637
-0.4527 0.2750
-0.2898 -0.0567
-0.2113 0.4132
-0.6345 0.2357
-0.3228 0.8749
-0.0206 -0.5238
-0.1184 -1.7384
1.8590 -3.6441
0.1966 -0.7896
0.7320 0.2939
-0.3914 0.6273
0.0710 -0.1437
0.1747 0.6619
-0.4198 -0.3940
0.0867 0.1271
0.5466 -0.2597
-0.0201 -0.0774
0.8049 0.0229
-0.5348 -0.4340
0.2868 -0.0676
-0.8186 -0.1155
0.0614 -0.5136
-0.6136 0.5573
0.6774 -0.6903
-0.5184 -0.2008
0.4282 0.2186
-0.1240 0.0991
0.5375 0.2563
0.6748 -0.0976
0.2777 -1.6427
0.8247 0.5368
0.0347 0.0266
0.3751 0.8804
0.0621 0.8965
0.9892 -1.1654
-0.3202 0.2098
0.3589 0.7039
0.5035 0.6248
0.0482 0.0456
-0.8258 0.4999
-0.2307 -0.1256
-0.2490 -1.1079
-0.1935 -0.1434
0.7809 -0.2808
-0.4874 -0.1849
0.2595 -0.0715
-0.4590 -0.6236
-1.8715 0.6888
0.3644 0.3413
-0.1728 -0.1450
-0.3476 -0.2586
-0.0292 0.3481
-0.7132 -0.0613
-0.1250 0.9131
-0.2652 -0.3998
-0.2236 0.1000
-0.2719 0.2718
-0.1078 0.4997
-0.6168 -0.1194
-0.5642 0.2466
-0.5830 0.5517
1.5806 -0.0567
-0.0480 -0.2774
-0.6327 0.4351
0.0738 1.0256
0.0511 0.7035
0.2989 -0.3885
-0.5265 -0.4483
0.4517 -0.2484
-0.0285 -0.0658
-0.2095 0.1139
0.3075 0.4408
-0.0116 -0.0010
0.2443 -1.0955
0.2451 -0.2585
-0.9641 0.2410
-0.2826 0.4853
-0.3120 -0.6179
-0.0461 -0.1662
0.2519 0.2895
-0.3792 0.6995
0.0071 -0.0362
-0.3387 -0.6559
-0.3512 -0.8696
0.2605 0.1413
-1.8981 1.0941
0.3292 -0.3043
-0.0306 0.0045
-0.1204 0.5518
0.5252 -0.1814
0.8435 -2.8873
0.9464 1.5647
0.2201 0.4384
-0.1319 -0.1225
-0.5922 0.1162
-1.3847 0.1679
0.4630 0.0741
-0.2714 0.1499
0.2123 -0.4609
0.2558 0.7324
0.4224 -0.6691
-0.0036 -0.2372
-0.4150 -0.1339
-0.2016 -0.1024
0.2621 0.0946
-0.3998 0.3393
0.0778 0.1502
2.3534 1.6578
0.2974 0.1060
-0.1360 0.0510
-0.4152 -0.1066
0.1622 2.0680
-0.0473 0.0063
-0.1581 0.5045
-0.6447 0.0709
-0.4605 -0.3989
0.1869 -0.3882
0.0524 -0.0445
0.6804 0.2965
-1.4488 -0.3060
0.3879 0.3731
-0.1055 0.0456
-0.5301 -0.6286
-0.4726 1.1223
0.2037 -0.0050
-0.3980 -0.0894
0.8951 -0.4392
-0.4624 -0.2132
-0.3711 -0.5280
-0.4351 0.5662
0.0529 -0.3251
0.4235 -0.7867
0.1212 0.4393
-0.2528 0.0092
0.0592 -0.2176
-1.6801 -2.4136
-0.0397 -0.5071
0.7131 -0.5421
-0.6182 -0.5057
0.6619 -0.3439
-0.0805 -0.3363
0.1625 -0.2435
0.2620 0.8820
0.0783 0.1795
0.1043 0.3139
0.0184 -0.0138
-0.0682 0.9514
-0.0750 -0.0133
0.6414 0.0940
0.5799 0.3543
0.4387 -0.3142
0.0013 0.0599
0.2024 0.3727
-0.0216 0.1438
-0.1289 -0.0893
0.2003 0.1167
-0.4599 -0.1305
-0.4159 -0.3333
0.2758 -0.5341
-0.2537 -0.8911
0.1437 0.2336
-0.5767 -0.4969
-0.1077 -0.0015
-0.3460 -3.9855
1.0697 -0.4382
-0.0409 0.0010
-0.1964 -0.1672
-0.4907 -0.7963
-2.4934 -2.9597
0.0228 -0.0083
1.0565 -1.1885
0.8008 0.2138
0.3171 0.1150
0.0175 -0.0068
-0.6808 -3.4887
-0.5469 -0.3587
-0.5145 -0.7954
-0.0054 0.0055
-0.6359 0.1894
-0.0554 0.3609
-0.3113 -0.3822
1.1917 1.0600
-0.4525 0.3293
-0.8266 -0.1250
-0.0025 -0.4205
0.0276 0.0715
0.0604 -0.0460
-0.0022 -0.6536
-0.2727 0.2537
0.0905 0.0162
3.6161 1.2473
0.4865 -0.3574
0.2329 -0.2922
-0.3322 -0.6057
-0.1726 1.4010
0.0714 0.7138
-0.3984 -0.6673
0.0045 0.0081
-0.7648 0.0634
0.7342 -0.1934
-0.5494 -0.5742
0.5345 -0.3728
0.2634 -0.4121
-0.1404 0.4748
-0.0086 -0.2398
-0.2727 0.0287
0.7000 0.3328
0.5894 -0.4296
-0.4321 -0.6234
-0.2054 0.5427
-0.0679 -0.3935
0.0244 0.0156
0.9820 -0.1248
