0.0013 -0.0005 0.0011
-0.4131 -0.3505 -0.0183
-0.0192 0.0342 -0.0317
0.0032 -0.0080 0.8401
-0.6441 -1.2954 -3.2841
-0.0886 -0.3277 -0.7891
-0.0273 0.1797 -0.8007
0.1839 0.0233 -0.5757
0.3124 0.2256 -0.4543
0.0546 -0.0616 0.0161
-0.1667 -0.5448 -0.3911
0.2375 0.0863 -0.0610
0.3295 0.8389 -0.2078
-0.7095 1.0649 2.7079
0.0041 0.1339 0.0010
-0.7237 0.0254 0.3108
-0.2076 -0.2492 0.7746
0.0293 -0.1105 0.1574
-0.0630 0.1339 0.6376
-0.0275 0.2994 -0.0354
-0.0646 0.0833 0.4450
0.2753 0.3673 0.1087
-0.1166 -0.0868 0.9119
-0.2621 0.0141 -0.3220
0.0114 -0.0310 0.5805
-0.0114 -0.0435 -0.2361
0.6275 0.6081 -0.0040
0.0165 -0.3000 0.5563
0.6725 0.3270 0.2791
0.1992 0.6688 0.3243
-0.0679 -0.0172 -0.0022
-0.1441 -0.2431 0.2791
0.1270 0.2357 -0.3429
-0.1385 -0.1023 -0.2739
0.0815 0.7256 0.5823
0.1789 0.1477 0.5158
-0.0582 0.1074 0.2946
-0.0993 0.0562 0.9579
-2.3727 -0.4406 -0.1461
-0.1016 -0.0216 -0.4369
-0.2098 -0.1598 0.4278
0.8830 0.6429 -0.5806
0.0501 -0.1784 0.0866
0.5536 0.3957 -0.4739
-0.2091 -0.3110 -0.4935
-0.2466 0.1307 -0.1484
-0.2319 -0.3686 -0.6544
-0.0168 -0.0836 -0.2104
-0.0205 -0.0125 -0.1916
-0.8895 0.4143 -3.3091
-0.3477 0.1496 -0.8884
0.1778 -0.2299 0.6799
0.1011 -0.0721 0.2052
-0.0466 -0.0309 -0.4696
0.1488 -0.1916 0.7267
-0.3614 0.2141 0.3661
-0.0399 -0.0511 -0.0236
-0.3550 0.0276 -0.3838
-0.1246 0.0176 -0.6211
-0.6263 0.0408 -0.1017
0.0728 -0.1833 -0.0018
-0.1522 -0.0859 0.2415
-0.0235 -0.0209 -0.7784
0.1043 -0.0288 0.1341
0.1425 0.0914 -0.3353
-0.1045 -0.5387 -0.5564
0.0588 0.0060 -0.0463
0.1839 -0.6477 0.5366
-0.0823 0.0021 0.0522
-0.0952 -0.1455 -0.2348
0.8130 0.3906 0.2372
-0.3787 -2.4204 1.0967
-0.1251 0.0778 0.0524
-0.0432 0.0328 0.8241
0.0408 0.1171 0.6892
-0.6510 -0.0574 -0.7437
0.0523 0.8278 -0.2607
0.0572 0.0703 -0.9460
0.1778 0.0680 -0.3766
-0.3807 0.8347 0.3829
0.0308 0.0117 -0.0239
0.0035 0.0129 -3.5959
-0.1306 0.4674 -0.4105
-0.5800 -0.5921 -1.1293
0.4008 -0.5356 -0.4964
-0.2454 -0.1627 -0.8284
0.5545 0.2705 0.0550
-0.1085 0.0034 -0.0831
-0.0283 -0.0023 0.0195
0.1189 -0.2489 0.4839
-0.0504 0.3135 -0.5963
-0.1552 -0.0354 0.1206
0.0498 -0.1471 -0.4020
0.5624 0.6478 0.3893
2.2344 -0.6809 1.5968
0.3636 0.0378 0.5049
-0.3359 0.2910 0.3938
0.1934 0.2260 -0.1513
0.4084 -0.1272 -0.5903
-0.4134 0.3494 2.8051
