-0.0275 0.1967
0.3600 0.1028
0.0347 -0.0173
0.0549 0.3612
-0.2777 -0.1668
0.8289 -0.5248
-0.1439 0.0152
-0.8282 0.4962
-0.0277 -0.0774
-0.4596 0.7541
0.3246 0.1523
0.2657 0.8930
-0.2678 0.7198
0.2337 -0.1025
0.0951 0.2980
0.4577 -0.7549
0.0890 0.1684
-0.0599 -0.2357
0.4765 -0.0261
-0.4823 -0.2941
0.5597 0.5399
-0.1133 0.5380
0.0153 -0.2077
0.0569 0.6286
0.1978 0.0482
-0.8732 0.1424
0.0245 -0.8188
-0.1747 0.2034
0.4184 -0.0950
0.0273 -0.0168
0.1646 0.0015
0.0221 0.0193
-0.3575 -0.6542
0.0009 -0.5285
0.4825 -0.2302
0.0290 0.0587
-0.3714 0.2310
-0.4704 0.1857
-0.2675 0.8605
-0.2467 -0.4031
0.3083 -0.2004
0.1538 -0.8765
-0.1449 -0.1120
-0.1237 0.3747
-0.0009 0.0697
0.0864 0.0191
-0.6506 -0.0004
0.0336 0.5719
-0.4959 -0.1694
-0.5533 -0.6448
0.0175 0.0148
0.0126 -0.0092
-0.3009 -0.5765
-0.3262 -0.6101
0.6428 0.5439
-0.2612 0.3073
-0.3135 -0.7072
-0.0851 0.5140
-0.8708 0.0370
0.4638 0.7952
-0.5827 -0.3998
0.2185 -0.0512
-0.9277 0.2674
-0.3574 -0.3598
0.3550 -0.8462
-0.0074 0.0162
-0.0260 -0.0490
0.1896 0.3307
0.3225 -0.6206
-0.4661 0.3716
0.0258 -0.7682
0.0544 -0.7441
-0.3096 -0.4147
-0.0143 -0.1668
-0.5634 0.0915
-0.8377 -0.4031
0.0697 -0.8386
0.4238 -0.2154
-0.2043 -0.6136
-0.3692 0.3473
0.3779 0.3220
0.0530 -0.9776
0.5190 0.4678
-0.9132 -0.0782
0.0627 0.0591
0.0032 -0.0004
0.1941 -0.8478
0.2783 0.1333
-0.3232 -0.6247
-0.6270 -0.1209
-0.5417 -0.0436
-0.2748 -0.4799
0.3321 0.5287
0.6292 -0.3948
0.1088 -0.0129
-0.1743 0.0623
-0.0044 -0.0698
-0.3460 0.5256
0.4381 0.2496
-0.4996 0.8220
-0.4438 -0.5924
-0.1840 0.1962
-0.1105 0.4330
0.0715 0.0402
-0.5521 -0.4274
-0.6370 -0.2504
0.0919 -0.0006
-0.8712 -0.2876
-0.0110 0.0062
-0.7072 -0.0373
-0.1326 0.5329
-0.1504 -0.3375
-0.0038 -0.1478
-0.4033 0.0408
-0.0404 -0.3239
-0.0772 0.0757
0.1772 0.5043
0.1286 -0.9393
0.1902 -0.3520
-0.2584 -0.2008
0.0149 0.0438
0.6196 -0.0970
-0.0915 0.3327
-0.2869 0.1422
-0.1559 0.7605
-0.2591 -0.1781
-0.5709 -0.4967
0.2958 -0.1253
0.6942 -0.2382
-0.0942 -0.9775
0.2732 -0.0767
0.4349 0.2495
-0.1679 -0.2592
-0.2825 -0.1834
-0.2856 0.0609
-0.4342 -0.2310
0.2349 -0.6710
-0.0773 0.0675
0.4533 0.6976
-0.2770 -0.0928
-0.0047 0.2248
-0.6090 0.6026
0.0079 0.0092
0.1787 -0.1875
-0.5394 0.2119
-0.1318 -0.0215
0.1135 -0.3893
0.2101 -0.1538
-0.0657 0.3869
-0.1306 0.1119
0.0646 -0.1715
0.3645 0.0637
-0.2776 0.1138
0.6248 -0.6862
0.1046 0.0226
0.4948 -0.2257
-0.1343 0.5821
0.8409 0.3339
0.1400 0.2175
0.5487 -0.1056
-0.1340 -0.8921
-0.0288 0.6326
-0.1159 -0.7691
0.1592 0.0750
0.8408 -0.2265
-0.5417 0.1518
0.6161 0.3046
-0.0791 -0.1033
0.8635 -0.1414
0.7496 -0.3288
-0.2520 -0.0771
0.1671 0.5347
0.4051 -0.1285
0.2182 -0.6573
-0.0655 -0.1784
-0.7307 0.3478
-0.5736 0.6247
0.0086 0.4710
-0.1080 -0.4921
-0.1753 0.5108
0.2929 0.0366
0.4568 -0.4690
0.0242 -0.0123
-0.2001 -0.4705
-0.2260 0.2045
-0.1607 -0.3509
0.3185 0.5590
-0.1979 0.2587
0.2309 0.6832
-0.1373 0.2222
-0.1271 0.3945
-0.0549 0.0168
0.1347 0.0007
-0.4106 0.0212
-0.3953 -0.0814
-0.0017 -0.1408
0.2900 0.3833
-0.0586 -0.2580
0.3717 0.3737
0.0805 -0.0385
-0.0276 -0.8745
-0.3212 -0.4815
0.7393 0.2995
-0.2216 -0.8023
0.3299 0.5029
0.6813 -0.4691
0.2852 -0.6471
0.5706 -0.3813
0.0689 -0.0184
-0.4481 0.3649
-0.3065 0.1613
-0.1659 -0.0909
0.5408 0.7166
0.1366 0.0048
-0.5085 0.8118
-0.5332 -0.4069
-0.0116 -0.4151
-0.1839 0.0849
0.2576 0.7649
0.0287 -0.5984
-0.2430 -0.2387
-0.0079 0.0035
-0.1879 0.1781
-0.1609 -0.5346
0.2824 0.0956
-0.1375 0.1567
-0.6036 0.4205
-0.0031 0.0012
0.1858 -0.1919
0.5705 0.7264
0.7316 -0.3353
0.2543 0.1795
-0.8147 0.0409
-0.0168 -0.0352
0.1147 -0.4286
0.3863 0.3370
0.0505 0.1483
0.6054 0.7539
0.3289 -0.0327
0.7871 0.0446
-0.6469 0.2397
0.0132 0.0238
-0.3000 -0.7875
0.0577 -0.8459
-0.7111 -0.5249
-0.1742 0.0973
-0.0460 0.5356
-0.3686 0.7522
-0.4927 -0.0051
-0.6176 0.3866
2.0747 0.3735
2.1154 0.5399
1.7040 0.6574
1.8977 -0.2681
2.5449 0.4493
1.4960 0.2541
1.9685 -0.3248
1.4447 0.1779
2.1163 0.8344
2.4318 -0.0434
1.2985 -0.2440
2.4389 -0.5711
2.7906 -0.4964
2.0327 0.0411
1.8279 0.0896
1.8374 -0.4963
2.4412 -0.7294
2.5430 -0.2881
2.5558 0.6780
2.8511 0.3681
2.1471 -0.1475
1.8741 0.0245
1.5492 -0.0457
1.9746 -0.1493
2.0269 -0.1204
1.9420 -0.1143
1.8015 -0.1126
2.6657 -0.3782
2.0865 0.7908
2.2472 -0.5715
1.9782 -0.8685
2.0468 -0.7442
1.9861 0.0332
1.9808 -0.1809
1.6070 -0.5340
1.9905 0.0783
1.9423 -0.0385
2.1455 0.0780
1.9858 -0.0392
2.5151 -0.3973
1.6621 -0.6376
2.5721 -0.1341
2.3072 -0.9013
1.9840 0.0029
1.4844 0.4221
2.0653 0.0556
1.9130 -0.0050
2.6812 0.3033
1.7595 -0.7723
1.9116 -0.0604
1.8128 0.1726
2.3293 -0.3330
1.6682 -0.4196
1.8280 0.0073
2.6426 0.5231
2.2419 -0.2185
1.5619 -0.7024
1.9323 -0.0970
2.2392 0.1471
2.5576 -0.2151
2.0885 -0.7238
2.1198 -0.1487
2.9213 0.1810
2.7454 0.3150
1.6003 0.0899
2.5078 -0.4398
2.5014 0.8622
1.9452 -0.9613
2.0551 0.2944
2.4624 -0.4901
1.9657 -0.2610
1.4928 -0.5457
2.0637 -0.0336
2.0812 0.1145
2.0249 -0.0385
1.6657 0.0269
2.1598 0.9388
1.2566 -0.2982
1.6997 0.8756
2.1907 0.8847
1.9218 0.5465
2.3085 0.0534
1.9773 -0.1824
2.3484 -0.5614
1.7001 -0.1086
1.3971 0.3434
2.3168 0.3689
1.9363 0.1212
1.9977 -0.2605
1.4975 0.6109
2.0908 0.2246
1.6838 0.2051
2.2087 0.4433
2.8075 -0.3316
1.8059 -0.7487
2.8348 0.5329
1.6826 -0.5641
2.1664 -0.5406
1.6080 0.7507
1.5462 -0.3078
2.3180 -0.0302
1.2409 -0.5954
1.4516 0.7829
1.6036 -0.1304
1.9008 0.1541
2.7098 -0.4484
2.1320 0.9759
2.5908 0.1327
1.7151 0.4296
1.4179 0.6147
2.0804 0.0309
1.1756 -0.1898
1.8021 0.3326
1.2913 -0.4384
1.9697 0.3526
1.6731 -0.8497
2.3650 0.3111
1.9961 -0.0538
2.5435 0.5299
2.0282 -0.1317
2.6818 -0.5294
2.0274 0.0502
2.0638 -0.0841
2.7560 -0.6260
1.8731 0.6625
1.9014 0.0211
1.7836 0.2213
2.3597 0.5753
1.3083 0.1872
2.9064 0.3186
2.3428 -0.3416
2.8150 -0.2544
1.6268 0.7313
1.9978 0.0102
1.9145 -0.2354
2.3577 0.7124
2.0856 -0.1483
2.0232 -0.0669
1.4892 -0.6215
2.1768 0.2173
2.2810 0.4930
2.0332 -0.0287
1.8109 -0.7959
1.9621 0.2626
2.0093 0.0891
1.8859 -0.1101
1.9973 -0.0093
1.5842 -0.2270
1.9417 -0.0819
2.7548 -0.1586
1.8290 -0.2019
2.6987 -0.3078
1.4507 -0.6215
2.1752 -0.5843
2.3909 0.1505
1.9333 0.5905
2.1883 -0.1785
2.8413 0.3417
2.1116 0.2240
2.0168 0.0449
1.5280 -0.5279
1.1376 0.4434
2.0158 0.2197
2.1048 -0.2730
1.8436 0.6857
2.2501 -0.0169
2.0714 0.0790
2.1234 0.1937
2.0775 0.1239
1.6474 -0.2551
2.3007 -0.7465
2.3040 0.4326
1.3492 0.5975
1.6003 0.5933
2.1478 0.7396
2.1902 0.5583
1.9420 0.2100
1.9123 -0.0482
1.9597 -0.3675
1.8296 -0.4356
2.4141 0.1266
1.7890 0.1114
2.1170 -0.6992
2.6706 0.4332
2.3830 0.0290
1.5826 0.3924
1.8694 0.1961
1.5018 0.7201
2.3959 0.6828
2.1174 0.9901
1.9779 0.1050
1.2084 0.2136
1.5543 -0.5693
2.8650 -0.4399
1.7701 -0.1000
1.9965 -0.0304
2.3595 -0.6657
2.1357 0.4461
2.3579 -0.0256
2.0875 -0.1092
1.9253 -0.0846
1.7016 -0.1310
2.1252 0.2013
1.8824 -0.1041
2.6972 -0.6434
2.0088 -0.7127
2.1372 -0.3570
2.0449 0.0182
1.8433 -0.7872
1.2883 -0.3393
2.2207 -0.0753
2.9016 0.3970
2.0724 0.2874
1.6023 0.1120
2.0212 0.0919
2.0606 0.0846
2.1977 0.0887
2.8875 -0.3201
1.7961 0.8790
2.1156 -0.4966
2.3687 -0.1165
1.7321 -0.4723
1.1690 -0.5432
1.7342 0.2115
1.4144 0.3942
1.9769 0.8461
1.9748 -0.0313
2.7296 0.4285
1.9531 -0.6295
1.5642 0.5349
2.0259 0.4476
1.6871 -0.0192
1.7957 0.3883
1.7017 -0.1589
2.0955 0.7758
1.8246 0.0783
1.9650 0.0524
2.0048 0.0122
1.6590 -0.0018
1.8616 0.2360
2.4054 0.7032
2.5753 -0.5426
1.7110 -0.0079
1.7192 -0.0771
2.2059 0.4737
2.7328 0.0525
1.4463 0.5619
1.1986 0.2882
1.9506 -0.2971
2.0160 -0.0177
