0.2128 -0.0286 -0.2002
-0.3544 0.2670 -0.0639
0.0663 0.0015 0.0241
-0.8461 -0.3654 0.2261
0.0208 -0.0307 -0.0475
0.5442 -0.0079 -0.0358
0.6752 0.2702 0.4918
-0.3884 0.0656 -0.0122
0.0005 0.0282 0.0494
-0.0536 0.0087 0.1891
-0.2065 -0.2900 0.5031
-0.5234 0.1010 0.1774
-0.2368 -0.1322 0.3907
0.2511 0.3682 0.0699
-0.3830 -0.0704 -0.8694
-0.2388 0.3783 0.2268
0.3535 -0.1546 -0.0375
0.3399 0.1434 0.8641
-0.1311 0.5589 0.0062
0.0820 -0.0358 -0.2338
-0.0425 0.0075 -0.8173
0.1504 0.1450 -0.0156
0.6544 0.2977 0.2141
0.0491 0.0146 -0.2631
0.2007 0.4479 0.6952
0.4554 -0.1105 -0.8176
0.0513 -0.0447 -0.5816
0.1207 0.0457 0.6847
0.4081 -0.2038 0.6920
0.6757 0.3189 0.0325
-0.5090 -0.2674 -0.2196
0.0047 0.0011 0.2666
-0.0220 -0.5047 0.0821
0.1113 0.0886 -0.7254
0.2206 -0.1091 0.2307
0.1053 0.5016 -0.1700
0.3466 -0.3252 -0.3903
-0.7462 0.1864 -0.1025
0.1212 0.2856 -0.8886
0.0901 0.2819 0.8764
0.7257 -0.2534 0.5949
0.0117 -0.0475 -0.4515
-0.1541 -0.1485 -0.1833
-0.0357 -0.0379 0.1384
0.1523 0.3230 -0.1705
0.0162 0.2602 0.4202
0.3513 -0.1862 -0.1557
0.0253 -0.0327 -0.1072
-0.1307 0.1036 0.1415
-0.2287 -0.3402 0.1249
