-0.2012 -0.3806 -0.0446
0.1299 -0.9269 -0.0629
0.1348 0.0172 0.8353
0.1175 0.8748 0.1307
0.2391 -0.1244 -0.2506
0.1301 -0.0083 -0.8219
0.5661 -0.4467 -0.2664
0.6588 0.6309 0.2177
-0.0968 0.2699 -0.3640
-0.0348 0.1253 0.6415
-0.0026 -0.0165 -0.0138
-0.0182 -0.0029 -0.1747
0.1577 0.2666 -0.2496
-0.2727 0.3561 -0.0306
-0.2897 0.1644 -0.9029
-0.4357 -0.2092 -0.6423
0.2447 0.3222 -0.0705
0.3618 -0.6819 0.0606
-0.2767 0.5233 -0.6434
0.1510 0.0028 -0.9811
0.0558 -0.0387 -0.1903
-0.1252 -0.4668 -0.1331
-0.1773 0.5867 0.6094
-0.5510 0.3146 -0.1687
0.2371 0.3374 0.3190
-0.0031 -0.0180 -0.4385
-0.1810 -0.2700 0.6594
-0.0161 -0.1407 -0.7370
-0.0535 -0.1495 -0.1900
0.0913 -0.0625 -0.8330
0.3574 -0.0209 0.0574
-0.0139 -0.1576 0.9380
-0.1344 -0.0578 -0.0232
0.0968 0.3297 0.3008
-0.0208 -0.0655 0.0491
-0.0199 0.1885 0.9728
0.0336 -0.4107 -0.4795
-0.2111 0.0150 0.8739
0.4083 -0.0596 0.4885
-0.0105 0.0011 -0.0406
0.3801 -0.6728 0.2171
0.0949 -0.6874 0.5464
0.1423 -0.1379 0.7135
0.1208 -0.0559 0.0243
0.0318 -0.0652 0.0928
-0.5028 0.5061 0.5948
-0.7302 -0.2094 0.0709
0.0367 -0.0849 0.1641
-0.0101 0.0213 0.1422
-0.0984 0.0120 0.2472
-0.0034 0.0109 -0.0303
0.4033 0.6658 -0.3981
-0.4065 0.0448 0.1574
-0.0234 0.0177 -0.6295
0.0405 0.1340 -0.0151
0.3501 0.0435 -0.0809
-0.0849 -0.0512 -0.4456
0.0496 0.0148 -0.0643
0.0098 -0.0007 0.0074
0.0235 0.0135 -0.0252
0.0108 0.3823 0.6925
0.1819 0.6669 0.0834
-0.0586 0.2796 0.4174
0.0973 -0.1327 -0.7408
0.0451 0.1828 -0.9043
-0.0018 -0.0012 -0.0887
-0.0268 -0.0034 0.6962
-0.0133 0.1895 -0.6486
-0.1555 0.3000 -0.0790
0.1294 -0.6953 0.2075
0.5015 -0.0641 0.2329
-0.2675 0.7610 -0.1149
0.1352 0.0692 -0.8049
0.2746 -0.0411 0.0352
-0.2558 -0.3802 0.5775
-0.1801 0.2986 -0.1972
0.3761 -0.1690 -0.1340
0.0133 -0.0062 0.6345
-0.1706 -0.0151 -0.2090
0.0128 0.0369 0.0771
-0.2629 -0.0894 0.2108
0.7094 0.2991 0.2565
0.0102 -0.3199 0.1634
-0.0937 -0.4373 0.8010
0.3193 -0.6980 -0.3863
-0.1474 -0.1716 0.1347
-0.1285 0.1729 -0.4314
0.1447 -0.6704 0.4475
-0.2022 -0.3412 0.1708
0.0700 -0.1909 0.1460
0.8394 -0.2725 0.3241
0.0218 -0.0423 0.9013
-0.4944 0.2634 -0.7893
0.0796 0.1492 0.3508
-0.6993 -0.6530 -0.1068
0.4250 -0.0049 0.7422
0.1443 -0.0035 -0.4582
-0.3591 -0.0078 -0.1667
-0.0007 0.0028 -0.0085
0.0326 0.0606 -0.0967
-0.1803 0.0569 0.5475
0.4236 -0.6706 -0.4472
0.0739 -0.0126 0.7026
0.4147 -0.4375 0.7069
0.6967 -0.0955 -0.3681
-0.0038 0.0054 0.0703
-0.2843 -0.0747 -0.6167
0.0741 0.2356 0.0904
0.2965 0.0597 -0.2473
-0.1386 0.2949 -0.0315
0.0019 0.0031 -0.0005
-0.0049 0.0719 -0.1331
0.1879 0.2360 -0.3620
0.1885 -0.1896 0.9077
0.1171 -0.1483 0.6450
0.0805 -0.2675 -0.4146
0.3756 0.2271 0.3759
0.7264 -0.1045 0.1237
-0.0623 -0.5016 -0.1206
-0.1076 -0.8388 -0.3476
0.4054 -0.8370 -0.1770
0.0130 0.0087 0.0295
0.2027 -0.0361 0.7269
0.2822 0.1656 -0.0317
-0.4101 -0.1348 -0.0710
-0.0838 0.0118 -0.0386
-0.0691 -0.7081 -0.5906
-0.2477 -0.0707 0.4712
0.1429 -0.1832 0.0676
0.0003 -0.0005 0.3609
0.3424 -0.1042 0.2831
0.2991 -0.1778 0.1656
0.0017 0.0281 0.0390
-0.0608 -0.0875 -0.1256
-0.0547 -0.0712 -0.6309
0.4964 0.3835 -0.5091
0.1680 -0.8297 0.0446
0.3819 0.4666 -0.2282
-0.6796 -0.3517 0.0562
0.4300 0.1613 -0.5225
-0.0235 -0.0237 0.0096
-0.0284 -0.3213 -0.5366
-0.0327 0.0040 -0.2598
0.0425 0.0395 -0.4780
0.2409 0.0532 -0.1395
0.1155 -0.1837 0.0782
-0.7971 0.4069 0.2767
0.2091 0.0382 -0.2699
-0.0155 -0.0036 -0.0297
0.0627 0.0643 0.9437
0.0972 -0.0939 0.6044
-0.0932 -0.5600 0.7946
-0.1649 0.0962 -0.8912
0.1115 0.4745 -0.4027
0.1814 0.1576 0.5743
-0.0662 -0.0730 -0.5958
0.0338 -0.0913 -0.0972
-0.1459 -0.5337 0.1235
0.5156 0.4508 -0.5418
0.0072 0.1182 0.0129
0.0015 -0.0012 -0.0145
0.0019 0.0068 -0.9768
0.0644 0.2089 -0.3278
-0.1374 -0.0406 -0.0774
0.8997 -0.3391 -0.1791
-0.0910 0.0249 0.5124
-0.2453 -0.6904 -0.5577
-0.0730 0.1303 0.1860
-0.0820 0.0572 0.3532
0.3990 0.1162 0.0550
-0.2678 0.0935 -0.4747
0.4931 0.4284 0.1717
0.0101 -0.0009 -0.0851
0.0832 0.1035 -0.3781
-0.0794 -0.0455 -0.1709
-0.0145 -0.0833 -0.9961
-0.0919 -0.0226 0.1524
0.5308 -0.1969 0.5675
-0.1528 -0.1586 0.2129
0.1701 0.0210 0.2420
-0.6390 -0.5678 -0.5084
0.1436 0.2848 -0.1255
0.9378 0.2199 0.2420
0.1597 -0.0914 0.8702
-0.0417 -0.0683 -0.2851
0.0769 0.0406 0.0646
-0.1339 -0.1404 0.1038
0.3825 -0.7040 0.3576
0.0120 0.0924 -0.4431
-0.1768 -0.0639 -0.4686
0.2218 -0.3121 0.1403
0.4251 -0.3692 -0.6933
-0.1806 0.2134 0.0764
-0.0010 0.2566 -0.3051
-0.0015 0.0029 -0.1843
0.1060 0.4789 -0.6098
0.3969 0.1444 0.2685
-0.1121 -0.0798 -0.3363
0.1371 0.2244 0.8403
-0.3911 0.5362 0.3312
