-1.0143 -0.7656 0.6716
0.3760 -0.1944 0.6582
-0.2256 0.1636 0.6318
-0.0368 -0.6650 -0.2208
0.3524 -0.1033 -0.6577
0.0612 0.1291 -0.2321
0.0595 0.7760 0.2375
0.2945 0.2862 0.2126
-0.0258 0.0918 0.6632
0.0047 0.3940 -0.3225
0.1184 -0.0324 0.5803
0.1332 0.0364 0.5597
-0.1807 0.0310 0.7235
-0.0252 -0.0144 -0.1729
-1.5921 -0.0874 0.2592
-0.2798 -0.2877 -0.0555
-0.3934 -0.1656 0.7605
0.0005 0.1072 0.3247
-0.3555 -0.3988 -0.3215
-0.0751 -0.0073 -0.8700
0.3713 -0.0000 -0.6537
-0.4541 -0.3109 -0.2497
0.5115 -0.3941 0.6838
-0.0760 -0.0033 0.0360
0.1159 0.1087 -0.4516
-0.0637 0.1382 -0.0228
-0.1346 -0.3423 0.0583
0.4721 -1.0778 -1.8151
-0.5194 -0.1494 -0.4200
-0.3183 0.6363 -0.2156
