-1.0757 -0.1659 0.9985
-0.1315 0.6503 -0.4620
0.0023 0.0020 0.8989
0.0044 -0.0064 -0.3390
-1.3609 -0.3835 0.1165
-0.1971 0.1189 0.9055
-0.5622 -0.1040 -0.1985
0.1084 -0.0275 -0.0786
-0.0093 0.0044 -0.0369
-0.1974 -0.5899 -0.2495
0.0235 -0.0071 0.8211
-0.0891 0.0512 -0.7418
-0.1179 -0.0211 0.0057
0.0828 0.1526 -0.2696
-0.2100 0.3458 -0.5433
-0.1508 -0.0124 0.8280
-0.0251 0.1407 -0.0964
0.6184 -0.2619 -0.6347
-0.6672 -0.2202 -0.2244
0.0733 0.1318 0.2568
-0.1726 0.0475 -0.9029
0.0896 0.3842 -0.0516
-0.4756 -0.0203 -0.5021
-0.0546 0.0392 0.0301
0.8216 0.5519 0.0585
2.6760 -0.1369 -0.0973
2.9049 0.6769 -0.3295
1.7103 -0.1285 -0.4602
2.6046 -0.0409 0.8792
2.4620 0.0001 0.2262
2.7515 0.4812 0.0829
2.3271 0.5599 -0.2467
2.4586 0.0054 -0.0790
2.1091 -0.3597 0.0378
2.5288 0.0254 -0.0341
2.0104 0.0284 -0.1486
2.2466 -0.0418 -0.2636
2.4009 -0.3484 -0.5637
2.9198 -0.0805 0.1408
3.2827 -1.0074 0.4164
2.5072 -0.3064 -1.1125
2.6924 -0.4305 -0.1951
2.4444 -0.1103 -0.2059
2.4954 -0.0531 -0.7225
2.3926 -0.0126 -0.2007
2.7517 -0.0451 0.7268
2.6299 0.1092 1.4525
2.4856 -0.0013 0.2755
2.4917 -0.0001 -0.1485
1.9205 0.2621 0.6683
