0.0751 -0.2119 -0.5628
0.0304 0.0176 -0.4561
-0.0029 -0.0051 -0.0437
-0.3234 -0.5899 -0.0044
0.0448 0.3536 -0.4145
-0.0360 0.1912 0.0341
-0.6596 -0.5354 -0.5024
-0.0070 -0.0061 0.0239
-0.1677 0.2260 -0.7007
0.2525 -0.1427 -0.0324
0.1176 0.1317 0.2606
0.5501 0.0639 -0.7994
-0.2785 -0.0082 -0.3155
-0.5905 -0.1595 -0.4826
0.0146 -0.0510 -0.1345
0.0288 0.3172 0.8926
0.2700 0.1171 0.8637
-0.3159 -0.1181 1.8401
0.2547 0.5075 0.8160
-0.2458 0.4371 -0.2663
-0.3096 -0.8737 0.3032
1.8043 -2.3051 0.6423
-0.1317 -0.1207 0.9037
0.0902 0.0086 -0.4757
0.7125 -0.2447 -0.6224
0.7711 0.3116 0.1452
-0.0538 -0.1576 -0.0993
0.2797 0.2925 -0.0674
-1.8344 0.1494 1.1596
2.0851 -0.8036 -1.4336
0.0059 0.2941 -0.5047
0.4029 -0.6348 0.6079
-0.1520 -0.2703 -0.4389
-1.6048 1.2270 0.0685
0.0357 0.0519 0.4933
0.1188 -0.1820 -0.8022
0.0692 -0.4012 0.1431
0.5870 -0.6501 0.1308
0.3258 0.0881 -2.7612
-0.3153 -0.0440 0.0093
-0.3111 -0.3019 0.3122
-0.3365 -0.0817 -0.3689
0.0445 -0.2868 -0.9029
0.3087 0.2988 -0.4025
0.3795 0.1166 -0.4371
-0.0356 -0.0508 -0.2004
-0.0183 0.0098 0.0952
-0.4646 0.1911 -0.0579
0.6695 -0.2454 0.2866
0.0284 0.0220 0.0663
-1.0926 0.2364 -0.3293
0.1124 -0.1715 0.1142
0.0087 0.0037 -0.2401
0.2179 0.1741 0.2134
-0.2104 0.2849 -0.1037
-0.6189 -0.0499 0.2043
-0.1489 0.3378 -0.0635
-0.0313 -0.1649 -0.0346
-1.2566 1.0441 1.6970
-0.6100 -0.2301 0.2508
0.0300 0.4327 -0.8664
-0.2068 0.8334 0.0770
-0.0252 -0.1658 0.0077
-0.3457 -0.5867 -0.2230
0.0392 0.3051 -0.0113
0.0010 -0.0001 0.0400
-0.0213 -0.0240 -0.0375
0.0430 -0.0765 0.4164
0.0069 -0.0095 0.1442
-0.4169 3.0186 -0.0538
0.2360 0.4866 -0.4205
0.3872 0.0611 0.5867
-0.4881 0.1783 0.4552
0.3199 -0.2792 -0.8716
0.4345 0.2556 -0.3082
0.0617 0.1825 1.1396
0.2649 1.2180 0.6249
0.7122 -0.2883 0.4052
0.1453 -0.2100 0.6528
0.2712 0.1664 -0.2015
0.0371 0.0604 -0.3466
0.0314 0.6438 -0.7004
-0.3768 -0.6293 0.2422
0.5073 -0.2080 0.1254
0.0093 -0.0735 0.8355
0.5415 -0.4329 0.0898
-0.0055 -0.0033 0.0252
-0.0144 0.3701 0.1686
0.3772 0.0339 -0.8461
-0.5587 0.3237 0.0132
0.4802 -0.3955 0.0431
-0.0134 0.0149 0.0212
0.0402 0.5169 -1.0318
0.0090 -0.6092 0.3831
-0.1146 -0.0292 0.1010
-0.0078 0.0748 0.0471
-0.0538 0.0794 -0.1547
1.5893 1.9557 1.1201
-0.0053 -0.0776 -0.0822
-0.0175 0.1972 -0.1323
-0.1230 0.0240 0.2394
0.2916 -0.0684 0.2684
-0.0630 0.4051 -0.2767
0.3222 -2.1973 1.2566
-0.0178 0.0912 -0.5971
-0.2302 -0.2768 0.0276
-0.4676 0.5768 0.4345
-0.4463 1.1308 0.7971
0.2976 0.2222 -0.4425
0.1133 0.0841 -0.5719
-0.0942 0.1859 -0.7905
-0.0119 0.0412 0.3149
0.1025 -0.3584 -0.0844
0.0080 0.0143 0.0131
-0.0057 0.0040 0.0580
0.5625 -0.2170 0.0134
0.8634 0.4805 -0.0436
-0.0924 -0.2302 0.6637
-0.9028 -0.0988 -1.8143
0.5539 -0.0189 0.4328
0.1258 0.0873 0.2650
0.0468 -0.0033 0.0486
-0.6611 -0.6051 -0.2507
-0.3811 -0.2705 0.6307
0.3055 0.1157 -0.2711
-1.8367 1.2613 -0.4793
-0.2771 -0.4937 0.2982
0.0658 -0.1451 0.1316
-0.2387 0.3050 -0.4378
-0.0323 -0.0057 0.0896
0.0019 -0.0057 -0.0668
-1.8897 -0.3410 1.5758
0.6772 -0.1314 -0.7121
-0.9987 2.1133 0.5260
-0.0581 -0.3407 -0.3920
-0.0262 -0.1144 -0.1486
-0.0525 -0.0698 -0.5098
-0.1396 0.0366 -0.0542
0.0033 0.0623 0.4060
0.1443 0.2290 0.1216
-0.0568 -0.1000 0.2961
-0.9250 2.7032 -0.3908
-0.0821 0.3583 0.1143
0.1354 0.4295 0.2855
0.4664 0.0126 0.1830
0.1210 -0.6316 0.3848
-0.4645 -0.3393 -0.3537
0.0528 0.0506 0.6591
0.1146 0.2433 -0.1147
-0.0127 -0.0019 -0.0127
0.0404 -0.0176 -0.4263
-0.1259 0.8040 0.0111
-0.4733 -0.1317 -0.3590
-0.0136 0.0218 -0.5290
1.5191 1.2392 -2.1081
0.0226 0.1042 0.9886
-0.1950 -0.3409 0.0042
0.1217 0.1774 -0.3214
0.0122 0.0053 -0.0548
-0.6296 0.3870 0.5325
0.1170 0.5161 -0.3632
2.1291 -1.1211 -1.1900
0.0048 -0.1136 0.6815
-0.0127 0.0057 -0.1530
-0.0350 -0.0319 0.0370
-0.0676 -0.0346 0.2458
-0.0524 -0.0582 0.0088
-0.0095 -0.0110 -0.1172
0.1768 0.0110 -0.0442
2.1248 -0.4432 -1.4321
0.3565 0.0345 -0.1068
0.0546 -0.0102 -0.2624
-0.0063 0.0021 0.0103
0.0729 -0.1388 -0.9067
0.0043 0.0352 0.0343
-0.0010 -0.0785 0.2037
0.0811 0.1092 0.8707
0.2843 -0.0722 0.4174
-0.4608 -0.0909 0.3294
0.0992 0.0415 -0.7116
-0.6493 -0.2530 0.1452
-0.1091 0.0820 0.4981
-0.0159 -0.0695 -0.9184
-0.0582 0.1160 -0.0132
0.2180 -0.1985 0.2078
0.1599 -0.4497 -0.0782
0.2339 0.2391 0.0789
-0.5121 0.4099 0.0035
-0.1301 -0.3902 -0.2110
-0.2355 0.1205 -0.1604
0.7035 1.9493 -0.6502
-0.3240 0.1866 0.7774
0.4524 -0.5667 0.5045
0.1413 -0.4888 0.2766
0.0018 -0.0122 -0.0192
0.2047 0.0237 0.7162
-0.1538 0.1474 -0.1468
0.4079 -0.0800 -0.3582
0.0953 -0.1248 0.8476
0.0564 -0.2281 0.3555
-0.0765 0.0508 -0.1744
0.1099 -0.0375 0.5914
0.0020 0.1034 -0.0066
-0.0312 0.5402 -0.3549
-0.0461 -0.1136 -0.7216
-0.4407 0.1237 0.2937
0.6238 0.5262 0.4338
-0.0146 0.0207 -0.2065
-0.0165 -0.0304 0.9522
-0.1278 0.1370 0.3517
-0.6104 0.0617 1.5961
-0.0596 -0.0284 -0.6351
0.0177 -0.0112 0.5998
0.1092 0.0425 0.2927
-0.4447 -0.6624 -0.1913
0.0198 0.6722 0.2557
0.0012 -0.0063 -0.3023
-0.5651 0.0740 0.6533
0.1894 -0.2812 0.3769
-0.0617 -0.0042 -0.5344
-0.0449 -0.0543 -0.0468
0.1323 0.4562 0.4222
0.2472 2.8558 -0.5143
-0.2569 -0.0515 0.0558
0.5353 -0.5074 -0.2207
0.0757 0.2068 -0.4393
0.0217 0.0428 0.0384
0.0433 0.0311 0.8437
0.1780 0.6265 -0.0452
-0.3906 -0.5807 0.2940
0.0983 0.7173 -0.1899
0.0089 0.0189 -0.0412
-0.0312 0.0315 -0.0139
0.2094 -0.0177 0.9276
0.0017 0.0011 -0.0041
0.1666 -0.2437 0.0809
0.2267 0.2366 0.8365
0.0950 -0.2188 0.1330
0.0982 -0.0615 -0.4903
-0.1371 0.1556 -0.5452
0.0017 0.0020 -0.0059
-0.0685 -0.0335 -0.0896
0.2217 0.1342 -0.6714
0.0999 -0.2943 -0.0074
0.0230 -0.5280 -0.5876
-0.5157 -0.1390 -0.1194
0.1001 -0.1347 0.2891
-0.1484 -0.1117 0.1868
0.3933 0.2734 0.6555
0.4370 -0.2531 -0.5486
0.0972 -0.0124 0.7262
0.2207 0.2231 -0.0535
0.1171 -0.2422 0.1957
-0.0175 -0.0521 0.7050
1.1299 1.0074 -0.5811
-0.0008 -0.0006 -0.0019
0.2754 -0.3182 -0.8887
-0.0734 0.5251 0.0214
-1.7120 0.0468 -0.6231
0.1962 0.1571 0.1063
0.0876 0.1811 -0.9361
-0.0801 -0.3160 -0.5692
-0.0543 0.2302 0.6431
0.2020 -0.8659 0.2481
0.6177 -0.9118 -2.2378
-0.1838 -0.1059 -0.1169
-0.0817 0.2908 -0.1108
0.3574 0.0077 0.3094
-0.1271 -0.0482 0.8574
-0.3002 -0.0524 0.7780
0.1347 -0.5264 -0.0182
-0.0004 -0.0086 0.0008
0.0873 -0.1035 0.2901
-0.0410 0.7161 2.3803
-0.0070 0.3652 -0.7535
1.0499 -0.8082 -1.6710
0.0070 0.0098 0.8325
-0.0108 0.0083 0.4009
-0.3611 0.3889 -0.1992
0.5957 0.5808 -0.1285
0.0013 -0.2543 -0.0288
0.1554 -0.7169 0.0304
0.2708 0.0840 -0.1742
-0.1478 0.1259 0.1698
0.0023 0.0011 0.2420
-0.2847 -0.3240 0.1513
-0.0089 -0.0639 -0.0338
0.0387 0.1449 0.1390
-0.0423 -0.0202 0.4621
0.0278 0.0239 -0.9242
-0.2237 0.0963 -0.0039
0.0031 -0.0004 -0.7946
-0.0289 -0.0246 -0.0514
0.2716 0.0065 -0.3946
0.4477 -0.1000 -0.3712
0.1135 0.0802 0.2462
0.5975 -0.0693 -0.7218
-0.2295 -0.1538 -0.5735
0.2473 -2.2316 0.5087
-0.5314 -0.2349 0.3469
-0.1115 -0.0445 -0.0711
0.0829 0.3614 -0.7698
0.3341 -0.2375 1.3305
-0.1005 -0.0360 -0.0725
0.5626 0.0767 -0.4578
-0.1993 0.3551 0.3226
0.0285 0.2725 0.3751
-0.5151 -0.1286 0.2755
-0.2066 0.4146 -0.2913
-0.1701 -0.2021 -0.2207
-0.0427 -0.0477 0.1284
-0.0008 0.0207 -0.0164
0.1578 -0.1879 -0.4465
-0.0166 -0.0118 0.5630
0.0075 -0.2651 0.5062
0.0080 0.2135 0.1806
0.0777 -0.1683 -0.0729
0.0722 -0.1757 0.4020
0.0117 0.0131 0.8239
-0.2758 0.2781 -0.0471
-0.0137 0.0582 0.1054
0.2562 -0.0167 -0.3326
0.0246 0.0313 -0.3681
-0.1018 0.0701 0.1204
0.0084 -0.2441 -0.1149
0.1269 -0.0798 -0.4957
0.0005 -0.0073 -0.0769
-0.2608 -0.1007 0.6030
0.0698 0.0469 -0.7001
-1.3878 -1.7991 -1.6683
-0.2954 0.3070 0.7385
0.3978 0.3078 -0.2460
0.5626 0.1404 0.1429
-0.4077 0.4130 0.3745
1.4081 0.7139 1.0980
0.0231 0.0150 0.1211
0.0517 0.0574 -0.0628
-0.0161 0.0132 0.7018
0.1623 0.2841 0.2129
0.4656 0.0850 -0.3520
-0.5016 -0.6607 0.1678
0.2506 -0.3908 0.6084
-0.6997 -0.6961 -0.0688
0.2487 -0.3281 -0.2253
0.1212 0.2060 -1.7388
0.3083 -0.1566 0.2689
-0.4499 0.0283 -0.5728
-0.2846 -0.1153 -0.3183
0.1303 0.1207 0.1754
0.6139 -0.2045 -0.0734
0.3395 0.1892 -0.0231
0.0245 0.0530 0.0133
0.0013 -0.0186 -0.0350
0.0004 -0.0217 0.2097
-1.1768 -0.5262 0.5782
-0.6873 1.9401 -0.2138
0.0794 -0.1099 -0.6861
-0.1517 0.0298 -0.1629
0.0180 -0.5080 0.1007
-0.0243 -0.2546 -0.0118
0.0658 -0.0963 1.6329
0.0842 0.0655 0.2247
0.0718 0.0201 0.2861
0.6270 0.0663 -0.6062
-0.3937 -0.0794 -0.6816
-0.2430 0.0991 0.1054
-0.1516 0.1306 -0.9158
0.8532 0.1457 0.0232
-0.0383 0.1206 -0.1948
0.0282 0.5217 0.7172
-0.0149 -0.0371 -0.0947
-0.0016 -0.0318 -0.1158
-0.5458 0.1384 0.1737
0.3779 -0.1469 -0.1270
-0.2469 -0.0234 -0.5981
0.3599 -0.2509 -0.6406
0.3240 0.2754 -0.1856
-0.0462 -0.0580 0.5457
-0.6735 -0.3710 -0.5034
0.0362 -0.0700 -0.0934
0.5788 -0.3381 0.1672
-0.0061 0.0080 -0.0131
0.0299 0.8118 -0.1718
2.4157 -0.0773 -0.0382
0.0102 -0.0023 0.0463
-0.0509 -0.0718 -0.2862
0.5626 -0.2563 -0.6585
-0.5449 0.3496 0.3787
-0.0406 -0.0224 -0.0019
0.0794 0.2908 -0.3900
0.1501 -0.0214 0.0591
-0.3623 -1.9510 -1.3293
-0.0982 0.1012 0.2330
0.0869 0.3148 -0.7701
0.1772 0.0036 -0.2932
0.0677 -0.1251 0.2392
-0.3034 0.0285 -0.0263
-0.0639 -0.3445 -0.2291
-0.1161 0.0421 -0.2866
0.9029 0.0515 0.8018
-1.2350 1.0329 0.5841
-0.5977 -0.0045 0.1266
-0.2497 0.0749 -2.1467
-0.0210 -0.0022 0.2835
0.6222 -0.3433 0.4173
-0.2726 -0.2041 0.2598
-0.2510 0.1223 0.5694
-0.7681 -1.4236 0.3633
0.1449 -1.0267 1.5917
0.3120 -0.4214 0.6723
0.7451 -0.4156 0.4501
0.1863 -0.1858 -0.1778
0.0329 -0.1063 0.1690
-0.0216 0.1342 0.0816
0.0104 -0.0206 0.6893
-0.0767 0.4244 -2.8019
0.0491 -0.0426 0.4392
0.0152 -0.1564 -0.1645
0.0600 -0.1467 0.0216
-0.1424 0.1445 0.1325
-0.4785 2.4359 -0.0053
0.0254 -0.0015 -0.0169
0.0066 -0.0071 0.0042
0.0970 0.4433 0.8286
-0.8337 0.3554 -0.0908
0.2505 0.3468 0.1357
-0.1418 -0.2460 -0.1496
-0.0101 0.0048 -0.0407
-0.4707 0.2538 -0.0068
-0.2239 0.2590 0.7800
-0.3672 0.4883 0.3481
0.1137 0.0498 0.0309
-0.4978 0.4115 0.5839
0.3280 -0.2399 0.6319
0.3986 -0.3073 0.7521
-0.1395 -0.1082 0.1026
0.0895 0.0475 0.0418
0.0296 -0.1416 0.1664
0.7553 -0.1746 0.3169
-0.1213 -0.4387 0.7263
-0.1881 -0.0543 0.5242
0.1527 0.1173 1.3587
-0.0252 0.2692 0.0208
0.1175 0.0485 -0.3547
0.4943 -0.3308 -0.5675
0.2504 0.6762 -0.5463
-0.0001 -0.2019 -0.0358
-0.0548 -0.2736 -0.4892
-0.2726 0.1545 0.1762
-0.4293 0.0779 0.4830
0.1578 -0.0119 -0.5358
-0.5160 -0.4081 -0.3029
0.0007 -0.0114 0.0100
0.0979 -0.0371 0.2645
-0.0256 -0.0488 -0.0189
-0.1038 0.2126 0.2981
-0.0481 0.0448 -0.1013
-0.4237 -0.0833 -0.0983
0.0019 -0.0131 0.7204
-0.0021 0.0191 -0.2171
-0.4172 0.2958 0.1097
0.0586 -0.0193 0.6860
0.0333 -0.0378 -0.0365
0.1985 0.2724 -0.8562
-0.0011 0.0171 0.1138
-0.1087 -0.1295 -0.2559
-0.0087 0.0139 0.8947
0.0775 -0.0925 -0.2311
0.3232 -0.7114 0.2310
-0.1263 -0.0282 -0.2100
0.7697 -0.1747 0.1587
-0.2593 -0.1172 -0.0341
0.0475 -0.0333 0.9807
0.2863 -0.0604 0.5736
0.0748 -0.0585 0.1884
0.0203 -0.0096 0.0075
-0.4698 0.0953 -0.2417
-0.6594 -0.5777 0.1299
-0.2048 -0.8819 0.1067
0.0946 -0.0864 -0.3869
-0.0314 -0.0077 0.1337
-0.1373 -0.1468 0.1068
0.2876 -0.1847 -0.0927
0.0232 -0.0014 -0.4474
0.0628 -0.1653 -0.4208
0.5849 -0.0595 0.7861
-0.0092 -0.0081 0.0924
-0.0864 -0.1075 0.1555
0.3935 -0.5682 0.0695
0.0421 -0.0745 0.8925
0.0544 -0.2182 0.7080
-0.0793 -0.0015 -0.0441
0.0686 -0.0346 0.1933
-0.6942 0.1592 0.5319
0.0136 -0.1806 -0.2889
-0.0525 0.0181 -0.2793
0.2658 0.5355 -0.3349
-0.0530 0.7346 0.1029
0.3347 0.6810 -0.9413
-0.1261 -0.0279 0.0844
