-0.2923 -0.1989 0.4664
0.4229 -0.3057 0.8225
0.5363 -0.2203 -0.4314
-0.4453 -0.9643 -0.3193
0.1112 -0.1637 -0.2010
-0.4987 0.3867 0.0823
0.4049 0.4033 -0.9938
0.1269 0.2931 0.4242
0.2810 0.0039 -0.5125
-0.1823 0.2097 -0.2738
-0.1573 0.0886 -0.0179
0.1369 -0.3186 -0.0332
-0.2171 0.8341 -0.1403
0.6939 0.3491 -0.9802
0.9886 0.5693 0.7892
0.6162 -0.0719 0.4846
-0.0596 0.1290 -0.4515
-1.1609 0.3510 0.7932
-0.3249 0.2114 -0.1023
-0.5476 0.3095 0.5535
-0.7355 -0.6466 -0.0558
0.6041 0.4383 -0.2322
0.0517 -0.0276 -0.6431
0.7191 0.6246 -0.0435
0.2555 0.1030 -0.2739
0.0103 0.1398 0.5797
-0.0014 -0.1823 -0.5199
-0.4013 0.9189 -0.5330
-0.0731 -0.1475 0.2306
-0.0057 -0.0344 0.1371
-0.2006 -0.1834 1.2739
-0.0985 0.8222 0.4051
-0.0799 -0.0100 0.2479
0.7062 -0.1087 0.5466
-0.3822 0.3081 0.8181
-0.4107 -0.2496 -1.0962
0.0368 0.1903 -0.4299
0.3900 -0.4877 0.4323
-0.1674 0.2453 -0.2805
0.0296 -0.1424 -0.3666
0.0993 -0.0408 0.0030
-0.0492 -0.1160 -0.6816
-0.9368 0.0088 -0.8758
0.4821 0.0240 1.6127
0.0212 -0.0627 0.0396
-0.7963 0.3247 0.4937
0.2351 0.4525 -0.6967
0.1952 -0.1345 0.9199
0.1023 -0.1166 -0.4451
0.1536 -0.0835 -0.5869
-0.2120 -0.5165 -1.1678
-0.0839 -0.3068 0.4326
0.6350 0.4279 0.0701
-0.0054 -0.1925 -0.4198
0.0796 -0.0224 0.5205
-0.2086 0.1009 -0.0693
0.0513 -0.1472 0.0470
0.0107 0.0018 0.2578
0.0510 -0.7071 -0.1172
-0.0829 0.3650 0.2404
-0.2410 -0.0373 0.1942
-0.0518 0.6730 0.1722
-0.1911 0.8128 0.0524
0.0353 -0.0128 -0.0380
0.0033 -0.0004 -0.3453
-0.0464 0.4622 1.0361
-0.0251 -0.4121 -0.0368
0.1253 -0.0081 0.1364
-0.1733 0.2623 0.5655
-0.3831 0.2206 0.5218
0.6612 0.0558 -0.1973
-0.0837 -0.1810 0.6803
0.0193 -0.0613 0.2461
-0.2056 -0.2168 0.0074
0.3249 0.1152 -0.6904
0.2867 0.5546 0.4327
-0.1273 -0.0514 0.7295
0.0285 -0.0411 -0.2318
0.0227 -0.2881 0.7350
0.2672 -0.4702 -0.4410
-0.2521 -0.2991 -0.0145
-0.0713 0.7113 -0.6718
0.0110 0.0186 -0.0133
-0.2445 1.3954 -0.1154
-0.0262 -0.0946 -0.0342
0.2918 1.3229 0.2113
0.8780 -0.3066 0.3663
0.0772 -0.0817 -0.4265
-0.5439 0.0855 -0.1044
-0.0321 0.0306 -0.0621
0.0517 -0.0736 -0.7938
-1.2624 -0.1389 -0.5961
0.6480 0.3160 -0.2869
-0.1407 0.1232 0.1190
-0.2514 0.0790 -0.5009
0.5428 -0.0445 0.2291
0.0362 0.0285 0.2255
-0.0337 0.2664 -0.1099
-0.1518 -0.1220 -0.6753
0.0729 -0.0665 0.3487
