0.3568 -0.0626 0.2444
0.0165 0.0060 -0.2293
0.1915 -0.0004 -0.2567
0.0265 -0.0117 0.0113
0.2152 -0.5634 -0.0836
0.1325 -0.4531 0.0689
0.0282 -0.0427 0.7761
0.4712 -0.0576 0.1592
0.0164 -0.0289 -0.0022
0.0023 -0.0289 0.9232
-0.7249 -0.1966 0.4246
-0.0120 0.0920 0.7906
-0.0010 -0.0003 -0.0019
2.4903 -0.0568 0.5609
-0.2307 0.1079 0.5119
-0.1315 0.2143 0.5806
-0.0003 0.0010 -0.4341
-0.3716 -0.0582 -0.3258
0.0016 -0.0004 0.3355
-0.4274 -0.3040 0.0311
-0.0288 -0.5680 0.3149
0.5635 0.2878 0.2270
-0.1394 -0.4946 -0.8437
0.0091 -0.0130 -0.0145
0.0728 0.0174 0.2204
3.9975 0.2154 0.4063
3.0461 1.8542 1.2872
4.0080 0.0498 -0.1421
4.4303 0.5899 -0.0207
5.0384 -0.6092 -2.6907
4.1900 0.1651 -3.0648
4.3381 -0.2500 0.1982
3.9520 0.0042 -0.9537
3.6779 0.0678 0.3829
4.2389 0.4909 0.5206
4.0303 0.5811 0.0509
3.9866 0.0557 0.0835
3.9996 -0.1616 1.2050
4.1945 -0.7991 -0.2914
4.0025 -0.0139 -0.0100
4.7514 0.1100 -2.9800
3.9368 -0.0574 -0.6563
4.6194 -0.1597 -0.7060
3.5571 0.2586 -0.4756
3.7513 0.4286 1.6743
4.0019 -0.0098 0.0053
3.8056 0.0330 0.2362
4.1260 0.1341 0.5182
3.5383 -0.2971 -0.6461
4.5832 -0.6710 0.3564
