0.0920 -0.5955 0.2594
-0.5404 0.3670 -0.6895
0.0073 -0.0661 0.0702
-0.2036 0.3666 -0.4378
-0.0237 -0.3138 0.8362
-0.0248 -0.0753 0.0039
0.3359 -0.0039 0.1105
0.6299 -0.2262 -0.2498
0.3870 0.3110 0.2423
0.4648 0.0397 -0.2858
-0.6483 0.4664 -0.3133
-0.5787 -1.2609 1.1736
-0.5371 -0.3051 0.2388
0.1511 -0.3132 0.1602
0.2114 0.0939 -0.5008
0.0234 -0.0046 0.0089
-0.1249 0.0254 -0.6407
0.0309 -0.2501 1.8748
0.0285 0.0007 -0.6057
-0.0176 0.0419 -0.1078
0.1940 -0.2241 0.0861
0.6523 0.2445 0.0750
0.8074 -0.2044 -1.4192
-0.1227 -0.1087 0.1304
-0.2486 0.0198 -0.0097
-0.0430 -0.5257 -0.6004
0.5312 0.9020 -0.5516
-1.6366 1.2561 0.1324
0.0664 -0.0462 0.7591
0.2260 0.7643 0.6985
0.0108 -0.5001 -0.4109
0.2416 0.9148 0.0030
0.5112 0.1114 0.5657
-0.0090 -0.0493 0.6481
-0.1348 0.1388 0.2426
0.1015 -0.3579 -0.0489
-0.0163 0.0163 0.0013
-0.3983 0.2255 -0.6367
0.0139 -0.2971 0.1128
-0.0123 0.0244 -0.2376
-0.5295 -0.9080 -0.2703
-0.5704 -0.2328 -0.6001
-0.0230 -0.1155 -0.5588
0.0231 0.0908 0.1080
0.2567 0.9309 -0.4967
-0.0270 -0.0373 0.1729
0.2371 0.0504 -0.7134
0.0026 0.0111 -1.0900
0.3133 0.2909 -0.5149
-0.0654 -0.3503 0.5343
0.0145 0.0285 -0.3282
-0.1012 -0.0116 -1.5087
0.1451 0.7775 0.4148
-0.0231 0.0031 -0.2067
0.1331 0.0436 -0.9795
-0.0134 -0.0049 0.1771
0.1044 -0.3355 0.8699
-0.1346 -0.0267 0.4321
-0.0041 -0.1986 0.5926
-0.2831 1.1197 -1.0956
0.5384 -0.6755 -1.8061
1.2844 -0.8989 -1.2582
0.0258 0.0042 -0.0559
1.0489 -0.8356 0.7842
-0.0398 0.0127 -0.0970
-0.0560 -0.0291 0.2463
-0.0672 0.4900 -1.2463
-0.4216 0.2289 0.1188
-0.0027 0.0038 0.3561
0.0741 0.0581 -0.4674
0.3186 -0.1081 -0.0910
0.1653 0.5819 -0.4305
-0.2278 -0.6188 0.6372
0.1035 0.2410 0.6246
-0.0527 0.6733 0.1070
-0.4286 -0.6688 0.2032
-0.0786 0.0531 -0.6849
0.1281 0.1987 0.6198
0.1200 0.1565 -0.3211
-1.2720 0.5898 0.7196
1.5051 -0.2906 -0.7006
0.1222 0.1853 -1.3447
-0.5890 0.1625 0.3097
0.0386 -0.0783 -0.0650
0.3701 -0.7124 0.3497
-0.0152 -0.0362 0.0281
0.5747 0.3561 -0.0440
0.0342 0.0631 0.8307
0.4137 0.9001 0.1618
0.6307 0.2623 0.0842
0.1245 0.3133 -0.3485
0.2263 -0.8631 -0.2257
0.9677 -0.9107 -0.4825
-1.3518 -0.7516 1.2392
0.0448 -0.0012 -0.1437
0.6254 -0.7608 1.9309
0.0790 0.1168 -0.1256
0.0432 -0.1679 0.8658
-0.0778 -0.0308 -0.0537
-0.1774 0.5299 0.2888
0.3359 -0.8010 -0.1979
-0.0664 -1.1289 1.0582
0.4920 -0.1956 0.0766
0.0555 -0.2171 0.1151
-0.0074 0.0540 0.5695
0.2418 -1.2715 0.2758
-0.0475 0.0296 -0.1099
-0.3988 0.4138 -0.2115
-0.1913 -0.1925 -0.2703
0.2018 -0.3820 0.5709
0.0435 0.0646 -0.2571
0.0155 0.0034 0.0487
-0.1231 0.0270 0.3957
0.1547 0.1343 -0.6432
0.0173 -0.0065 -0.4553
0.1155 0.3048 -0.2008
-0.2072 0.3315 -0.2841
-0.4309 -0.5091 -0.5700
0.6303 0.3440 0.6191
0.0695 -0.4938 -0.1084
0.0159 -0.0108 -0.2479
-0.3502 -0.2888 1.4730
-0.0837 -0.3804 0.7547
-0.1410 0.1292 -1.7566
0.3360 -0.2332 -0.0116
0.5419 0.8280 -0.0075
-0.0254 0.1118 0.1637
0.0010 -0.0014 0.0592
-0.2041 0.8077 -1.5993
0.2656 0.4287 0.0214
0.1036 0.1309 0.8089
0.0014 -0.0410 -0.3144
-0.2485 0.3224 -0.0478
-0.0289 0.1744 -0.8957
-0.2074 0.1940 0.1012
0.2040 0.0347 -0.9475
0.7001 0.4200 0.3205
0.3904 -1.0136 -0.4456
0.4019 -0.2619 -0.3615
-0.9540 -1.2276 -1.4104
0.0080 0.0087 0.2612
0.8210 -0.5013 -0.1557
0.0110 -0.0056 0.4603
-0.0011 -0.0007 0.0183
-0.0489 0.0084 -0.0110
-0.4144 -1.5038 -0.3619
-0.7425 0.2776 0.9499
0.1316 -0.0409 -0.8868
0.0716 -0.0125 -0.2058
0.0133 -0.1732 0.7677
0.1051 -0.1969 -0.0211
-0.2897 -0.3706 0.1686
-0.0725 -0.7447 0.4562
-0.1183 -1.6774 0.1526
0.0346 -0.1231 0.6464
-1.1321 1.0343 -0.8958
0.7966 -0.4685 0.9968
0.0209 -0.0278 0.6640
-0.4849 0.3591 -0.2140
0.4824 -0.8181 -0.2992
0.3598 0.4687 0.6288
-0.1392 -0.1808 0.4065
-0.5515 0.0096 -0.5116
0.2029 -0.2812 -0.2448
-0.1100 -0.0821 -0.1602
0.5474 0.1697 -0.3121
0.1777 -0.3465 -0.4799
0.1478 0.2106 -0.0878
-0.3643 -0.0691 -0.6575
-0.1118 0.1597 0.5754
0.0147 -0.0179 -0.0237
-0.0852 0.0970 -0.3502
-0.0346 -0.4892 -0.8412
0.0238 0.1690 0.0886
-1.0079 -1.0223 -0.4763
-0.0257 -0.0165 0.2057
-0.0042 -0.0059 -0.0054
-0.2113 -0.0917 -0.3958
0.4157 0.0682 -0.2680
-0.2960 0.1065 0.8783
-0.2451 0.4219 0.3412
0.0155 0.0599 0.7830
-0.1466 0.1340 -0.2380
-0.1136 0.0086 0.0386
-0.0252 0.3643 0.2107
-0.0199 0.1911 -1.1129
-0.3218 -0.7554 -0.2544
0.3715 -0.2739 -0.0873
-0.1587 0.0238 0.2566
-0.3141 -0.2184 0.0444
-0.0042 -0.0000 0.5441
-0.4319 -0.2168 -0.7075
-0.0388 0.0853 0.3297
-0.0751 0.0631 0.4954
1.0392 -0.2149 0.8297
0.1286 0.6921 -0.1615
0.6485 0.1651 -0.9799
1.5251 0.1595 0.5904
-0.3229 0.2255 0.9522
0.1918 0.3210 -0.3840
0.0001 -0.0139 0.0872
-0.5010 -0.1402 2.0780
-0.7447 0.5392 -0.1009
-0.8138 0.4449 0.2497
0.0558 0.6419 0.0003
0.0133 -0.0203 0.4004
0.0521 0.3062 0.2382
-1.2228 0.4293 0.3328
-0.1676 -0.3443 -0.6456
0.0503 0.2167 0.7780
0.0452 -0.0370 -0.0930
-0.1619 0.2177 -0.9020
0.7249 -0.4423 -0.4636
-0.2784 -0.4610 0.1132
0.5513 0.0926 0.7123
-0.0010 0.0029 -0.0742
-0.0922 -0.4178 -0.4624
0.2731 -0.2456 -0.2410
0.2418 -0.0545 0.4128
0.1021 -0.0655 -0.9492
-0.4116 0.2907 0.7011
0.0235 -0.0112 0.0209
0.0149 -0.0030 -0.1369
-0.1738 0.1771 -0.1465
0.0028 0.0274 -0.0598
-0.7136 -0.5768 0.7878
-0.1564 0.4056 0.3233
0.5077 -0.0884 -0.2766
0.1330 -0.5634 -0.5580
-0.1369 0.4295 -0.2052
-0.6278 -0.2199 -0.3633
-0.6892 0.5093 0.1107
0.4699 -0.2391 -0.7008
-0.1577 -0.0304 -0.5263
-0.2505 -0.2216 -0.5791
0.0438 -0.0672 0.3247
0.0435 -0.0400 0.5754
-0.0077 0.4259 0.1017
0.0700 0.4003 0.4065
-0.2693 0.4510 1.7252
0.0491 -0.0649 0.1085
-0.0363 0.2487 -0.0534
-0.4611 -0.3788 0.4560
0.1296 -0.1959 0.1539
0.4316 0.4771 -0.2111
0.1974 -0.9093 -0.3260
0.0002 -0.0004 0.9986
0.4654 0.0582 1.2194
-0.4902 -0.2249 -0.0361
0.3829 -0.1000 -0.0999
-0.1104 0.5266 -0.2044
-0.4989 0.1359 -0.1241
0.2709 -0.1952 -0.6127
-0.1506 -0.1245 -0.8113
-0.4053 0.1529 -0.0465
0.0633 0.0303 -0.3552
0.1391 0.2420 -0.6122
0.3364 -0.4750 -0.2035
-0.0374 -0.2861 0.7534
0.1914 -0.2622 0.0067
0.0481 -0.5601 -0.2097
-0.1758 0.0831 0.1284
0.1665 0.0826 0.0158
0.0002 -0.0004 0.4563
-0.0128 0.1770 -0.1657
-0.2050 -0.4004 -1.1313
0.3303 -0.1458 0.8222
0.0666 0.0147 -0.3039
0.0050 -0.9986 -1.5566
0.0706 0.3924 -0.6161
0.1004 -0.1289 -0.4466
-0.0181 0.0332 0.1369
0.0727 0.4763 0.0248
0.1056 -0.0510 0.1430
0.0585 0.0552 -0.1101
0.5952 -0.3641 -0.0451
-0.3216 -0.5558 -0.5801
0.4417 0.1329 0.6365
-1.4278 -0.0565 1.5443
-0.2581 -0.0307 -0.9031
-0.0875 0.4102 -0.2984
-0.0818 -0.0539 0.4792
0.0225 0.0133 -0.0728
0.2152 -0.2776 0.0257
-0.0758 -0.0217 -0.0808
-1.0433 -0.4205 1.7992
-0.0113 0.1717 0.0036
-0.0029 -0.0028 0.7673
-0.2699 -0.4983 -0.6521
0.2592 0.3495 0.1973
-0.4468 -0.8826 -0.9976
-0.2309 0.0081 -0.1269
0.1030 0.3028 -0.2812
-0.0483 -0.2285 0.0574
-0.6190 -0.5949 0.4986
0.0705 0.0493 -0.1332
-0.6571 0.2536 0.5577
-0.0970 0.2347 0.0808
0.4696 0.4014 -1.8162
-0.0594 0.0531 -0.0583
-0.2178 -0.0187 -0.0638
-0.0693 -0.3016 0.2729
0.0395 0.0029 -0.0474
-0.0851 -0.6298 -0.2600
-0.4780 -0.3588 0.2119
-0.0874 -0.1732 -0.1100
-0.0436 -0.0760 -0.3426
-0.5910 0.8714 -0.1070
0.0154 0.0123 0.0182
0.2534 -0.6627 0.1742
0.1396 -0.1066 -0.5160
-0.2673 0.1349 -0.6934
-1.0880 -0.1987 -1.2384
-0.4115 0.2878 0.0207
-0.1505 -0.0229 0.4635
-0.8719 -0.0587 -0.6258
-0.2894 -0.4647 -0.0357
-0.2258 -0.1080 -0.9298
-0.2348 -0.1024 0.0657
-0.0554 -0.0832 -0.1491
0.0838 -0.0391 -0.1205
-0.3051 -0.1702 0.0571
0.1587 -0.8952 -0.1853
-0.3042 0.1126 -0.1597
0.3498 0.5853 -0.3451
-0.0224 0.0636 -0.0100
0.1167 -0.2687 -0.7575
0.0643 0.3801 -1.8047
0.1490 0.1900 -0.4847
-0.8420 1.3841 0.8219
-0.6298 -0.6111 0.4259
0.0856 0.1478 -0.4097
0.1350 0.0949 0.2903
-0.0066 0.0040 -0.0339
-0.3682 0.3835 0.3402
0.2398 0.6441 -0.0537
-0.2759 -0.2430 -0.6759
0.2017 0.0472 1.9604
0.3439 -0.2075 0.9208
-0.3592 -0.5894 0.5236
0.1136 -0.4530 -0.5803
0.4285 0.1189 -1.8816
-0.1593 -0.4444 -0.6737
-0.0862 -0.4779 -0.6086
0.3047 -0.2744 0.1594
-0.4806 -0.1115 -0.0671
0.3570 0.5177 0.1467
0.4890 -0.5031 -0.5434
-0.0085 0.1490 0.0721
-0.0006 -0.0227 1.7863
0.3204 -0.5206 -0.7083
-0.3605 -0.0079 0.2743
-0.0945 0.2209 0.4776
0.5658 0.2325 -0.7674
-0.1073 0.7427 -0.1192
-0.2510 -0.0854 -0.4076
0.1161 -0.5047 -1.8662
-0.0037 0.0228 -0.7271
0.2060 -0.0319 -0.7735
0.0504 0.3316 0.6492
0.0457 -0.0464 0.6803
-0.6670 -0.5858 0.0708
-0.1616 0.1980 -0.4179
0.6277 -0.3970 0.3820
0.1777 0.0239 1.0701
0.0515 0.0210 -0.5923
-0.3110 0.0278 0.1498
0.1169 -0.1219 -0.1124
-0.0067 0.0785 -0.0662
0.2783 -0.2263 0.0400
0.3598 -0.0329 0.1335
0.4146 0.0746 1.5602
0.1124 0.1690 0.1228
0.0158 -0.0006 -0.6348
0.0638 0.0674 0.4259
-0.0204 0.0013 0.4921
-0.1163 -0.2623 -0.2904
0.0666 0.0039 0.6234
-0.3108 -0.4990 -0.3774
0.1311 0.1336 -0.7836
-0.0877 0.0485 0.0823
0.0867 0.7230 -0.6894
-0.0768 -0.5712 -0.0198
-0.1928 0.0503 0.0918
-0.0000 -0.0263 0.0045
0.0504 -0.0642 -0.0091
-0.0392 -0.0917 -1.2665
0.0813 -0.1643 -0.0288
-0.0385 0.2988 0.0216
-0.0587 0.0590 0.0866
0.1932 0.2723 0.3205
0.4216 -0.0051 -0.0270
-0.6864 -0.1988 -0.6625
0.5028 0.0021 -0.1375
-0.0169 0.1049 0.0461
0.1684 0.7301 0.6193
0.4651 -0.1999 0.4641
0.3630 -0.2789 -0.3817
0.1644 -0.5620 -0.4765
-0.0968 0.7130 -0.0755
0.1352 -0.0196 -0.0964
0.0659 -0.0556 0.0704
0.3118 -0.5306 1.6569
-0.1309 -0.8644 0.3670
-0.0525 -0.0869 0.0108
-0.0489 0.0036 0.0073
-0.1143 -0.1953 -0.3512
0.0452 -0.0175 -0.1086
-0.6455 -0.3750 -0.1302
-1.0792 0.9080 -1.4826
-0.0199 0.0200 0.4329
0.2264 -0.3990 -0.3456
0.0137 0.4728 0.0624
-0.0745 0.0087 0.0306
-0.0110 -0.0068 0.0927
-0.0252 0.1784 -0.7673
-0.2932 0.1328 0.6681
0.1027 -0.1766 -1.2869
0.1911 -0.1320 -0.6252
-0.0653 0.0208 0.0999
-0.0008 -0.0245 -0.1129
-0.2048 -0.2502 0.0047
-0.9536 -0.1267 -0.1704
-0.0063 -0.0170 -0.0474
-0.1667 -0.2109 -0.5813
0.0125 0.0193 -0.2326
0.1165 -0.0622 0.2481
0.0595 0.2826 0.3144
-0.0820 0.5839 -0.2750
0.1330 -0.0366 0.3739
-0.7685 0.0837 -0.3130
0.0039 -0.0133 0.9628
0.0121 0.0103 -0.0196
0.1111 -0.2546 -0.5289
-0.2787 -0.0022 0.2327
0.0058 -0.0251 -0.0897
0.1482 0.0061 0.6602
-0.0368 -0.0364 0.0689
-0.3761 0.0040 0.4124
0.3235 0.0568 -1.0201
-0.0003 -0.0004 -0.0022
0.3238 0.1000 0.4279
0.0806 0.0234 -0.1265
0.1348 0.2507 0.7568
-0.3515 0.1988 0.3086
0.1345 0.1890 -0.3268
-0.0262 -0.3010 -0.1022
0.5148 0.0205 -0.0135
0.0703 0.0632 0.1136
-0.1339 0.3797 0.1266
-0.2224 -0.0500 0.3016
0.8086 -1.2551 0.6118
0.8863 0.2216 -0.1329
0.2300 -0.2816 -0.4949
-0.8057 -0.0713 0.2082
0.4489 0.6600 0.1984
0.2776 -0.1636 -0.0069
-0.1471 0.1451 -0.2470
0.2381 0.1985 0.1670
0.0043 -0.1404 -2.0976
-0.1611 -0.1385 0.3721
-0.0389 -0.2365 0.3039
0.4621 0.4902 -0.7374
-0.4168 -0.4961 -0.6420
-0.0574 -0.0115 0.0380
-0.5864 1.0190 -0.8392
-0.0261 0.0107 -0.6552
0.0242 0.0241 -0.0259
0.2391 0.3766 -0.4048
-0.2779 0.6447 0.2954
-0.2307 0.2101 0.0307
0.2168 0.1449 0.7289
0.0463 0.0733 -0.0801
0.6204 -0.0348 -0.5398
0.0701 -0.0247 -0.0029
0.2816 -0.1301 -0.4152
0.2468 0.3134 0.6462
-0.0004 0.0050 -0.1442
-0.0969 -0.0904 -0.6934
-0.0132 0.0207 -0.0092
-0.5056 0.4976 -0.0429
0.0315 -0.6925 -0.0483
-0.1923 0.7195 -0.4251
0.3298 -0.4466 -0.3629
-0.6706 0.2206 0.5462
1.1426 0.4637 0.2297
0.0117 -0.0410 -0.8968
-0.0116 0.0133 0.0484
-0.1133 0.1467 -0.1380
-0.1393 -0.0333 -0.4621
-0.6366 -0.3928 -0.4295
0.2405 -0.1867 0.0369
0.2125 0.2250 -0.0504
-0.0109 0.0010 -0.0930
-0.1524 -0.0867 0.0509
0.0029 -0.2059 -0.0075
0.3398 -0.2415 0.2563
-0.0889 0.4992 0.1513
1.5493 -1.0125 0.6651
0.7006 -0.6149 -0.9359
