0.7064 0.0604
-0.2072 -0.2105
-0.0083 0.2731
0.2637 0.0084
-0.4452 0.1145
-0.1261 -0.3200
-0.5287 1.3734
0.2210 0.2393
-2.1275 1.3908
-0.7000 -0.8043
0.3719 0.9091
0.0113 -0.0067
-0.4865 -0.1913
0.2491 -0.1954
1.2927 -1.1775
0.1691 -1.0622
-0.6036 -0.2099
0.4361 0.1469
0.3291 0.1735
-0.0607 0.3815
0.2888 0.4153
-0.7813 0.2320
-0.3757 0.0408
-0.6024 -0.1537
-0.1263 0.7118
0.2081 -0.4386
-0.0926 0.0251
-0.2787 0.2521
0.0010 0.0000
-2.4241 -1.1325
0.5707 -0.3377
1.7528 0.5530
0.9652 -0.1177
-0.2505 -0.6691
0.0208 -0.2936
-0.7264 -0.1626
0.1899 -0.1812
0.3717 0.0470
-0.7335 0.1353
-0.4423 -0.3072
-0.6920 -0.3972
-0.0165 0.0066
-0.5078 0.6050
-0.4626 -0.2312
-0.0392 -0.0647
0.0494 0.1127
-0.7164 -2.4286
0.0231 -0.1266
0.5890 -0.3031
0.2482 0.5656
3.5051 -0.0126
3.4135 0.7500
4.3476 0.5272
2.8062 0.4090
3.3111 0.3127
3.8392 0.2867
3.3351 0.0841
2.9927 0.8324
4.1564 0.7153
3.7270 0.1511
3.9852 0.4420
3.4989 0.8440
4.2167 0.3855
3.3446 0.0232
3.0535 -0.5800
3.2009 0.3636
3.7109 0.8279
3.4697 0.2072
2.3589 1.5206
4.1220 0.2336
3.6155 0.0165
3.7868 0.7283
4.0999 0.4017
3.7344 0.0152
3.8956 0.0132
3.6275 0.3231
3.3789 0.3402
3.5034 -0.0216
3.4014 0.6180
4.3165 0.2855
2.9867 0.3102
4.0906 0.4726
3.4984 0.0443
2.8247 0.0418
2.6559 0.0627
2.9022 -0.1055
3.1041 0.3295
4.2485 0.5856
3.3544 0.9572
3.1037 0.0412
3.4186 0.0960
3.2257 0.3545
3.1037 -0.3266
3.3860 0.0341
3.4713 -0.0319
3.5742 -0.5432
3.4541 -0.0344
3.2351 0.0142
4.6642 0.1864
2.9259 -0.2637
