-3.282039621083142344e-02 8.373691898839505376e-03
-5.107924526372963347e-01 -3.528063547758310547e-01
-9.502838565995996856e-01 1.272560395882692541e-01
7.442764090474919270e-01 -2.297372951832953314e-01
-3.661266881138137697e-01 -1.745408038357776706e-02
-4.595990756352428819e-01 8.136674536788538470e-01
6.636226332845956977e-02 1.559800698780604289e-01
1.592170981329882329e-01 8.612362865549042512e-01
-3.201882281246988815e-01 3.060915943784222604e-01
2.676635168399247311e-01 6.508125159118849368e-01
-1.882758992316606039e-01 1.640996995399847391e-01
6.607438425614851063e-01 6.471651324519717141e-01
-7.796429718977390122e-01 -3.436159970388401041e-01
1.351111723223031857e-01 8.700612773879068396e-03
6.672237037800772264e-01 4.465631412722729787e-01
2.822772802690290961e-01 -7.324811262213547502e-01
1.014499873248834727e-01 5.244690881940342608e-01
4.222193418805588738e-01 -5.365539173260788219e-01
6.667527004565376725e-01 -1.445251865847653819e-02
6.434862830930130340e-01 3.510487064846896654e-01
-4.911840451550527620e-01 3.561085776036322370e-01
4.072328357009845079e-01 -1.805158205241683411e-01
3.539050079409977734e-01 -2.720813587591219274e-01
7.499828552436491047e-02 3.606877575375653025e-03
-7.821231511764472621e-01 3.100266745951714142e-01
2.305335224210648959e-01 1.019256459384650509e-01
-2.374621569431704937e-01 -4.540884802435302126e-01
-1.693193698261032110e-01 3.435317085466636500e-01
-6.781080664458877250e-01 4.238721073479569945e-01
-3.097896679922985674e-01 -1.003417309011051944e-01
-2.676049231813129592e-01 3.494158971024886613e-03
9.106744002197139989e-03 3.651721133454562951e-01
2.823119507867032918e-01 5.375733440357974846e-01
-1.681360322932629742e-02 4.295056484448865897e-01
-3.320381041229916175e-01 4.562653612278430026e-01
-4.804528673385364823e-01 -2.852044162334613775e-01
9.388384466649742077e-02 -1.220134847597437455e-01
4.545561677628234265e-01 -7.653311912660591687e-02
-7.192738624649873402e-02 5.398747187333524655e-02
6.607979514428740098e-01 1.508729143567026643e-02
3.322639366406274219e-01 7.386735319563646485e-01
2.417364107946172805e-02 2.409506872654212928e-02
-1.034146982067172746e-02 -8.880461917229238722e-01
1.267492806614579637e-01 5.930206846266649068e-01
-2.584789304382769104e-01 1.528513803427986595e-01
-3.570936365282353364e-01 8.845074377910318031e-01
-2.501747882490397146e-01 7.908479849600534850e-01
-8.357050433842095893e-01 -3.970522203148723617e-01
-8.397635873421188668e-01 4.186283277308635031e-01
9.051415310836694039e-02 -4.907231355820610430e-01
5.645222074737606732e+00 1.441258677061341420e-01
5.406949911773351936e+00 3.609384920954928910e-01
4.778438253551122727e+00 1.248891222128990092e-01
4.226242886363266393e+00 -3.309409310149468708e-01
4.898448283780247436e+00 5.972138994437480725e-02
4.988007540360544390e+00 -2.901209567028944364e-02
4.776268256265346679e+00 -4.623388876564429872e-01
4.737849353160540566e+00 5.656247639217971690e-01
5.200067527557273195e+00 2.510221226021804863e-01
4.723185146040179028e+00 2.067526096507452671e-01
4.799409790411871768e+00 -4.831353506861804648e-02
5.174649634320545033e+00 -5.051431122998263357e-01
5.554442959247317013e+00 6.205988244055701819e-02
4.647709528236555698e+00 -4.038031388389417414e-02
5.041925502689246663e+00 -6.657944157504197547e-02
5.218881953458995859e+00 3.479825822138022939e-01
4.200411271858137674e+00 2.698581567957854602e-02
4.395840482505567692e+00 -2.143260912714728961e-01
5.137575591053821888e+00 3.745088550252534398e-01
4.430539935928896611e+00 -1.072733348229612665e-01
5.300819729621959020e+00 -3.815818072254959503e-01
4.881051710405635902e+00 -5.672697730780285053e-01
5.616856967059637107e+00 -3.998565156138326193e-01
4.744200612335920830e+00 2.648406999419168351e-01
4.762556728755654056e+00 2.699821562061595071e-01
4.575100054769894342e+00 2.128796739537645311e-01
5.078482781874669172e+00 7.537135068639921887e-02
4.692366926138040739e+00 9.836486157206410230e-02
5.126852223411611398e+00 -1.052730895429345309e-01
4.359259248292447708e+00 -6.388753390899680751e-01
4.821467000117737989e+00 -4.711632166265887212e-01
4.542557423103179559e+00 6.005676018143855099e-01
5.033903230368713899e+00 -8.193777695810530171e-01
5.571189690691340957e+00 3.278300438056490629e-01
4.059469322323915108e+00 -3.293307162296838508e-01
5.460807355681293274e+00 -3.349519135912065182e-01
4.724205211665537973e+00 -3.187503361770525623e-01
5.761304191807694153e+00 6.180703394105221404e-01
5.758144045870619898e+00 1.489603189842907127e-01
4.998737648901787622e+00 -3.519289046449824987e-02
4.893706504714996797e+00 -1.595884887310446976e-01
5.111413597322187918e+00 -7.914686312807979462e-02
5.016016069423656631e+00 -7.115662395728793166e-02
4.999141582015683483e+00 -3.224488569303988333e-02
4.522214262630123827e+00 -6.151109400965972807e-01
4.886600322515709749e+00 -6.760270111054343944e-01
5.279608124070669817e+00 2.303389895035362067e-01
5.096992592799979072e+00 8.852152180668813042e-01
4.956131808834268071e+00 -2.831288963338118303e-01
5.889530129587157603e+00 -4.617659318546013525e-02
