-1.2124 -2.6022
0.4687 0.1433
-0.2476 0.6572
-0.0991 -0.0303
0.3028 -0.1813
-0.1780 -0.3630
0.5196 -0.1937
-0.7846 0.2718
-0.0208 -0.0386
0.3297 0.3332
-0.1838 0.1583
0.4291 -0.4380
-0.0475 0.5129
-0.0577 0.9332
-0.7552 -0.1395
0.2544 0.4452
0.3984 -0.3371
0.7863 0.5701
0.4596 -0.4218
-2.0183 1.9219
1.0107 -2.0732
-0.5958 0.0388
-0.4248 -0.0608
0.3258 0.0395
-0.6235 0.4296
-0.4784 0.1410
-0.0496 0.1273
0.7064 -0.0782
0.9253 0.1358
-0.0670 0.0448
-0.0967 0.3331
0.0183 0.4559
0.4593 0.5496
-0.8559 -0.1839
0.0373 0.4829
-0.0220 -0.6556
0.6645 -0.3742
0.0173 -0.2168
0.2042 -0.0053
-0.2113 -0.1156
0.0007 0.0005
-0.0010 -0.1699
-0.2153 -1.8332
-0.1445 0.0273
0.2128 0.3189
0.6426 0.4864
0.0299 0.0146
0.2145 -0.1118
-0.0465 -0.0265
-0.5570 -0.1201
-0.4586 0.2824
0.7113 0.0891
0.3025 -0.6273
0.1796 0.2772
-0.1133 0.5089
0.0515 -0.0797
-0.7066 0.5506
0.2413 0.4703
0.2520 -0.7312
-0.1986 2.4038
-0.0175 0.0955
0.0658 0.9556
-0.0800 0.0315
-0.6629 -0.6052
-0.2473 0.3211
0.0945 0.3792
-0.5845 -0.4803
-0.0253 0.0524
0.2330 0.9318
-0.3129 0.8582
0.5351 2.4804
-0.7902 0.5743
0.1313 0.3190
-0.0300 0.2450
-0.0172 -0.3297
0.0308 -0.0365
0.2241 0.4907
0.6568 0.2522
0.0161 -0.0360
0.4532 -0.4080
0.6590 0.5101
0.1359 -0.6528
-0.0569 -0.2923
-0.1826 -0.1470
-0.0267 0.0608
-0.6767 0.2108
-0.2760 0.1159
0.7062 -0.0045
0.1975 -0.8429
-0.2364 -0.2661
-0.5317 -0.7928
0.6073 0.0029
-0.2591 -0.1670
-0.1754 0.1202
0.0916 -0.2019
0.1319 -0.1151
-0.2424 -0.8271
0.0112 -0.7064
0.2900 -0.0553
0.0393 0.0103
1.3190 2.3164
0.2367 -0.8305
-0.6943 -0.4453
-0.3360 -1.0779
-0.6329 -0.1122
0.3429 -0.3272
-0.4109 -0.4806
0.5359 -0.5551
0.5564 0.6072
-0.0001 -0.0035
0.2574 -2.6120
-0.2966 -0.1268
0.9341 0.0697
0.5399 0.0002
0.0741 0.0790
0.4069 -0.2295
0.1318 0.3275
-0.8614 -0.2875
-0.3879 0.1374
0.2985 -0.2188
0.0228 -0.0409
0.0218 -0.0268
0.2132 -0.0281
0.5917 -2.7470
0.5035 0.0657
-0.3981 0.0512
0.3126 0.0701
0.0352 -0.0998
0.1991 0.1849
0.0875 -0.5490
-0.4663 -0.5448
0.4233 0.3240
-0.2631 0.2452
0.6413 0.0349
-0.1030 0.0466
0.4097 0.3010
0.1951 0.3788
-0.2297 -0.0633
0.3195 -0.6915
-0.0373 0.4544
0.0362 -0.0010
0.3295 -0.4271
-0.3649 0.1640
0.2332 0.4276
-0.2496 -0.2561
0.0019 -0.0102
-0.1203 -0.7372
0.4751 -0.2797
0.2614 0.0357
0.8785 -0.2191
-0.7157 0.1275
0.0375 -0.0063
0.1794 -0.1767
-0.2567 -0.5546
-0.0545 -0.9054
-0.1591 -0.1874
-0.2728 0.2331
0.6011 0.2702
0.5331 -0.3371
-0.0090 -0.5689
-0.4324 -0.3415
0.3553 -0.0342
-0.1060 -0.4082
0.2816 -0.4529
0.2944 0.6573
-0.0107 0.4541
0.7235 -0.5068
0.2848 0.2834
0.5888 0.1646
0.4221 0.3393
-0.0222 0.0171
-0.4934 0.0653
-0.7708 0.4576
0.0337 -0.1181
-0.5488 0.5162
-0.7734 0.4748
0.0592 0.7574
0.0403 0.0227
0.0211 -0.2660
-0.0910 -0.7519
0.3532 0.4977
0.1040 0.1271
-0.5942 0.1248
0.0443 -0.3252
0.3962 0.1570
-0.3746 0.0257
-0.2306 0.1183
-0.4761 0.5520
0.8115 0.2806
-0.0358 -0.0006
0.2283 0.1326
0.5516 -0.5372
0.3686 -0.0682
0.3359 0.1210
0.2210 0.6493
-0.0145 -0.2516
-0.3840 0.3400
-0.3828 0.0296
0.0486 -0.2985
-0.2809 0.7991
