-0.4150 0.1291
-0.5688 0.3595
0.1532 -0.1502
-0.0728 -0.3751
0.0987 0.5051
0.0198 0.1301
-0.6366 0.9058
0.5527 0.4899
-0.9633 -0.4867
-0.3974 0.2849
0.0636 -0.5138
0.1705 -0.4123
0.6159 -0.5030
0.7529 0.3630
1.1240 -0.1651
0.8664 0.5259
0.0072 0.0187
-0.7237 0.7792
-0.0930 -0.0043
-0.7042 -0.1127
0.2885 -0.4192
0.1791 0.4108
0.1372 0.0539
0.2192 0.1587
-0.2249 -0.3754
1.1859 0.1169
0.0740 0.1737
0.2851 0.1432
0.0676 0.0032
-0.4798 0.0787
0.0559 -0.1777
0.8825 -0.7991
0.3346 -0.6000
0.5488 -0.8170
0.4378 0.5031
-0.1255 -0.0070
0.1159 0.0152
-0.3597 -0.0119
0.2119 -0.2580
-0.7008 -0.0850
0.1288 -0.0898
0.4191 -0.9351
0.1309 0.6681
0.1306 -0.0846
-0.2659 0.0996
0.3625 0.4865
0.1908 0.1049
0.8990 -0.4364
0.5871 0.3461
0.0392 0.3146
0.2338 -0.8748
-0.2610 -0.7725
-0.4802 0.8166
0.4270 0.1450
-0.5160 0.2479
-0.0379 -0.0411
-0.0646 -0.1249
0.1639 0.0010
-0.3290 -0.2150
-0.1099 0.7954
0.3400 -0.1431
-0.5449 0.7044
-0.4957 -0.2659
0.0640 0.1076
-0.1401 0.2608
-0.1011 0.5129
-0.9044 -0.1780
-0.1150 0.0028
0.0260 0.7216
-0.2462 -0.8224
0.6656 -0.6511
-0.7550 0.3703
-0.4828 -0.6845
-0.0782 -0.2418
-0.0795 0.1596
0.0423 -0.3334
-0.5691 -0.0985
-1.1445 0.2848
-0.7392 -0.6620
0.5562 -0.0625
-0.2092 0.1773
-0.7260 -0.8679
0.6309 1.0024
-0.0004 -0.0009
-0.8324 -0.4419
0.4750 0.1350
-0.2131 -0.0635
0.1839 0.2279
-0.9299 -0.5243
0.9809 -0.2689
-0.5163 -0.7072
0.6334 0.5671
-0.0870 0.4944
-0.0864 0.2277
0.1664 -0.7165
-0.9546 -0.0078
0.0733 -0.1734
-0.1201 0.5582
0.1142 0.4478
0.9670 0.3652
0.0287 0.0189
0.5852 0.9229
-0.5099 0.7967
0.4511 -0.3875
-0.3003 0.7345
-0.0044 -0.0058
0.4673 0.8773
-0.0807 -0.0807
0.9807 -0.6246
-0.1924 0.2820
0.0531 -0.0544
-0.4512 0.5596
0.0474 0.2185
0.1722 0.0837
-0.9413 0.2364
-0.4843 0.1906
0.1585 0.7708
-0.3958 0.5760
-0.0049 -1.0063
-0.5115 0.6412
-0.1376 -0.0491
0.1443 -0.2802
0.7189 0.5602
0.1621 -0.3335
0.5412 0.4142
0.2433 1.1362
0.2502 0.0865
0.6464 0.9384
0.1171 0.6026
-0.7157 0.6490
-0.4997 -0.6034
0.3093 0.8264
-0.8454 0.0309
0.6178 0.6416
-0.5376 1.0401
-0.8824 -0.2213
0.0737 0.4849
0.5923 0.9711
-0.4726 0.0032
0.0268 -0.8340
0.0184 0.0324
-0.2158 -0.1385
0.0878 -0.1400
0.2995 0.6845
-0.2460 0.0740
0.4245 -0.7181
-0.0483 -0.1054
-0.2352 0.1805
-0.0917 -0.0103
0.5477 -0.0242
0.0038 -0.0499
-0.2439 -1.0277
0.5983 -0.2362
-0.2216 -0.0738
0.8588 -0.0117
0.0070 -0.3331
-0.0292 -0.0289
-0.0036 -0.0866
-0.0732 0.0357
-0.5097 0.7746
0.5724 0.0918
0.0843 1.0017
0.7173 -0.9518
-0.7499 0.8702
-0.1569 0.7862
0.1571 -1.0608
-0.4512 1.0170
-0.3737 -0.6856
0.9239 -0.6091
-0.2922 0.7542
-0.4904 -0.4148
0.1995 0.0674
-0.4235 -0.5527
-0.3844 0.2729
-0.7885 0.1606
0.4285 0.0916
0.0557 -0.5575
0.1754 0.3281
0.5536 -0.2217
0.0007 -0.0013
0.3181 -0.1407
0.9019 -0.2652
0.0079 -0.0273
0.1851 -0.5728
0.6998 0.3113
-0.7914 0.3182
-0.1515 -0.0881
0.2852 0.9038
-0.3393 -0.4296
0.0785 -0.0510
0.2054 0.9720
0.7072 -0.1226
-0.7359 -0.8425
0.6991 0.1661
0.6325 1.0077
0.5280 -0.1318
0.0177 0.1137
-0.7590 -0.5446
0.7544 0.3113
0.3254 0.4863
