-0.2128 0.3781 0.0429
0.0758 -0.0278 0.1482
0.3426 -0.6903 0.4578
-0.1559 0.0360 0.1517
-0.0054 -0.0105 -0.0623
-0.5842 0.7612 0.1197
-0.3938 0.0175 -0.6122
0.1287 0.1353 -0.1296
-0.0316 -0.0841 0.9742
-0.2891 -0.1257 0.3970
0.1353 -0.5681 0.3064
0.1553 0.2917 0.0122
0.1412 0.0944 -1.0219
-0.0687 0.0313 0.0405
-0.2659 0.0607 0.0177
-0.0098 0.0249 -0.0203
0.2511 -0.2226 0.7911
-0.0445 0.0332 -0.1183
-0.1361 -0.2032 -0.1322
0.1339 -0.0763 0.6179
0.1023 -0.3468 -0.6777
-0.1464 0.1986 0.1837
-0.0293 -0.1193 -0.3523
-0.1391 0.2276 -0.9559
0.1909 -0.0085 -0.2170
-0.0253 0.0007 -0.2132
-0.2895 -0.4258 0.7625
-0.0815 -0.0414 0.1217
-0.0569 0.3010 -0.5013
0.0012 0.0151 -0.0625
