-0.1340 2.2984 -2.0591
0.0124 -0.0091 -0.4397
-0.3928 -0.0063 0.4125
-0.0288 -0.0870 0.0202
2.5134 2.4100 1.4562
-0.0993 0.5052 0.4935
0.2425 0.2103 -0.2299
0.0206 -0.2054 -0.7572
-2.0434 3.2753 -0.6896
-2.1379 1.3573 1.3904
-0.4599 -0.5935 0.2765
-0.0693 0.0850 -0.0196
-0.5115 -0.2199 0.2754
0.2689 -0.0499 -0.0160
0.0294 -0.0252 -0.2860
-0.0023 -0.0191 0.9255
0.2194 0.2589 -0.4124
-0.0005 -0.0099 -0.1710
-0.2135 0.2936 0.4180
-0.4836 0.1297 3.0189
-0.0932 -0.2703 -0.1919
0.0620 -0.1944 2.9849
0.2141 0.1780 0.1597
-0.0139 0.0229 -0.0122
0.2977 0.2769 -0.2414
-0.4815 0.0403 -0.1625
0.0502 0.1682 0.5044
-0.0511 -0.0354 -0.1553
-0.6425 0.5423 1.6730
0.6172 0.4634 -0.3523
0.5705 0.6257 0.1471
0.0056 -0.0164 -0.1790
0.1454 0.0916 0.1550
-0.7097 0.2582 -0.2922
-0.2109 -0.3187 -3.4268
-0.4730 -0.4310 0.1820
0.0892 0.2741 -0.3842
1.1002 0.0062 1.0788
-0.1199 0.1212 0.0358
0.3049 -0.3945 0.2174
-0.0798 -0.2452 -0.3337
-0.5853 2.4910 3.1530
-0.0220 0.0607 -0.5736
-0.1634 0.1849 -0.3127
-0.0153 0.0392 0.6457
0.3802 -0.2332 0.6081
0.0707 -0.1187 -3.2465
0.0189 0.5562 -0.4836
-0.0077 0.0001 -0.8031
-0.7556 0.3927 -0.3574
4.9836 0.0189 -0.0620
5.0337 -0.0506 0.0226
4.4114 -0.6734 -0.2324
4.9584 -0.0985 2.7418
4.9844 -0.0078 0.0979
5.5126 0.5172 -0.6547
5.0006 0.0037 0.0098
4.6172 0.4158 -0.6781
4.2579 0.3321 0.0598
5.0317 -0.0822 0.0409
5.1227 -0.6002 -0.2089
4.8559 -0.0309 0.5344
4.9139 -0.0099 -0.6961
4.9208 -0.0126 0.5736
4.3734 0.2609 0.1064
3.9127 0.9423 -1.1352
5.0483 -0.0347 -2.4581
5.1360 -0.0507 0.0796
5.4550 -0.1728 -0.0831
4.6281 -0.7424 0.3026
4.8124 0.3920 -0.1882
4.6933 -0.1902 -0.3363
5.1106 -0.0156 0.2640
5.0433 0.0554 0.0605
4.9992 0.0002 0.5694
4.9921 0.0289 0.0495
4.8554 -0.6470 0.6635
5.0025 0.0040 0.0443
4.9786 -0.0473 0.5135
5.4368 0.4665 0.0158
5.0058 0.0080 -0.0550
5.2203 0.0251 0.0683
4.8336 0.2428 -0.0009
4.6184 -0.6190 -0.1688
3.2840 1.5125 1.2812
5.0337 -0.0150 -0.0739
4.9094 -0.0765 -0.1671
5.1593 0.2391 -0.0619
5.0944 0.0470 0.1117
4.8187 0.6525 0.2400
4.5777 -0.2028 -0.0340
5.7050 0.0819 0.2712
5.1264 -0.0150 0.3273
4.4370 0.3454 -0.5912
5.0101 -0.0078 -0.0167
5.5163 0.1095 0.5328
5.3055 0.0053 -0.4406
4.9889 0.0342 -0.3966
5.0594 -0.1909 0.2754
4.7371 0.2540 -0.2525
