0.0181 0.0070
0.0423 -0.5184
-0.0522 -0.0431
-0.0042 -0.0199
-0.9739 0.1610
0.0473 -0.7099
-0.2357 -0.7651
-0.7796 -0.1135
0.3742 -0.8601
1.4093 -0.7076
-0.7006 0.6044
0.0374 -0.0611
0.3293 -0.3103
0.2081 -0.1521
0.5443 0.0442
-0.0556 -0.4203
-0.3507 0.3148
0.9417 -0.1982
0.0766 0.0934
-0.3154 0.2824
1.0905 0.8541
-0.0285 -0.0026
0.6374 0.0664
0.3541 0.8257
0.1482 0.1057
0.9606 0.1584
-0.4024 -0.1693
0.4345 0.8100
0.5492 -0.7453
0.0216 0.0374
-0.0794 0.7166
-0.6163 -0.2812
-0.6426 -0.8001
-0.7723 0.2932
-1.0487 -0.7777
0.2671 0.6916
0.5137 0.2835
0.3804 -0.3287
-0.0019 -0.6433
0.4723 -0.5329
-0.0736 0.2580
-0.0324 0.4462
0.0903 0.8318
0.0151 0.1496
-0.3887 -1.4842
-0.0006 -0.0005
-0.1514 -0.1043
-0.4359 0.0582
0.0847 1.4255
1.4983 -0.3083
