0.4845 0.0275 0.6445
-0.0481 -0.0303 -0.0720
0.1042 0.1119 0.3771
-0.2108 -0.2437 0.2890
-0.2302 -0.3260 0.0411
-0.1397 0.1311 0.0879
-0.2713 0.8643 0.2917
-0.0578 0.1807 0.0179
-0.0776 -0.0191 0.1744
-0.1445 -0.1266 -0.3095
-0.2604 0.1291 -0.0438
-0.0287 0.1835 0.0286
-0.1247 -0.0239 -0.1455
-0.0718 0.0265 -0.6114
-1.2046 -0.0351 -1.6194
0.8201 -0.8335 0.9669
0.7186 0.2543 0.6438
-0.0008 -0.0014 -0.0159
-0.0686 -0.4620 -1.8667
0.7214 0.1448 -0.0480
0.1841 -0.5063 0.0606
-0.6161 0.3021 0.5459
0.1278 -0.1361 0.8814
0.8254 0.3340 0.2803
-0.8363 -0.2367 -0.2267
0.1203 0.1550 0.2044
-0.0534 -0.0419 0.0090
-0.2620 -0.5262 -0.5267
0.4784 -0.0903 0.5962
0.5169 -0.0616 0.5132
0.3180 -0.0935 -0.0654
0.0401 0.2083 -0.2588
-0.1251 0.2035 0.0781
-0.6700 0.2870 -0.3799
-0.2337 0.7939 0.1866
-0.2366 -0.5254 0.1321
0.0612 0.0294 0.1890
-0.3762 0.1480 0.4301
-0.0050 -0.0089 0.0423
0.3758 0.5106 -0.6221
0.2017 -0.0540 -1.3356
-0.2948 -0.1477 0.6794
-0.0396 0.0766 -0.0394
-0.6497 -0.3318 0.5091
-0.0234 -0.0531 0.0108
0.0002 0.0011 -0.0017
0.5208 0.8127 0.1784
0.1454 0.4897 0.2134
-1.3743 0.5236 -0.0891
-0.5394 0.7862 -0.2644
0.0665 0.0020 -0.1805
-0.0339 0.2506 -0.2578
-0.1588 -0.0257 0.0945
-0.0600 -0.0440 0.0669
0.2660 0.7371 -0.1781
0.5720 0.1681 -0.3062
0.5878 0.7299 0.3266
0.5926 -0.4508 0.1812
0.0253 0.0742 0.1697
0.0323 -0.0061 0.0026
-0.1243 1.3501 -1.2527
0.0383 0.0366 0.0919
-0.0281 0.0261 0.3053
-0.0463 0.2802 0.2812
0.5458 0.1522 -0.2444
-0.0971 -0.2012 -0.0798
-0.1266 -0.0575 0.4825
-0.1717 0.0249 0.1490
-0.8108 -1.0890 -0.7461
-0.1610 -0.2783 0.2561
-0.0617 0.0945 1.4262
0.0677 -0.0180 0.1829
-0.0342 -0.0054 -0.8545
-0.0790 0.0483 -0.1675
0.1346 -0.2586 0.0704
0.3254 -0.1438 -0.4631
-0.1259 -0.4934 -0.4671
0.0437 -0.0729 -0.0390
-0.6301 0.3238 -1.1580
-0.0262 -0.0481 0.0964
-0.1763 -0.0400 -0.4415
0.0515 0.0422 -0.8058
0.0991 -0.0773 -0.9733
0.2765 0.0898 0.0914
-0.3191 -0.0154 -0.0860
0.2033 -0.4383 0.6893
0.1667 0.3002 0.1875
0.0055 -0.0027 -0.0428
0.1855 0.8435 0.4858
-0.0016 -0.0118 0.0142
-0.0375 0.0524 0.0648
0.0274 -0.0166 0.5015
-0.5862 0.1802 0.0905
0.0692 -0.3386 -0.8511
-0.2343 0.2625 0.6546
-0.1282 -0.0339 -0.3447
-0.0463 0.0452 0.6234
-0.9038 -1.1075 -0.0887
0.4581 0.0432 -0.5568
-0.0393 -0.0268 0.1021
