-0.0731 0.0967 0.1627
-0.0156 0.0226 0.0513
-0.7030 0.2568 0.3618
-0.0413 0.0426 0.4064
0.1419 1.3647 1.5221
-0.4428 0.0061 0.1517
0.1687 0.0783 -0.6514
0.0211 -0.0298 0.0018
-0.1228 -0.6051 -0.7479
0.0597 0.1727 0.0807
0.0657 -0.2448 0.0977
-0.1871 0.0959 0.1917
-0.1686 -0.0627 -0.8148
0.0893 -0.1230 0.1886
-0.1227 -0.1858 -0.0691
-0.4596 -0.5208 0.6127
0.5186 0.6291 -0.3827
0.2787 -0.4395 0.8106
0.2462 0.4526 0.4210
-0.3885 -0.1660 0.1627
2.9908 -0.0638 0.1633
2.8547 -0.3267 -0.4712
2.9990 0.0074 -0.0346
3.2263 0.0534 -0.3697
3.0793 0.2884 0.3122
2.8600 -0.0304 -0.0696
3.3566 -1.2755 -0.4329
3.0247 0.0029 -0.3771
2.9969 -0.0168 0.4915
2.9308 0.0049 0.1215
2.7764 -0.5010 0.1299
3.1026 0.0491 0.4417
2.8434 -0.1396 0.6062
2.8238 0.2627 -0.4833
2.4574 0.5380 0.3804
3.0033 -0.0058 0.0206
2.8931 0.3494 0.4021
2.8103 -0.1744 0.3672
3.1069 -0.1156 0.2436
3.0406 0.0753 0.0194
