-0.0777 -0.0020
-0.0739 0.3333
-0.0721 0.6604
-0.0550 0.0830
-0.8285 0.3099
-0.7920 -0.3278
0.6203 0.0884
0.4274 -0.0950
0.4192 0.1422
-0.4626 -0.2119
-0.4208 -0.0658
-0.0573 0.0724
-0.5661 -1.3240
0.5155 0.8911
0.8123 0.3668
0.3732 -0.0572
0.2845 0.9207
0.8808 -0.0310
0.5156 -0.9084
-0.2301 0.1392
-0.2793 0.3615
-0.1206 0.1087
0.2020 0.9344
-0.4177 -0.8975
0.8262 0.4534
-0.6746 -0.3326
0.6433 -0.6551
-0.8529 0.5032
-0.4348 -0.5940
-0.4872 -0.0871
0.4071 -1.7208
1.3442 1.6393
0.0094 -0.1034
-0.0534 -0.0743
-0.1859 -0.2807
-0.1622 0.2500
0.1454 -0.0751
0.5909 -0.8447
-0.0333 0.0992
0.4214 0.4240
0.2615 -0.1298
0.1085 -0.3179
-0.4211 0.4485
-0.0120 0.1590
-0.3538 -0.2878
-0.6593 -0.7506
0.5816 2.3819
-1.7737 -0.4359
-0.0723 -2.1649
0.2373 -0.9353
0.0528 -0.1869
-0.2476 -0.5042
0.0615 0.1040
-0.6251 0.6585
-0.8268 0.8773
0.5816 0.3850
0.6814 -0.3003
-0.5408 -0.0675
0.1104 -0.2559
1.5632 1.2243
-0.1830 -0.4019
0.2859 0.3135
0.0413 -0.1218
2.4616 -0.7083
0.2424 1.2488
-0.8610 -0.0759
2.2045 -1.2229
-0.3747 -0.7087
-0.1334 -0.2796
-0.2389 -0.0071
0.1821 0.8039
0.6027 -0.0365
0.2179 0.4498
0.4229 -0.0365
0.0007 -0.0149
0.9085 0.2583
0.9002 0.3418
-0.0432 0.0777
-0.4195 0.6205
-0.6497 -0.0269
-0.2866 0.1882
0.3426 0.0734
0.0166 0.0094
-0.0076 0.0018
0.4910 0.0625
-0.0296 -0.8274
0.5230 -0.6281
-0.9842 0.7910
1.0542 0.6954
-0.5070 -0.7318
0.4072 -0.3926
0.1573 0.6093
0.1021 0.6100
0.5048 -0.1205
-0.9600 -0.2050
0.5557 -0.7005
0.1976 0.1023
0.8284 -0.3868
-0.2194 -0.3892
0.5855 0.6235
0.1244 0.9850
-0.2746 0.6589
0.3238 -0.6225
-0.3010 -0.0133
0.8562 1.0863
-0.0357 -0.0816
0.5047 -0.1555
-0.3611 0.2128
-0.9273 0.1355
-0.3583 0.2237
-0.0169 -0.7368
0.0052 -0.0003
-0.6255 -0.1689
-0.3833 0.1476
0.1086 -0.3759
0.9144 -0.0816
0.2368 -0.2649
0.3460 -0.0985
0.0311 0.0097
0.3053 -0.1283
-0.0658 -0.0032
-0.6571 -0.0276
0.5900 0.5895
0.0847 0.2506
-0.0037 -0.0032
-0.0875 0.4506
0.0162 0.0250
0.8130 0.1411
1.3874 -0.5417
-0.7352 -0.2804
0.0308 0.0052
0.6691 -0.7419
-0.7775 0.5983
1.7470 0.6843
-0.0327 -0.0499
0.2584 -0.1378
0.3840 -0.7313
-1.6313 2.0284
0.3199 -0.6013
-0.7776 -0.4413
-0.0792 -0.0209
0.9777 0.0738
2.5234 0.4792
0.0121 0.0995
-0.6511 0.4752
-0.0195 0.1730
0.1445 0.5724
-0.4630 -0.4289
0.1870 -0.3319
-0.5441 -0.4390
-0.1409 0.0318
0.5921 0.2958
-0.4918 -1.7658
0.1272 0.3951
-0.0096 -0.0610
-0.3031 -0.1664
0.7999 0.5442
0.2910 0.5759
-0.6950 0.0213
0.5590 2.1816
-0.1908 -0.5317
0.4750 0.0123
2.2169 1.3885
-0.8371 0.2477
0.5604 0.4191
0.4148 0.5347
0.0569 -0.0362
-0.0062 -0.0379
-0.0536 -0.1454
0.3024 -0.7615
0.0184 0.0169
0.1312 0.1287
-1.2161 -0.3805
0.0408 0.8977
1.5567 0.6049
0.0791 -0.1572
-0.5045 0.0342
-0.0366 0.0145
0.0206 0.1327
-0.0132 0.1246
-0.1142 0.3838
0.6621 -1.4481
0.9806 -1.9666
0.7144 0.1393
-0.2385 -0.0289
-1.7802 -0.3132
0.1752 0.8690
-0.1556 0.0667
-0.0454 -0.2346
-0.4170 -0.3493
0.4971 0.8496
-0.3869 0.7154
0.3091 0.1500
-0.0397 0.0350
0.2364 -0.2199
0.1019 0.3203
-0.0826 -0.7117
-0.1715 -0.5373
-0.5098 -0.3419
-2.1731 0.2658
