-0.0781 0.0594 0.9479
0.4760 -0.4416 0.1587
-0.0596 -0.2267 -0.5503
0.0281 -0.1920 -0.6080
-0.0055 0.0078 0.4262
-0.3093 -0.2109 0.1493
-0.0109 -0.1196 -0.0221
-0.1223 0.2773 0.8302
-0.0745 -0.1987 0.5839
-0.1220 -0.5358 0.1169
0.6940 -0.1979 -0.1472
-0.0013 0.0017 0.4754
0.1145 -0.0014 0.0107
0.1192 0.0641 0.1190
0.0383 -0.0610 -0.0340
0.0014 0.0015 -0.0251
-0.1729 -0.1564 -0.2701
0.1846 0.0624 0.7131
-0.0828 0.1583 -0.6250
0.5150 -0.8157 0.6588
0.1099 -0.0724 -0.5246
0.0206 0.0068 -0.0024
-0.0012 -0.0089 0.0215
-0.1435 0.1137 0.6980
-0.3044 -0.4134 -0.4171
-0.1794 0.0141 -0.4974
0.0252 0.1196 -0.9336
-0.3143 0.6555 -0.0916
-0.0126 -0.0288 0.1159
-0.0214 -0.0058 0.0159
0.0214 -0.4408 0.7219
0.1685 -0.1312 0.3089
0.0106 -0.0242 0.5600
-0.4985 -0.0179 -0.2816
-0.2171 -0.8382 -0.0417
0.0545 0.1029 0.6727
-0.4091 -0.1520 -0.6222
-0.4439 0.2295 -0.3324
0.0614 0.0389 -0.1760
-0.3111 0.1133 -0.4267
-0.8611 -0.0682 0.4771
-0.2081 0.2213 -0.0620
0.0116 -0.0401 0.2661
0.5500 -0.5479 -0.0186
0.0380 0.1309 -0.1563
0.0507 0.2395 -0.0534
-0.0609 -0.0716 -0.0408
0.0211 0.2968 0.9824
0.0057 -0.0250 0.2105
0.0624 -0.0425 -0.0160
