0.2478 -0.4418
0.0966 0.8912
0.5228 -0.4188
-0.8611 0.4855
-0.2151 -0.0198
-0.7120 -0.1056
0.0052 -0.0114
-0.5226 -0.0543
0.7732 -0.3668
-0.7394 0.0600
0.7492 0.3159
-0.5057 0.2856
-0.3318 0.2383
0.0848 -0.4603
1.8426 1.7572
-0.2251 0.3869
-0.1218 0.3435
0.7942 0.4851
0.4889 0.5101
-0.0045 -0.0837
4.1621 0.7466
1.6989 0.3733
3.3662 -1.8261
3.3947 0.0155
3.5032 -0.0229
3.2149 0.2224
3.3641 -0.6867
3.6589 -0.0734
3.4811 -0.0354
3.0160 0.4614
1.2581 0.2486
3.4981 -0.7770
4.2226 0.5526
2.8616 0.1494
3.4684 -0.6527
4.0367 0.2206
3.8230 -0.3234
3.5919 0.1114
2.8535 1.5241
4.0827 1.2044
