0.4924 0.4263
-0.1465 -0.6237
-0.1074 -0.0073
-0.6388 -0.3872
0.6643 0.0394
-0.1255 0.3892
0.0899 -0.0491
-0.1881 0.5070
-0.0202 -0.3108
-0.0115 0.0088
-0.2652 -0.0872
0.7310 -0.3637
-0.7820 0.2132
-0.7516 -0.6560
0.3296 0.1681
-0.0342 0.0056
0.0450 0.1443
-1.1828 0.3145
0.7554 -0.0475
0.4614 0.0105
-0.3421 0.2858
0.7506 -0.0237
0.7243 0.5990
0.4234 -1.5140
0.0262 0.0095
-0.0116 -0.4258
0.0611 0.2759
-0.1668 0.3804
0.2615 0.1195
-0.0558 -0.1799
0.1920 -0.3927
-0.0187 -0.0244
0.4619 0.2792
-0.5845 -0.0798
0.5460 0.0219
-0.1852 -0.3190
-0.3572 -0.5539
-0.2442 -0.2393
0.7610 -0.2667
-0.3203 -0.0246
0.3758 0.4814
-0.3834 -0.6908
0.0573 0.5980
-0.0161 0.0254
0.1437 0.4667
0.0340 0.0223
-0.8163 0.6201
0.0786 -0.0146
-0.1306 -0.7321
-0.2940 0.0589
0.1577 -0.5955
0.6828 0.4438
0.2983 -0.7922
0.7631 -0.5108
0.2818 0.3952
0.7516 -1.0402
0.0067 0.0265
-0.1505 0.0114
0.0852 1.2393
0.0868 -0.2948
0.9055 0.0239
0.1269 -0.0652
0.1022 -0.4557
-0.1343 0.6726
-0.0669 -0.0448
0.0359 -0.0126
-0.1084 -0.7622
-0.2139 0.4120
0.8262 0.0114
-0.2809 0.1862
-0.1403 0.3459
-0.3596 0.1001
0.3039 -0.5034
0.1037 0.6857
-0.0434 -0.1259
-0.4171 0.8424
0.6168 0.4364
0.0510 0.1370
-0.4988 0.4773
0.2520 0.8815
0.1365 0.6801
-0.0546 0.1583
0.9449 0.0513
0.0033 0.0001
-0.6410 0.7202
-0.4859 0.3759
-0.4700 0.7548
0.0598 1.3054
-0.5288 -0.8193
0.5471 0.4878
-0.0432 0.0219
-0.4368 0.2180
-0.5853 -0.2481
-0.1858 0.0777
-0.7165 0.1918
-0.2483 0.8240
0.2295 0.5446
0.3103 -0.2491
-0.2279 -0.6738
-0.2436 -0.0454
-0.2357 0.7790
-0.0285 0.0300
0.2655 0.0029
1.1191 -0.3188
0.0585 -0.6778
-0.0914 0.1373
0.0357 -0.0133
-0.1009 0.0465
-0.4188 0.1155
-0.1961 0.1103
0.0705 -0.1220
-0.0698 0.1471
-1.1825 0.3859
-0.0308 0.3738
-0.1524 0.3097
0.0926 0.4017
-0.1604 0.0728
0.3020 0.8161
0.2761 -0.6795
0.0030 0.2511
-0.6229 0.0939
-0.6048 -0.7554
0.8587 0.2004
0.6827 -0.2964
0.1247 -0.5487
-0.2957 -0.2200
0.0233 -0.1922
0.2333 -0.4696
-0.5115 -0.5524
-0.6200 0.0070
0.0391 -0.0231
-0.0273 -0.0795
0.7557 -0.4772
0.1912 0.0132
0.6037 -0.6545
-0.0251 -0.0309
-0.1061 0.4642
-0.0113 0.0054
0.0076 -0.2500
0.1362 -0.0582
0.0721 -0.5259
-0.1211 0.5774
-0.7353 -0.6613
0.2389 0.3032
0.3246 -0.5939
0.2536 -0.0253
-0.0078 -0.2377
0.5395 0.5507
0.4617 0.2050
0.1750 0.2896
0.2444 -0.4410
0.0076 -0.0118
-0.2754 0.4475
-0.1600 0.0366
0.1171 0.1255
-0.0831 0.2688
-0.2166 -0.6920
0.4865 0.3606
-0.0668 0.5640
-0.0950 0.4207
0.5901 -0.0089
-0.5213 -0.0376
0.0462 -0.0248
0.1340 -0.1163
0.7031 -0.3676
-0.2891 0.1350
-0.4577 0.2080
0.4268 -0.1922
-0.6466 -0.3168
-0.0493 0.2258
-0.4186 0.2031
-0.7363 -0.1104
-0.2376 0.1336
0.4916 0.3137
-0.0438 -0.0214
-0.1857 -0.5400
0.0297 0.3480
0.1750 -0.7293
0.7819 -0.0731
-0.3666 1.4546
-0.3457 0.5466
-0.3815 0.2540
0.2561 0.3064
0.1682 -0.7743
-0.0633 -0.0388
-0.2441 -0.4199
0.3756 0.0927
0.2119 0.7968
-0.5895 0.6156
-0.1168 0.2163
-0.6239 0.3427
0.4176 -0.0991
-0.7620 -0.2532
-0.2986 0.1442
-0.5423 0.5321
1.2887 -0.9824
0.3986 0.4212
0.5294 0.6398
-0.4098 0.5609
0.0809 0.0999
