-0.1771 0.6920
-0.0070 -0.0056
0.1136 -0.2979
2.2558 1.3469
-0.4810 0.0269
0.2674 -0.3719
-0.5469 0.1210
-0.0513 -0.0578
-0.1439 -0.2803
-0.1203 -0.4307
0.0892 0.9854
0.7273 0.1686
0.0767 -0.2065
-0.1460 -0.8871
1.5275 1.3717
-0.4064 0.5851
0.3877 0.5196
0.0359 -0.3892
-2.1317 -0.9678
-0.1154 -0.8080
0.1237 0.0122
-0.6354 0.3548
0.4334 -0.7815
-0.4541 -0.6475
0.1220 0.7192
-0.0698 0.2870
-0.0854 -0.1232
0.3901 -1.3013
0.2366 0.7339
-0.2899 -0.2547
0.8636 -0.3838
-0.0298 0.0940
-0.1603 0.4492
2.5466 -0.5929
-0.1147 0.4086
-0.7032 -0.0052
-0.1576 0.2416
0.3719 -0.0634
0.2134 0.6123
0.0118 -0.3609
-0.0065 0.3646
-0.1257 0.5171
-1.4986 -0.6878
0.5050 -0.3116
0.4582 0.5581
-0.1397 0.4690
-0.2239 0.6107
-0.0431 -0.0069
0.6996 -0.7542
0.7911 -0.2340
-0.3252 0.1892
-0.3844 -1.2448
0.0176 -0.0173
-0.1950 -0.4995
-0.2768 -0.4901
-0.4217 -0.1174
-0.0417 -0.4951
0.8772 0.3496
-0.3101 0.2621
-1.8419 -1.7106
-0.2465 -0.2530
0.2060 0.2566
-0.1198 0.2176
0.0723 -0.1857
0.0570 -0.1813
0.0795 -0.8977
0.2014 0.0670
-0.1234 0.8376
-0.8040 -0.3489
0.4453 0.6428
0.6662 0.6068
0.0344 -0.5516
0.3621 0.8395
-0.2855 -0.0058
0.2823 -0.1476
-0.5097 0.2875
-0.6192 1.8707
-0.6032 -0.3178
0.6006 -0.5472
0.8906 0.1437
0.1096 -0.0794
-0.1689 -0.9573
0.7899 -0.3685
-0.2120 0.1671
-0.7229 -0.1102
0.0096 0.0289
-1.2581 -0.3961
0.1913 -2.2180
-0.9468 -0.2398
0.5122 0.5057
0.3636 -0.6660
-0.7891 0.2595
0.2934 -0.3187
-1.6993 0.8375
1.0979 -0.1604
-0.2523 0.1257
-0.9154 -1.3316
0.4480 -0.4295
-0.6774 -0.3579
-0.8674 -0.0722
3.4213 0.6695
3.5301 -0.5974
2.7526 -0.6093
3.8285 0.1961
3.4248 -0.3686
3.4225 -0.8882
3.5464 -0.3658
3.3508 0.0714
3.6279 0.0721
2.9169 -0.7367
3.5788 -0.3666
2.8450 1.7447
2.7472 -0.3851
5.2203 0.3544
4.1170 -0.3817
4.1538 -1.9095
3.2511 0.2824
3.5424 -0.0124
4.2365 0.2407
2.7459 0.1909
4.4382 0.6994
3.1219 -0.2279
2.8724 -1.1499
3.4148 -0.2400
3.5694 0.8785
3.6681 0.1402
4.0686 0.5273
2.4689 -1.7620
2.1186 0.8372
1.1334 0.4915
3.5224 -0.2834
4.4032 0.9104
3.6862 -0.1125
3.5141 -0.0145
2.7808 -0.5033
4.1480 0.3502
3.7555 -0.1769
3.2196 -0.1049
4.4346 -1.1007
3.8087 0.0065
3.6907 -0.1816
4.3842 -0.1941
3.2319 -0.4701
3.5298 -0.4508
3.3072 0.0788
3.2843 -0.6072
3.4959 0.3842
2.7160 0.9819
3.6677 -0.0937
3.6386 0.0779
3.1843 -0.0756
2.5964 0.3608
3.4691 0.0399
4.5114 1.2143
3.6882 -0.9797
3.5146 -0.0582
3.2028 0.5094
3.5260 0.0029
4.0361 0.1263
3.7058 -0.0357
2.8671 -0.6581
3.8131 -0.0543
3.9145 -0.2183
3.4995 -0.1644
3.4757 -0.0074
3.5813 0.1116
2.5456 0.2085
3.5748 0.7363
3.4882 0.0275
3.4991 -0.0005
1.1230 -0.6625
3.2681 0.2329
2.5219 0.0621
3.5548 0.0211
3.0761 1.4963
4.1473 -0.4815
3.3912 -0.0535
3.8903 -0.1667
3.8400 -0.8922
3.2721 -0.1331
2.6216 0.1380
4.1030 0.1275
3.4121 -0.4356
4.4473 -0.0120
2.9754 -0.1947
3.4518 1.6261
3.4035 0.3026
3.3356 -0.3874
3.1799 -0.2278
2.6714 -0.2591
3.6857 -0.5399
2.9826 0.4801
3.4768 0.0250
3.7134 -0.9217
2.9003 0.6105
4.0704 -0.4566
4.2998 0.4047
3.9469 0.3858
4.0014 -0.5275
3.0522 -0.0840
