-0.1771 0.6920
-0.0070 -0.0056
0.1136 -0.2979
0.5898 0.3521
-1.0972 0.0614
0.2674 -0.3719
-0.5469 0.1210
-0.0513 -0.0578
-1.0804 -2.1045
-0.1203 -0.4307
0.0892 0.9854
0.7273 0.1686
0.0767 -0.2065
-0.1460 -0.8871
0.6226 0.5591
-0.4064 0.5851
0.3877 0.5196
0.0359 -0.3892
-0.3533 -0.1604
-0.1154 -0.8080
0.1237 0.0122
-0.6354 0.3548
0.4334 -0.7815
-0.4541 -0.6475
0.1220 0.7192
-0.0698 0.2870
-0.0854 -0.1232
0.2594 -0.8653
0.2366 0.7339
-0.2899 -0.2547
0.8636 -0.3838
-0.6304 1.9910
-0.1603 0.4492
0.8719 -0.2030
-0.1147 0.4086
-1.1472 -0.0085
-0.1576 0.2416
0.3719 -0.0634
0.6852 1.9656
0.0118 -0.3609
-0.0065 0.3646
-0.1257 0.5171
-0.0424 -0.0194
0.5050 -0.3116
0.4582 0.5581
-0.1397 0.4690
-0.2239 0.6107
-0.0431 -0.0069
0.3020 -0.3255
0.7911 -0.2340
-0.3252 0.1892
-0.3170 -1.0265
0.0176 -0.0173
-0.1950 -0.4995
-0.2768 -0.4901
-0.4217 -0.1174
-0.0417 -0.4951
0.8772 0.3496
-0.3101 0.2621
-0.7196 -0.6683
-0.2465 -0.2530
0.2060 0.2566
-0.1198 0.2176
0.0723 -0.1857
0.0570 -0.1813
0.0795 -0.8977
0.2014 0.0670
-0.1234 0.8376
-0.8040 -0.3489
0.4453 0.6428
0.6662 0.6068
0.0344 -0.5516
0.3621 0.8395
-0.2855 -0.0058
0.2823 -0.1476
-0.5097 0.2875
-0.0850 0.2568
-0.6032 -0.3178
0.6006 -0.5472
0.8906 0.1437
0.1096 -0.0794
-0.1689 -0.9573
0.7899 -0.3685
-0.2120 0.1671
-1.4770 -0.2252
0.0096 0.0289
-0.1871 -0.0589
0.0171 -0.1984
-0.9468 -0.2398
0.5122 0.5057
0.3636 -0.6660
-0.7891 0.2595
0.9300 -1.0101
-0.1645 0.0811
0.2741 -0.0401
-1.2005 0.5981
-0.2407 -0.3501
0.4480 -0.4295
-0.6774 -0.3579
-0.8674 -0.0722
3.4213 0.6695
3.5301 -0.5974
2.7526 -0.6093
3.8285 0.1961
3.4248 -0.3686
3.4225 -0.8882
3.5464 -0.3658
3.3508 0.0714
3.6279 0.0721
2.9169 -0.7367
3.5788 -0.3666
3.3753 0.3323
2.7472 -0.3851
5.3883 0.3890
4.1170 -0.3817
3.5626 -0.1830
3.2511 0.2824
3.5424 -0.0124
4.2365 0.2407
2.1919 0.3311
3.5525 0.0392
3.1219 -0.2279
3.0479 -0.8284
3.4148 -0.2400
3.5694 0.8785
3.6681 0.1402
4.0686 0.5273
3.1326 -0.6278
2.2526 0.7560
0.9222 0.5354
3.6906 -2.4111
3.8370 0.3397
3.6862 -0.1125
3.5141 -0.0145
2.3537 -0.8021
4.1480 0.3502
3.7555 -0.1769
3.2196 -0.1049
3.9447 -0.5238
3.8087 0.0065
3.6907 -0.1816
4.3842 -0.1941
3.2319 -0.4701
3.6365 -2.0655
3.3072 0.0788
3.2843 -0.6072
3.4959 0.3842
3.2438 0.3209
3.6677 -0.0937
3.6386 0.0779
3.1843 -0.0756
2.5964 0.3608
3.4691 0.0399
3.5258 0.0309
3.6882 -0.9797
3.5146 -0.0582
3.2028 0.5094
3.5260 0.0029
4.0361 0.1263
3.7058 -0.0357
2.8671 -0.6581
3.8131 -0.0543
3.9145 -0.2183
3.4920 -2.5715
3.4757 -0.0074
3.5813 0.1116
2.5456 0.2085
3.5748 0.7363
3.4882 0.0275
3.4991 -0.0005
2.9699 -0.1478
3.2681 0.2329
2.5219 0.0621
3.5548 0.0211
3.4599 0.1415
4.7297 -0.9146
3.3912 -0.0535
3.8903 -0.1667
3.8400 -0.8922
3.2721 -0.1331
2.6216 0.1380
5.1962 0.3586
3.4121 -0.4356
4.4473 -0.0120
2.9754 -0.1947
3.4801 0.6729
3.4035 0.3026
2.6157 -2.0842
3.1799 -0.2278
2.6714 -0.2591
3.6857 -0.5399
2.9826 0.4801
3.4768 0.0250
3.7134 -0.9217
2.9003 0.6105
4.0704 -0.4566
4.2998 0.4047
3.9469 0.3858
4.0014 -0.5275
3.0522 -0.0840
