0.6697 0.5481
0.4231 -0.5293
0.3440 0.2567
-0.6532 0.1494
0.5114 -0.8494
0.3196 0.0117
-0.2261 0.7915
-0.1651 0.7140
0.1911 -0.1299
0.4425 0.2154
-0.4736 -1.2537
0.7297 0.0290
-0.4747 0.8291
0.4879 0.6529
-0.2313 0.8427
0.3312 0.3182
-0.0302 0.3754
-0.0352 2.0116
0.7629 1.3756
-0.7010 0.3231
0.2660 0.0024
0.7211 -0.1740
-0.2955 0.0472
0.0571 0.1695
1.5217 -1.4668
1.8906 0.3948
-0.2855 1.4789
0.0128 -0.0151
0.1321 -1.0057
-0.2034 0.1996
-0.3222 -0.2920
0.8128 -1.0357
0.6867 -0.1880
0.4979 0.4047
-0.0305 -0.0089
0.6617 -0.6674
-0.0128 -0.0287
0.0529 -0.0586
0.0579 -0.5041
-0.0518 0.7443
0.5613 -1.7812
0.8081 -0.2981
-0.4495 -0.1835
-0.2901 -0.3164
-0.1697 0.3991
-0.0625 0.0200
-0.1223 0.2636
-1.4337 -0.1825
0.2799 0.8790
-1.7084 0.3401
0.0160 -0.4395
0.6194 0.4833
-0.6981 -0.3258
-0.6480 -0.2381
-0.7563 -0.4759
-0.0074 0.0404
-0.1527 1.7735
-0.2514 -2.0594
0.3338 -0.1300
-0.2060 0.9375
-0.1692 0.5720
1.0336 -1.5374
1.3637 -0.3697
0.6011 0.4322
-0.3980 -1.8982
0.1264 -0.2226
-0.0574 0.0482
-0.5538 0.3203
0.5545 -0.8124
0.7251 1.8606
1.3504 0.0967
-0.1149 0.1425
0.1138 -0.2861
0.1236 0.1396
0.2406 -0.3130
0.2843 -0.5659
-1.3841 0.0759
-0.3887 0.1110
-1.3355 0.1662
-0.3380 -0.3432
-0.3397 -0.6510
0.6364 0.9202
-0.1518 0.6521
0.1630 0.0213
0.8944 -0.0619
-0.6665 -0.1937
-1.2014 -1.3865
0.2212 0.3498
0.4687 0.2198
-0.0547 -0.1171
-0.0003 -0.0087
-1.9157 -0.7119
0.2318 -0.1135
-0.2381 0.1447
-0.6244 -0.0959
-0.9094 0.2847
0.0752 -0.7690
0.3274 0.7510
-0.4373 -0.0613
-0.5777 1.0556
-1.1921 0.2396
-0.1879 0.7412
-1.3002 -1.2629
-0.3183 -0.3561
-0.1589 0.2135
-0.0303 -0.0297
0.0636 -0.2556
-1.2047 -0.2163
-0.0563 0.8153
0.4452 -0.5467
0.4142 0.3031
0.2187 0.1272
-0.0223 0.5986
-0.5530 1.5760
-0.3730 0.1748
0.1879 2.1107
0.0840 0.2199
0.0000 -0.0936
-0.3711 -0.2788
-0.1123 0.4865
-0.0536 0.0683
-0.0026 0.0437
-0.3007 0.5996
0.0187 0.1209
0.1072 -0.2139
-0.5609 -0.7141
-0.2014 -0.2811
0.5836 0.0496
0.6720 -0.0930
1.6442 -0.0062
-0.0105 0.6602
-0.3607 -0.0876
0.4378 -0.5019
0.1682 0.6735
-0.3150 0.5010
0.0546 0.5558
-0.7567 0.3871
-0.8150 -0.1060
0.1091 0.0272
0.2404 0.7021
-0.9224 -1.8333
-1.3949 0.4173
-0.0618 0.0696
-0.0361 0.0175
-0.0305 0.0314
-0.0028 -0.0962
-1.0828 -0.6394
0.7446 0.3289
0.0564 -0.0237
-0.6994 -0.4453
-0.3834 0.4835
-0.0143 0.0694
-0.2633 0.8151
0.9440 0.2669
-0.3597 -0.0001
0.0557 -0.7293
-0.4625 -0.2732
1.3012 -0.6143
-0.0165 0.5103
0.4865 0.4528
2.1719 -0.3499
0.1862 -0.4961
0.4134 -0.0539
-0.0143 0.1441
-0.7536 0.3717
-0.1892 0.2895
-1.9229 -0.4588
1.7128 0.7801
-0.5565 0.4250
0.3995 0.7709
-0.2806 0.1609
-0.3112 0.4676
0.0004 0.0011
0.9189 0.0680
-0.5731 -0.0861
0.5458 0.0349
-0.3609 -0.8980
-0.0921 0.3845
-0.8640 -0.3135
-0.5216 0.1019
0.0978 0.4489
-0.2551 0.1369
-0.1624 0.5800
-0.0144 -0.0171
0.3405 0.2618
0.2133 -0.0219
0.0071 -0.1017
0.2936 -0.0759
-0.3015 -0.0700
0.0335 0.2313
1.1137 1.0028
-0.0425 -0.1264
0.2266 0.4145
-0.4900 -0.2765
0.0101 -0.0706
-0.1865 0.0676
0.4737 0.4613
-0.3606 0.8976
-0.0134 -0.4518
0.3799 0.0507
-0.9724 -0.0040
0.1290 -0.3828
0.7980 -0.3574
-0.9520 -0.2443
0.0790 -0.1074
-0.8374 -1.0011
-0.0716 -0.0027
1.0998 0.0139
0.1282 -0.0293
0.2312 -0.5946
0.0668 0.3234
0.1526 -0.3760
-0.7824 -0.2515
0.4679 0.5629
-0.3930 0.6855
-0.0832 -0.2175
-0.1702 -0.2422
0.0105 -0.0486
-0.1961 0.4726
0.1832 0.4819
-0.3521 0.2359
-0.0008 0.0678
0.1764 0.2666
-0.2802 -0.0104
0.5969 0.3998
-0.3718 0.6240
0.0326 1.0532
0.7842 -0.1253
0.5376 -0.4646
0.2001 0.5127
0.0756 -0.4452
0.3310 -0.2000
2.0499 0.5709
-0.8791 0.0143
0.0098 0.5083
0.0922 0.1585
0.5157 -0.6813
-0.2158 0.2916
0.2677 1.1211
0.0263 -0.7231
0.8237 -1.0303
-0.5863 0.4657
-0.3908 0.4541
-0.2615 -0.1512
0.7252 -0.2513
-0.4338 -0.4710
0.0557 -0.4283
-0.0283 -0.0562
0.0186 -0.2015
0.3047 0.0609
2.3801 0.1897
2.9856 -0.0042
3.1472 -0.0304
2.4526 -0.9285
3.9662 1.1490
3.9926 0.2490
2.3297 0.4172
2.8355 -0.3348
3.4387 -0.8461
1.8276 -1.3698
3.1574 -0.0296
2.9205 0.0760
3.2079 -0.3107
3.3310 0.3852
2.6541 -0.0594
4.2411 -0.6932
2.9285 0.0635
3.4889 0.2912
3.3924 0.1143
2.9941 -0.1675
3.2303 0.1109
2.5601 0.7594
3.3522 -0.1589
2.1758 -0.0684
3.5065 -0.5914
3.3599 -0.8162
2.6967 -0.1256
3.5710 0.6320
2.2696 -0.3973
2.9409 0.2180
3.9067 -0.1662
3.4125 0.7180
2.9061 -0.0308
5.0315 0.4938
1.6340 0.5178
3.0251 -0.0054
2.4835 0.6955
3.0027 -0.5072
3.0755 -0.5857
3.0838 -0.0839
3.6141 0.6006
3.0092 -0.1772
3.5730 -0.0260
3.8538 0.0055
2.9894 -0.2432
2.6917 -0.3748
2.9581 -0.0408
2.9669 0.4306
3.0329 -0.4278
3.0889 0.0657
2.4887 0.3167
3.2695 0.0844
2.8228 -0.6825
2.6843 0.6419
3.5609 0.5865
3.9024 0.3724
2.7824 -0.4742
1.4213 0.8591
2.7261 -0.2121
3.8843 -0.3431
2.7554 -0.4470
3.0136 0.0169
3.6307 -0.1319
2.5019 -0.6757
2.1579 0.5612
2.9680 0.0266
2.9076 -0.8233
2.7407 -0.2899
3.1475 -0.0639
2.9514 0.6018
2.4609 -0.8104
2.8887 -1.0144
2.9297 -0.2171
2.9851 0.2008
2.5158 -0.6970
3.0916 -0.5167
3.4026 0.2347
2.9676 -0.1233
2.6366 -0.0689
2.7573 0.5489
3.0165 -0.0681
3.7894 -0.4268
2.9811 -0.0032
2.6617 -0.7041
1.9155 0.6883
3.4337 -0.1907
3.0538 -0.5971
2.6337 -0.5749
2.6296 -0.9026
3.0927 0.2111
3.1710 -0.5043
3.5306 0.0159
3.5565 -0.2200
3.2536 0.3000
1.6877 0.2045
2.4106 1.8902
2.6316 -0.9205
2.6199 0.1139
2.7104 -0.4620
2.8109 0.4993
2.1020 -0.3637
3.5553 0.4093
3.1934 -0.0325
2.1943 0.0500
3.4534 0.2947
2.6615 0.2891
2.6051 0.0239
2.1974 0.0849
3.1664 0.0124
3.1365 -0.3388
2.8084 -0.6487
3.5676 0.4001
2.1809 -0.0205
2.3592 -0.7323
3.0323 0.1518
3.5470 0.3508
2.8764 -0.0314
3.0144 -0.0504
2.9086 0.2721
2.5965 0.2293
2.6956 -1.2491
2.4677 0.2600
3.1620 0.4869
3.0571 -0.4826
2.7167 0.0976
3.0321 -0.0235
3.2411 -2.1232
2.9665 0.5819
2.6415 0.8571
3.0326 -0.3455
2.2110 0.2005
3.6234 -0.2825
2.7247 0.0229
3.1856 1.4505
2.5218 -0.6377
3.7956 0.5203
3.0199 -0.2116
2.7798 0.6007
2.8816 1.3333
3.6275 -0.2501
3.4187 0.2829
2.9880 0.0008
2.6163 0.4428
3.3371 0.0253
3.6386 -0.5408
2.3264 0.6152
2.8147 -0.1167
3.5618 0.0363
2.1849 -0.5700
2.1606 0.2342
3.2619 -0.7593
2.3529 -0.4811
2.7023 0.0125
3.1768 -0.1842
3.2260 -0.7157
3.2865 0.4974
3.2367 -0.9131
2.3845 -0.0987
3.7047 -0.3420
2.2138 -0.2932
1.8743 -1.8020
3.0852 -0.1609
2.5033 0.1606
2.2419 0.3419
3.1592 0.7312
3.2845 -0.0644
2.4158 0.6641
2.9312 0.3925
2.9153 0.3787
3.4425 -0.1014
3.4466 -1.2197
3.0202 0.4736
3.0948 0.1737
3.5050 -0.1755
1.8968 -0.2691
3.1386 -0.4641
3.0853 0.5104
3.0327 -0.3115
2.1371 -0.2173
3.3105 0.8092
3.5664 -0.6191
2.8467 -0.2868
3.3840 -0.6861
3.0200 -0.0741
3.3630 0.5850
3.5366 -0.3089
2.8797 0.1838
2.6282 0.6944
3.7225 -0.3172
3.1293 0.5336
2.1664 -0.4450
2.9882 0.0051
3.0672 -0.3025
3.8102 0.5343
3.3195 -0.1878
3.2265 -0.5389
3.2801 0.5110
2.8528 0.0977
3.2547 1.9786
3.6045 0.0976
3.0978 -0.2008
3.0064 -0.0063
2.4022 -0.0362
3.2303 0.2704
3.3255 0.0632
3.7808 0.2420
2.2696 -0.0355
2.7249 0.1996
3.3694 0.2275
2.8030 -0.0621
1.9963 1.9379
2.6624 0.1381
3.0083 -0.0644
3.2783 0.3170
3.6881 -0.5125
1.4379 0.1540
3.0677 0.5066
2.0888 -0.3977
2.3769 -0.5137
3.1435 -0.5316
3.1046 0.1378
3.2116 -0.7350
3.4536 -0.3462
1.4607 0.1208
2.6330 0.0120
3.6609 0.6847
3.2710 1.7312
2.7959 -0.0232
4.6679 1.0943
2.9296 0.2399
4.4028 0.3132
3.7408 0.0123
2.8120 0.5117
2.8709 -1.2375
2.9639 0.2593
4.4208 0.3892
2.2006 0.3348
3.3574 -0.8770
2.9848 -0.0290
3.5656 -0.5119
3.1797 0.7926
2.3940 -0.5589
2.7177 -0.3709
2.3167 0.1380
4.0657 0.5113
2.9471 0.1721
2.3449 0.3364
0.9953 0.0822
3.9916 -0.1104
2.9719 -0.0787
