-0.2052 0.5481 -0.2438
-0.4254 -0.1402 -0.5640
-0.5694 -0.1573 2.1011
-0.0443 -0.9700 0.1323
-0.0283 0.0951 0.0120
-0.0857 0.0832 -0.3303
0.1027 -0.2976 -0.0266
-0.4946 1.1312 -1.6199
0.0556 -0.0849 -0.1114
-0.0836 -0.0466 -0.3276
0.3654 0.6356 -0.0784
-0.0251 -0.0513 0.1546
0.1446 -0.0723 -0.2716
0.3456 -0.1785 0.0844
0.4447 -0.6680 -1.1843
4.0278 -0.0728 -0.0532
3.8368 0.5920 -0.1018
4.4075 0.3744 0.5078
3.9953 -0.0012 0.0346
4.1742 0.1210 -0.2251
4.1398 -0.0192 0.0549
3.9711 -0.0902 -0.1480
4.5528 0.1577 -0.0021
3.7357 -0.9153 -0.1645
3.9607 -0.1281 0.0129
3.7233 -0.0408 0.1058
4.1342 0.5485 2.7959
3.1957 -0.0731 0.1041
4.0642 0.1386 0.0952
3.4225 0.3840 0.0943
