-0.4739 -0.3058 0.4130
0.0024 -0.0002 0.0000
-0.1113 -0.0009 -0.0063
-0.2518 0.7800 0.5709
0.1918 -0.5860 -0.4558
-0.0183 0.0148 0.0215
0.2860 0.1047 -0.6193
-0.0819 -0.1721 -0.2162
0.0750 0.2299 -0.5166
0.4088 0.3982 -0.0253
-0.4765 -0.1085 0.1037
0.2001 -0.2099 -0.3876
-0.0186 -0.0190 0.1538
0.5425 -0.2524 -0.1933
-0.0354 0.1184 0.0128
-0.1613 0.0181 0.7059
0.0006 0.0068 0.0363
0.6033 0.1906 -0.1919
-0.3723 -0.7463 -0.2484
0.1713 -0.8601 -0.4551
0.6761 -0.1737 0.2654
-0.2784 0.3163 0.4543
0.0148 0.1981 -0.9330
-0.5166 0.6788 -0.4433
0.4182 0.4750 -0.1419
-0.0327 0.3250 -0.6228
-0.0863 0.1568 -0.8379
-0.3416 0.2553 -0.0365
-0.0041 -0.0005 0.7092
0.0455 0.0890 0.5345
