-0.0419 -0.0807 0.1455
0.9801 -0.0274 0.0554
0.0357 -0.1218 0.0668
-0.0012 -0.0038 0.0959
-0.5649 0.7291 1.0554
-0.7491 -0.2811 0.0796
0.1036 -0.3471 0.3208
-0.3585 -0.4695 0.6454
-0.4652 0.3479 0.6888
0.0682 -0.0988 0.0883
-0.3090 0.2619 0.3590
0.6410 0.2771 0.0284
-0.2946 -0.9168 0.2675
0.7190 0.3383 -2.4708
0.6655 0.6273 -0.2406
-0.5593 -0.1653 0.3750
0.0397 0.0164 0.0192
-0.0446 -0.2350 0.8732
0.4988 -0.2019 -0.0501
-0.6972 -0.2069 0.3464
-0.4932 0.2887 -1.3170
0.0234 -0.0427 0.0750
0.4499 0.5345 0.5448
0.0178 0.0518 -0.0403
-0.0394 -0.0666 0.0336
0.0014 -0.0078 0.0092
0.3396 0.3215 -0.1292
0.0243 0.1230 -0.0839
0.2709 0.1967 -0.8551
-0.0412 -0.2204 -0.0561
0.3061 -0.0071 0.3369
0.0217 -0.5412 0.4209
0.2369 0.0637 0.7596
0.2727 0.3118 -0.4138
0.0298 -0.1137 -0.1454
-0.0628 0.0787 0.0571
-0.3877 -0.3246 -0.4466
0.0151 0.0012 -0.0547
-0.1365 -0.1355 -2.1463
0.2918 -0.0211 -0.8708
-0.2705 -0.0371 0.1539
0.0401 0.0408 0.2090
0.1640 0.0087 -0.3973
0.0675 0.0124 -0.0382
0.1467 0.2590 -0.3794
-0.0988 -0.0617 0.3370
-0.0937 -0.1839 -2.1213
0.1366 -0.1907 0.9116
0.0477 0.0036 -0.0639
0.2107 0.1162 0.8057
-0.0300 0.0393 0.0385
-0.1451 0.0013 -0.0271
0.5694 0.3801 -0.1556
-0.1430 -0.2081 0.0373
0.0910 0.0783 0.0274
0.1761 0.2340 0.8714
0.2328 -0.0669 -0.1953
0.2783 0.1043 -0.7816
1.6041 0.5498 -2.3532
-0.0130 0.0502 0.1376
-0.0021 -0.0029 -0.9072
-0.1425 0.0084 0.0481
-0.1015 0.1860 0.2901
0.0218 -0.0228 0.0114
-0.0110 -0.6150 0.7842
0.1393 -0.7885 -0.0569
-0.4777 -0.3196 0.4344
-0.0359 0.1656 -0.2671
0.0436 0.0317 -0.0279
0.0949 0.4062 -0.2547
0.3302 -0.5686 -0.2281
0.0075 -0.0120 -0.0053
-0.2913 0.2842 -0.0162
-0.0057 0.6133 -0.2878
0.0409 -0.0720 -0.2346
-0.4097 -0.1450 0.2397
0.2771 -0.0478 0.4401
-0.3159 0.0583 1.8533
0.1300 0.0117 -0.0432
-0.1696 0.2659 0.6618
-0.3642 0.1384 0.6002
0.1381 -1.4591 -2.5043
0.4164 0.1067 1.1065
-0.0013 -0.4827 0.2213
0.0909 0.1584 -0.0204
-0.0186 -0.0675 -0.3645
-0.3408 -0.3289 -1.0017
-0.1869 -1.5816 0.5361
0.1400 -0.0869 -0.3076
0.0600 0.0353 -0.2475
-0.1318 -0.3624 -0.2599
-0.3317 -0.0358 -0.6570
-3.0569 -0.5619 1.1565
-0.1140 0.5814 0.2312
0.0053 0.0293 0.0056
0.0884 0.2728 0.0660
-0.3433 0.0407 -0.0053
0.0460 0.0334 -0.2552
-0.8656 0.5146 -0.6129
-0.1579 0.0686 -0.7780
-0.1655 0.1340 -0.4378
0.0519 0.3441 -0.6228
0.0349 0.0542 -0.4447
0.0734 0.2127 -0.1123
0.0075 -0.3399 -0.8115
-1.9343 1.8531 1.1024
0.2012 0.4425 0.4553
0.0189 -0.2570 -0.9404
0.0191 0.0407 0.0755
0.0386 0.4551 0.6675
0.0783 -0.0433 0.0887
0.2171 -0.0855 -0.0547
0.0352 0.0060 -0.1529
-0.3594 0.3515 -0.5235
-0.5206 -0.4122 0.2251
0.0095 0.4735 0.2266
-0.0216 -0.2440 0.0033
-0.1902 -0.3349 0.4235
0.0457 -0.0366 0.9552
0.7529 -0.2865 0.3074
0.3541 -0.2060 0.0876
0.1954 -0.6505 0.0360
0.1817 0.1026 -0.2519
-0.0582 -0.0021 0.0993
0.1208 0.2738 0.0105
0.1933 -0.5285 0.4779
0.1316 0.1727 0.3117
0.4107 -0.0413 -0.1729
-0.4237 -0.0255 0.2625
-0.6244 0.4561 -0.5276
0.0008 -0.0014 -0.0026
-0.0787 0.0006 -0.4715
0.0032 -0.0138 -0.2542
0.0622 0.1650 0.4961
-0.7489 -0.2664 -0.1862
0.0350 0.0123 -0.1366
-0.4235 -0.6832 0.4147
0.1777 -0.4598 -0.1538
0.0389 0.0045 0.6903
-0.7742 -0.0595 -0.4227
-0.0272 -0.0171 -0.7259
0.0006 -0.2496 -0.8143
0.0437 -0.0517 -0.3596
0.0194 -0.1402 0.6627
0.2723 0.2527 0.5015
-0.5685 -1.4255 -3.2313
-0.1130 0.0100 -0.2051
1.1727 2.4928 2.0270
-0.3987 0.1665 0.1008
-0.0009 0.0014 0.1737
-0.0763 -0.0576 -0.1078
0.1871 -0.2789 -0.5916
-0.1372 -0.0830 0.1430
-0.4694 -0.7478 -0.1701
-0.5269 0.6543 -0.5099
0.0372 -0.1167 -0.7486
0.1251 -0.6002 0.7665
-0.0050 0.0003 0.2877
0.2739 -0.6701 -0.2683
0.1002 0.1342 -0.6370
-0.0265 -0.2515 -0.1896
0.1901 -0.1353 -0.2704
0.3100 0.4619 -0.2612
-0.0685 0.1102 0.5455
-0.0457 -0.0014 -0.0132
0.2819 -0.3235 -0.0427
-0.1088 -0.6207 0.1120
0.0170 -0.0203 -0.2158
0.0039 -0.0138 0.1199
-0.3151 -0.4235 -0.7449
-0.4207 -0.6422 0.0448
0.3780 -0.2482 0.1447
-0.6028 -0.0074 0.0754
-0.7776 -0.1953 -0.3563
0.1155 -0.0105 0.0602
-0.0804 -0.4995 0.5022
1.1402 -0.0174 -0.6011
0.1459 0.8440 0.3722
-0.0211 0.7874 0.3758
-0.0025 -0.0013 -0.2687
0.3613 0.1630 -0.4222
-0.3538 0.0081 0.6345
-0.0502 -0.7110 -0.2212
0.0636 0.2533 0.7230
-0.3859 -0.3446 -0.2206
-0.0057 -0.4428 -0.4350
-0.0123 0.0345 -0.2974
0.2311 -0.3883 1.4976
0.5527 -0.2700 -0.5047
-0.2284 0.1039 0.2106
-0.1812 0.0107 -0.1108
0.1241 -0.0129 -0.0572
0.5312 -0.2187 -0.4833
0.0344 -0.0076 0.0242
-0.0064 -0.4105 0.5222
0.5732 0.3328 0.1117
0.1348 0.1854 -0.0677
0.0345 -0.0500 -0.1004
0.4051 0.0345 0.1673
-0.0439 0.0355 0.0328
0.0167 0.0447 -0.0179
-0.1435 -0.2742 0.7684
0.1702 -0.0715 -0.2939
-0.0065 0.0895 -0.1710
-0.1413 -0.5445 0.3058
0.0568 -0.0109 -0.0326
0.0943 0.1419 -0.0676
-0.0471 -0.4156 0.4117
-0.3202 -1.7995 0.1750
-0.0123 0.0286 0.1378
0.0369 0.0325 -0.6425
-0.0087 -0.0450 -0.0411
-0.0523 -0.2167 0.0681
0.7928 -0.2029 0.3442
0.7317 0.0442 -0.0512
-0.1166 0.0083 -0.0660
-0.0109 -0.0593 -0.2828
-0.1403 0.2602 -0.0872
-0.3229 -0.1834 -0.0530
0.0356 -0.1634 -0.0449
0.2201 -0.0772 0.3729
-0.1659 0.5348 -0.2770
-0.0957 0.1845 -0.1681
0.2874 -0.2139 0.1044
2.6619 -0.7348 -1.4427
-0.1792 0.0671 -0.0645
0.0281 0.0135 -0.0707
-0.0240 -0.0235 -0.0309
-0.0528 -0.2956 0.2186
0.1679 0.4706 0.0634
0.5732 -0.1564 0.1041
1.2763 0.1581 2.2568
-0.0367 0.0227 -0.0296
-0.1703 0.0329 -0.1313
-0.1985 0.0666 -0.1595
0.5422 -0.3079 0.0751
-0.0737 -0.2443 -0.0732
0.4545 -0.5055 0.5077
0.1219 0.0749 0.2282
-0.1122 0.4139 -0.3906
-1.7118 -2.1903 -1.6709
0.0150 -0.0103 -0.0635
-0.0181 0.1087 0.1205
0.6999 0.4611 -0.1979
-0.0166 -0.1704 -0.7449
0.1837 0.5881 -0.4049
-2.1397 0.3631 0.9525
0.0931 0.0204 -0.7997
0.0456 -0.0683 0.6608
0.1166 -0.3410 0.1002
4.4968 -0.0014 0.9902
5.1583 0.3927 0.2219
4.9131 0.1592 -0.1193
4.3253 -0.2097 -0.6596
4.4634 0.0232 0.3886
3.6562 -0.1659 -0.3329
2.8202 1.0799 -0.1461
4.5354 0.0773 3.1693
4.1026 -0.2297 0.5079
4.0659 -0.7485 -0.3983
4.0389 -0.1301 0.6869
5.4163 0.1258 -0.3902
4.5075 -0.0586 -0.1815
4.3996 0.0503 -0.3049
4.5173 -0.6895 0.4912
4.8664 -0.5191 0.4905
5.0795 0.2775 -0.1173
4.4406 0.0100 -0.3574
4.8544 0.3333 0.3796
6.8782 1.2247 0.7200
4.2134 0.3740 -0.8248
4.4981 -0.0071 0.0070
4.2883 -0.0373 0.1240
3.9654 -0.2461 0.6241
3.9798 -0.4105 -0.4859
6.5204 0.0084 0.4526
4.5061 0.0126 0.0409
4.2849 0.0612 -0.9735
4.4238 0.4794 0.6151
4.0710 -0.0256 -0.3866
4.6114 -0.0164 -0.1341
4.7735 0.0338 -0.5174
4.3606 0.0223 0.0427
4.9346 -0.3157 0.0447
4.7026 -0.4492 -0.3157
4.4977 -0.0018 0.0342
4.5267 -0.0092 0.8672
4.8831 -0.3635 0.0920
4.5280 0.0039 -0.0324
6.4467 1.0567 2.1166
4.5518 0.4023 -0.3319
4.5864 0.1377 -0.1214
4.3238 -0.1577 0.4159
4.2724 -0.5384 0.3141
4.0410 0.0823 0.2474
4.9273 -0.0119 0.1379
6.8960 -2.1076 -0.2218
4.4723 -0.1274 -0.5900
4.3809 0.0118 0.2036
4.0733 -0.3337 0.5475
4.8325 -0.2194 -0.4128
4.4931 -0.0071 0.0085
4.5084 -0.0905 -0.1720
4.8482 -0.0114 0.2987
4.3586 0.0545 -0.2047
4.4742 -0.0167 0.0357
4.4647 0.2139 -0.8498
4.5040 0.0395 -0.1695
4.9100 0.1130 0.3602
4.4880 -0.0446 -0.0164
4.4961 0.0025 -0.0346
4.6071 0.1004 -0.6339
3.9806 0.0247 0.6871
4.4855 -0.0069 -0.1014
4.6376 -0.1296 -0.4872
4.5008 -0.0012 0.0019
4.1264 -0.2722 -0.5239
4.5473 0.5279 -0.4280
4.4364 -0.1426 -0.0524
4.1802 -0.0324 -0.8147
4.9565 0.6105 -0.0911
2.2905 1.5015 0.1851
4.4085 -0.3156 -0.2432
4.4466 0.0296 -0.3962
3.6729 0.2270 -0.2027
4.6704 0.1929 0.0182
4.5375 -0.0398 0.6388
4.7814 0.0245 -0.3944
4.5847 0.0727 0.0900
4.0510 -0.4230 1.3722
4.6528 -0.2249 0.8458
4.5080 -0.3102 0.4550
4.6018 0.2019 -0.9543
5.2192 -0.2118 0.3749
4.5881 0.0346 -0.1437
4.1453 0.2431 -0.3623
4.5603 -0.0285 -0.6447
4.6356 -0.1200 -0.4813
5.2122 -0.0266 -0.4891
3.8606 1.6235 -1.5010
2.4861 1.5446 -2.6272
4.4566 0.0758 -0.1855
4.3439 0.2459 0.9390
4.8486 0.5737 -0.4047
4.0279 0.3004 -0.0975
4.4804 -0.0476 0.0614
4.8814 0.2800 0.7952
4.3168 -0.3097 0.4107
4.4470 -0.4736 -0.0825
4.6057 0.0359 0.9724
3.8417 1.3526 -1.3438
4.4077 0.0096 0.1377
4.4944 -0.0003 -0.2410
4.7054 -0.7162 -0.1819
4.4720 -0.0124 0.0469
4.3072 -0.3292 -0.7335
4.5125 -0.0792 0.2559
4.0265 0.8258 -0.0776
4.4194 0.0400 0.1545
4.5143 0.5639 0.8247
4.2696 0.4999 0.1240
4.8225 -0.3384 -0.2430
4.7226 -0.2424 0.0976
4.5944 0.2152 0.0031
2.5342 -1.0516 0.6146
4.5058 0.0022 -0.0191
4.4509 -0.3225 0.1761
4.7471 0.0527 0.7373
3.6432 0.0091 -0.2863
4.5007 0.0057 0.0902
4.5208 0.0741 -0.9146
4.5069 0.0337 0.0513
4.7414 0.2738 0.3640
4.4970 -0.1221 0.5463
4.6357 -0.3424 -0.0759
4.0395 -0.3210 0.3772
4.7259 0.2772 -0.2332
4.2688 -0.4926 0.4520
4.2604 0.3112 -0.0907
3.8569 0.9077 -1.1288
4.3945 0.0206 -0.0765
4.5064 0.1253 0.2527
6.7885 0.1613 -0.4352
4.5194 0.0099 0.3131
4.1608 0.2349 0.7611
4.5048 -0.0110 -0.0309
4.4959 -0.0108 -0.0963
4.7744 0.7356 -0.1169
4.2094 -0.1893 0.7976
4.5213 0.0252 0.0929
4.4295 -0.1009 -0.0876
5.1793 -0.0479 0.2575
4.4854 0.0276 -0.0176
4.4939 0.0080 -0.0004
4.5319 -0.0340 -0.0135
3.9728 0.7038 -0.1736
4.6748 0.2353 -1.6935
4.1471 0.7006 -0.5779
4.5775 -0.1056 -0.0544
4.9883 -0.4514 0.2016
5.1786 0.2234 0.0004
5.0768 -0.5268 0.2250
4.4514 0.0462 0.1228
4.9812 -0.2331 0.6776
4.4999 -0.0037 -0.0208
4.5450 0.0921 0.6609
4.6244 -0.0542 -0.0703
4.3181 0.0233 0.1483
4.3027 0.0583 0.0422
4.5108 0.1195 -0.7146
4.2721 0.0139 0.9309
4.0487 -0.5374 -3.5948
4.4847 -0.1159 0.1077
4.4996 -0.0004 -0.1923
3.7804 0.0165 -0.1124
4.4790 -0.0588 -0.9318
4.4576 -0.0374 0.0934
4.4905 0.0327 -0.5326
4.3602 0.0240 -0.6317
4.4659 0.1112 -0.7279
4.4855 0.0127 0.3477
4.7191 0.2954 0.0068
4.9941 0.1331 0.0681
4.5530 -0.0715 0.2132
5.0454 0.4319 -0.5389
4.4077 -0.1929 -0.3903
4.6255 0.5156 -0.2954
5.0022 1.0933 -0.9668
4.3280 -0.1318 -0.3550
4.3269 0.0129 0.5276
4.9175 -0.5650 0.0661
4.3847 0.0516 0.3931
4.4986 0.0042 -0.1980
4.1044 -0.5775 -0.4290
3.4621 0.2030 1.5164
4.7219 0.3109 -0.5291
3.7773 0.8852 -1.7361
5.5200 1.0064 3.0884
5.0767 -0.1816 -0.3763
4.4479 0.0191 -0.0740
4.2733 -0.0697 -0.2487
4.4715 -0.0035 -0.0788
3.7826 0.1079 -0.4012
4.4240 0.0707 0.0905
4.3494 -0.6068 2.5155
4.6944 0.3203 0.4677
3.7063 -0.1783 -0.5130
4.4818 -0.0749 -0.0301
4.4883 -0.3280 -0.0172
3.0887 -0.8901 0.2588
4.3129 -0.0048 -0.4077
4.4507 -0.1810 -0.0304
4.4341 0.0232 -0.0245
3.2482 -0.8408 -0.6288
4.5944 -0.0041 -0.8741
4.2470 -0.2913 0.0109
4.2869 0.1443 -0.2747
4.4891 0.0068 -0.0931
4.4056 -0.2610 0.4303
4.5341 -0.0214 -0.7199
4.3689 -0.0138 0.2457
4.6964 0.0771 0.6658
4.4264 -0.3686 0.8320
4.3870 0.4012 0.8199
4.6856 0.0550 -0.6423
4.8064 0.3928 0.4848
4.8346 -0.1513 0.1577
5.0418 0.3342 -0.7281
4.4266 0.0963 0.2540
4.3673 -0.0614 -0.3657
4.0249 0.4337 0.0728
4.3408 0.1265 -0.1118
4.0426 -2.1982 -0.9381
4.4549 0.0356 -0.0789
4.6118 -0.1406 0.6009
4.3406 -0.3653 0.0806
4.5455 -0.0732 -0.2170
4.8580 -0.7430 -0.4440
4.1981 0.8060 -0.2939
4.6604 -0.1105 0.5097
4.6159 -0.2347 0.4106
4.4941 0.0306 0.0750
4.4736 0.0046 0.0100
4.3774 0.2928 -0.2930
5.3988 1.2704 1.4027
4.5171 0.0067 -0.1455
4.3122 0.1583 -0.9643
4.4995 0.0078 0.3489
4.4660 -0.0407 0.3739
4.4611 -0.0608 -0.6031
4.4716 -0.0332 0.3911
4.5026 0.0385 -0.1910
5.3480 0.8195 -0.0473
4.4487 -0.6746 0.3470
4.4161 -0.0579 0.4854
5.0739 -0.1851 -0.7856
4.4931 0.0035 0.0007
4.5470 0.0927 -0.9143
4.5949 0.0036 -0.0687
4.1199 0.2751 0.5132
