0.1048 0.0872 -0.5906
-0.2494 0.2075 0.0550
-0.0872 -0.0966 -0.1862
-0.1443 0.8769 -0.1435
-0.2019 -0.3505 0.0595
-0.1402 0.1265 0.4409
0.1892 -0.8678 0.3444
-0.4453 -0.4181 -0.2873
-0.2066 -0.6073 -0.4541
0.9367 -0.5375 -0.5842
0.2016 0.1597 -2.6726
0.3680 0.2780 -0.0521
-0.2706 0.2696 -0.3636
-0.3499 0.6044 1.1232
0.0059 0.0009 -0.1043
-0.1730 0.2196 0.1287
0.1506 -0.0862 -0.4265
0.1531 0.2406 -0.1257
-0.0424 -0.2265 0.0795
-0.4426 -0.3736 0.1575
-0.5495 -0.5939 -0.1284
0.1907 -0.0951 -0.2204
0.0546 0.0408 -0.4445
0.4625 -0.2894 0.0176
0.2718 -0.7566 0.4141
0.0391 0.6784 -0.7136
-0.0288 -0.2180 0.1824
0.1270 0.0468 0.5239
0.6841 0.1203 0.5475
0.3830 0.2832 -0.8675
-0.2018 0.1750 -0.0497
0.0480 0.1530 -0.3951
1.2124 1.0377 -0.7290
-0.6096 -0.5916 -0.1896
-0.0102 -0.5665 -0.6318
-0.0334 0.3539 -0.7297
-0.1781 0.0755 0.4254
0.2706 -0.6145 0.1945
-0.1105 0.2008 0.6026
0.0317 -0.0913 -0.0220
-0.0082 0.0546 -0.7193
-0.0157 0.2288 -0.9159
-0.1437 -0.2365 0.1527
0.5686 -0.2203 0.3940
0.0229 0.1084 -0.1069
0.0894 -0.0723 0.0017
0.0482 -0.2084 0.0683
0.5081 0.5553 0.5599
0.4002 0.8068 0.3537
-0.1519 -0.0265 0.0825
3.8032 0.0332 -0.1731
3.7778 -0.4303 -0.4576
2.7071 -0.4602 0.3433
2.7906 -0.8740 0.1610
3.3735 0.0200 -0.2505
3.4996 0.0004 0.9078
3.1403 0.0333 0.1148
3.0556 -0.3541 0.3444
3.8761 0.2497 0.5582
3.0448 2.2413 1.3092
2.8400 -0.8308 1.7046
3.4297 -0.2084 0.3269
3.5263 -0.1365 0.2923
4.0540 0.0304 0.6201
3.4450 -0.1840 -0.8149
3.5762 -1.9849 1.3546
4.0536 0.0995 -0.4113
3.5587 0.0168 0.5803
3.8232 0.2620 -0.4174
3.3988 0.2352 0.0496
3.2869 -0.6775 -0.5550
2.7751 -0.5048 0.0605
3.3889 0.3592 -0.6378
3.4653 0.2294 0.7031
3.4730 -0.0503 -0.3038
3.7623 -0.2966 0.7172
3.6821 0.1015 -0.0838
3.5577 0.1276 -0.0189
4.1971 0.4614 -2.0695
3.6523 0.0392 0.0194
3.5500 0.1288 0.2264
3.6235 0.4541 -0.4940
3.5695 -0.0105 0.1619
2.7733 0.5223 0.1316
3.4740 0.0289 0.0823
3.4402 -0.5630 -0.1892
3.2541 0.0275 0.7440
3.4059 -0.0284 0.7410
3.6976 0.0254 -0.2390
3.6767 -0.0018 0.9796
3.6396 0.1711 -0.5457
3.0765 -0.3663 0.0336
3.5359 0.0159 -0.0010
3.5336 0.0181 -0.0879
3.4492 0.0384 -0.0054
3.5131 -0.1048 0.2856
4.5622 -0.0497 1.1485
3.3762 -0.0697 0.2395
3.2068 0.2284 -0.5604
3.6867 0.0297 -0.0975
