-0.0599 0.7942
-0.4550 -0.5467
-0.4904 0.3598
0.2419 0.8308
-0.3805 -0.0375
0.5301 -0.4778
-0.9449 -0.1504
0.0782 -0.3705
-0.4463 0.3091
0.1140 -0.2927
0.1444 0.0043
0.0439 -0.1700
-0.3724 -0.7241
0.6331 0.1209
0.3622 -0.7326
-0.3090 0.7049
-0.0500 -0.0721
0.3230 0.2142
0.4187 0.7191
0.0317 -0.2106
0.9433 -0.3265
0.0095 0.0064
-0.5526 0.4890
0.7967 -0.4307
0.7360 -0.3239
-0.2685 -0.1506
-0.0536 -0.1836
0.8952 0.0822
0.0767 -0.2256
0.0243 0.2221
-0.0762 0.2713
-0.4481 -0.1030
-0.0159 0.0658
-0.2013 -0.1876
0.0430 -0.1308
-0.3957 -0.7171
0.4305 -0.0640
-0.1851 -0.1243
-0.0348 0.1018
-0.2040 -0.0984
0.1621 -0.0929
-0.1305 0.1910
-0.1351 0.0404
-0.3171 -0.3525
0.0056 -0.1227
0.5201 -0.3546
0.0186 -0.8106
0.3921 -0.3553
0.3851 0.8705
0.7925 0.1051
0.1148 0.6085
0.7774 0.3411
-0.1955 0.3416
-0.0381 0.0711
0.3800 -0.1638
-0.3401 0.1519
-0.6092 -0.0854
-0.0586 -0.6379
-0.5761 -0.6123
-0.0615 -0.1036
0.1968 -0.2212
-0.3633 -0.3208
-0.6313 0.7658
0.1962 -0.0334
0.3414 0.6394
0.2641 -0.2594
-0.7264 -0.4825
0.6276 -0.0085
0.6034 0.2381
-0.3875 0.0482
0.0246 0.0261
0.0421 0.2772
-0.0615 -0.4162
0.1135 0.0850
-0.0459 -0.5017
0.0328 -0.0125
-0.4957 -0.0558
0.4185 0.2136
0.5172 0.0714
0.0456 -0.6491
0.0271 -0.0014
-0.1725 -0.2126
-0.5531 0.7667
0.2513 -0.0370
-0.4327 0.2963
0.6058 -0.4399
-0.4898 0.2669
0.3401 0.3778
-0.0968 -0.5184
-0.1565 0.2199
-0.2952 -0.3910
0.8249 -0.2225
0.2139 -0.0237
-0.4154 0.5063
-0.6142 -0.4472
-0.2584 0.0398
0.6654 0.4074
0.8461 0.4355
-0.6168 0.1220
0.6464 0.2639
0.4544 -0.6761
0.1146 -0.4705
-0.2395 -0.3332
-0.2921 -0.7743
0.2682 0.6867
-0.7741 0.5861
-0.0185 -0.2045
-0.5629 0.4628
0.1638 -0.8109
0.2317 -0.0626
0.7299 -0.0422
-0.7805 -0.2478
-0.0564 -0.2306
-0.2334 0.1368
-0.1449 -0.7827
0.8575 0.2728
-0.1683 -0.7746
-0.4836 0.4406
-0.2269 0.3326
-0.3751 -0.3676
0.8259 -0.4962
0.5921 -0.5860
0.2821 -0.8213
0.0546 -0.1252
0.1920 -0.0877
0.3584 -0.0209
-0.1879 -0.6263
-0.2196 0.2026
0.1593 0.4301
0.1303 0.8220
-0.2391 0.2732
-0.2347 0.4279
0.1555 -0.1830
-0.3717 -0.4680
-0.8675 -0.0906
-0.1747 0.1979
0.1371 -0.0347
0.0279 -0.1728
0.2155 -0.9196
-0.0373 0.0146
-0.0257 0.0349
0.0185 -0.0653
0.2082 0.1373
-0.2923 0.9554
-0.6042 -0.3301
-0.0129 0.6442
0.3605 -0.1032
-0.1266 -0.5095
-0.2299 0.0928
-0.0045 0.0072
0.0485 -0.0286
-0.4371 -0.4012
0.0725 -0.1213
0.8248 -0.1984
0.0013 0.0784
0.3329 -0.2385
0.0345 0.0039
-0.4198 -0.4723
-0.0763 0.9202
-0.4479 0.6759
-0.3829 -0.2111
0.0798 0.5656
-0.0174 -0.0250
0.0087 0.5108
0.2437 0.0709
0.2041 0.9634
-0.0072 -0.0066
0.0045 0.1608
0.1647 -0.2692
-0.6020 -0.4230
-0.4833 -0.3200
-0.0016 0.0022
0.5835 0.0677
0.0518 -0.0559
0.0650 -0.6394
0.0502 0.1180
-0.5336 0.3072
-0.4788 0.3801
0.2653 -0.3976
-0.1374 0.9326
-0.8523 0.4788
0.6941 -0.2109
0.0792 -0.6849
0.7265 -0.2084
-0.1039 0.0670
-0.8398 0.5338
0.1808 0.2044
-0.3736 -0.6702
-0.1482 0.6750
-0.6184 -0.6991
-0.5415 -0.1349
0.0679 -0.4965
-0.0405 0.9510
-0.0351 -0.8107
-0.7787 -0.4462
0.0658 -0.1263
-0.3569 -0.8891
-0.7294 0.3217
-0.1508 0.0966
-0.4329 0.5258
0.6732 0.1614
0.3144 -0.5383
-0.5531 0.4775
0.5455 -0.4127
0.1689 0.7369
-0.2107 -0.0021
0.8728 0.2197
-0.1793 0.3362
0.3699 0.4006
-0.2163 -0.1504
-0.0784 0.0681
-0.2159 0.7246
-0.0258 0.1012
-0.1352 0.2363
-0.1466 -0.2371
-0.0526 -0.0210
0.0169 0.0533
-0.1507 0.1400
0.6862 0.1879
0.0507 -0.6614
0.4833 -0.6609
0.3169 0.8805
0.4335 0.2220
-0.8810 0.1062
-0.4096 0.0774
-0.7679 -0.5525
-0.3554 0.5691
0.2455 -0.2379
-0.5458 0.6446
-0.0102 -0.6748
0.3905 -0.1977
-0.7149 0.3882
-0.2945 0.0890
0.4657 0.5771
-0.3892 -0.1475
0.2295 0.1185
-0.0221 0.5555
0.4972 0.2025
0.0495 0.0775
-0.1876 0.7405
-0.0211 0.0123
0.2759 -0.6272
0.3642 -0.2556
0.0326 -0.0016
0.4282 -0.0728
-0.0742 -0.7354
0.1388 0.7516
-0.6178 0.1993
0.4838 -0.0878
-0.1360 0.6332
3.2026 0.0914
3.9047 -0.3788
3.8544 -0.1712
3.7704 0.0076
3.6829 -0.7367
4.7347 0.6452
3.4914 0.6663
3.0581 -0.0224
3.6164 -0.1398
4.1300 0.5922
4.0912 -0.0490
3.2850 -0.4194
3.9024 -0.1276
4.2995 -0.1254
3.7057 0.0953
4.6934 0.0668
3.3461 0.1405
3.3190 -0.2290
3.6853 0.0300
3.9650 0.0361
4.1119 0.8632
4.0839 0.4103
4.5570 0.1851
3.4448 -0.0378
3.9593 0.2742
4.1941 0.0568
3.8634 -0.6944
4.1060 0.6847
3.0619 -0.2589
3.6990 -0.0468
3.4675 0.1208
3.7657 -0.3652
3.8376 0.3352
4.2760 0.6484
4.2790 0.1872
4.4187 -0.0712
3.6939 -0.1257
4.0924 -0.2858
4.0985 -0.4961
3.9316 -0.1054
4.4333 0.0596
4.3720 -0.7103
4.3961 0.0249
4.3989 0.7854
4.9662 -0.1776
4.0428 0.7453
3.8928 -0.0412
4.0397 0.9152
4.2588 0.1991
3.3984 -0.0618
4.0327 0.1406
4.5565 0.2237
3.2941 -0.3789
3.9903 -0.5319
3.4141 -0.2179
3.7895 -0.0488
4.0897 -0.0803
3.7091 0.5111
3.7944 -0.2118
4.3224 -0.3011
3.6635 0.5762
4.4371 0.8838
4.0190 -0.6812
4.0939 -0.0804
4.0729 0.0901
4.1249 0.4454
3.8512 0.6804
3.9232 0.4364
4.0325 0.0620
3.6999 0.1901
3.3079 0.2615
3.8858 -0.0441
3.9844 0.0156
3.8749 -0.1384
3.9277 -0.0950
3.4812 0.0277
4.0478 0.0320
3.6580 -0.2353
3.9630 0.3539
3.6418 0.8825
3.5096 0.0570
3.8206 -0.3577
3.9839 0.0338
4.1804 -0.6662
4.3822 0.1406
3.9783 -0.0586
3.1759 -0.3603
4.2064 -0.3300
3.9978 -0.1858
3.7492 0.3851
3.9057 -0.0050
3.8589 -0.4779
4.0920 0.0498
3.3237 -0.7253
4.1026 0.4095
4.3853 0.2851
4.2355 -0.3181
4.6520 0.4274
4.2003 -0.2772
3.7477 0.0827
3.9612 -0.8613
4.8077 0.1202
3.3008 -0.0956
3.4944 0.0162
3.7515 -0.6153
4.3213 -0.1653
3.8559 -0.7394
3.5290 0.1708
4.6848 0.0531
4.6863 0.1290
3.9418 0.6650
3.9600 0.1641
4.5212 -0.4860
4.3003 -0.6424
4.7926 0.1767
3.8420 -0.3465
3.8706 0.2961
4.1526 -0.7821
3.9117 -0.2953
4.4145 -0.0126
3.2414 0.4107
3.9786 0.0718
4.2411 0.0742
4.4761 0.4674
4.3515 -0.2542
4.2122 -0.0929
3.5507 0.2427
3.6394 -0.4613
4.0177 0.0635
4.3677 0.1292
4.2965 0.2969
4.1293 0.2207
4.7360 0.3020
3.3663 -0.5687
3.3743 -0.7609
4.4081 -0.0031
3.5876 -0.3502
4.3111 -0.8933
3.9864 -0.0177
4.4413 -0.3427
3.4634 0.1774
4.2515 -0.7483
4.0944 0.0893
4.1263 -0.1579
4.0024 0.4035
3.7737 0.4164
4.3112 0.6592
3.7566 -0.3363
3.4584 -0.5307
3.2718 -0.1689
4.2161 0.2315
4.7328 0.0757
4.0840 0.5316
4.7270 0.0651
4.0317 -0.7507
3.3666 0.6345
3.1293 -0.4746
4.0073 0.5208
4.6290 0.6581
3.9233 -0.3723
3.8852 0.9634
4.4769 0.4262
3.5395 0.5854
3.2317 -0.1030
3.3661 0.1200
3.6021 -0.3827
4.1907 -0.7239
3.3757 -0.4061
3.9323 -0.1152
3.6771 0.1607
3.4069 -0.5055
4.3425 0.7473
3.8281 0.4740
3.5389 0.7995
4.6191 -0.0235
4.0528 0.0715
4.2310 0.1470
4.5886 0.6403
3.8400 -0.0452
4.8022 0.4507
3.0914 0.2447
3.8974 -0.1786
3.6273 -0.0306
4.1396 -0.8568
3.8002 0.7371
3.9684 -0.0031
3.7210 0.6314
4.0138 0.0188
3.3964 -0.0442
3.2437 -0.0334
4.2859 -0.1306
3.1744 0.2904
3.9931 0.0111
4.1925 0.9376
3.4960 0.1867
3.8767 0.0585
3.9212 -0.5038
4.5734 0.8142
4.3978 -0.4811
4.6394 -0.6503
4.1853 -0.0925
3.9591 0.0183
3.2816 0.3720
3.3119 0.0902
3.3082 0.1105
3.5721 0.4082
3.5185 0.7322
3.8530 0.0250
3.3954 -0.2640
4.0003 -0.2393
4.1345 -0.0954
4.3264 0.1601
4.2088 0.4102
4.0232 0.4747
4.0017 -0.0241
3.6156 -0.2317
4.1545 0.1613
4.8224 -0.4839
4.1980 0.0371
3.6793 -0.5574
4.0104 -0.0260
3.4517 0.2543
3.5955 0.0140
4.5726 -0.1737
3.9735 -0.0049
3.2460 -0.5220
3.9464 0.9761
3.9636 -0.0600
4.2674 0.1500
3.9392 0.0602
4.4589 -0.4066
3.7024 -0.1970
4.3054 -0.1775
3.9622 -0.0088
3.9337 -0.1577
3.9985 -0.1529
4.0852 0.0261
4.3748 -0.1703
3.9679 -0.1346
3.7431 0.3398
3.4253 0.0448
3.8992 0.1340
3.7133 -0.1140
4.0395 -0.0762
3.4631 0.6647
3.9284 -0.0305
4.7753 -0.0172
4.0683 -0.1405
3.9874 -0.3898
4.5729 0.7175
