-0.0415 0.0018
0.1636 0.5162
-0.2841 0.0116
-1.1464 2.0745
0.1390 -0.7260
0.3913 0.5326
-0.4420 0.8637
-0.3681 0.0241
-2.6259 0.5714
-0.2371 0.3631
-0.0941 -0.2389
-0.3839 0.9086
0.2379 0.2420
0.7621 0.2922
0.0196 0.0224
-0.8591 -0.2617
0.9762 0.1690
-0.4443 0.2391
0.7596 -0.4939
-0.0593 -0.0066
0.4909 -0.2517
0.3050 -0.6937
0.9360 -0.0240
-0.0518 0.4131
0.0432 -0.0029
-0.2942 -1.3949
-0.8124 0.3391
-0.1805 0.1099
0.2123 -0.6682
0.3714 -0.7110
0.2844 -0.0096
0.7134 0.2832
-0.1505 0.4643
0.1617 0.3539
0.0416 -0.0586
0.3608 -0.2305
0.9370 0.2484
0.1896 0.0270
0.1802 -0.7661
0.5682 -0.0952
1.3690 0.6367
0.7129 0.6336
0.1837 -0.2907
0.4430 -0.4831
0.1434 0.8470
0.3496 1.7370
-0.0557 0.0421
-0.2866 0.0176
-0.0092 -0.0431
0.3219 0.4201
