0.5590 -0.6559 -0.4616
-0.1896 0.2245 -0.2239
0.2868 -0.4602 0.6739
-0.5691 -0.3656 0.2756
0.0110 -0.3522 0.3488
-0.0028 -0.0245 -0.1300
0.1167 -0.1750 -0.3377
-0.0523 -0.0089 0.5885
0.1329 -0.3060 -0.0966
0.3250 -0.7229 0.6034
-0.5798 -0.4473 -0.1603
-0.1779 -0.0134 -0.1289
-0.2117 0.2872 -0.2617
-0.4172 -0.3026 0.8426
-0.6160 -0.1089 -0.4966
0.0272 0.1088 -0.1532
-0.1687 0.0652 0.0829
0.3927 0.5519 0.7217
-0.2431 -0.1691 -0.0177
0.0082 -0.1588 0.3451
0.2498 -0.4720 -0.1148
-0.2260 -0.0228 -0.9006
-0.2939 -0.3328 -0.4250
-0.2440 0.5002 -0.4195
-0.4311 0.0260 0.5704
-0.4084 0.3774 -0.1334
-0.0586 0.1492 0.2430
0.0008 0.0087 -0.3470
0.0076 0.0234 0.0147
-0.3904 -0.0670 -0.6464
-0.0917 -0.2212 0.1025
-0.1321 0.1917 -0.1569
-0.1286 0.0317 -0.2028
-0.0107 -0.0244 0.1390
-0.2313 -0.5237 0.1566
0.1548 -0.0922 -0.9488
-0.0304 -0.0813 0.2165
-0.7407 -0.3498 -0.3459
0.0740 0.0951 0.3278
0.7287 0.1230 0.2087
-0.5106 -0.3732 -0.0837
-0.1232 0.0666 0.3908
0.5458 -0.0929 0.7911
0.0839 0.0224 0.9517
-0.0355 -0.0717 -0.1470
0.0520 -0.7190 -0.0811
-0.1809 0.0275 -0.1063
0.3884 -0.3077 -0.5691
-0.4654 0.6252 0.6160
-0.5615 0.1152 0.1468
0.3491 -0.1550 0.7004
0.0519 0.2015 -0.1695
0.2609 -0.3025 0.0971
0.0774 -0.1809 0.7437
0.3903 0.2309 0.0793
0.4041 -0.1950 0.5654
0.0292 0.0027 -0.0367
-0.3428 -0.1432 -0.1017
0.0155 0.0036 0.0087
-0.1543 0.0669 -0.1508
0.0176 -0.0794 -0.0950
-0.4503 0.3310 -0.0337
0.1515 0.0553 0.0323
-0.1523 -0.0794 0.0609
0.2508 0.5386 -0.0750
-0.1605 0.3374 -0.7131
0.1432 -0.4959 -0.5296
0.0903 -0.0799 0.8316
0.0012 0.0236 0.2012
-0.0084 -0.0163 0.0167
0.2400 0.0363 -0.4938
-0.0482 -0.4893 0.1092
-0.4559 -0.3640 -0.0772
0.6206 0.5355 -0.1283
0.1828 -0.0334 0.8316
-0.0811 -0.2170 -0.0945
0.0901 -0.0416 -0.6333
0.4005 -0.6100 0.3552
0.1164 0.2939 0.6535
0.4450 -0.2502 0.0753
0.3730 -0.3975 -0.3381
-0.1349 -0.1616 -0.6095
0.3732 0.7538 0.2658
-0.0520 0.0053 0.0879
-0.0124 -0.2014 0.3564
-0.0478 0.0355 0.1286
-0.0094 0.0644 0.9022
0.0804 0.0569 0.1446
-0.0327 -0.0997 0.4443
-0.5565 -0.0582 -0.0329
-0.2090 0.5705 0.3026
0.1357 0.3120 -0.4263
0.0032 0.0572 -0.9765
-0.2829 -0.2954 0.3276
-0.4736 0.0101 -0.1317
0.3257 0.1445 -0.6415
-0.7441 0.4065 -0.5247
0.0297 0.2728 0.5727
-0.0333 -0.4210 -0.5474
0.0409 0.0057 0.0135
0.0106 -0.0469 0.0747
0.0003 -0.0007 -0.8963
0.4492 -0.3685 0.6163
-0.6502 0.7091 0.1951
0.7362 0.0501 0.5764
0.0096 -0.0120 0.2031
0.0458 -0.0626 0.0445
0.0524 -0.7309 -0.2212
-0.5436 0.5231 0.4520
-0.0390 -0.0862 -0.2406
0.0800 -0.0855 0.1454
-0.1169 0.0074 0.1398
-0.4824 -0.0554 -0.2777
0.0778 0.1135 0.0265
0.7505 -0.2761 0.4213
-0.1066 -0.6977 -0.2036
0.2788 0.2611 0.3856
0.1811 0.0107 -0.1237
-0.1440 -0.0223 -0.1458
-0.1892 0.4692 0.4715
-0.1675 -0.2272 0.6698
0.0293 -0.2460 0.0867
-0.0281 0.3715 0.3214
0.5451 -0.7472 -0.1637
-0.2762 0.4788 0.1533
-0.0095 -0.0052 -0.3468
0.0792 0.2415 -0.0047
-0.5493 0.3237 0.0918
0.0047 0.7551 0.0191
-0.0075 0.0078 -0.5325
-0.0006 0.0014 0.0025
-0.0899 -0.0455 0.7471
-0.0070 0.0014 -0.2756
0.3269 -0.4788 0.0829
0.0562 -0.0473 -0.1206
0.0995 0.1102 -0.4496
0.2912 0.1065 -0.0105
-0.1479 -0.3575 -0.2229
-0.1187 -0.1835 0.1691
0.4325 0.0108 -0.2610
0.1291 0.2986 -0.1128
-0.3805 0.0015 0.6412
-0.5462 0.2137 0.4531
-0.0220 0.0018 -0.0114
0.0060 0.0071 0.1561
-0.2631 -0.0070 -0.8423
-0.1230 0.2200 -0.1114
-0.0444 0.1059 -0.2342
0.1672 0.1399 0.3922
0.5794 -0.1916 -0.2200
0.1346 -0.1030 -0.0643
-0.0354 0.0184 -0.0076
0.2873 -0.1446 -0.5592
0.0620 0.2016 0.5206
-0.5513 0.3080 0.1909
-0.2213 -0.1538 0.1287
0.0840 -0.0125 0.0881
0.2627 0.4552 0.1926
-0.5364 0.3633 0.3609
0.0028 0.2698 0.2754
0.2617 -0.0123 -0.9299
0.0756 -0.0168 0.1810
-0.6413 -0.1905 -0.4643
-0.2620 0.3387 -0.8115
0.0193 0.0189 -0.0017
-0.0702 0.3212 -0.1044
-0.1142 -0.3398 -0.8614
0.3730 0.4615 -0.1620
-0.2208 0.1085 0.0093
-0.1473 -0.0752 -0.2783
0.2250 0.0358 0.2678
0.0485 -0.0758 0.7722
0.0625 -0.0568 -0.6065
0.0539 0.0122 0.2173
-0.0003 0.0046 -0.0904
-0.3565 0.0293 0.5383
-0.0368 0.1580 -0.2179
-0.5768 0.2562 -0.2306
-0.0157 0.0569 -0.0324
0.0227 0.0074 -0.1516
-0.1808 0.0382 -0.2392
-0.1799 -0.8046 -0.1808
0.4619 -0.4829 0.6114
-0.0457 -0.0124 0.1592
-0.3345 0.1127 0.5204
-0.1310 -0.1497 -0.1263
0.6565 -0.4253 0.0882
-0.3143 -0.0789 0.3635
-0.1554 0.0097 0.9848
0.3073 0.2954 0.4032
0.1137 0.3679 0.2499
-0.0702 -0.0387 0.2236
0.0112 0.0113 -0.0378
-0.2006 0.5015 -0.0185
0.0077 0.0038 0.0035
0.4189 0.2170 0.3889
0.1284 0.0563 0.2898
-0.0179 -0.0221 0.3788
0.3564 0.0572 0.5508
-0.2782 -0.2494 0.6627
0.1911 0.1423 0.5863
0.1644 -0.0934 -0.5913
-0.1026 -0.1195 0.9600
-0.0039 0.1018 0.0642
-0.0157 0.0002 0.0149
-0.0236 -0.0854 0.8550
0.0287 -0.0091 -0.2840
0.5868 -0.1083 -0.6787
-0.0215 0.0207 -0.0028
-0.0797 0.3025 0.6377
-0.4291 0.4482 0.5280
0.1428 -0.8239 -0.1240
-0.1132 -0.2945 0.2574
-0.0622 -0.0108 0.0404
0.0384 -0.3786 0.3518
0.1303 0.0846 -0.1972
-0.0788 0.3211 -0.6880
0.0152 0.1169 0.3842
-0.0418 0.0274 0.0009
-0.3533 0.2053 0.4045
-0.4109 -0.0004 0.4248
0.2186 0.0009 -0.1822
0.4419 0.6849 0.2923
-0.3470 -0.4104 0.0603
-0.0453 0.1082 -0.2168
-0.1904 -0.0045 0.6269
-0.1032 -0.2239 -0.1978
-0.2741 0.5250 -0.1338
0.4462 -0.1914 0.3743
0.0092 0.0062 0.0057
0.0735 0.0519 -0.5117
0.0003 0.0039 -0.3466
-0.6066 -0.5677 -0.1551
-0.3568 -0.1321 0.7966
-0.4614 -0.0948 -0.4725
0.4863 -0.3080 0.1236
-0.1505 -0.0420 -0.0558
-0.0819 -0.1388 -0.4530
-0.0078 0.0069 0.0337
-0.0989 0.0088 -0.0913
-0.0517 0.0761 0.0215
-0.0413 0.1718 -0.5724
0.1268 -0.0873 0.1143
-0.4095 0.5714 0.1299
-0.0078 0.0470 -0.0578
0.0320 -0.1132 0.5536
0.7456 0.0839 -0.2517
-0.0607 0.0425 0.1986
0.3751 0.0553 -0.2414
-0.3121 -0.1325 -0.4722
2.9459 0.0212 -0.6724
3.1957 0.0469 -0.1738
3.0011 -0.0017 0.0017
2.9405 0.0853 0.0743
3.1564 -0.1219 -0.6260
2.7113 -0.1262 -0.1581
2.8852 0.0259 -0.5282
2.7505 0.0476 -0.4767
3.0297 0.0056 0.0280
3.0017 0.0011 -0.0286
2.9456 -0.3437 -0.2790
2.9972 0.1238 -0.3959
2.9993 -0.0218 -0.0068
2.9394 0.0758 0.0119
2.9573 0.5294 -0.0422
3.2495 -0.1224 0.6244
2.6290 0.1647 0.4622
3.3519 -0.0605 -0.6071
3.1893 -0.3138 -0.5926
3.1119 0.2547 -0.0106
2.8777 0.0373 -0.1288
3.1643 0.0260 -0.3703
3.3880 -0.1312 -0.1474
2.5223 -0.1615 -0.2544
2.7294 0.1769 -0.8061
3.0697 0.1126 -0.2310
3.1847 0.3888 0.5158
3.0001 -0.0009 0.0392
3.2578 -0.6731 0.1307
2.9407 -0.3089 0.0160
2.8892 0.1734 0.6176
3.0853 0.0515 0.7229
3.0704 0.0739 0.2233
3.0052 -0.0053 0.0013
3.4173 0.3559 -0.7178
3.2489 -0.4915 -0.8149
2.9256 0.0008 -0.1061
2.2837 -0.3969 0.0748
2.9662 0.0282 -0.8704
2.3640 -0.4389 -0.6224
2.9367 -0.1144 -0.0402
3.1678 0.2771 -0.3375
3.0491 0.0279 0.4340
2.9509 0.0174 -0.2586
3.4186 -0.2291 0.7298
2.7363 -0.1976 0.7700
2.9654 0.0696 0.4389
3.3979 0.0780 0.0049
2.9820 -0.0214 0.0188
2.8269 0.0196 -0.0477
3.0048 -0.0103 -0.0709
2.7094 0.2116 0.2098
2.9481 -0.4278 -0.4945
2.5133 0.4319 0.6281
3.0559 0.0262 0.0853
3.0697 -0.0181 0.1484
2.9651 -0.0410 -0.5551
3.0861 -0.0197 0.1026
3.2253 -0.4053 -0.5755
3.0796 0.0705 -0.1693
3.3419 -0.1498 -0.4819
3.1895 0.1652 -0.7076
3.4513 -0.0398 -0.8083
2.9012 -0.0072 -0.3054
3.4176 0.3124 -0.1071
3.4325 0.0406 0.2064
3.0087 0.0300 0.7139
3.1698 -0.0243 -0.6704
3.0095 -0.0154 0.0166
2.9873 0.0081 -0.0216
2.8835 0.4620 0.5770
3.0904 0.1364 -0.0351
2.9935 -0.0183 -0.1056
2.5393 0.1022 -0.4947
3.3128 0.2599 -0.3373
2.7126 0.2560 0.4392
2.5458 -0.0190 0.2920
3.0231 -0.0031 -0.0033
2.5983 -0.1415 -0.1336
3.0191 0.0163 0.7089
2.3296 -0.4043 0.0132
3.5443 0.4019 -0.2729
2.9401 -0.3145 0.0521
2.9327 -0.1224 0.0636
3.4796 -0.4923 -0.2645
2.2690 -0.1917 0.2354
3.2814 -0.0454 0.2326
3.0524 0.1116 0.6856
2.7519 -0.6392 0.3931
2.9992 0.1194 -0.5588
2.9169 0.0894 -0.5280
2.9235 -0.0712 -0.0960
2.9422 0.0467 0.3574
3.5153 0.3790 0.0081
3.3402 0.0733 -0.0953
3.5151 -0.6534 -0.2736
3.0807 0.0212 -0.1931
2.9869 -0.1088 0.0111
3.0810 0.0233 0.0358
2.5547 0.3944 0.1376
2.8201 0.0991 0.1408
2.6608 -0.2287 -0.1635
2.9830 0.0110 -0.4034
3.4406 -0.1339 0.3076
3.1035 0.0519 0.2018
2.9472 0.2431 -0.2588
2.9478 0.0753 -0.0538
2.7278 0.6092 -0.6821
2.9788 -0.0554 -0.3671
2.8701 -0.1217 -0.4262
2.7751 0.3924 0.1640
2.9890 0.1536 -0.6293
3.0142 -0.0180 -0.0868
2.6741 0.0952 -0.5963
2.5911 -0.0724 0.2632
3.3116 -0.5744 0.2066
3.3483 0.7332 0.2956
3.0447 -0.0705 0.1026
3.0809 0.1560 -0.1183
3.2305 0.6764 0.5653
3.3310 0.3160 -0.2432
2.9170 -0.0159 -0.0683
3.2712 0.5934 -0.7191
3.0547 -0.0035 0.1020
2.9669 -0.0607 -0.8584
2.9602 -0.0087 -0.5427
3.5963 -0.1299 -0.4095
3.0587 -0.5913 -0.6246
2.9819 -0.0170 0.5121
2.2964 0.2260 -0.4754
2.8550 0.5900 -0.7287
2.3574 -0.0843 -0.4102
2.7436 -0.3276 0.2305
2.9826 -0.0055 0.4643
2.3131 0.3516 0.5594
3.2006 0.2481 -0.0436
2.9555 -0.0222 -0.5818
2.7821 -0.0495 -0.1265
2.9782 -0.0591 -0.0646
2.9788 0.0869 0.0776
2.9380 0.0065 0.1274
3.1905 0.3691 0.6131
2.8335 -0.6046 0.5440
2.9642 0.0417 -0.0579
3.0000 -0.0103 0.0228
3.1235 -0.0034 0.0790
3.7072 0.5080 0.2351
2.7391 0.5516 0.5191
2.9264 -0.0280 0.0351
3.0185 -0.0044 0.0465
2.9015 -0.0571 -0.0039
3.2339 0.2339 -0.1351
2.9421 -0.3961 -0.4800
2.7278 0.7280 -0.1512
3.2027 0.3483 -0.0156
2.9747 0.0010 0.0353
2.9221 0.1246 -0.1434
3.2637 0.3633 -0.0769
3.0163 0.0196 -0.0287
2.8545 -0.7984 0.2951
3.6735 -0.1353 -0.3151
2.9623 0.1610 0.0915
2.8909 0.1770 0.2165
2.8346 0.0308 -0.5239
3.0122 -0.0925 0.2513
2.9917 0.2857 0.2221
3.2238 0.2043 0.4731
3.1335 -0.1847 -0.5268
2.8100 0.5299 -0.2050
2.8072 0.0275 -0.0629
3.0139 0.0105 0.0631
2.7650 -0.1521 -0.2029
2.9338 0.1474 0.6910
2.9404 -0.1083 -0.6178
3.0258 0.2585 0.1850
2.9970 -0.0458 -0.1636
2.9521 -0.0972 0.5617
3.0791 0.1166 -0.3227
3.0124 0.0031 -0.0075
2.9907 0.0107 0.0385
3.2180 0.1817 -0.6225
2.9606 0.3125 0.5730
2.9742 -0.0222 0.0674
2.9922 0.3327 0.3616
3.0139 -0.0080 -0.1328
3.4657 -0.0213 0.1340
3.0497 -0.0368 0.8647
2.9062 0.2137 -0.1557
2.5682 -0.7774 -0.1607
3.6894 0.4432 0.1418
3.3660 -0.6289 -0.0687
3.0163 -0.0030 0.0106
2.8192 0.0762 0.8294
3.1271 0.0545 0.1934
2.8877 -0.0579 0.6170
2.9884 0.0406 -0.2978
3.0716 0.4827 -0.0547
2.6325 -0.1290 0.7260
2.2341 0.0513 0.1116
2.8434 -0.2171 -0.7825
3.0003 0.0003 -0.0195
2.9110 -0.0985 -0.1525
3.3197 0.3785 0.4801
2.9439 -0.0650 -0.4849
2.9320 -0.3511 0.0150
2.5277 -0.5246 0.0878
3.7151 0.0613 0.4203
3.0260 -0.1126 -0.0325
2.6765 0.2818 0.2596
3.2157 -0.6458 -0.6167
2.7179 -0.6994 -0.1556
3.1549 0.2170 0.1812
2.4228 0.1031 0.1539
3.1204 -0.0601 -0.0695
3.5538 0.2396 0.0532
2.6524 0.4025 -0.2632
2.9630 0.0020 -0.3331
2.4675 -0.0905 0.3254
3.0645 0.1149 0.4750
3.1256 -0.1306 -0.2805
3.0280 -0.0600 -0.1745
3.0405 0.0178 -0.0880
2.9975 -0.0007 0.0077
2.5981 -0.5565 -0.4813
2.8006 -0.1751 -0.4751
3.0105 0.0831 -0.0176
2.7287 -0.2155 0.2492
3.5994 0.2104 0.4715
2.9741 0.0746 -0.4316
2.7152 0.0690 -0.4021
3.2298 -0.0687 0.2200
3.8819 -0.0313 0.0985
3.5893 -0.5731 -0.2597
3.5063 -0.2523 0.5468
2.8832 0.1547 -0.4846
2.9971 0.0084 -0.7552
3.0383 0.0449 0.3755
2.8073 -0.3025 0.2409
3.2758 0.0776 0.4860
3.0635 0.1355 0.4129
3.0260 -0.0207 0.1757
2.9711 -0.0775 0.3586
2.9999 -0.0041 0.1518
3.6044 0.0073 0.4457
2.3999 0.0890 0.2768
2.6740 -0.6339 0.5904
3.0002 -0.0000 -0.0027
3.0791 0.1951 -0.2541
2.9448 0.3640 -0.2271
2.5307 -0.0497 -0.2355
