0.1921 -0.8987
-0.1934 -0.7290
-0.0185 -0.0665
0.1781 0.3123
0.2119 -0.1888
-0.0160 -0.0135
-0.8747 -0.2590
-0.4690 0.2946
0.1476 0.0567
0.7902 0.4036
-0.5177 -0.1540
0.8313 -0.0810
0.3459 0.3277
-0.2882 -0.3383
0.1513 -0.2037
-0.3157 0.8947
0.3537 -0.0943
0.2940 0.2463
0.5181 -0.8931
-0.0304 -0.0157
0.1301 0.0710
0.6008 -0.1039
-0.0119 0.3077
-0.4192 -0.0928
0.1946 -0.2104
0.9832 -0.4064
0.4501 -0.0658
-0.5719 -0.2192
0.7195 0.2407
0.1572 0.1921
-0.0326 0.0166
-0.2828 0.8027
0.9642 0.1531
0.8339 -0.6663
-0.5290 -0.0536
-0.3007 -1.0385
-0.7048 -0.6248
-0.0430 -0.0149
0.0610 -0.2481
0.5779 -0.4031
-0.2151 0.1039
0.0441 0.6526
-0.5752 0.2334
0.8089 0.2719
0.2488 -0.1951
-0.0192 0.2895
-0.3463 -0.2925
1.0017 0.6061
-0.8495 0.5142
0.9568 -0.4955
1.9721 0.0085
2.9534 -0.1614
2.2653 0.3958
1.4354 0.4761
2.8768 -0.0291
1.8311 0.6383
1.2963 0.1318
2.3983 0.7388
2.7540 -0.2711
1.9506 -0.1415
1.5963 0.5818
2.0002 -0.0050
1.7790 0.7248
0.9905 -0.5714
2.0858 0.6371
2.0211 0.1994
1.6341 0.1045
1.6863 0.8383
2.6833 -0.7280
1.2117 0.1875
1.7024 -0.0324
1.7544 0.2544
2.0715 0.0901
1.1946 0.3602
2.1985 -0.4021
2.3466 -0.9600
1.8031 0.2861
1.0065 -0.4449
3.1476 -0.1952
1.8307 -0.6915
1.3843 -0.3877
2.0410 -0.1122
1.2867 0.6290
1.9351 -0.7040
2.1484 0.6949
2.0377 0.2451
1.3380 -0.5391
1.7393 0.4041
2.2339 -0.5004
2.0287 0.5591
1.9952 0.0873
1.6802 -0.2376
2.2233 -0.4945
2.6463 0.0094
1.0981 0.3974
1.7923 0.3558
1.3904 0.4049
2.2218 0.4350
1.4971 0.2239
2.2109 -0.2005
