-0.2997 0.7544
-0.2691 -0.8920
1.4331 0.0554
-0.6137 0.5051
0.0876 0.3325
0.0975 -0.1880
-0.4910 -0.0059
0.1192 -0.5162
-1.0443 -1.1691
1.4535 -0.6346
-0.0412 0.0264
-0.6806 -1.2916
0.6298 0.3199
-0.4889 0.7825
0.1640 0.1691
0.0282 0.3464
1.2171 0.5700
-0.1013 0.1096
0.4768 0.2552
0.2963 -0.4136
0.0489 -0.0959
0.1024 -0.6372
-0.8609 0.3504
0.9004 0.9627
0.5023 0.7431
-0.2124 0.5485
-0.6124 0.2321
-0.3428 -0.8252
0.9056 0.4196
0.1876 0.6984
-0.6844 -0.5829
-0.0565 -0.1316
0.0387 -0.0714
0.0139 -0.4647
0.0850 -0.4282
-0.0311 0.0282
-0.6192 -0.3932
0.1655 -0.1720
-0.7307 -0.2548
-0.0314 0.7022
-0.3102 -0.4544
0.8290 -0.1301
-0.0230 -0.1058
-0.2437 -0.8046
0.2992 -0.2192
0.6712 1.2105
-0.0409 0.0543
-0.8684 -0.1950
-0.8210 1.3392
0.3144 -0.5464
-0.6879 -0.3873
-0.0862 0.1468
0.0518 0.2720
-0.0961 0.3296
0.3606 0.4834
0.1016 0.7200
-0.8216 -0.5281
-0.3157 -0.3619
0.5177 0.3495
0.4382 0.2360
-0.3422 1.5279
0.4257 0.1769
0.2329 0.1592
-0.0150 -0.6709
-0.5482 1.0804
1.3963 0.4564
-0.9143 -0.3973
-0.1116 0.6451
-0.0777 -0.0876
-0.2562 -0.6699
-0.2406 0.5277
0.9676 -0.2972
0.0022 -0.0031
-1.3176 0.2337
-0.3202 -0.0779
0.3705 -0.2656
0.0043 0.0418
-0.5368 -0.0989
0.4585 -1.5514
0.4397 0.8742
-0.4671 -0.3196
0.2582 0.4161
-0.1496 -0.2273
0.0582 0.0478
-0.3481 -0.7375
-0.3199 0.3417
0.0006 -0.0008
-0.2127 -0.0626
-0.1329 -0.5299
-0.7767 -0.9958
0.0814 -0.7680
0.5135 -0.3484
-0.5572 -0.3289
0.8875 -0.3995
0.0038 0.0008
-0.3517 -0.7088
-0.7817 -0.4319
-0.0203 0.0122
0.1615 0.1362
0.1141 -0.1520
0.1557 -0.2493
0.2358 -0.0864
-0.1939 0.7230
0.1011 -0.0615
-1.2824 -1.0456
0.0111 -0.2958
1.2373 0.8466
0.7596 -1.0020
-1.2525 -0.5112
-0.1960 -0.0822
-0.7282 -0.0325
-0.0901 -0.7013
-0.4988 0.3235
-0.0670 0.0180
-0.3251 0.2658
-0.1192 -0.1190
-0.0374 -0.5995
0.0737 0.0742
-0.2540 -0.0216
0.1489 -0.7885
-0.0738 0.1017
0.5581 0.5806
-0.4183 0.3379
0.1217 0.3563
-0.2175 -0.8221
-0.6878 -0.1489
0.0826 0.3777
-0.2687 -0.1181
1.4125 -0.0641
-0.0194 -0.0472
-0.0209 -0.6866
-0.0162 0.1433
0.1610 -0.0328
0.0359 0.0556
0.0686 -0.0435
0.5083 0.0847
0.7765 0.4486
-0.3837 -0.4698
0.1346 -0.0610
1.1056 -1.0351
0.8570 0.2294
1.3477 -0.8277
0.0740 -0.3469
0.0608 -0.0466
0.9000 0.2808
0.1251 -0.3515
-0.1008 0.1446
-0.0481 -0.3506
0.9862 0.5946
0.2683 -0.1243
-0.5579 -0.5723
0.0846 -0.6842
-0.2958 -0.0089
1.3121 -0.6696
0.1916 -0.2790
-0.1945 0.7500
0.4187 -0.0663
0.1573 0.0007
-0.6518 0.6300
0.1185 0.0228
0.4443 0.2672
0.0525 0.3926
0.3758 -1.1733
-0.2479 -0.8858
0.1841 0.9197
-0.7512 0.2833
-0.8482 -0.4410
-0.1044 -0.1800
0.0337 0.0288
-0.0697 0.0040
-0.3138 -0.1021
-0.1551 -0.7259
1.3357 -0.9025
0.1409 0.9221
-0.1093 0.0659
-0.0243 -0.1270
0.0122 -0.3001
0.1397 0.8504
-1.3279 -1.0051
0.2933 -0.0883
1.2167 1.1412
0.6896 -0.7224
0.5317 0.0668
0.7516 0.4961
0.0438 -0.4314
-0.5190 -0.5856
-0.0896 0.1080
-0.1627 -1.1039
0.4259 -0.7017
-0.2012 0.3751
0.8722 0.0545
-0.9133 -0.2040
-0.1383 0.0708
-0.5868 0.6810
0.1313 -0.2093
-0.7359 -0.4007
-0.0883 0.9094
0.4620 0.4231
0.2547 -0.1891
-0.0427 0.0229
0.4645 0.5178
0.0031 -0.1799
-0.3718 0.7822
0.8152 0.0437
-0.0184 0.0384
0.2585 0.6414
-0.9391 -0.4377
-0.0176 0.1015
-0.1488 -0.1075
0.7615 -0.0893
0.4075 0.0235
0.2295 0.1139
-0.3331 0.0591
-0.8184 0.1068
-0.0669 -1.0093
-0.6407 0.0447
-0.3509 -1.5043
0.0022 0.0042
-0.0570 -0.6791
0.0545 0.3453
-0.4674 0.1758
-0.4255 -0.5220
-0.2038 -1.2419
-0.3773 -0.5406
-0.4098 0.3234
0.0047 -0.0403
-0.6873 -0.0477
-0.1868 -0.4042
0.3196 -0.0272
0.4195 0.5662
0.6708 0.5212
0.8950 -1.3035
-0.8116 0.4976
-1.1994 0.5041
0.0541 0.2140
0.7569 -0.4672
0.0831 0.0453
0.2038 0.2145
0.0632 -0.5477
-0.4604 -0.3046
-0.0430 -0.0150
-0.0483 0.0424
-0.2701 0.1498
0.2765 0.1525
0.4407 0.8719
-0.6555 0.2891
-0.0998 -0.7580
0.2917 0.6609
0.0832 -0.2941
0.1876 -0.0733
2.6092 -0.0447
3.0949 0.2666
2.0125 -0.6289
2.7529 0.5344
2.5070 -0.6449
2.6237 -0.1800
1.8854 -0.5591
2.8396 0.2801
3.0742 -0.3266
2.4597 -0.9955
3.0947 -0.3467
1.9325 0.4030
2.9727 0.2664
2.3409 0.1755
1.6060 1.3459
3.0436 -0.3058
2.6941 -0.8754
2.3801 -0.2115
2.7010 0.3633
2.5016 0.6136
2.2997 -0.0424
3.1033 0.0017
2.4036 -0.1330
2.5272 -0.0378
2.6090 0.1279
3.4991 -0.3998
2.6110 0.0265
3.3859 -0.0656
2.2853 -0.5763
2.2704 0.4995
1.2374 -0.0458
2.7420 0.5188
1.5583 0.1052
2.3327 0.1077
3.0060 -0.0182
2.5201 0.2974
3.7887 -0.3510
2.7200 -0.0059
2.8827 0.0588
1.7128 -0.4594
3.3553 0.2009
2.8818 0.2248
3.3673 1.0691
2.6752 0.0391
2.6810 0.1651
2.4970 -0.6274
2.7370 -0.0105
2.8611 -0.4574
2.1267 -0.3202
2.3379 -0.2661
1.5765 0.2872
1.7442 -1.4990
2.3863 0.0481
1.9251 0.3818
2.7554 0.2231
2.2993 1.5442
3.5397 0.1076
1.6248 -0.4363
2.6458 -0.8249
2.1658 -0.0183
2.1208 -0.5891
1.8480 0.2132
2.6313 0.0250
2.0504 -0.0476
2.4440 0.7762
2.9723 -0.2456
1.7599 -0.6623
2.5776 0.4792
2.5581 0.3215
2.4672 -0.9227
3.1408 0.3076
1.6657 -0.1645
2.4730 -0.2049
2.2821 -0.1659
2.0327 0.2621
2.8200 0.3858
2.4719 0.1274
1.0589 -0.3766
2.0725 0.1824
2.5989 1.5871
2.2844 -0.3779
2.3629 0.1194
2.5602 0.1850
2.9012 0.9256
1.4746 0.5486
2.9266 0.3202
2.2448 -0.0623
2.7054 -0.0016
2.7041 -1.6172
2.9240 0.3282
3.2065 -0.3926
2.3058 0.0774
2.5314 0.1333
2.3164 0.7435
2.8111 -0.3430
2.9438 -0.5515
2.9973 -1.1402
3.3871 0.2165
1.9632 0.1442
2.9094 0.6209
2.2982 -0.0381
2.2011 0.3095
2.7881 0.7673
2.3131 0.2832
2.4947 0.0075
2.7063 0.4298
2.5679 0.1178
2.4211 -0.6796
2.5496 -0.3268
2.3694 -0.8093
1.8330 -0.4577
2.1052 -0.4608
3.5911 0.8344
2.5428 0.1885
2.0507 0.0732
2.5193 0.0558
2.4763 -0.0462
3.0445 -0.9847
1.5801 -0.3694
2.4890 -0.0046
3.1427 0.3042
1.1333 -0.0571
3.2137 -0.5556
2.7341 0.0610
2.4715 0.2043
3.4065 0.8224
2.2101 0.2357
2.8094 0.0305
2.5236 0.4086
2.9454 -1.4828
3.5481 -1.0825
1.8930 0.3592
2.5023 0.7386
2.7766 0.3922
2.2365 0.7000
2.3531 -0.1044
2.8485 -0.2558
2.8826 0.3410
2.5291 -1.4870
1.7222 0.1964
2.8099 -0.0108
2.4338 -0.1152
1.7321 0.0570
2.5006 -0.0007
2.8461 0.5883
1.4076 0.3713
3.0046 -0.2089
2.4535 -0.0702
2.4693 -0.5798
3.5490 -0.5667
3.1794 -0.8876
2.1756 0.0111
2.8467 -0.0562
2.1380 -0.2014
2.4555 -0.4179
2.8838 -0.2067
2.3593 0.0337
2.4859 0.0212
2.9036 -0.1701
2.5144 -0.0282
1.7388 -0.5108
3.0679 -0.4044
2.9196 -1.3524
2.3990 -0.1814
2.4954 -0.0158
2.5331 0.5179
1.9805 0.5680
1.9589 -0.4645
2.7984 0.2085
1.8209 0.1642
3.1486 -0.4234
2.0891 -0.3038
2.6348 0.4386
2.5415 0.9300
2.6395 -0.9497
1.1635 -0.5094
3.4778 -0.1893
3.5599 -0.5121
2.4035 0.2859
2.4262 -0.0450
3.3617 -0.4328
2.4942 -0.8299
2.5366 -0.0708
1.7322 -0.3053
2.4720 0.1236
3.1534 -1.4727
2.6987 0.0317
2.4972 -0.0032
2.1095 -0.6644
3.2199 0.5334
2.6776 0.1994
2.4583 -0.9100
2.3767 0.1199
3.6319 -0.5939
3.0678 0.6095
3.0055 -0.0531
1.8206 0.2315
1.9026 -0.5313
2.9541 0.3650
1.7548 -0.5293
1.4463 1.1867
1.9290 0.6845
2.4961 0.0282
1.2736 -0.1790
2.5733 0.2801
2.1158 0.4079
1.6610 0.5075
3.2942 0.0233
3.1824 0.3154
1.5613 -1.1220
3.3268 -0.8629
1.9152 -0.0529
2.9573 0.5684
1.8242 0.2039
2.5060 0.1015
2.9989 0.3607
3.0194 1.3265
2.6637 -0.9251
2.1437 0.2869
2.9965 0.4088
2.6317 0.1387
2.3822 0.4314
2.7589 -0.0468
2.4683 -0.0549
2.2423 0.1220
2.5035 -0.0065
1.5765 1.1305
3.2597 -0.0800
1.2122 -0.3826
2.4857 -0.1626
2.5157 0.1208
2.1173 0.1989
2.4550 -0.2163
2.0468 0.1596
2.4733 0.0218
2.1189 -0.6015
2.2927 -0.0212
2.4051 -1.1378
2.8913 0.3450
2.1515 0.2874
2.4696 -0.0270
2.6602 1.1097
2.1733 -0.4296
2.6334 0.1303
2.0102 -0.3036
3.3942 0.7748
4.1372 -0.2211
3.1204 -0.4752
2.8172 -0.4915
2.2893 -0.3342
