-0.5766 0.1342
0.7716 0.4145
-0.0418 0.0150
-0.3845 -0.6296
-0.6474 -0.6221
0.4024 0.1387
-0.1867 -0.1291
0.4255 0.1156
0.4559 -2.4215
-0.2193 0.4229
0.3902 0.2451
-0.0698 0.0494
-0.6285 -2.0168
0.4829 0.4693
-0.2371 -0.2196
0.0174 0.5426
-0.0220 -0.8431
-0.1485 -0.1579
0.1705 -0.2725
-0.0217 -0.0032
0.0580 -0.0067
0.5926 0.6312
0.8538 0.4959
-1.1457 0.2189
0.0446 0.2052
4.0905 0.0756
3.4230 -0.5531
3.6975 0.7581
4.1782 -0.2149
4.6268 0.5546
3.1209 -0.8182
3.9501 0.2242
3.9562 0.1188
3.1049 0.2538
3.3738 -0.6020
4.4161 -0.5211
4.4920 0.7058
3.7404 0.0243
5.0101 3.0276
3.3766 0.4243
3.5350 -0.0746
4.0957 -0.0598
1.7929 -2.2562
4.0869 -0.8382
4.0401 0.4463
4.1728 0.5378
4.0861 -0.1301
3.2685 -0.3115
4.3196 -0.3302
1.1111 -0.2131
