0.0682 -0.1249 -0.0217
-0.0893 0.0127 -0.0108
0.5051 0.5346 0.3415
0.0294 -0.0565 -0.2116
-0.0928 -0.7067 -0.5908
-0.0835 -0.0060 0.3302
0.4515 -0.1348 -0.2436
-0.2562 -0.1947 -0.4794
0.1401 0.4484 -0.6796
0.1998 -0.5240 -0.2007
-0.6748 0.9130 3.2951
0.0507 -0.0171 -0.2279
0.0267 0.0958 0.1720
0.3651 0.0438 -0.4247
0.6478 0.5427 0.1051
-0.0089 -0.0918 0.0895
0.0769 0.0039 -0.7175
-0.4800 -0.3448 -0.5949
0.8454 -2.0005 1.6445
-0.1043 -0.0014 -0.1857
0.0770 -0.0037 0.1613
0.1703 0.0559 0.3813
0.1670 -0.0641 -0.3959
-0.0004 -0.0001 -0.7470
0.2478 -0.2218 0.9010
-0.2131 0.4109 -0.7493
-0.4774 -0.6446 0.0695
0.0495 0.0288 -0.1708
-0.0207 0.0184 0.0175
0.0009 0.0004 0.0026
0.4932 -0.1940 0.8205
-0.2396 -0.1464 0.3031
-0.0062 0.0001 -0.9585
0.8144 -0.5358 0.2057
-0.3678 -0.5211 -0.1721
0.0026 -0.1469 0.1837
0.0014 -0.0118 -0.1156
0.1183 0.2855 -0.1154
0.4555 -0.1590 -0.5257
0.4140 -0.6995 0.0587
0.1438 -0.1195 -0.2560
-0.0296 -0.0289 -0.0400
-0.1487 0.3607 -0.2956
0.5048 -0.1940 0.1282
-0.0398 -0.0413 0.4781
0.1487 0.1153 -0.0277
0.1028 -0.1808 0.1074
0.3343 0.5289 -0.4732
-0.0969 0.0188 0.1051
0.0549 -0.0899 -0.8577
-0.0421 0.6737 -0.1126
-0.3662 0.2092 -0.1589
0.0617 0.1878 0.1112
-0.1729 0.1526 0.3753
-0.0017 0.0010 0.0024
0.0068 0.3964 -0.7538
-0.1775 0.9451 0.1301
-0.1009 -0.0747 0.4125
0.0643 -0.2072 -0.9316
-0.1467 0.0702 0.0958
0.4702 -0.3073 -0.2268
-0.0104 -0.0220 -0.0756
0.4135 0.2878 -0.2850
-0.0019 -0.0010 0.1318
0.0125 -0.0508 -0.1203
0.1045 -0.1152 -0.3912
0.2102 -0.4283 0.4250
-0.0002 -0.0005 -0.0164
0.5056 -0.7181 0.3133
-0.0557 0.0175 -0.4325
-0.1181 -0.1560 0.0557
0.1565 -0.0130 -0.7010
-0.0281 0.0247 -0.0456
-0.3276 0.2926 0.8214
0.0111 -0.0078 -0.8482
0.0122 -0.2935 0.0821
-0.0464 -0.6094 0.1495
0.0152 -0.0393 0.2619
0.0888 -0.1181 0.3480
0.1414 -0.2927 -0.0639
0.0009 -0.0014 -0.0882
-0.4563 0.2495 0.0627
-0.6585 2.9601 -2.0086
0.0543 -0.1489 0.3410
0.0233 0.0509 -0.2090
1.4471 2.5020 -1.1646
0.8934 -0.0131 -0.3673
-0.2261 -0.0487 0.0080
-0.4175 -0.7025 -0.0578
0.0642 -0.1405 0.0212
0.4889 1.5046 -3.0973
-0.0442 -0.0353 -0.0926
-0.1844 -0.1401 0.0035
-0.1927 -0.1384 -0.6413
-0.2354 -0.6245 -0.3502
0.0063 0.0191 0.0325
0.2822 -0.1107 -0.2917
0.0102 0.0575 -0.0563
-0.0750 0.0029 -0.5808
-0.6759 -0.5468 0.3050
