0.7719 -1.8701 -0.5300
0.6142 0.6043 -0.0567
0.4199 -0.4217 -0.0289
-0.3175 0.0703 -0.1511
0.0995 0.0468 0.1165
0.1770 -0.0339 0.1643
-0.3271 0.0367 -0.8776
0.0652 0.0862 -0.1640
-0.0284 -0.0426 -0.1926
-0.0843 0.1191 -0.5422
0.2262 -0.7540 0.2010
-0.4568 0.0461 -0.2826
0.0323 0.1409 -0.9145
0.0347 -0.0184 0.6472
-0.5073 -0.4600 0.3193
0.4689 -0.5569 -1.3161
-2.7818 -0.6336 -1.3086
0.2323 -0.1062 -2.6920
0.2134 0.8599 -0.6056
-0.7312 0.2541 -0.1039
-0.3329 0.1542 0.8566
0.0805 0.1510 0.7673
0.0979 -0.1286 -0.3344
0.1454 -0.1514 -0.1356
0.4696 0.1010 -0.4280
-0.1752 -0.0738 -0.0159
-0.0052 0.0138 -0.3431
0.1422 0.7638 -0.4241
0.1016 -0.1192 0.0964
-0.0725 0.0223 0.6450
-0.2662 -0.3006 0.2694
-0.2566 0.0438 -0.4351
-0.5177 -1.1262 1.6184
0.3125 0.2291 0.2231
0.1178 0.3851 0.0621
0.1667 0.0520 -0.1765
1.7838 -1.5740 -1.8694
-0.1150 -0.6243 -0.2943
0.5368 0.3708 -0.6592
0.0630 0.9114 0.7381
0.5704 0.0344 0.3742
0.6394 0.0860 -0.1303
-0.0031 -0.0715 -0.1057
0.6567 -0.3168 0.0078
0.1384 -0.8634 2.5737
0.7223 -0.3748 0.2321
0.0646 -0.1250 -2.3786
-0.0498 -0.0247 0.0008
0.4672 0.4378 -0.2578
-0.0916 0.1043 0.4352
0.8017 -0.3244 -0.2342
-0.0465 0.8636 0.2619
0.2099 -0.2283 0.4258
-0.0071 -0.1598 0.1369
0.0903 -0.1331 0.0133
-1.3193 -0.2364 -2.0776
-0.0043 0.0200 0.2564
-0.1830 -0.0583 -0.1876
-0.5690 0.5306 -0.1365
-0.2526 0.3262 -0.3852
-0.3607 -0.3682 0.5533
0.0073 0.0133 -0.1849
-0.2648 0.1408 0.0389
0.0773 -0.2160 -0.9397
0.1534 0.0507 0.0952
-0.8078 -0.2885 0.2393
-0.0024 0.0461 0.0140
0.4248 -0.3013 0.5535
0.1824 0.0450 0.5845
-0.2631 0.1801 0.1640
0.0426 -0.1073 -0.8710
0.2845 -0.1292 0.5075
0.0863 -0.2777 -0.9187
0.6009 -1.3149 -1.7383
0.0543 0.0342 -0.0678
0.5181 0.0252 0.1817
-0.0878 0.1818 0.2989
-0.0032 -0.0071 -0.3100
-0.0758 0.0915 -0.1494
-0.3788 -0.0920 0.3353
-0.2977 1.6562 0.2661
-0.1795 0.6710 1.6167
-0.3790 0.1705 0.2448
0.0529 -0.4578 0.4691
0.1208 -0.0655 0.1667
-0.8578 -0.1074 0.2109
0.0529 -0.1258 -0.1249
1.5597 -1.5262 -0.7414
-0.0602 -0.1071 0.0639
-1.3751 1.0468 -0.4898
-0.0116 -0.3736 0.2524
0.0245 0.2841 -0.3551
-0.4579 -0.1202 -0.0873
-0.0041 -0.0078 0.1836
-0.0202 0.0273 -0.0230
0.0795 0.0870 -0.1739
-0.1384 -0.5999 0.5392
-0.2350 -0.7333 0.1609
0.0338 -0.0597 0.8998
-0.0014 0.0408 -0.0899
0.1040 0.3321 -0.6439
0.2324 0.1041 0.0823
0.0382 -0.1864 0.7114
0.0486 -0.1160 -0.1749
-0.8003 0.1735 -0.4229
-0.5461 0.1843 -0.7348
0.3856 -0.2487 -0.3648
0.0291 -0.1097 0.8280
0.5198 -0.0292 -0.0332
0.4237 0.0275 0.1859
0.1401 0.2306 -0.8791
0.0208 -0.0348 0.6541
-0.2109 0.0021 -0.4283
0.1535 -0.1497 -0.2971
-0.3670 0.0605 0.3250
0.1765 -0.0244 0.4352
-0.4056 1.5592 0.7325
-0.0023 -0.6679 0.6295
0.5209 -0.1506 -0.2800
0.1474 -0.0035 -0.2430
-0.0029 -0.0021 -0.0044
0.3377 -0.0426 -0.2063
-0.2292 -0.0721 -0.8077
0.1173 0.0392 0.2094
-0.0310 0.7900 0.0054
-0.1041 0.6901 0.7149
0.0141 0.0007 -0.0183
0.0008 -0.0925 0.1178
-0.7665 1.9747 -0.2049
-0.1255 -0.2528 0.8230
-0.2513 0.2162 -0.1787
0.0570 0.0972 -0.5680
-0.4870 -0.2587 -0.0806
-0.2339 0.3247 0.3775
-0.0625 0.1257 0.0330
-0.4626 -0.0473 -0.5837
-0.7273 -0.3899 -0.1185
0.5074 -0.2879 -0.1122
0.7979 -1.1406 -1.0609
-0.2438 0.2182 0.4909
-0.0371 0.0126 0.1982
0.2006 0.0253 -0.2433
-0.0594 -0.0254 -0.0368
0.1418 0.7278 -0.1797
-0.0540 -0.0868 0.1927
-0.3968 -0.2261 -0.4523
0.1261 0.2447 -0.1975
-0.4844 0.2340 0.4552
0.0475 0.0147 0.0026
0.6383 0.2541 -0.2009
-0.0026 -0.0068 -0.0142
-0.2141 0.7220 -1.2354
0.5521 -0.0444 -0.7840
0.0739 -0.2821 0.2367
0.0252 -0.0055 -0.1282
0.1396 0.0744 0.2349
-0.3427 -0.1193 0.0986
0.1807 0.1466 0.1027
-0.0272 0.0268 -0.5326
-0.3002 0.3682 -0.2936
0.0743 0.3302 -0.5610
0.0933 0.1873 -0.7458
-0.1872 0.0050 0.4569
0.0013 -0.4952 -0.3428
-0.3803 -0.4377 0.2458
0.0127 0.0408 0.1478
0.4292 1.7429 1.3812
-0.4686 -0.5531 0.1080
0.3463 0.0925 -0.7307
0.3871 -0.4527 -0.4402
0.0070 -0.1020 -0.0768
-0.0012 0.0055 -0.0037
0.5022 -0.3421 -0.2838
0.2638 -0.6689 -0.4731
1.5267 -0.8315 -0.1899
1.1994 0.2412 0.4188
-0.2834 -0.2784 0.8221
0.6328 -0.1869 -0.0342
-0.1272 -0.2930 -0.0450
-0.2094 -0.4835 -0.3488
-0.2875 0.2402 0.2977
-0.0507 0.1913 -0.1174
0.1503 -0.0252 0.5039
-0.0162 0.3241 0.3659
-0.0939 -0.3438 0.1658
-0.2837 0.7519 0.4774
0.5676 -0.5778 0.2338
0.0221 0.2436 0.0463
-0.0804 0.1193 0.1935
0.3393 -0.1217 -0.0395
0.2340 0.1801 0.0606
-0.1154 0.1295 -2.4623
-0.1146 -0.1258 -0.5634
-0.4377 -0.2273 0.7817
0.7577 0.0222 -0.0870
0.1054 -0.0403 -0.0922
0.0074 0.0004 -0.3389
-0.0637 -0.0210 0.5541
0.5217 0.5146 0.2442
0.5579 -0.1578 -2.1715
-0.6537 0.1659 -0.4397
-0.0261 -0.0944 -0.5313
0.0857 0.6030 0.2839
0.2755 0.5547 2.2020
0.1880 0.1770 -0.0844
-0.0924 -0.3572 -0.7650
-0.3328 0.3336 0.3495
-0.0556 0.0664 -0.0241
-0.2114 -0.6204 -2.3684
0.0370 -0.0218 0.0403
0.3688 -0.6139 0.7579
-0.8518 0.6426 -2.9107
-0.0026 -0.0407 -0.0083
2.4132 -0.3923 1.9049
1.4895 0.3622 0.6130
0.1657 -0.5935 -0.6919
-0.3475 0.3782 0.0308
0.1077 0.0012 -0.4079
0.1748 0.1492 0.0063
0.0624 0.1183 -0.2148
0.0511 -0.1824 -0.8145
0.0477 0.0634 0.4689
-0.3951 -0.6458 -0.0706
0.7828 -0.4088 0.0220
0.0225 -1.2920 1.5758
-0.0285 0.0442 0.2001
-0.0137 0.0390 -0.1061
-1.3473 0.9974 -2.4198
-0.1323 -0.2461 -0.2388
-0.1108 -0.1273 0.6162
0.5510 0.2139 0.5084
-0.4149 0.5857 0.5161
-1.3870 1.4005 0.2679
0.4351 -0.9408 -0.0903
0.1154 -0.0563 -0.9459
0.4361 0.0203 -0.8189
-0.4845 0.8429 2.3647
-0.2734 -0.2448 0.4009
0.3550 -0.1076 0.2476
-0.3379 -0.6051 0.4594
-0.0823 -0.0326 0.4599
-0.1132 0.0356 0.2900
0.2047 -0.1196 0.5623
-0.0363 -0.2696 -0.5150
0.6784 -0.0847 0.1081
0.1369 -0.2167 0.0169
0.5833 -0.4993 -0.2242
-0.7830 0.6560 -0.8318
-0.1595 -1.0623 -0.8024
0.6238 -0.5460 0.2934
-0.0748 0.1246 -0.1923
-0.8579 -0.5950 2.0936
0.5491 -0.3962 0.1666
0.2802 -0.6307 -0.4980
-0.4992 0.2566 -0.3707
1.2225 -0.9625 -1.2809
-0.4209 0.5371 0.6785
0.8407 0.7832 0.8049
0.3703 -0.2308 -0.1986
-0.7648 -0.4894 -0.0963
0.2145 -0.6834 0.1563
0.0322 -0.0554 0.0280
0.0010 -0.0046 -0.0295
-1.0086 -0.4932 -1.0196
0.3369 -0.1885 -0.4798
0.3494 0.0178 0.1152
0.6154 1.5106 2.4513
-0.6344 0.0611 0.7289
1.2257 2.2884 0.0291
0.0028 0.0133 0.2293
-0.0023 -0.1475 -0.1490
0.2442 0.0640 0.1915
1.4508 -0.0539 0.3666
-0.8797 -0.1448 -0.6219
-0.1182 0.0650 0.2864
0.0616 -0.1639 0.4694
0.0991 -0.0792 -0.2533
-1.1633 -0.3801 0.9556
-0.2979 -0.2321 1.6350
-0.1842 -0.2114 0.0783
0.2261 -0.2914 0.3360
-0.8161 0.9044 -1.1646
0.1159 0.1515 -0.6426
-0.0532 0.0933 0.7449
-0.5753 -0.4498 -0.3163
-0.0378 0.0651 0.1906
0.0201 0.0017 0.3465
-0.0488 -0.5805 -0.5513
0.2971 -0.4851 0.1098
-0.3269 -0.5339 -0.4055
0.4394 -0.1321 0.7038
0.2229 -0.4386 -0.5141
-0.6721 0.5141 0.4738
-0.0859 0.1185 0.3142
-0.1186 -0.0805 -0.9364
-0.0795 -0.0017 0.1202
-0.0805 0.1241 2.1952
0.0080 0.0042 0.0912
0.6430 -1.6923 -0.1605
-0.1652 0.0277 -0.5683
0.1472 0.8745 0.2437
-0.2684 0.1525 0.1715
0.2260 -0.0152 0.0161
0.6460 0.2298 -0.5044
0.0004 -0.0004 -0.0053
0.6589 0.1127 0.4306
-0.0071 0.0074 -0.1320
-0.0490 0.1761 -0.2367
0.0085 0.0108 -0.5441
-0.3692 -0.0333 0.7692
-0.3105 0.3397 0.4723
0.0006 -0.0001 -0.6687
-0.0565 0.0198 -0.3315
-0.5384 -0.4974 -0.6008
0.1313 0.1689 0.0074
-0.1027 0.1025 0.0546
0.1903 0.0054 0.8671
-0.0157 -0.0773 0.0874
-0.4317 0.4553 0.0385
-0.3402 0.0421 -0.4042
0.0056 -0.0129 -0.7942
-0.4100 -0.3052 0.1579
-0.2208 0.1023 -0.4178
-0.0008 -0.0024 0.0247
0.4086 -0.3140 -0.5619
0.1657 -0.1893 -0.7046
-0.0020 0.2115 -0.0089
0.5504 -0.0265 -0.5324
-0.1064 0.0383 -0.0711
-0.2629 0.5075 -0.0412
0.1703 -0.0525 -0.3142
0.1045 0.1248 0.0937
0.5855 0.1094 0.3100
0.5517 0.2421 0.5462
-0.3946 0.4101 0.0667
-0.1652 -0.0202 0.1378
-0.1489 0.5106 -2.6694
-0.3050 -0.0479 -0.6123
-0.1633 0.1578 0.1569
-1.5422 0.4588 2.5410
0.7693 1.7947 -0.7781
0.0075 -0.0508 -0.0964
-0.1824 -0.3346 0.8759
0.1589 0.0118 0.4298
-0.0204 -0.0175 -0.0842
-0.0069 0.0472 0.6315
-0.1268 0.0263 0.3319
1.3788 1.2415 -0.1378
0.0232 -0.0048 -0.0525
0.0546 0.3185 -0.1789
-0.0154 -0.0437 0.0348
0.0244 0.0253 -0.5612
-1.0997 0.1780 -1.4593
-0.6551 -0.0474 -0.1548
-0.0677 -0.8621 0.2128
0.2510 0.1454 0.0326
0.0286 0.4226 0.7692
-0.0969 -0.2551 0.6589
0.0002 -0.0144 0.0921
-0.2734 -0.6947 -0.1899
0.3834 -0.3447 -0.2682
0.6434 0.4836 -0.5121
-0.0504 0.0321 0.2281
-0.0117 -0.4936 0.6215
-0.0509 -0.0085 -0.2364
0.3550 -0.0158 -0.1192
0.0376 0.0714 0.0393
-0.1268 -0.3105 0.1492
-0.0201 -0.0102 -0.0541
-0.0532 -0.0411 0.1050
-1.3866 0.9068 0.8850
-0.1875 0.6146 0.1216
0.0276 0.0114 -0.6525
-0.0228 -0.0795 -0.0961
1.5716 -0.1862 -1.8132
-0.3010 -0.1403 -0.7995
1.3255 1.9758 0.7377
0.4953 -0.1933 -0.7619
-0.2660 0.1379 -0.8994
0.0633 0.5922 0.3227
0.0332 0.0043 0.0738
-0.0860 0.1971 -0.1204
-0.1344 0.6818 -0.1672
0.0030 0.1715 -2.0774
-0.4579 -0.2342 -0.7487
0.1099 0.0053 0.3015
-0.0033 -0.0034 0.1019
-0.0034 0.0134 0.4923
0.2151 0.1827 -0.3173
0.1542 -0.0612 0.8949
0.0385 -0.0372 -0.9926
-0.6260 -0.4578 -0.3095
0.8211 0.5145 0.1714
0.4042 0.1056 0.4999
-0.0105 0.0094 0.2548
-0.0190 -0.0102 0.0671
0.0268 -0.1989 -0.0248
-0.2724 -0.2342 0.5659
0.0609 -0.1878 -0.8371
-1.7228 1.0395 -0.4321
0.1642 -0.0221 0.2009
-0.2052 -0.1943 0.1457
0.0656 -0.7139 -0.4871
-0.0117 -0.0123 -0.4446
-0.0192 0.0896 0.6926
-0.0262 0.0282 -0.7693
-2.3427 -1.4566 -0.8001
0.1955 0.0620 -0.1340
0.0599 0.0749 0.3875
-0.2860 0.5401 1.8690
0.0059 0.0176 -0.1832
0.4054 -0.4520 0.3850
0.0571 -0.1904 -0.8030
0.0563 -2.9930 -0.8715
0.2781 0.0651 -0.0277
-0.2690 0.1384 -0.4557
-0.5988 0.1029 0.6299
-0.1452 -0.1481 0.6092
-0.0017 0.0039 0.0203
-0.2109 -0.3089 -0.7461
0.1952 -0.1694 -0.2968
0.0082 -0.4232 0.2486
-0.0899 -0.4548 -0.1263
-0.6549 -0.5539 0.1107
0.0337 -0.0356 -0.1435
-0.1228 -0.0697 -0.9387
-0.0703 -0.2505 0.1743
0.3230 -0.0034 -2.5643
0.0899 0.4394 -0.3638
-0.1308 -0.9326 0.2434
-0.1349 -0.1492 0.0363
-0.2672 0.3772 0.0568
0.2463 -0.0943 -0.5023
0.6783 0.0169 -0.6013
0.0147 -1.0758 1.2089
0.0171 -0.0047 0.0387
0.1903 0.3649 0.5174
-0.1005 0.3309 0.0412
0.4339 0.2349 -0.2376
-0.3786 0.2917 -0.1242
-0.0406 -0.2299 0.4053
0.0475 -0.5518 -1.4739
0.3709 0.4475 0.0464
-0.2232 0.1089 0.8157
0.0010 0.0138 0.0325
0.0031 -0.0022 0.5136
-0.5193 0.3929 0.2177
-0.0492 0.3434 -0.1787
0.0875 0.3214 0.0012
-0.2709 -0.0896 -0.3159
-0.0351 0.0835 -0.3465
0.0048 -0.0016 -0.0091
-0.0221 0.0294 -0.1856
0.0029 -0.0839 0.1438
-0.8002 1.5774 0.4741
0.0265 -0.3162 -0.1501
-0.1146 -0.1337 0.4439
-0.5966 -0.4915 -0.0219
-0.0208 -0.0551 0.3205
0.2686 -0.5738 -0.6266
-0.1845 -0.5116 0.2939
-0.3396 -0.0747 0.8449
-0.2620 -0.8031 0.0343
0.3897 0.3132 -0.0343
-0.5364 -0.6846 0.1725
-0.4838 -0.0263 1.9365
0.1998 -0.6055 0.1804
-0.0437 0.0117 -0.0020
-0.0334 -0.0150 -0.1043
-0.1871 0.0344 0.7700
-0.0274 0.0671 -0.0468
0.4351 -0.7592 0.2192
0.0801 0.0312 0.0288
0.2026 0.1566 0.8025
-0.0040 0.1013 -0.4735
1.3545 -1.4487 2.2785
-0.3455 0.0993 0.2752
0.0218 -0.0669 -0.6474
0.0594 -0.0361 0.0416
0.8462 0.2725 0.4552
-0.2624 0.3401 0.0232
0.4748 -0.3339 -0.0388
0.0116 -0.0093 -0.0044
-1.3763 -1.3531 -1.0380
-2.1546 -1.3659 0.4591
0.0016 0.1011 -0.1280
-0.1796 2.2891 -1.7800
-0.2110 0.4446 0.1421
0.2099 2.1560 -1.1277
-0.0676 -0.1353 -0.2724
-0.5452 0.2635 0.0913
0.1405 -0.4039 -0.8201
-1.2446 -0.1608 -2.0411
0.1669 0.0455 -0.0379
0.4195 -0.4817 0.5986
-0.0588 0.0002 0.0179
-0.0070 0.0817 -0.3964
0.4769 -0.3796 -0.6309
-0.0789 0.1132 0.4386
0.0074 -0.6206 0.2615
