-0.4036 -0.1088 0.6926
0.1670 -0.0520 -0.1986
0.1349 -0.1210 -0.0720
-0.3312 0.0618 -0.4202
0.1942 -0.7494 -0.7075
0.0078 0.2312 -0.2119
0.4095 -0.3787 0.3668
-0.1849 -0.5916 -0.0635
0.3565 0.1555 0.9530
-0.4771 -0.0635 0.0900
0.3987 0.1214 -0.0029
0.1358 -0.3603 0.7690
0.1285 0.0852 -0.4545
0.0245 0.0812 -0.0559
0.2234 0.2445 0.3356
0.1773 -0.6019 2.7391
-0.0432 -0.1139 0.1211
0.3242 -0.8620 -0.2486
-0.2441 0.1787 0.6170
0.0231 -0.1219 0.6488
0.3669 0.5916 -0.1224
-0.5211 -2.1448 -1.9618
0.0287 -0.0305 0.1719
-0.4272 -0.0745 -0.6749
-0.4816 -0.0912 0.1636
-0.0021 -0.0202 0.0837
0.2048 -0.2526 -0.4080
0.2976 -0.5331 -0.4062
-0.0364 -0.0039 0.8837
-0.1214 0.0253 0.1704
0.2813 0.1057 0.2150
0.3952 0.7885 0.4338
0.0549 -0.0020 0.0548
-0.1251 -0.1233 0.7090
0.1604 0.2223 -1.0682
0.1217 0.0343 -0.1343
-0.0517 0.0198 -0.0742
-0.0204 0.0734 0.1288
0.0210 -0.2081 -0.7743
-0.5476 0.0382 0.6150
0.0011 0.0098 -0.0060
-0.3249 -0.2749 0.4915
0.0263 0.0486 0.3856
0.0030 0.0007 -0.0047
-0.2767 -0.1473 0.3752
-0.2556 0.1375 -0.2981
-1.9819 -0.4328 -2.3224
-0.8048 -0.1341 0.5750
0.2076 -0.1731 -0.8977
-0.0119 -0.0601 0.1658
1.0779 0.3309 -1.3536
0.5847 -1.5684 0.5031
-0.9504 -0.3480 -0.5382
0.2608 -0.4299 -0.9050
0.2881 0.8334 -1.9792
-0.2598 0.0168 -0.5442
0.0352 -0.2235 0.2816
-0.6971 -0.1459 -2.5007
-0.3498 -0.6031 2.5300
-0.3149 0.1992 0.1854
-0.0636 0.1815 0.2694
0.1491 -0.2787 0.1867
0.6414 0.0480 -0.0530
-0.6676 -0.4942 -0.1921
0.0064 0.0209 0.0608
-0.0462 0.0500 -0.3601
0.0662 -0.2788 -0.7414
0.0892 -0.0127 -0.3606
-0.0671 -0.0078 0.2615
0.0051 -0.1861 0.8039
0.1731 0.6281 -0.7249
-0.0115 -0.0791 -0.0956
0.5735 -1.4758 2.0460
0.3876 -2.3769 1.9216
-0.0699 0.0181 0.0623
-0.0311 -0.1714 0.8522
-0.3259 -0.3816 -0.8292
0.3800 0.0306 -0.4113
0.0048 0.2094 -0.1904
0.1392 -0.1903 0.0892
-0.2502 -0.6201 0.5632
-0.0516 -0.0563 0.2604
0.0382 -0.1136 -0.2651
2.2001 0.6661 0.2069
0.4415 0.0023 0.0529
0.6545 0.2113 0.1769
0.0733 0.1732 0.2312
-0.1511 0.0790 0.0042
-0.5456 0.3668 -0.0647
-0.2542 0.0454 0.4776
-0.0316 0.0375 0.8126
-0.0077 0.0018 -0.0493
0.0641 0.1463 0.7116
-0.4052 0.0356 0.5161
-0.8901 0.1160 0.1839
0.0363 -0.0039 -0.4420
-0.1091 -0.0549 0.3347
-0.0084 0.0092 -0.8608
0.8645 -0.3642 -0.3377
-0.0011 0.0014 0.1134
0.1600 -0.1806 -0.6080
-0.8913 0.3318 -0.0564
-0.0834 -0.4564 -0.5885
0.3276 -0.3360 0.1914
-0.0421 0.1368 -0.0996
-0.0063 0.0173 0.0867
-0.1530 -0.9067 -0.7216
-0.0084 0.2765 -0.5307
-0.0420 0.1982 -0.1067
0.0091 -0.0238 0.0718
-0.5307 -0.1345 0.4722
-0.0522 -0.4153 0.1896
-0.3204 0.7387 0.0721
0.0300 0.0319 0.1105
-0.0684 0.0756 -0.3091
-0.1355 0.1865 -0.2568
0.0814 -0.0593 -0.1077
0.0076 -0.0988 -0.0086
-0.0542 0.3122 0.7562
0.2973 0.2956 0.3097
0.3952 0.0858 0.8228
-0.2490 0.3557 -0.8300
-0.4684 0.1943 -0.7233
0.0001 0.0001 0.1090
0.2816 0.4011 0.5949
0.7503 -0.1938 -0.6167
-0.0589 -0.1313 -0.0601
-0.1943 0.4607 0.7817
-0.0066 -0.0009 -0.0292
0.6962 0.3649 -0.2268
0.3449 -0.8305 -0.0041
0.3821 0.0960 -0.3508
0.0112 -0.0638 0.5258
0.3303 0.2352 -0.0894
0.2436 -0.4727 -0.3387
-0.0209 0.3626 -0.1837
0.0062 0.2684 -0.0198
0.8360 0.4843 0.1060
0.4194 0.0079 -0.0194
0.0191 0.0039 -0.0134
0.0237 -0.0466 -0.1402
-0.0701 -0.0153 0.1826
-0.1895 0.4261 -0.2168
-0.3185 -0.1126 -0.3969
0.1263 0.5031 -0.4436
-0.8010 -0.4386 -0.0957
-0.0853 0.0931 0.1527
-0.2001 -0.3610 0.2922
-0.0306 0.0275 -0.3383
0.0536 -0.0533 -0.2256
0.4564 -0.1923 0.6984
0.1209 -0.1875 -0.2778
0.3107 0.6408 -0.0761
-0.1321 0.2495 -0.0992
0.0400 0.9286 -0.2066
-0.0800 0.0043 -0.1228
0.1691 -0.1589 -1.6387
-0.0339 -0.1202 0.9782
1.0289 -0.2786 2.8219
0.0905 -0.2697 -0.6309
0.1454 0.3154 -0.6068
0.2075 0.0053 0.5535
-0.1211 -0.3293 -0.5806
-0.3190 0.4124 0.1706
-0.1161 -0.0317 0.1540
-0.2879 0.2167 0.6573
-0.0706 -0.0644 -0.3703
0.3113 -0.3867 0.6161
-0.3382 -0.2289 -0.3441
0.2930 0.0671 -0.4538
0.5562 0.0423 0.7766
0.1645 0.0255 -0.1857
0.0386 0.1824 0.0551
-0.2529 0.0595 -0.3166
-0.1667 0.3353 -0.7040
-0.0002 0.0004 -0.1889
0.5030 -0.2661 0.4906
-0.3817 0.3783 -0.3510
0.4192 0.0193 -0.2606
0.3498 -0.4517 -0.1839
0.1165 -0.4623 -0.2212
-0.3918 0.9669 2.1276
0.6608 0.5491 -0.3922
0.3073 0.2885 0.4249
0.0458 0.2291 -0.0788
0.2564 0.1815 0.2430
-0.2190 -0.4148 0.0893
-0.0261 0.0817 -0.2774
-0.9364 0.0092 -0.1757
0.0721 0.0200 0.0229
-0.4404 -0.0477 0.3126
0.1237 -0.0828 -0.0784
0.6716 1.8169 1.0047
-0.0892 0.2307 -0.2589
-0.2034 -0.0776 0.0168
-0.0446 -0.0854 -0.1654
-0.1895 0.8166 0.0665
-0.8617 -0.0422 -0.7005
-0.0439 0.0522 0.1127
0.0257 0.0718 -0.1598
0.2088 -0.2367 0.0477
-0.2867 0.8590 -0.2573
0.6016 0.4502 -0.3270
-0.1358 0.0885 0.9479
-0.0045 -0.0189 -0.0072
0.0671 -0.1749 -0.4651
-0.1398 0.2059 -0.0236
0.0353 0.0156 -0.7868
0.0658 -0.0648 0.4292
0.4659 0.3195 0.4310
-0.1866 -0.3503 0.0720
0.5490 0.1736 0.0119
-0.1742 0.2756 0.8693
-0.2342 -0.5607 -0.2047
-0.3912 0.3482 -0.2227
0.1297 -0.0069 0.1750
-0.2996 0.0593 0.0177
-0.3280 0.6159 0.1725
0.0644 0.3458 -0.1681
0.1179 0.2427 0.6090
0.3204 0.4008 -0.1656
-0.2150 0.2079 0.1772
0.0424 0.0646 0.8113
-0.1478 -0.4292 -0.1881
-0.3401 -0.0913 -0.1764
-0.2785 -0.1962 0.3961
0.0131 -0.0333 -0.0098
0.1796 0.0823 -0.4057
0.0566 0.0331 0.1411
0.1334 0.1122 -0.2823
0.0261 0.0302 -0.4805
0.0239 -0.6226 -0.2061
0.2524 -0.0629 -0.1640
0.8515 0.7973 0.1069
-0.2588 -0.2072 -0.7765
0.2451 0.1679 -0.1034
-0.7119 1.9947 -1.0108
0.3145 0.7843 2.6478
2.3152 -0.0127 -1.5506
-0.0052 0.0629 -0.0432
-0.0582 -0.0556 -0.0164
-0.2949 0.0820 -0.9324
0.2023 -0.2226 -0.1803
-0.8879 0.0051 0.0820
0.3424 -0.0216 0.4907
0.2519 -0.1039 0.5090
-0.1874 -0.0265 0.0180
-0.2494 -0.6303 -0.2333
-0.9370 -0.4628 -2.5561
0.0409 -0.2087 0.4085
4.1852 0.1345 2.6418
3.9752 -0.0075 -0.8873
4.8392 0.0622 2.9982
3.9063 0.1002 -0.4081
3.8062 0.3702 0.0462
3.9781 -0.0574 0.0652
3.5729 -0.1205 0.7158
4.2401 0.0723 -0.7476
3.6749 -0.1494 -0.6110
3.0707 -2.1098 -1.5834
3.9007 0.0232 -0.0088
3.9558 -0.0559 -0.0707
4.0334 0.0333 -0.1296
3.6182 -0.0707 0.1070
3.9354 -0.0179 0.4613
3.9990 -0.5390 0.6365
4.0315 0.0055 0.3982
4.1026 0.0434 0.9159
4.2094 0.0063 0.8346
4.0082 -0.7284 -0.0871
4.0134 0.5906 -0.5053
4.1125 -0.0227 -0.5003
3.8499 0.0061 -0.0314
4.0608 0.0843 -0.7454
4.0305 0.3937 -0.3245
3.9706 0.3563 -0.3393
4.3450 0.1135 0.1864
4.3329 -0.1111 0.3501
3.9182 -0.1078 0.9861
3.8619 -0.0535 -0.3172
3.9923 0.3960 -0.7601
4.1776 -0.1230 1.3077
3.9668 -0.0734 -0.1239
4.0001 -0.0001 -0.0003
3.7880 0.0195 0.6718
4.0653 -0.0429 -0.0336
4.1289 -0.1362 0.4479
4.3444 0.3215 -0.1592
3.9185 0.1178 -0.7432
3.8149 -0.2715 0.4403
3.9761 0.0592 -0.6846
3.9889 0.0222 -0.3605
3.6602 0.1540 -0.0429
4.0047 0.0024 -0.2409
4.2129 0.0438 0.6186
3.8868 0.0588 0.0265
3.6293 0.1121 0.4318
4.0392 0.6603 0.3489
4.1958 -0.0074 0.0256
4.2015 -0.8388 0.1890
3.8599 0.3334 0.0509
4.0547 0.1763 -0.3312
4.2247 0.0162 -0.5850
4.8030 -0.1193 0.0626
4.1683 0.0710 -0.4506
4.0029 0.0079 -0.0559
4.4666 0.0760 -0.3788
3.7516 0.3063 -0.4540
3.9106 -0.1723 -0.2069
2.1255 -1.1077 -1.9649
3.9886 -0.0958 0.3701
4.0303 -0.3039 0.0323
4.1465 -0.0502 0.6401
4.4672 0.4543 -0.0563
3.8888 -0.2973 -0.2807
3.9239 0.1014 -0.1120
3.8637 -0.1960 0.4956
3.8370 -0.0336 0.3670
3.5663 0.0150 -0.2420
3.2786 0.0343 -0.4463
4.1025 0.1283 0.3767
5.8387 -2.1895 0.6960
3.9275 -0.1199 -0.1064
4.2197 0.0264 0.8357
3.8205 0.3403 -0.8874
2.1602 -1.0515 -2.2532
4.1494 -0.0777 0.0680
3.7442 -0.8586 -0.2493
3.4403 0.5581 2.3782
4.0023 0.0430 -0.0750
5.7802 0.9809 0.5225
3.3250 0.2065 -0.3757
3.8771 -0.1380 0.6011
4.0422 0.2010 -0.4808
3.9358 0.1873 -0.2546
3.5711 0.2717 0.0161
4.1084 0.4142 -0.0524
3.8367 -0.1579 0.0546
4.2110 -0.1946 -0.4730
4.1009 0.5133 0.4616
4.0111 -0.0523 0.2575
4.7156 -0.1131 0.1464
4.1621 0.9035 0.1989
4.0452 0.0090 0.0840
3.5264 0.7523 -0.1911
3.8634 0.0315 -0.2584
4.1189 -0.2017 -0.9104
3.8128 -0.0160 -0.6193
3.5931 -0.3056 0.1264
4.5326 0.7724 0.2777
4.2461 0.1025 0.2597
3.9146 0.1245 0.0118
3.4303 0.1682 -0.0588
3.8534 0.2226 -0.4169
4.0546 0.0689 -0.0462
3.8432 0.0569 -0.5493
4.1463 0.2219 -0.1133
4.0478 -0.0582 -0.1415
3.9509 0.0314 -0.1724
3.9364 -0.0195 0.0589
4.2992 0.2416 0.8700
4.1321 0.9686 0.1989
4.0047 -0.0188 -0.0274
4.3761 0.3348 -0.3057
4.0455 -0.1412 -0.4740
3.4309 0.0095 -0.2008
4.0046 0.0043 -0.3963
3.8576 -0.2951 0.3105
1.5801 0.5241 -1.7273
4.0643 0.0228 -0.0413
4.0681 0.2433 -0.1165
3.4293 -0.1080 0.1633
3.9817 0.0038 0.0489
3.5368 -0.4383 0.3039
3.9421 -0.0825 0.2627
3.9155 0.0174 0.1987
3.7751 0.5181 0.2274
4.1379 0.0947 -0.8203
4.6982 -0.3156 0.3396
3.4924 -0.0907 -0.8187
4.0608 0.0033 -0.7299
3.6963 -0.4714 0.3185
4.0095 -0.1676 0.0437
4.0677 -0.0802 0.1321
3.7025 -0.2770 0.3417
3.6559 0.2896 -0.2252
3.9959 -0.0463 0.8753
3.4130 0.3966 0.3295
4.4785 -0.0134 -0.8562
4.0204 -0.1397 0.3317
4.0772 0.0527 -0.0461
3.9504 -0.1232 -0.3950
4.1142 -0.1146 -0.1225
3.8790 -0.0097 0.5963
4.4217 -0.7413 2.5727
4.7476 0.2975 0.0139
2.9356 -1.5171 1.8202
4.2412 -0.3812 -0.8653
4.0558 0.0641 0.5754
4.3613 0.1333 0.0530
3.7068 0.2392 0.3174
3.8871 -0.0906 0.0562
3.9659 -0.2300 -0.2172
4.7274 -0.2617 0.0707
3.6128 -0.0062 -1.1281
3.8315 0.8807 -0.2748
4.0511 0.2898 0.4159
3.9483 0.0783 0.7264
3.6973 -0.0667 -1.9290
3.9542 -0.0918 0.8481
3.9938 -0.0093 0.1251
4.0437 0.0496 0.4977
4.0007 0.0146 -0.0088
4.0190 0.5411 -0.3608
4.0925 -0.0258 -0.0910
3.8908 0.1359 0.0019
3.3129 0.5578 -0.4620
4.0347 -0.0967 -0.5339
4.0108 -0.9663 -0.1609
4.0272 0.0427 0.0270
3.9759 -1.1289 -2.4532
4.0939 0.0138 0.0289
4.4118 0.1810 -0.8870
3.9841 0.0009 0.0492
3.9702 -0.0430 -0.0916
4.0146 0.0280 0.0067
4.1330 -0.4387 0.8752
4.0922 -0.0404 -0.0032
4.0757 -0.0764 0.6374
4.9281 1.4279 -2.1777
3.6600 -0.1653 -0.3377
4.1817 0.0513 0.8628
3.8614 0.0348 0.0683
4.0858 -0.0395 -0.2310
3.4118 0.1728 -0.5412
4.2265 -0.1928 0.4028
3.8177 -1.0456 -1.1819
4.0523 0.1640 -0.1383
3.9212 0.0594 -0.6979
4.1996 1.1909 -0.2689
4.0998 0.1395 0.7154
4.0161 -0.0024 -0.0622
4.1624 -0.2233 0.8119
4.0376 -0.0786 -0.1923
3.6225 0.0974 0.1340
4.0693 0.0535 0.2636
3.9679 0.4290 -0.0468
4.0753 -0.3607 -0.1646
3.9796 0.4878 0.6728
3.7478 -0.4278 -0.4070
4.0086 -0.0063 0.0345
4.3488 0.7506 0.0814
4.0683 -0.2870 0.3116
4.3510 -0.0166 -0.8818
4.4639 0.0239 -0.5526
3.9944 -0.0711 0.2764
3.8063 -0.4507 -0.1731
3.6342 -0.0605 -0.7431
3.8885 -0.1263 0.4639
3.9895 0.0829 -0.1057
3.9801 0.5969 -0.1439
4.3705 0.0555 -0.0112
4.0726 0.0954 -0.2189
4.0334 -0.1069 -0.1598
3.8457 -0.1859 0.8914
6.8550 -0.7141 0.8017
4.0415 0.1931 0.5966
4.1391 -0.0969 -0.5146
4.0447 0.0902 0.0051
3.8785 0.2123 -0.2154
4.1217 0.7166 0.5148
3.7776 0.4699 -0.8150
4.0616 -0.0526 -0.8572
3.9447 -0.2348 -0.0548
3.7199 -0.4279 0.7365
3.9825 -0.7800 0.1371
3.9294 0.1881 -0.2861
4.5468 -0.6056 -0.0330
3.3017 1.4681 0.7721
4.0632 0.0730 0.5425
4.0641 0.2652 1.2159
4.0287 0.0663 -0.0294
3.9610 0.1217 0.3564
3.3956 0.2758 -0.0491
3.8640 0.4572 -0.6501
3.2862 -0.3068 -0.3514
3.9387 0.0929 -0.5999
3.7822 0.2024 0.5533
4.0720 0.0219 -0.1187
4.1407 0.0201 -0.0446
3.7795 -0.0949 -0.0736
4.0334 -0.0444 0.0700
4.9334 0.2408 -1.4518
3.6177 -0.0875 0.2623
3.9045 0.0141 0.2758
4.0297 -0.0951 0.1049
4.1759 -0.0553 1.1969
4.3822 0.7741 -0.1672
4.0722 -0.3536 -0.7474
4.1351 0.6467 -0.2760
