0.0846 -0.3762
-0.5181 0.3313
-0.7069 0.2487
0.0802 -0.1603
-0.0163 -0.4382
0.4987 0.0192
-0.0450 -0.0341
-0.0851 0.0424
-0.3948 0.1473
-2.1891 -1.1776
0.0494 -0.1445
-0.3035 0.6035
0.2532 0.1376
0.6379 0.3549
-0.7812 -0.5852
-0.2171 0.4999
-0.3722 0.2088
-0.4804 -0.6424
0.1704 -0.0774
-0.1956 0.9789
-0.0853 -0.0722
0.0836 -0.5706
-0.2015 0.7463
0.0997 -0.1242
-0.0129 0.3037
0.4176 0.4379
1.5525 -1.8369
0.0863 0.0099
0.3751 0.5004
0.4112 0.1876
-0.0126 0.0619
0.0081 -0.0118
0.8066 0.3901
-0.4631 0.0551
-0.2339 -0.6271
-0.2136 0.1478
0.3648 -0.5221
-0.6059 0.3847
0.3274 0.6545
0.2309 0.0838
