0.0013 0.0054 0.0839
0.0000 0.1980 0.0336
-0.4030 -0.0115 -0.4000
-1.4957 -0.6190 0.4182
-0.1941 -1.5982 -1.4374
-0.0029 0.0175 -0.3579
0.1571 -0.2324 -0.1863
-0.3115 -0.5137 0.0051
-0.0057 0.0178 -0.0405
-0.0762 -0.1210 0.2215
0.3762 0.5845 0.3270
-0.0929 0.2004 0.1423
0.2391 0.2028 -0.1760
0.0158 -0.4301 -0.7934
-0.0047 0.0097 0.0088
-0.2200 0.0314 0.3558
0.0634 0.0019 -1.9780
2.2909 0.3582 -0.3801
-0.2098 0.2227 0.5249
-0.2894 0.3682 -0.4062
0.7388 0.0370 0.5731
-0.2007 0.1133 -0.4992
-0.0686 -0.0440 -0.4596
-0.0596 0.3537 0.3862
0.0369 0.0116 0.2653
0.3316 -0.2988 -0.2901
0.1549 -0.0447 -0.5991
-0.1096 0.3047 -0.0621
0.8612 -0.0782 0.1068
0.0027 0.0091 -0.8867
0.3320 0.2481 -0.4647
-0.1444 -0.3787 -0.3804
0.3657 0.1943 -0.0138
0.1058 0.4285 -0.6444
-0.5497 0.3064 -1.9022
-0.1827 0.1049 0.3907
0.1467 0.1916 0.5082
0.0460 0.0291 -0.2272
-0.0307 -0.1342 -0.1235
0.3651 0.7452 0.2301
-0.0950 -0.0542 0.1390
0.1299 -0.0359 -0.2707
0.0879 -0.1293 0.6693
0.5992 0.2496 -0.2191
0.1717 0.1265 0.6511
-0.0705 0.0897 -0.1530
0.0973 0.2645 1.4590
-0.3869 0.0644 -0.0917
-0.0293 -0.0276 -0.0101
-0.3493 0.6784 -0.1423
0.0955 0.2153 -0.1968
0.1226 0.8193 2.1484
-0.0987 -0.0633 0.3545
-0.4419 0.3925 -0.9057
0.3397 -0.0939 0.8567
-0.0246 -0.2290 0.7763
0.2188 0.1061 -0.1202
-0.4047 0.0277 0.2024
-0.2268 -0.5061 -0.0073
-0.4018 -0.3305 0.4416
0.0856 -0.0661 -0.0189
-0.0004 -0.0327 -0.0610
-0.0306 -0.0619 -0.3710
-0.0016 -0.0534 0.6507
0.2083 1.2595 -0.1100
-0.0045 -0.0048 -0.1117
0.0018 -0.0006 0.3818
0.0089 -0.0122 -0.1311
-0.1137 0.0548 -0.8839
-1.6824 -0.5311 1.3037
0.4712 0.0205 -0.8664
-0.1643 -0.1519 -0.6387
0.0080 -0.0016 0.0143
0.3680 0.0446 -0.8529
1.9187 -1.0192 0.8090
-0.2066 0.1476 0.1015
-0.1900 0.4894 0.0710
0.0017 0.0066 -0.7456
-0.0060 -0.0138 0.2104
-0.0318 0.1679 1.4839
-0.4388 -0.1774 -0.4520
-0.0022 0.0094 0.9304
0.1028 -0.5450 -0.3508
0.1153 -0.6783 1.9455
-0.0814 -0.1138 0.4076
-0.9777 0.0542 0.0423
-0.3192 -0.0007 -0.1307
-0.0015 -0.0141 0.0242
-0.4388 0.3200 0.5513
2.1985 -0.4087 1.4208
0.1269 -0.0731 -0.0196
-0.2031 -0.3921 -1.3282
-0.2224 -0.0065 0.6035
-0.1812 -0.0732 -0.2302
0.0263 0.1046 -0.0583
0.0546 0.0257 0.0645
-0.1064 0.0223 0.0222
-0.0797 0.0540 0.0107
-0.1476 0.1808 -0.4553
-0.0005 -0.0498 0.1554
3.4934 0.1232 0.0809
3.7774 0.2015 0.9059
3.5991 -0.0598 -0.0300
3.4929 -0.0053 0.1048
4.1716 0.4098 -0.5619
3.4926 -0.1731 0.1664
3.3674 -0.4436 -0.5120
3.5270 0.1262 -0.1795
3.5819 0.0752 -0.3908
3.2382 0.0375 -0.0102
3.3795 0.7177 -0.1523
4.2313 0.3116 2.5609
3.7570 -0.4276 -0.1402
3.6714 -0.5610 0.9201
3.5649 -0.0853 0.5424
3.3771 -0.4095 -0.0351
3.7086 0.3557 -0.1893
3.2091 0.3331 -0.0359
3.5434 0.0338 -2.1886
3.5547 -0.1449 0.0408
3.0051 -0.1348 0.6091
3.7581 -0.3150 2.2913
3.3853 -0.0412 -0.3968
3.4817 -0.1904 1.3638
3.4951 0.0015 0.0044
3.3375 0.1801 0.5587
3.4360 0.2705 0.4577
3.4973 0.0211 -0.5139
3.5130 -0.0153 -0.3127
3.4162 0.3110 0.3872
3.6823 0.4247 1.1372
3.9721 0.3049 -0.6905
3.3938 -0.0117 0.1981
3.4936 -0.7022 -0.5480
3.4784 0.0067 0.0048
3.5138 -0.1116 -0.1403
2.8104 -0.1253 0.2573
3.5716 -0.0661 0.3330
3.4391 0.0433 -2.1560
3.5041 -0.1752 0.2174
3.4798 -0.0005 0.0257
3.3999 -0.0458 -0.9976
3.4021 0.1973 0.7174
2.8530 0.4907 0.0872
3.0686 -0.2601 0.2932
2.9227 -0.2092 0.7422
3.4737 0.0014 -0.1794
4.3845 -0.3475 -1.7434
3.2608 0.0329 -0.4094
3.7286 0.4041 -0.2310
3.6202 -0.0541 -0.0281
3.7952 0.7979 -0.4590
3.9602 -0.4396 -0.1885
3.4989 -0.0030 0.0025
3.5949 -0.0634 -0.2025
2.9371 0.4369 -0.1935
3.3475 -0.1472 0.0009
3.4258 -0.1296 -0.1148
3.1002 0.2363 -0.3012
3.4995 0.0458 0.5791
3.5538 0.5737 -0.1703
3.1284 0.1240 0.0304
3.3142 -0.1198 -0.3752
3.5585 -0.0606 -0.1707
3.5572 -0.3223 0.6123
3.5208 0.0028 0.3252
4.1267 0.9882 -2.1935
2.5244 -0.4956 1.8289
3.4072 -0.2879 -0.1790
3.3756 0.6287 -0.4060
3.7365 -0.3772 0.2737
3.1132 0.7299 0.2877
2.1718 0.2102 -0.5609
3.6113 -0.4395 -0.8742
3.6720 0.2283 0.6807
3.3739 -0.1211 -0.1251
2.8874 0.2914 -0.2811
3.1307 -0.3634 0.1747
3.4896 -0.0180 -1.5062
3.5071 -0.0120 0.1695
3.4280 -0.0752 0.9389
3.5435 -0.1270 -0.0605
3.4476 -0.3549 -0.2468
4.0455 0.6716 -0.2871
4.0469 0.4497 0.6874
2.7682 0.2994 -0.2487
3.4915 0.0318 0.8605
3.4357 -0.0684 0.3804
3.3958 0.1628 -0.1927
5.3771 0.6433 -0.7621
3.3510 -0.2420 0.2754
3.5107 0.0000 -0.0112
3.3077 -0.0983 -0.8230
3.6239 0.1488 -0.1035
3.5013 -0.0005 0.0131
3.2705 -0.5416 -0.5383
4.8611 -0.4177 -1.9359
4.1660 0.1218 -0.3175
3.4563 -0.5604 0.5868
3.7275 0.3110 -0.9042
