-0.1756 -0.0031 -0.7042
-0.3136 0.1381 0.7103
0.4588 0.5954 0.4743
0.0244 0.1489 -0.6478
-0.1680 0.5110 0.7184
0.7579 -0.5162 -0.2059
0.2801 -0.3479 -0.4875
-0.1750 -0.2790 0.3760
-0.2127 -0.4046 0.3353
0.0325 -0.2828 -0.3540
-0.6861 0.2066 -0.5578
-0.3106 -0.8767 -0.0492
0.0418 0.0799 0.0374
-0.0113 -0.1083 -0.8690
-0.0163 -0.1239 0.7547
-0.0459 -0.0087 0.2379
-0.2949 -0.0028 0.3597
-0.4726 0.2049 0.6374
-0.0357 0.0181 0.7180
0.2339 0.0066 0.0265
0.0032 -0.0050 0.0012
-0.0113 -0.0300 -0.7198
-0.7169 0.4158 -0.4535
0.0589 -0.2135 -0.4317
0.5975 -0.2428 -0.0630
-0.5780 -0.7350 0.4031
-0.2553 0.1245 0.9192
-0.1354 0.5111 0.2346
0.0793 0.0467 0.1395
0.3043 -0.2453 0.2901
-0.6892 0.0492 0.3389
-0.0703 0.0933 0.8853
-0.5399 -0.4053 0.2117
1.1267 -1.0165 -1.6952
-0.0844 0.3382 -0.3427
-0.0027 -0.0052 -0.0153
0.6419 0.8321 0.2161
-0.0345 0.1358 0.4241
-0.0573 0.0179 -0.1924
-0.0915 -0.0574 0.4587
-0.1876 -1.1810 0.7757
-0.3625 -0.1411 0.1882
0.0728 0.0721 -0.0777
0.1090 -0.1681 -0.3370
-0.1140 -0.1995 0.0810
-0.3464 0.7152 1.1591
0.0473 -0.0459 -0.1566
-0.3944 -0.0414 -0.8933
-0.3780 0.1719 0.1085
-0.0833 0.0484 -0.0163
-0.6590 0.0074 -0.6026
0.0009 0.0039 0.1127
0.0100 -0.0005 -0.0503
0.0042 -0.0762 -0.9648
-0.6096 0.4764 -2.1913
0.0126 0.1572 -0.5502
-0.3097 0.0407 0.7737
0.1206 0.6009 0.1443
0.0111 -0.0438 -0.4333
0.8937 -0.1075 -0.3283
0.0081 -0.5476 -0.5329
-0.0216 0.0566 0.2965
-0.4503 0.4326 -0.0154
0.1239 -0.2213 0.3027
-0.1319 0.0625 0.6174
-0.2002 0.3330 0.2123
-0.1214 -0.0276 -0.8721
-0.6119 0.0223 0.1080
0.7062 -0.0864 -0.6123
0.5125 -0.3800 -0.5735
-0.1201 -0.1241 -0.5872
-0.1054 -0.0430 0.3492
-0.0487 0.0111 0.8544
-0.0687 -0.0563 -0.0625
0.0047 -0.0025 -0.3408
0.0127 0.0198 -0.0359
0.0925 -0.0283 0.0040
-0.3105 0.0928 0.5811
-0.5221 -0.4088 -0.6954
0.0228 -0.0360 -0.0451
0.0608 0.2659 -0.3447
-0.1191 -0.5812 -0.7203
-0.0625 -0.0446 -0.9299
-0.0291 -0.2302 0.7512
0.3493 0.5259 -0.2413
-0.3227 0.1449 -0.6592
-0.0399 -0.1377 -0.8007
0.0222 -0.0849 -0.0585
0.0516 -0.7637 0.2263
-0.3636 0.3660 -0.3753
0.3609 -0.2067 2.0174
-0.1270 0.0012 0.1006
-0.3194 -0.2535 -0.6799
-0.1532 0.3698 -0.6398
-0.0583 -0.0737 -0.3035
-0.0161 -0.0779 0.0234
0.6625 -0.0488 0.0146
-0.2724 0.4645 0.2511
-0.0320 -0.7517 0.3756
-0.0369 -0.0562 0.8328
-0.1195 0.0878 0.1896
-0.3439 -0.1752 -0.0459
-0.0194 -0.0324 0.4323
-0.0544 0.1544 -0.0493
-0.1879 0.8719 0.3623
-0.1933 -0.1723 0.4628
-0.0010 -0.0288 -0.8800
1.6018 -2.1901 -0.3873
0.1870 0.4530 -2.2755
0.0112 -0.0016 -0.0811
0.3961 0.0556 0.1180
0.1694 0.5980 0.1517
0.0490 -0.0550 -0.2262
-0.1607 0.6062 -0.2795
0.0105 0.3104 -0.5972
-0.0753 0.1779 0.7606
0.1484 0.0039 0.4608
0.3124 0.3909 0.4571
-0.3734 0.1399 0.4128
-0.1730 -0.0502 -0.9314
0.1721 -0.0249 0.2096
2.0271 -0.5740 1.0117
-0.4588 -0.6519 2.2193
1.3912 0.1091 0.5039
-0.0136 0.0061 -0.5707
-0.0603 0.1866 -0.0783
-0.3081 0.2367 -1.2590
-0.3432 0.1817 -0.4187
0.0713 -0.0028 -0.9137
-0.4249 0.0332 0.6136
-0.0626 0.0374 0.8025
0.0017 -0.0372 -0.3118
0.6309 0.1751 -0.6612
-0.3023 -0.5255 0.7487
-0.0344 0.0171 -0.0505
0.6354 0.2582 -0.1187
0.0386 0.1476 0.5119
-0.0042 0.0090 -0.1836
0.2406 0.0419 0.0890
0.1530 -0.0225 0.4911
0.0524 -0.0668 -0.0391
-0.2205 -0.6231 0.6504
0.1299 -0.5817 -0.9472
-0.0027 -0.0169 0.0009
0.4743 -0.2470 0.5651
-0.1650 0.0533 -0.0735
0.2752 -0.2651 -0.5903
-0.0129 0.0164 0.0454
-0.4313 -0.0808 -0.0393
-0.0005 -0.0030 -0.0940
0.3679 0.4848 -0.2190
0.3872 -0.3278 -0.2540
0.3125 0.0820 0.0427
-0.3410 0.7667 0.4388
-0.1937 0.1371 -0.1665
0.0758 0.0022 -0.0483
0.0153 0.1725 -0.5896
0.6427 0.3262 -1.8280
0.0846 0.0097 0.1245
-0.0166 0.2494 -0.3847
-0.3236 -0.2919 0.1050
-0.4724 0.1048 -0.4684
0.0205 -0.0757 -0.0117
-0.2662 -0.0038 0.2901
0.4768 0.1199 -0.6620
0.3180 -0.3798 -0.5810
0.0220 0.0397 0.0840
0.6092 0.6959 -0.0810
-0.8869 -0.8522 2.2100
0.0848 -0.3743 0.0790
0.1835 0.0126 -0.2171
-0.2837 0.1141 -0.5851
-0.2970 0.4162 0.4961
0.0967 0.4649 -0.0147
-0.1486 0.6358 -0.7546
-0.5321 0.7422 -0.0456
0.1173 0.0235 -0.5493
-0.0318 0.0380 -0.1648
-0.0861 -0.4022 0.3956
-0.2602 0.0208 0.4925
-0.4525 -0.0201 -0.0140
0.6071 0.3765 0.1740
0.3736 0.2706 0.4219
-0.2626 -0.0099 0.5058
0.2829 -0.4766 0.2857
-0.0009 -0.0139 -0.6105
0.0038 -0.0128 -0.0064
-0.1383 -0.6459 -0.2742
0.3566 -0.0836 0.9400
-0.0144 -0.0203 -0.1000
0.0465 0.3261 -0.0714
0.6595 0.7840 -0.3939
0.0188 0.0223 -0.7780
0.0395 -0.0032 0.0916
-0.1020 0.0925 0.1954
0.0000 -0.0011 0.3167
-0.2104 -0.0685 0.6059
-0.3403 -0.2544 -0.6474
-0.5643 -0.1062 -0.7366
-0.2674 0.8069 0.2602
0.2215 1.2881 -2.7852
-0.2282 0.7299 -0.5835
0.2502 0.2917 -0.4569
0.6584 0.3838 -0.0696
0.8919 -2.7161 0.6711
-0.1579 0.0606 0.4875
-0.5668 -0.4775 0.4910
0.0161 0.0315 -0.0098
-0.2340 -0.8283 0.0676
-0.1240 0.8436 -0.0769
-0.5630 -0.4109 -0.7029
-0.1192 -0.0139 -0.0875
0.0072 -0.0018 -0.4693
-0.0014 -0.0012 0.0288
0.1572 -0.3653 0.1396
0.0040 0.0175 0.0245
-0.0113 0.1211 -0.0224
0.0240 -0.1291 0.0340
-0.3525 -0.8138 -0.1123
0.1476 -0.1345 0.1530
0.0031 -0.0019 -0.0101
-0.1140 0.4071 -0.2563
0.1488 0.7421 -0.3888
-0.1634 -0.1238 0.1903
-0.2300 0.0777 -0.3184
0.0036 -0.1784 -0.0189
-0.0285 0.0060 -0.7447
0.0139 -0.0654 0.6190
-0.4841 -0.3613 0.3472
0.0909 0.4112 -1.3340
0.1390 -0.1286 0.0881
0.1004 -0.0008 0.0269
0.2197 -0.2366 0.4962
0.1418 -1.7773 0.1689
0.6345 -1.9634 -1.8379
0.0128 0.0017 0.1530
-0.0207 0.0004 -0.5429
0.1679 0.1974 -0.6012
-0.0930 -0.0378 -0.0074
0.2448 -0.0951 0.9512
0.0405 -0.0016 -0.2122
0.1576 0.1448 -0.5725
0.0025 -0.0034 -0.4023
-0.2046 0.7191 0.2348
-0.0661 -0.0207 0.0351
0.0539 0.1077 0.2393
-0.1301 0.1589 0.0048
-0.1181 0.0133 -0.0116
0.1345 0.1134 -0.7746
0.0927 0.0664 0.0850
-0.5097 0.3141 -1.6579
-0.7073 -0.0769 -0.2919
0.0060 -0.0319 -0.8301
-0.0283 -0.0137 -0.0418
0.0333 -0.1155 -0.7017
0.1349 0.1187 0.0580
0.0973 -0.2402 -0.2979
-0.7020 -0.2580 -0.5298
-0.1800 0.1920 0.6646
0.1941 -0.1069 -1.6589
0.4590 0.8125 -0.1618
1.5901 -1.9663 0.7391
0.2030 -0.1640 0.7172
0.2606 0.1662 0.0655
0.6316 0.4451 0.0547
0.4101 -0.0327 0.2389
0.0010 -0.0815 -0.1551
-0.0031 -0.0434 0.7463
-0.3147 0.3523 0.7738
0.6629 0.4751 1.4498
0.5540 -0.0423 0.1746
0.0832 0.0624 0.3610
-0.0967 -0.0107 -0.1525
0.7860 0.0467 -0.4556
0.1720 -0.3993 0.2059
-0.0020 0.0016 0.2697
-0.0121 0.0533 0.2086
-0.3797 0.0509 -0.0490
-0.6666 0.1573 0.4398
-0.0160 0.0539 -0.0132
-0.0577 -0.1763 0.1038
-0.6593 -0.2864 -0.3439
-0.4193 0.3027 -0.1761
-0.2227 0.1384 0.7660
-0.0757 -0.1075 -0.1109
-0.3430 0.0179 0.0582
-0.6241 0.3807 0.0313
-0.0375 -0.0396 0.2760
-0.2965 0.8406 0.0864
-0.0719 -0.0824 -0.1350
0.2233 -0.2487 -0.1553
0.1299 0.4681 2.4659
-0.0370 -0.1940 -0.3021
-0.0947 0.0351 -0.8909
1.6937 1.6709 0.0551
0.0379 0.1347 -0.3135
-0.1582 0.0003 -0.0790
0.1607 2.9219 -1.2653
-0.0589 -0.1896 2.5413
0.4952 0.3095 1.2415
-0.5895 0.3833 0.6345
0.9774 -2.5587 0.5417
0.4627 -0.0017 -0.4492
0.5130 -0.1488 0.7992
-0.0032 -0.0286 0.3354
-0.1167 -0.1198 0.4122
0.3937 -0.2650 0.1151
-0.0846 -0.2999 0.5155
-0.2083 0.4151 -0.3952
-0.6746 0.6388 0.1166
0.1611 0.1292 -0.4219
-0.5126 -0.4883 0.6478
-0.1773 -0.0948 0.3389
0.2161 -0.0713 -0.9730
-0.1292 0.1725 0.1963
-0.1085 -0.0506 0.4944
0.4741 0.5754 -1.4617
-0.0306 0.0060 0.0070
0.3902 0.0898 -0.7261
-0.4494 0.5127 -0.1541
-0.1066 -0.2897 0.2632
-0.0050 0.0001 -0.0028
0.1478 -0.2149 -0.2052
-0.1159 0.1333 -0.4412
0.0873 0.1304 0.3145
0.0013 -0.1902 -0.3107
0.0172 -0.0375 0.8879
-0.0026 0.6855 0.2545
0.0213 -0.6951 0.0914
0.0357 0.2880 -0.3253
0.0420 -0.4702 -0.1228
-0.1293 0.8728 -0.3595
-0.6505 0.2776 -0.6355
-0.1420 -0.2555 -0.2012
0.2974 0.2564 -0.1630
0.5208 0.2226 -0.4813
-0.1624 -0.8865 -2.9467
-0.1418 -0.2595 0.1702
-0.1115 -0.1549 -0.6649
0.7766 0.4572 1.3319
-0.0704 0.0678 0.5845
-0.2483 -0.4254 -0.5179
-0.3460 -0.4815 0.6765
0.7534 -1.1382 -2.3684
-0.0032 -0.0052 0.6641
-0.2806 0.1233 -0.2964
-0.2132 0.6218 -0.5475
0.0142 -0.0215 2.3049
0.6852 0.2867 0.1061
0.0364 0.0955 -0.9578
0.4926 -0.7113 0.3431
-0.0743 0.1202 0.0608
-0.1942 0.2041 0.1540
-0.0500 -0.1578 -0.0322
0.0091 -0.0076 0.2262
-0.0050 -0.0306 -0.3432
-0.0191 0.0119 0.1330
0.0162 0.0242 0.2922
0.8131 0.3435 -0.3814
-0.2313 -0.7705 -0.5395
0.2840 -0.3248 0.2413
-0.0626 -0.8084 0.1976
-0.4757 0.4914 0.0104
0.0208 0.3005 -0.1833
0.0623 -0.2553 0.0069
-0.2626 0.1790 0.0784
-0.3133 0.1504 0.1329
0.0212 -0.0028 0.9875
-1.7977 1.6208 -0.8581
0.1661 -0.0237 0.0476
0.0444 0.0083 0.1749
-0.1802 0.0152 -0.3664
-0.0224 0.4453 0.8494
0.0407 1.5861 0.4124
-0.5234 -0.1144 0.6759
0.0124 -0.0024 -0.0157
-0.0358 0.0108 0.6875
-0.6706 -0.2207 0.2024
-0.1009 -0.1059 0.1371
-0.0634 -0.0784 -0.6329
-0.1094 -0.0569 -0.2227
0.5510 -0.3346 -3.0576
-0.0061 -0.0220 -0.0235
0.0199 0.1710 -0.2491
0.0107 0.0265 0.0722
-0.0380 0.2976 0.0809
0.1233 -0.4619 -0.6945
0.1984 0.2000 -0.5039
-0.2147 -0.2201 0.4793
0.1488 -0.5437 -0.4406
-0.3632 -0.3358 -0.2515
-0.0231 -0.0016 -0.5862
-0.2051 0.3059 -0.2082
0.0968 0.0986 -0.6919
0.2916 0.2285 -0.4882
-0.0642 -0.0030 -0.1934
-0.6680 -0.1301 0.0915
-0.1472 -0.0121 -0.0898
-0.3382 -0.1251 0.6582
-0.0689 -0.1624 -0.2053
-0.0779 0.2034 0.0723
0.4848 0.5177 0.1366
0.3263 0.3306 -0.6008
-0.4360 0.0368 0.8258
0.0255 0.7692 0.1124
-0.0762 0.0853 -0.0119
0.1218 0.1003 0.8188
-0.4354 0.4915 -0.5444
-0.3631 0.1920 -0.1350
0.8615 0.0469 2.8827
-0.0028 0.0022 0.5740
0.2272 0.0797 -0.7505
0.2194 0.3142 0.0972
-0.0103 0.1401 -0.7432
-0.2823 0.5566 0.2677
-0.1239 0.1038 0.1296
-0.2986 0.1170 -0.1599
-0.0061 0.2537 3.0642
0.3323 -0.6401 -0.5143
0.0282 -0.8817 -0.0741
0.0585 -0.0115 -0.0635
-0.1079 0.0741 -0.7110
0.4721 0.2321 -1.1659
-0.2145 0.0250 0.8875
-0.0137 0.0015 -0.0404
-0.1411 0.0462 -0.6210
0.0014 0.1811 -0.0548
-0.1923 0.2345 0.5128
-0.0040 -0.0393 -0.1116
0.7727 0.2582 -0.5675
-0.3684 0.0528 0.4797
-1.0794 2.4978 -0.0982
0.4333 -0.7208 0.1053
0.3435 0.2885 -0.6996
-0.0027 0.1038 0.1227
0.5682 -0.7669 -0.2271
-0.1731 0.2083 -0.6617
-0.5406 -0.1699 0.2287
0.0021 -0.0065 0.1422
-0.0114 0.0095 0.0602
-0.4615 -0.2791 -0.5149
0.0691 0.2876 -0.0257
0.6871 -0.4674 0.2223
-0.0142 -0.0893 -0.1379
-0.0006 0.0005 -0.2307
0.3849 -0.7118 -0.0412
-0.1500 0.0180 0.0818
-0.0922 0.1137 0.1131
-0.1021 -0.0167 -0.0266
-0.0572 -0.0345 -0.5626
0.6742 1.3357 -0.4470
-0.6465 -1.0419 -0.5199
-0.7482 0.1432 -0.4110
-0.0969 0.7086 -0.0944
0.3604 -0.2483 0.2274
-0.6516 -0.6796 1.6950
0.2476 -0.2398 -0.8186
-0.0823 -0.2075 -0.5305
0.0109 -0.2135 0.3592
0.6513 0.4128 -0.6199
0.4584 -0.1043 -0.8444
-0.1583 -0.1471 -0.2663
-0.0253 0.0833 -0.0029
-0.0550 0.0801 0.0246
-0.3854 0.0322 -0.9795
0.2398 0.3423 0.4862
-0.2806 -0.0307 -0.3109
-0.0792 -0.3105 -0.2391
0.7954 -0.3253 0.6727
0.0882 -0.0080 -0.4040
-0.0134 0.0019 0.0019
-0.3862 -0.3192 -0.3296
0.3111 0.0912 -0.2582
0.0245 0.0510 0.0374
-0.6523 -0.4336 -0.5203
-0.3034 -0.4853 0.4829
0.0049 -0.6143 0.6354
-0.0023 -0.0144 0.0402
0.0268 0.0247 0.2309
-0.0854 0.3557 0.0181
0.1070 0.0232 -0.8499
0.1579 -0.3083 0.1737
0.2768 -0.2460 0.6052
0.0528 0.3663 -0.3426
-0.0518 -0.6633 -0.4645
0.0120 -0.1363 0.1167
-0.1929 -0.0706 -0.6742
-0.7347 -0.2097 0.3697
0.1407 0.2567 -0.8475
0.4454 -0.5736 -0.3448
-0.1371 0.3084 0.1431
-0.2482 0.5447 -0.2727
-0.0147 0.3735 -0.3254
0.1040 -0.4304 0.0818
-0.2349 0.3264 0.2747
0.2874 0.6183 -0.5255
0.2354 -0.5290 0.1755
0.0077 -0.1488 0.2505
0.0575 -0.0408 0.2590
-0.7023 0.3102 0.6152
