0.4871 0.2229 0.3409
-0.0009 0.2419 0.7788
-0.0075 -0.0020 -0.0936
-0.0536 -0.1761 0.0293
0.0178 -0.0760 -0.7988
-0.7297 -0.2213 0.6178
0.0312 -0.0262 0.0152
-0.0019 0.0075 -0.0038
0.3444 0.3353 -0.6028
0.2367 -0.5932 0.3361
-0.1404 0.1921 0.2891
-0.0599 0.0476 -0.3115
0.1065 -0.0395 0.2970
0.0016 0.0107 0.0818
-0.0572 0.0070 -0.8905
0.0481 -0.0034 0.2442
-0.6466 0.0773 0.2314
0.1046 -0.1735 -0.9140
0.1118 0.7291 -0.0477
0.0319 -0.1576 -0.0301
-0.0059 0.3156 -0.5689
0.0057 -0.0004 -0.0269
0.2263 -0.0259 0.7374
0.0022 0.0149 -0.0591
0.3002 0.0451 -0.2623
0.8090 0.4336 -0.2885
0.0801 0.4822 -0.6903
-0.0366 -0.0100 0.6578
0.2139 -0.1779 0.0611
-0.2194 -0.1055 0.8589
0.2786 -0.1746 0.6969
-0.0112 0.0061 0.0493
-0.1395 -0.4743 0.4273
-0.0104 -0.0056 -0.2852
0.0504 0.0505 -0.1577
-0.0297 0.0297 -0.0987
-0.0158 -0.0064 0.3506
-0.1218 0.1856 -0.8347
0.3461 0.3855 0.1655
0.1629 0.0038 -0.0270
-0.1905 0.0082 0.1246
-0.3757 0.2792 0.2844
-0.2821 0.1916 0.3614
0.0589 -0.2284 0.1522
0.1166 0.4394 0.5263
-0.4704 0.4014 -0.6461
0.1807 -0.0442 0.8894
0.0266 -0.1853 0.0206
-0.4408 -0.3875 -0.3651
-0.2728 0.3113 -0.0344
-0.1703 0.2462 -0.6871
0.0013 0.0256 -0.0026
0.0097 0.0046 0.0463
0.1212 -0.2472 0.2086
0.1148 0.1324 0.0111
0.1719 -0.1660 -0.2183
-0.3833 -0.5830 0.0395
0.0580 -0.0390 -0.5400
-0.0194 -0.0583 -0.0385
-0.8845 0.0639 0.1561
0.0079 -0.0107 -0.0206
-0.3811 0.2430 -0.1014
0.1001 -0.1548 -0.1393
0.2058 0.4010 0.2466
0.1312 -0.0932 -0.0965
-0.3206 -0.7363 -0.5894
0.0860 -0.0192 0.1674
0.1189 -0.2892 0.9193
-0.0079 0.0279 -0.0631
-0.0523 -0.0200 -0.9356
-0.5657 0.2498 -0.6840
-0.0438 -0.6768 -0.4077
0.1614 -0.7365 -0.6171
0.0127 0.0203 -0.8334
-0.6834 -0.7285 -0.0352
0.7516 0.0147 -0.6476
0.3064 0.1711 -0.4156
-0.0620 -0.0562 0.2738
0.0337 0.0291 -0.0992
0.0551 -0.0300 -0.0157
-0.4890 -0.3831 -0.1231
-0.4379 0.1513 -0.0991
-0.0641 -0.0017 -0.5452
-0.0709 -0.6739 -0.2716
0.5516 -0.6555 -0.0437
0.6723 0.0585 0.2008
-0.0213 -0.0015 -0.0060
-0.2579 -0.3015 0.5288
0.0352 -0.0661 -0.0292
0.6635 -0.2729 -0.6196
-0.0226 0.0004 -0.0132
0.0655 -0.0033 0.3271
0.1632 0.2717 0.8023
-0.5787 -0.4363 0.5292
0.1337 0.3855 0.1444
0.2012 0.3642 0.4652
-0.0239 0.0770 -0.0707
-0.0472 -0.1451 -0.9515
-0.2194 -0.7024 0.4802
0.0404 -0.0680 -0.2115
-0.7407 0.4189 0.3994
-0.1321 -0.4036 -0.2286
-0.5421 -0.3729 -0.4688
0.1892 0.3183 -0.8196
-0.0304 0.0151 -0.1042
0.4095 0.2410 0.6279
0.1237 0.0917 -0.3337
-0.1650 -0.0389 -0.1562
0.4716 -0.0212 -0.3843
-0.0038 0.0306 0.1248
0.6475 -0.0347 0.3036
0.0582 -0.0096 0.1570
0.8230 0.3050 0.2381
0.0006 0.0015 -0.0011
-0.4768 0.5590 -0.0318
0.1516 0.0159 0.1170
0.0025 -0.0208 -0.3297
0.0184 0.0090 -0.0298
-0.3253 -0.3653 -0.3015
-0.3233 0.1942 -0.1106
0.0556 0.2189 0.3852
-0.2292 0.0379 -0.2834
0.5057 -0.6050 0.4553
-0.2095 0.4901 -0.7696
-0.5646 -0.6992 0.3291
0.6721 -0.2086 -0.1860
-0.2219 -0.8379 0.0999
-0.6945 -0.1465 -0.1853
0.0284 -0.0117 -0.1336
0.3112 0.3553 0.7245
0.1410 0.0826 -0.8838
-0.0166 0.0360 0.0050
0.0594 0.0052 -0.1791
-0.0479 0.0014 0.2620
0.0938 -0.0725 0.1864
0.4197 -0.0605 -0.3733
0.3707 0.7567 -0.0793
-0.0754 0.0541 -0.7591
0.0070 -0.0018 0.0024
0.0074 0.0107 -0.7768
-0.0308 0.0503 -0.3299
-0.2478 0.2317 -0.3346
0.1177 -0.1664 -0.6717
0.3892 -0.1947 0.1790
0.2087 -0.0220 0.4749
-0.1441 -0.1514 -0.1556
-0.0155 0.0511 0.2724
0.0604 0.0157 -0.3275
0.4271 0.1291 -0.1880
0.2750 0.5143 0.4620
0.4881 -0.0086 0.7576
-0.1523 0.0199 0.0845
0.9690 0.1201 0.0307
-0.0577 0.0883 -0.2420
0.1534 -0.0518 -0.1858
0.0384 0.2230 -0.0120
0.1073 -0.0199 0.4482
0.2663 -0.4118 -0.3063
-0.2892 -0.3596 0.1841
-0.0241 0.1831 0.2408
-0.6276 -0.4606 -0.2061
-0.0880 -0.0625 -0.1352
-0.3053 -0.2325 -0.6189
-0.1770 0.4152 -0.5681
-0.0259 0.0787 0.0296
-0.1148 0.1061 0.1871
0.1991 -0.0013 -0.5352
0.0527 -0.0624 -0.0767
0.0542 0.0152 -0.0589
0.1830 -0.2430 0.0600
-0.0323 0.0443 0.1181
-0.3910 -0.6619 -0.2660
0.2658 0.0492 0.0248
0.0815 0.1250 0.6234
-0.8333 0.1458 0.5029
-0.2562 0.6579 0.1167
0.1242 -0.0667 0.0371
-0.0435 -0.0024 0.1458
-0.4516 -0.2899 -0.6963
0.0238 0.0014 0.0637
0.0064 -0.0076 0.0653
0.1698 0.0407 0.1514
0.2821 -0.7300 0.0461
-0.2606 -0.2356 0.0876
0.0949 0.0963 -0.1598
0.7273 0.2373 -0.4195
0.0095 -0.0105 -0.1386
-0.0526 0.3029 0.6294
-0.1594 0.0376 0.1339
0.5781 0.2110 -0.3421
0.0328 -0.2184 0.3349
0.1217 -0.0712 0.9666
0.4010 -0.0635 0.4262
-0.5016 -0.1928 -0.4308
0.0277 -0.0144 0.3947
-0.0402 0.2167 -0.7875
-0.2540 0.3464 -0.2242
0.0080 0.0041 0.0083
0.0326 -0.0276 -0.0980
-0.0428 0.0164 -0.0239
