-0.6197 0.1244 -0.4681
0.1685 0.6852 -0.0648
-0.0991 0.1522 -0.8024
0.3086 -0.1078 0.6645
-0.1902 -0.9052 -0.1038
0.0217 -0.5694 -0.0797
-0.0538 -0.0427 -0.2384
-0.1062 0.0259 0.2733
-0.0358 -0.1140 0.2970
0.1102 0.1437 0.0035
0.0555 -0.0149 0.8438
0.5344 0.1690 -0.1359
0.3166 0.4389 -0.4002
-0.1183 -0.1690 0.5612
0.2298 0.0152 -0.0621
-0.9120 -0.1587 0.2140
0.2461 -0.7861 0.1020
0.1058 -0.0440 0.6105
-0.0951 -0.3345 0.6582
-0.0803 0.4664 -0.5112
0.0982 -0.2952 0.0439
0.4021 0.2929 -0.2595
-0.0501 -0.0104 -0.9362
0.1124 -0.1034 0.0780
0.0946 0.8281 -0.3009
-0.0012 -0.0055 -0.2016
-0.0224 -0.0570 0.9581
0.0184 0.3344 0.8410
0.4099 -0.1671 0.0098
-0.3133 0.1536 0.3747
-0.0565 -0.2759 -0.2413
-0.4593 -0.3900 -0.3978
0.0186 -0.0769 0.0242
0.0817 0.2596 -0.3476
-0.1374 -0.2193 -0.1316
-0.4536 0.5155 0.1581
0.1388 -0.5629 0.5261
0.3761 0.1900 0.1076
-0.0553 0.0383 -0.0346
-0.5704 -0.1021 0.0763
-0.0348 0.4203 -0.1511
-0.5082 0.1324 -0.7150
-0.1268 0.0017 0.0381
0.0920 -0.0096 -0.7344
0.0036 0.0632 -0.0427
0.0245 0.0199 -0.0357
0.1776 -0.0569 0.0135
0.6967 0.1606 -0.0496
0.5925 0.0085 0.2650
-0.3709 0.0876 -0.0891
0.2408 -0.1034 0.0977
0.2405 0.7665 -0.2630
-0.1230 0.0690 0.1701
0.0946 0.0022 -0.3194
-0.8839 -0.0487 -0.3941
0.0647 0.2297 0.0434
0.4457 -0.4474 0.3300
-0.0533 -0.1922 0.2011
-0.0020 -0.1236 0.2226
-0.0503 0.1333 0.1618
-0.9038 -0.3002 -0.2731
-0.0211 -0.0658 -0.4097
0.3897 0.6572 -0.5820
0.2239 0.0097 0.2909
-0.0119 -0.0047 0.0514
0.0055 -0.0060 -0.0974
0.3213 0.5519 -0.5076
0.1712 0.0040 -0.4215
0.3050 0.3857 0.4043
0.0364 0.1359 0.5563
0.0609 0.0743 0.1513
0.1403 0.0179 0.0199
-0.0257 -0.0252 -0.0374
0.1180 0.1050 -0.2693
0.1848 -0.9180 -0.3163
0.2840 -0.2925 -0.5152
0.3678 -0.4275 -0.6603
0.0263 0.1026 -0.5394
0.1653 0.4259 -0.2449
0.0710 -0.3809 0.1880
0.0843 0.0551 -0.0999
-0.1524 0.0435 0.2912
0.1138 -0.0950 -0.2830
-0.1555 0.2329 0.1504
0.0469 -0.0282 -0.3496
0.2691 -0.0486 -0.0107
-0.0364 0.0371 0.2889
0.5087 0.2540 -0.3280
0.4203 0.1919 0.3368
0.1729 -0.3900 -0.2176
-0.1840 -0.4560 0.1952
-0.0391 -0.1328 0.1594
0.4927 -0.4494 -0.4538
-0.4474 -0.5009 -0.1320
-0.2153 0.8899 0.3138
-0.0138 -0.0179 0.0056
-0.3530 -0.3678 -0.2287
0.1155 -0.1649 0.2826
0.0134 0.2091 -0.4030
-0.4097 0.2700 0.2397
0.1776 -0.2157 0.2535
-0.0198 0.1506 0.2348
0.2051 -0.4332 0.3223
0.0647 0.0191 -0.4908
-0.0088 0.0465 0.0814
0.0823 -0.3103 -0.2353
0.0529 -0.1930 -0.8541
0.0639 -0.0050 -0.1769
-0.0946 0.4487 -0.2843
0.7585 0.2849 -0.3904
0.4416 0.4942 -0.3885
0.0043 -0.5937 0.5156
0.1932 -0.4874 -0.0168
-0.2218 -0.1494 -0.3144
0.3594 0.1597 0.5631
0.1520 -0.1011 0.5863
-0.0210 -0.0020 0.0124
0.1256 0.0682 -0.1154
-0.5024 -0.0137 -0.4823
-0.1555 -0.3515 -0.1934
0.1956 -0.1169 0.0025
0.0072 0.0032 -0.1336
0.0011 -0.1933 0.5892
-0.1388 0.0948 0.3092
0.0457 0.6662 -0.0998
0.3941 0.1195 -0.7599
0.1517 0.0509 0.0655
0.5362 -0.2739 -0.6674
0.0582 -0.1267 0.0589
-0.1053 0.2008 -0.8739
-0.2955 0.1144 0.0996
0.0452 -0.3944 -0.8685
0.2095 0.0036 -0.0506
-0.0477 0.0057 0.0158
0.0571 -0.0162 -0.0852
0.1109 -0.0801 0.8964
-0.0115 0.0038 0.0783
0.0103 -0.7134 0.0942
0.5308 -0.7782 0.0657
0.6547 -0.3172 -0.3293
0.2773 0.1917 0.4318
0.0955 -0.2492 -0.7804
0.4770 -0.5062 0.5465
-0.0848 -0.0085 -0.2227
-0.0730 -0.1546 0.1734
0.5045 -0.7786 -0.0064
-0.0656 0.2852 -0.8522
0.3387 -0.2335 0.3058
-0.0134 0.0481 -0.1145
0.0826 0.1491 0.1246
0.0379 0.0122 -0.0102
0.0154 -0.0319 -0.0196
0.2322 -0.2014 -0.0537
0.0272 0.0233 -0.0647
-0.6873 -0.2946 0.3674
0.2406 -0.1606 0.2463
-0.0342 -0.0346 -0.0982
0.0973 0.9252 -0.0188
-0.0024 0.0113 0.2997
-0.5437 -0.0728 -0.2547
0.0977 0.6958 0.1766
-0.0830 0.1701 0.1415
0.3438 -0.7932 0.3440
0.0080 -0.0267 0.4588
-0.3502 -0.0202 -0.7427
0.0313 -0.0358 0.0696
0.0170 0.0962 0.1366
0.1725 -0.4694 -0.8123
-0.0471 0.0905 -0.7687
-0.1757 0.2087 0.1690
0.0580 0.0680 0.8289
-0.1171 0.2629 0.3331
-0.2842 0.8322 -0.0595
-0.0883 -0.3468 -0.1135
-0.0106 0.0941 -0.2798
0.0509 -0.2280 -0.6618
-0.0789 0.1079 0.2263
-0.0318 0.3716 0.5034
-0.0000 0.0595 0.0774
-0.0073 -0.2400 0.0859
0.0520 -0.1518 -0.1079
-0.1957 -0.5651 0.3883
-0.1342 0.1779 0.1297
-0.4088 -0.4888 -0.4709
-0.1594 0.0180 -0.3974
-0.3162 0.5253 -0.2278
-0.0966 -0.0775 -0.3009
0.1950 0.6699 -0.2616
0.0981 -0.0724 -0.1521
0.4900 0.4561 0.1347
0.3201 -0.2629 -0.5511
0.1944 -0.7979 0.5604
0.2506 -0.0589 -0.1542
0.1195 0.1243 0.1848
0.1085 -0.2304 0.0835
0.6836 0.0663 -0.0070
0.7208 -0.1593 0.4658
0.0160 -0.2121 0.0733
0.1424 0.4269 -0.0050
0.1586 -0.5707 -0.5202
0.2054 -0.0320 0.2485
-0.0328 0.1458 -0.4325
0.4388 0.0729 -0.5372
0.4412 0.1566 0.5662
0.3214 0.2107 0.3389
-0.0868 -0.0254 0.0255
-0.0368 0.0197 0.2728
-0.5107 -0.1875 0.2961
0.6302 0.1455 -0.5299
0.1682 0.1156 -0.0770
0.3242 -0.0715 0.4746
0.1620 -0.5861 0.7482
-0.0295 -0.0061 -0.0332
-0.0024 -0.0513 -0.0748
-0.0500 -0.4652 -0.2018
-0.1536 -0.2362 -0.5584
0.1887 -0.3114 0.0465
0.4466 -0.2688 0.4537
0.0745 -0.0652 0.2637
0.1318 0.6558 0.1398
-0.0262 0.0441 0.0305
0.0378 -0.1579 -0.8141
-0.0676 0.0911 -0.1647
0.3065 -0.4557 0.7218
-0.0013 -0.0295 0.4739
0.3795 -0.2901 0.7184
-0.6438 0.6475 0.2057
0.0278 0.0079 0.0074
0.2390 0.2800 0.1282
-0.3030 -0.1080 0.5674
-0.4011 -0.0506 0.3605
-0.4342 -0.1692 0.8420
0.3649 0.2396 0.5488
-0.2088 -0.0782 0.3556
0.1298 0.2051 0.5470
0.3021 0.2566 -0.2027
-0.0445 0.0754 -0.4689
0.4271 0.3307 0.6327
0.5478 0.3380 -0.0765
0.3348 0.1623 0.8393
0.0960 -0.0926 -0.1599
-0.0075 0.0082 -0.1130
0.1428 0.6745 -0.1934
-0.0117 -0.0142 0.1811
-0.4779 0.2376 0.2597
0.4209 0.7451 -0.4480
-0.0071 -0.0108 0.0197
0.5998 -0.5113 0.5299
0.2125 -0.1282 -0.0623
0.1995 -0.0481 -0.5114
-0.1859 -0.0177 0.0162
-0.0054 0.0267 -0.0092
0.0182 0.0003 0.0782
0.1039 -0.0205 -0.6361
0.0851 -0.0731 0.8369
-0.1033 0.2826 -0.1423
0.0527 -0.1409 -0.0372
0.0016 -0.0222 0.6092
0.6055 -0.2128 -0.3908
-0.0003 0.0202 0.1215
0.0330 -0.0079 0.0020
0.0157 0.0308 0.1011
0.0736 -0.0818 -0.1020
-0.6705 -0.0119 -0.3375
-0.0064 0.0197 -0.0677
0.4916 0.0734 0.4376
0.0958 -0.2187 -0.4468
0.1382 0.9009 -0.1098
0.0858 0.4736 0.6109
0.0667 -0.0560 -0.2661
-0.0690 -0.0074 -0.2942
0.0524 -0.2817 0.2364
0.2950 -0.1045 -0.6522
-0.2828 -0.3547 0.2938
-0.7201 -0.2704 0.1336
0.0082 0.0632 0.4996
0.0860 -0.3721 -0.5564
-0.7449 -0.0245 0.0035
-0.1572 -0.5465 -0.4416
-0.5505 -0.1672 0.3437
0.0696 -0.1541 -0.1626
-0.0661 0.2556 0.6450
0.6300 0.3890 0.0726
0.1614 -0.0475 -0.1398
0.3802 0.3913 -0.4480
-0.3166 -0.7852 0.3576
0.2624 -0.1974 0.0083
0.3559 -0.0359 -0.1872
0.4615 0.5269 0.6746
0.5489 0.1123 -0.1678
-0.1586 0.2847 -0.1826
0.4715 -0.3607 -0.0133
0.3780 -0.1279 0.1673
0.0148 0.0056 -0.0542
-0.0028 -0.0049 0.0526
-0.0029 0.0087 0.0008
-0.1983 0.0570 -0.8835
0.0048 0.0143 0.0572
0.0003 -0.0042 -0.0082
0.3641 0.3423 -0.5927
0.0559 -0.2096 -0.4789
0.0050 -0.0051 0.4467
-0.0046 0.0030 -0.0212
0.2976 0.0069 -0.2879
0.0217 0.2541 0.1236
-0.1152 0.3308 0.2389
-0.1863 -0.1029 -0.5253
0.0005 -0.0022 -0.0090
0.0053 -0.0166 -0.7447
-0.0292 -0.0129 0.0454
0.2248 0.3108 0.3250
-0.0253 -0.0106 0.0266
-0.4011 -0.1939 0.8391
0.0106 -0.0252 0.0342
-0.0797 0.4490 0.2163
-0.4529 -0.3169 -0.0404
-0.1983 -0.1499 0.0078
-0.0203 -0.2507 -0.3273
0.3744 0.1687 0.1243
-0.3916 -0.0819 -0.0765
-0.0055 -0.0029 -0.3631
0.5092 -0.1296 -0.0422
0.0267 0.0099 0.0570
-0.3289 0.1632 0.3042
-0.0012 -0.2605 -0.9124
-0.2774 0.0856 0.5579
0.0035 -0.0371 -0.2077
0.1837 -0.4332 -0.2731
-0.0060 -0.0050 0.6469
-0.0081 -0.0668 -0.1757
-0.1740 0.5387 -0.7280
0.1445 0.1566 -0.4479
0.0974 -0.1279 0.3159
-0.0455 0.0502 0.0207
0.0091 0.0480 -0.0594
-0.0244 0.0168 -0.0175
0.0020 0.0133 0.0039
0.1733 0.1486 0.4945
-0.5571 0.1045 -0.5992
0.7275 0.3164 0.1895
0.1941 0.0077 0.2462
-0.0028 0.0769 -0.7769
0.5370 -0.4897 0.4732
-0.1286 -0.0619 -0.1972
0.2451 -0.0829 0.2996
-0.1434 0.0658 0.2838
-0.5054 -0.3279 0.6076
-0.0011 -0.0637 0.2547
-0.2962 -0.1383 0.3469
-0.3282 -0.6584 -0.3112
-0.1448 -0.0856 0.4861
0.2024 -0.0052 0.5077
0.5204 -0.0952 0.1700
0.1700 0.0464 -0.2875
0.0501 0.0493 0.2390
0.0236 0.0095 0.0934
-0.0843 -0.1720 -0.8010
0.1140 0.0305 -0.0398
0.1705 -0.0984 0.6702
-0.0309 -0.2977 -0.3800
-0.0686 -0.2783 0.1971
-0.1150 0.0505 0.0034
0.1306 -0.1732 -0.0601
0.1328 0.0089 -0.0170
0.0027 0.0761 -0.1230
-0.0416 -0.0385 -0.2410
0.1191 -0.6641 0.4185
0.0854 -0.1410 -0.0585
-0.1811 -0.1323 -0.3316
0.3009 0.3198 0.5934
-0.3058 0.1305 0.0117
-0.0061 -0.0103 -0.1087
0.0611 -0.0959 0.0350
0.1358 0.2043 0.1283
-0.0338 0.0789 -0.3759
-0.1952 -0.1619 -0.2078
-0.1616 0.8770 0.0343
-0.0299 -0.0428 0.1852
0.0218 -0.0348 -0.4251
-0.1436 -0.1368 -0.2510
-0.1397 0.4107 0.1008
-0.1575 0.0581 0.8957
0.0014 -0.0021 -0.0085
0.3000 -0.5275 -0.1728
0.2033 -0.3756 0.5321
0.0923 0.0348 0.2574
-0.0904 0.1428 0.0512
0.0116 0.2262 0.5268
0.3417 -0.4392 -0.1771
-0.4802 0.1127 0.3534
-0.0457 -0.1109 -0.5765
-0.6778 0.2526 -0.4187
-0.6222 -0.0307 0.2787
-0.3123 -0.0451 0.1606
0.2080 -0.1896 0.1010
0.2306 -0.0875 0.4069
0.3226 -0.3260 -0.6255
0.4493 -0.2826 0.3030
0.1897 -0.4369 -0.0774
0.7116 0.0859 0.3357
0.1776 0.2613 0.1630
-0.0000 -0.0000 -0.6799
0.2026 0.2606 -0.5457
0.1464 0.1210 -0.2425
-0.1375 -0.2112 -0.2119
0.3557 0.0626 0.9301
-0.1768 -0.4466 0.0636
-0.5502 -0.0824 0.6899
-0.4249 0.4784 -0.2174
0.0238 -0.2906 -0.1754
-0.5000 -0.0857 -0.4509
-0.2614 0.8407 -0.2310
-0.1652 -0.1829 -0.0736
0.1828 -0.0281 0.0746
-0.0637 -0.2919 0.6952
-0.1000 0.1180 0.2438
0.0184 0.0073 0.0417
0.0309 -0.3096 0.1176
-0.0939 -0.0069 0.3485
0.5707 -0.1357 -0.3319
-0.5398 0.1435 0.2602
0.2017 0.5845 0.0883
-0.5230 -0.5518 -0.4238
-0.1024 -0.4726 0.2876
0.6508 0.1699 0.5267
-0.4755 0.4644 0.3111
-0.1496 0.1878 -0.0671
-0.0537 -0.0767 -0.7036
-0.0058 0.0009 0.0450
-0.2642 -0.0567 0.6974
-0.0170 -0.0239 0.0013
-0.1853 -0.2268 -0.3932
-0.8374 0.3342 0.1711
0.2648 -0.3919 -0.3107
0.4772 -0.4948 0.2944
-0.2250 0.1396 0.4204
-0.0005 -0.1296 -0.7682
-0.3636 -0.2566 0.8707
-0.3115 0.3275 0.4981
0.0563 0.0673 0.0381
-0.0943 0.1547 0.4999
-0.4392 0.2001 -0.5679
0.3616 0.2160 0.6765
0.1685 -0.1194 -0.7194
-0.0090 -0.0020 -0.0007
0.4453 0.4016 0.7738
0.8576 0.0565 -0.0148
0.0286 -0.0131 -0.2161
0.0254 0.2171 -0.0006
0.1128 -0.0717 0.1818
-0.0999 -0.0189 0.3354
-0.3586 0.1265 -0.2159
0.0949 0.3163 0.5227
0.5060 -0.2247 0.4925
0.0019 -0.0312 0.0667
0.1491 -0.1324 -0.3612
0.3240 -0.1037 0.5417
0.3637 -0.4998 0.6012
0.4715 -0.5116 0.0659
-0.0601 -0.2985 -0.6511
0.0113 0.0173 -0.7591
-0.0845 0.1509 -0.3652
-0.0223 0.2281 -0.1398
-0.0853 -0.0335 0.1682
-0.0077 -0.2494 -0.1576
-0.2420 0.0470 0.1910
-0.5699 -0.0341 0.4988
0.0233 -0.0049 0.5514
0.1304 0.0395 -0.7355
-0.0090 0.0401 -0.6094
0.1078 -0.3999 -0.3610
0.0285 0.0015 0.7038
-0.5162 0.0643 0.0536
0.2285 0.4958 -0.5536
-0.5384 0.2647 -0.0793
-0.0484 -0.1399 0.0863
-0.1804 0.0589 0.2224
0.0736 0.5716 -0.1009
-0.0055 -0.3564 -0.8343
-0.4372 -0.0006 -0.1127
-0.0169 0.0417 -0.0379
-0.0077 -0.2835 -0.4477
-0.1486 -0.1096 0.1350
0.0099 0.0177 -0.2244
0.7532 0.2389 -0.2529
0.1879 0.6412 -0.2153
0.1512 0.0705 -0.2931
0.7336 0.1545 -0.2706
0.1342 -0.2661 -0.0763
0.0059 0.1608 0.7220
0.1102 0.5241 0.2254
-0.5425 -0.1348 -0.3394
-0.2096 -0.2250 -0.1701
-0.0318 -0.0756 -0.1635
0.5133 -0.3789 0.0745
0.3431 -0.3160 0.3349
0.3245 -0.0184 -0.6434
0.7307 -0.1699 -0.4313
0.2623 0.4799 -0.1182
-0.2528 0.4420 0.1934
