-0.1350 -0.2301 1.1318
-0.1269 0.0109 0.0426
-0.0626 0.0846 0.2702
0.0802 -0.1093 -0.3999
0.0269 0.0391 -0.0559
0.0029 0.0005 -0.7961
-0.0483 0.2808 -0.6915
0.1567 -0.3440 -0.1442
-0.0518 0.0643 -0.9475
0.0297 0.0490 -0.9505
0.1441 -0.3391 0.0493
-0.2126 -0.1387 2.7938
0.2414 -0.1524 0.0212
0.1469 -0.2536 -0.5997
-0.2891 -0.1187 0.2336
4.3964 -0.3461 -0.0455
4.5577 0.0692 -0.1941
4.5204 0.0158 -0.0638
4.3435 -0.8416 -0.0924
4.4949 -0.0212 -0.1019
4.9396 1.8658 2.5293
4.2896 0.2531 0.1151
4.5337 -0.1327 0.1329
3.4623 -0.3473 0.7581
4.3718 0.0299 -0.0947
4.5464 -0.0043 -0.3714
4.3630 0.4561 -0.2016
4.5810 -0.0032 0.6028
4.2882 0.1995 0.0416
4.4845 0.0061 -0.0659
