-0.3414 -0.1841 0.3519
0.4371 0.0867 0.6820
0.1427 0.4288 -0.2204
-0.0856 0.2102 -0.2419
0.5180 0.2788 -0.3236
-0.7322 -0.2386 0.1888
-0.0137 -0.0246 -0.0138
-0.5007 0.0614 0.0382
-0.1729 0.1001 -0.0268
-0.2134 0.4867 -0.4743
0.0049 -0.0583 0.8026
0.0460 -0.2016 -0.5746
-0.1447 0.2906 -0.5906
-0.1473 0.0630 0.4075
-0.0733 0.3025 1.0413
0.0601 -0.1012 0.1103
0.0947 -0.4777 -0.3451
0.8280 0.5400 -0.0602
0.2406 0.3754 -0.2016
-0.0012 -0.0353 -0.1828
3.4622 -0.3493 -0.7164
3.5562 -0.0152 0.3940
3.6719 -0.0673 0.1749
3.1393 0.1838 0.4866
3.3988 0.0293 0.0382
3.7730 0.0579 0.6500
3.5397 -0.1544 -0.4836
3.5480 -0.0219 0.2315
3.6700 -0.1755 -0.0716
3.2098 0.5990 -0.0903
3.4200 -0.1158 -0.0750
5.8935 -0.2872 -0.3245
3.4736 -0.0559 -0.0128
3.0848 0.4767 0.0996
3.5989 0.1108 0.0099
3.4648 0.0114 0.1834
3.7086 -0.0599 0.1738
3.9461 0.6935 -0.1095
3.5055 0.0107 -0.0112
3.4880 0.1701 -0.1777
