-0.8691 0.3458
-0.3189 0.0887
0.0579 -0.0869
-0.1830 -0.0147
0.2155 0.0093
-0.1091 -0.0917
-0.5371 0.7519
-0.7343 -0.5333
-0.5230 0.2910
0.5317 -0.1689
-0.1167 -0.5563
0.1393 -0.1003
0.3603 0.0566
0.7769 0.6105
0.1571 0.0440
-1.4245 -2.5668
-2.0878 2.7472
1.8299 -2.5332
0.1584 -0.3118
-0.6961 -0.1640
-0.0992 -0.3846
0.5575 1.5469
0.3535 -0.3376
0.2236 0.3121
-0.7452 0.2553
0.6462 0.2881
0.6968 -0.4782
0.2557 -0.0772
1.1140 -3.6448
-0.2576 0.0530
-0.0049 0.6879
0.3295 -0.3270
-0.4174 -0.3810
-0.2300 0.8780
0.7369 -0.1502
-0.0039 0.2252
0.7701 0.0104
-0.0223 -0.0487
0.3730 -1.1722
0.1969 0.0121
-0.0985 0.0048
0.3252 0.9074
-0.0424 -0.3885
-0.1609 -0.3837
-0.6274 0.3378
0.0493 -0.0955
-0.1009 -0.0038
-0.6252 -0.6364
0.1296 0.2420
-0.8053 -0.2850
-0.0034 0.3523
-1.5104 2.1813
0.0810 0.2400
0.1856 -0.0620
-0.3313 0.7369
-0.9244 -0.3709
0.0281 -0.2011
0.0469 -0.0223
0.1906 0.2580
2.8051 0.8950
0.9796 -0.1516
-0.0810 0.5147
-0.1316 -0.1917
-0.0167 0.0066
1.1498 1.8903
-0.4986 -0.4431
0.4319 0.3042
-0.8950 0.0918
0.0958 0.2536
0.1164 -0.5812
-2.1610 0.4557
-0.0134 -0.4517
0.5078 -0.3171
0.3927 -0.0720
-0.5790 0.1057
1.5032 -3.2980
-1.3228 -1.2549
0.0704 -1.1419
-0.0673 0.3532
-0.2169 0.9007
-0.3494 -0.4693
-0.0209 -0.0057
-0.0579 -0.5497
-0.7041 0.1658
0.0413 -0.1287
-0.1009 -0.1726
-0.1624 0.4073
-2.3966 1.3010
0.3941 -0.7084
-0.0596 -1.5951
0.0098 -0.0359
-0.0904 -0.9451
-0.3812 -0.5690
0.1860 -0.2770
-0.0033 -0.0070
-0.2198 0.6602
-0.0226 -0.0699
-0.3758 0.3371
-0.5202 -0.3877
0.2636 -0.2915
