0.4174 0.4198
-0.0514 0.0663
0.5117 0.6690
-0.2718 -0.2998
-0.7116 -0.3869
-0.0021 -0.1020
-0.0808 0.1881
-0.0226 -0.0652
-0.1159 0.9594
0.1460 0.8532
0.0310 -0.0134
-0.1278 0.0936
-0.3996 -0.1501
2.0882 0.1374
-0.1016 0.9585
0.9754 -0.4282
-0.1505 -0.4098
-0.0046 0.4232
-0.2259 0.0730
0.2003 0.8955
-0.4276 -0.7082
0.0572 0.7298
-0.0079 0.0202
-0.4483 0.4546
0.7839 -0.2351
-0.6015 0.6136
0.5700 -0.5450
-0.4007 -0.1890
-0.0842 -0.0040
0.3266 -1.1176
0.0305 -0.4217
0.0614 -0.1655
-0.5124 0.4330
0.2955 -0.6374
-0.3290 0.4845
-0.4809 0.4431
-0.5190 0.6689
0.1675 0.1068
-0.5307 -0.2742
-0.7228 -0.9143
0.4080 -0.1611
-0.1417 -0.3067
0.5047 -0.4686
0.2102 0.6347
-0.0341 0.4024
0.1567 -0.8990
-0.3614 -0.2988
0.1753 0.1062
-0.0398 -0.2114
0.1995 0.1774
-0.3907 -0.8232
-0.1852 -0.2670
1.6606 1.4309
-0.1204 -0.1434
-0.2869 0.0276
-0.0348 -0.0030
0.1931 -0.1209
0.5685 -0.1817
0.0869 0.0484
0.2085 -0.4878
-0.0860 0.5828
-1.1931 -0.0043
-0.4973 -0.4192
0.0010 -0.0005
-0.5108 -0.5035
0.2129 -0.0350
1.0425 -0.6925
0.7168 -0.0824
0.4434 0.6211
-0.9255 -1.2034
-1.2199 0.9999
-0.3577 0.3283
-0.1727 -0.7465
0.6058 0.1020
-0.5505 0.7139
-0.5122 0.0242
-0.2974 0.1275
-0.3287 0.5163
-0.0109 -0.4107
0.9201 -0.1972
-0.2426 -0.3322
-0.1945 0.4536
0.0867 0.1991
-0.7555 -0.2134
-0.6694 -0.3775
-0.0800 -0.9026
-0.5206 -0.7262
-0.0122 0.4593
0.3898 -0.0162
-0.1570 0.2495
-0.9066 1.2559
-0.1342 0.8573
-1.9384 0.4184
-0.7483 0.4330
-0.2724 -0.5801
0.8673 -0.2466
0.2941 -0.1981
0.4804 -0.7833
-0.0990 0.2867
-0.0043 -0.0032
0.9035 -0.1431
0.0701 0.0011
-0.2778 -0.1667
-2.1144 0.5310
0.2289 -0.6306
-0.0266 1.2597
-0.0506 -0.1923
0.1754 0.3789
0.7155 -0.2452
-0.9829 -1.1751
0.0417 -0.0047
0.5800 -1.6460
0.8935 -0.3330
-0.5918 -1.1242
0.2702 -0.5007
-0.7589 0.4614
-0.0131 -0.0044
0.0935 -0.0354
0.0179 -0.0647
-0.4022 0.7314
-1.1982 0.1767
0.6788 -0.5571
0.6597 0.1863
0.4595 -0.3527
0.0114 0.0264
0.0269 0.0509
-0.1133 0.3724
-1.7851 -0.5120
-1.4878 -1.3220
0.2144 -1.0056
-0.1327 -0.6136
0.3708 -0.0701
-0.3571 0.2212
0.0318 0.3505
0.0688 -0.2575
-0.8638 0.4851
-0.0390 0.4863
0.8024 -0.3039
-0.2596 -0.0648
0.0138 -0.0166
0.0463 -0.9051
0.3956 0.1737
-0.0032 -0.0013
0.1751 0.3205
0.0326 -0.4303
0.5011 0.6291
-0.2952 -0.3717
-0.0480 -0.1026
0.4141 0.2039
-0.1027 0.0554
0.7614 0.5206
0.2880 -0.7947
0.2829 0.6428
-0.0034 -0.0245
-0.0081 -0.4343
0.1018 -0.0315
-0.0902 -0.5558
-0.4680 0.5475
-0.3958 -0.2644
0.6830 1.2466
0.2131 -0.1060
-1.7916 0.2888
-0.3570 -0.1697
-0.1304 -0.6179
-0.3587 -1.2813
-0.5123 -0.1288
0.1426 0.3115
-0.9656 -0.6781
0.5796 -0.3400
-0.1228 -0.2244
-0.3979 -0.7385
-1.3931 0.0984
-1.0028 1.3997
-0.1634 0.2420
-0.5710 -0.0453
-0.5212 0.7471
0.1001 -0.0173
0.0013 -0.1454
-0.8728 0.8334
-0.0883 -0.2065
-0.5509 -0.7074
0.0025 0.1669
-0.0038 0.0016
0.4709 -0.1187
-0.0595 -0.3273
-0.4167 -0.7525
0.4431 -1.1880
-1.8744 1.0893
-0.2567 0.0641
0.0582 0.0881
-0.6726 0.5785
0.2378 0.2687
-0.5490 0.1878
0.0604 -0.0323
-0.4100 -0.0669
0.0256 0.3575
0.0727 0.4943
-0.0734 0.1643
0.1814 -0.0563
-0.6913 -1.1527
