-0.0463 -0.7174
0.0086 1.0119
-0.4326 0.7163
-0.3103 -0.0059
1.0240 0.0178
-0.1559 0.1918
-0.6052 0.3497
-0.4916 0.2131
0.1673 -0.1358
-0.4204 0.2069
-0.7828 -0.5621
0.1001 0.0067
-0.2179 0.4028
-0.0551 0.2468
0.2032 0.3058
0.3008 -0.0936
-0.4629 0.4696
-0.1370 0.7976
0.1459 -0.0202
0.1626 -0.0404
-0.9082 0.2711
-0.0706 -0.0609
-0.5746 -0.7117
1.0850 -1.1165
-0.2390 -0.6660
-0.5517 0.2798
-0.2331 1.5734
-0.7046 0.6394
-0.5348 -0.6004
0.3133 0.0621
-0.5301 -0.5067
-0.0381 -0.0116
0.0392 0.6061
-0.0963 -0.5368
0.2515 0.0260
0.4001 -0.4368
0.9357 0.3870
1.3991 0.0329
-0.0816 -0.1694
0.0245 0.0055
0.1151 0.0409
-0.0135 -0.0060
0.1143 0.9896
-0.6231 -0.2092
0.0223 -0.0121
-0.4484 0.4593
0.9040 0.3494
-0.2846 -0.4140
0.0160 -0.8335
-0.2744 -0.4268
0.2690 -1.2205
-0.1182 -0.1029
-0.2257 -0.0834
-0.7389 0.0430
-0.2449 -0.5671
0.9373 0.2592
0.0556 0.4315
0.2940 0.6455
0.1559 -0.7942
1.6435 0.3766
0.0300 0.2827
-0.4145 -0.1895
0.5610 -1.1003
-0.1509 0.5987
1.3531 0.8535
0.1306 0.1056
0.0181 -0.0322
-0.3149 -0.1624
0.1196 -0.0610
-0.4405 0.2221
-0.3004 0.0161
-0.3921 -0.4469
-0.7043 -0.6813
0.9541 -0.3537
0.7527 -0.7146
0.7077 0.5517
0.3264 -0.5097
-0.2240 0.2022
0.4537 0.2627
0.5948 -0.9666
0.1781 -0.0195
-0.2085 0.1358
0.2718 0.2475
0.5679 0.1921
0.0120 0.0105
-0.2009 0.5266
-0.0367 0.0594
-0.2781 0.3234
0.4339 0.0024
0.1015 0.9314
0.2306 -1.6388
0.4750 -0.0214
0.2178 0.0603
0.1665 -0.4826
-1.1090 -0.7324
0.0844 -0.2102
-1.4757 0.0999
-0.5381 0.9170
-0.0318 1.5563
0.8968 0.1953
0.1787 0.9465
0.3847 0.5872
-0.1986 -0.8354
0.0746 -0.3274
0.3637 0.1209
-0.0095 0.0229
0.8477 0.2143
-0.2474 0.0164
-0.1916 0.2026
0.0719 0.0425
-0.4217 -0.2906
-0.2299 0.0507
-0.0480 0.1807
-0.1183 0.3195
-0.1947 0.2504
0.5602 0.6515
0.0886 -1.3210
-0.1008 0.0044
0.1897 0.8170
0.1718 -0.2503
-0.0272 0.2720
0.3625 -0.1948
-0.6496 1.2414
0.3393 0.4522
-0.6514 1.2610
1.3678 0.0640
0.4137 0.4589
0.6853 -0.4300
-0.7074 0.1911
0.6573 -0.2634
0.0019 0.0003
-0.9159 -1.1591
0.0292 0.0748
1.4542 -0.3167
-0.0491 0.6813
-0.4737 -0.0077
-0.4367 -0.2948
0.8546 -0.0640
-0.3380 0.3961
0.0045 -0.0203
0.1433 -0.2290
-0.1567 0.4975
-0.5079 -0.6925
0.1226 -0.2871
-0.2270 0.0610
-0.6573 -0.6856
-0.2297 0.4285
-1.1281 0.7582
-0.2469 -0.1825
-0.4687 0.0357
0.1214 -0.2055
0.1330 -0.2333
0.0718 0.0543
-0.0102 -0.0018
-0.4352 0.5346
-0.2387 0.1053
0.0911 -1.0380
0.0479 -0.0566
-0.8131 0.0799
0.1831 0.1124
-0.1617 -0.0274
1.5753 0.0041
0.0362 0.0030
0.4344 -0.2857
0.3290 -0.1478
-0.1803 0.2276
0.2821 -0.2629
-0.4444 0.5839
-0.8572 1.2726
0.1767 -0.9492
0.0886 0.1924
-0.3444 -0.3165
-0.9257 -0.0882
-0.1211 -0.1015
0.1002 1.0000
-0.7549 0.2890
0.9066 0.3614
-0.4979 0.8318
0.0172 -0.0416
0.4769 -0.7958
-0.0457 -0.7630
-0.5260 0.3824
-0.5089 0.5964
0.3738 -0.0908
-0.2240 0.3094
0.1315 -0.1043
0.2214 -0.0524
-0.7007 -0.5853
0.0065 -0.0280
0.7520 -0.0138
0.1429 1.1473
-0.3019 0.0166
0.0949 0.7401
0.3547 -0.1606
-0.1438 0.1889
-0.1365 0.2588
0.6040 0.5718
0.3396 -0.0522
-0.0144 -0.0738
0.3490 0.7828
