0.0693 -0.0091 -0.1996
0.5156 0.2948 -0.4179
-0.0394 -0.0264 0.1969
-0.0230 0.1122 0.6173
0.0784 0.0373 0.6932
-0.1213 0.0047 -0.3707
0.4421 0.1673 -0.3450
-0.1012 0.1423 -0.0339
-0.4441 -0.0021 -0.3429
0.0436 0.3145 0.7741
0.3087 -0.3661 0.0621
0.1596 0.2245 0.4115
0.0619 -0.1720 -0.1583
0.2327 0.1783 0.0089
0.0107 0.0674 0.0084
-0.0034 0.6663 0.4092
0.0749 -0.2257 0.1087
0.1298 0.0622 0.1144
0.0711 -0.0780 0.0841
-0.0730 0.0406 0.6779
-0.0302 0.2629 -0.1771
0.5503 0.0430 0.2982
-0.0050 0.0690 0.0546
-0.3331 -0.0749 -0.5151
0.6884 0.0095 0.2159
0.9389 -0.0987 -0.1183
-0.0516 -0.0105 -0.0927
0.0022 -0.0056 -0.0193
0.1328 0.0328 -0.6545
-0.4375 0.0979 0.6317
-0.2300 -0.0158 0.4864
-0.4388 -0.1241 0.6780
0.0935 0.1117 -0.1688
0.0153 0.0299 -0.6427
-0.3215 -0.2883 -0.1274
-0.1344 -0.1680 -0.8507
-0.2612 -0.1138 0.7261
0.0266 -0.0306 0.2901
-0.0104 -0.3846 -0.1390
-0.4136 -0.2061 0.3176
-0.2235 0.0920 -0.7970
-0.0085 -0.0529 -0.0493
-0.6421 0.4461 -0.5020
-0.0238 -0.1031 -0.0841
0.0283 0.8579 -0.3561
-0.0003 -0.0044 -0.1465
-0.0008 0.0017 0.0295
-0.3212 -0.4380 -0.7438
0.2703 0.5774 -0.1433
-0.3593 -0.1794 -0.8585
