-0.3649 0.1415 0.8997
-0.9622 -0.0726 0.3104
-0.8698 0.2266 1.4636
-0.1541 -0.4401 0.6785
-0.2527 -0.3781 0.7435
-0.7870 -0.4857 0.0383
-0.0508 -0.3980 -0.3921
-0.5723 -0.1419 -0.2225
-0.5440 -0.6592 -0.4430
0.0011 0.0018 0.0488
0.0086 0.0211 -0.0486
-0.0143 -0.3716 0.1055
-1.0576 0.3017 1.8234
-1.3254 1.4657 -0.7811
-0.0016 0.1863 0.1551
0.4500 -0.2277 0.4010
-0.0109 -0.0416 -0.0390
0.3259 -0.2094 -0.3893
-0.0035 -0.0451 -0.0338
-0.3338 0.0935 -0.6095
0.0703 -0.0458 0.0881
-0.2063 0.3765 0.5086
0.2422 0.4891 -0.6446
0.0865 -0.5597 0.6517
0.4055 -0.1135 0.8919
2.9065 0.2396 1.7469
3.0486 -0.1781 -0.7275
3.0370 0.1276 -0.0069
2.3377 0.6501 -1.1637
3.0187 0.1911 -0.0774
2.9347 0.0319 0.3263
2.9238 0.1595 0.1445
3.2150 -0.2873 -0.0870
2.9792 -0.0393 -0.2099
2.6470 0.0909 -0.0163
2.9952 -0.1173 0.0385
2.9605 -0.0452 -0.1576
2.7785 -0.0859 1.2283
3.3500 -0.0323 -0.2053
3.0705 -0.0895 0.5602
3.3339 0.5426 -0.3488
3.0035 0.0020 0.0494
3.6909 0.6719 0.1190
3.1505 -0.4520 0.1398
2.9870 0.0981 0.5347
2.9944 0.4573 -0.0740
3.0654 0.1057 -0.7387
2.9438 -0.3317 0.0618
3.1006 0.0376 -0.9719
2.7968 0.2378 -0.3529
