-0.1882 0.0384
-0.4532 -0.1552
0.1990 -0.8437
0.5239 0.2485
0.0893 0.0072
1.1442 0.0389
-0.7266 0.7629
0.0813 -1.1724
0.0990 -0.0233
0.1149 -0.3572
1.0753 -0.1604
0.3688 -0.4139
0.8029 0.5990
-0.6554 -0.1239
0.2692 -0.1003
0.8121 -0.8094
0.0245 0.0003
0.0113 -0.0122
0.0409 0.0424
-1.0544 -0.2764
-0.9081 -0.7622
-0.0216 0.2842
0.0339 0.5106
-0.2864 -0.2093
0.6157 0.0755
-0.0985 -0.4376
0.0209 0.0183
0.2916 -1.1155
-1.0702 -0.3401
0.3226 -0.3063
-0.0703 0.0468
-0.0908 -0.1239
-0.2621 -0.2515
0.4985 -0.1358
-0.0717 -0.5281
0.2631 -0.1495
0.2529 0.3378
0.0175 -0.0507
0.0174 -0.1070
0.1150 0.3920
-0.1682 -0.1403
-0.0805 -0.1130
-0.6976 -0.2937
0.0218 -0.0479
-0.0034 0.0311
-0.3382 0.0328
0.0114 -0.8286
0.1821 0.2134
-0.3444 -0.5818
-0.2287 -0.4997
0.1122 -0.1272
-0.2562 0.6535
-0.0920 -0.1355
-0.1730 0.3082
0.0046 0.0038
0.1264 0.0910
-0.2765 1.1096
-0.6115 -0.0684
-0.0111 0.3652
-0.6143 -0.3227
-0.7411 -0.7024
0.5069 -0.8814
0.1855 -0.7322
0.8296 -0.0216
0.0891 -0.1034
-0.1293 -0.0994
0.5044 -0.1875
-0.1217 0.0927
-0.0063 -0.1034
0.1372 -0.2369
-0.4592 -0.0669
-0.2884 0.2668
0.3743 -0.9065
0.3730 0.2996
-0.6647 -0.4628
0.0294 0.7906
0.0362 -0.3811
0.3878 0.4350
0.5950 0.0667
-0.2485 -0.2246
0.0359 0.0801
-0.6164 0.8191
0.2835 0.0382
-0.5460 0.4705
-0.4353 0.1834
-0.2351 -0.5049
-0.1546 0.1823
-0.9972 -0.5852
-0.5559 -0.3682
-0.1313 -0.1523
0.0607 0.0041
-0.4927 -0.3856
0.1794 0.2125
0.0015 0.0013
0.5312 -0.0769
-0.2513 0.1491
0.2272 0.4562
-0.0742 0.0236
0.5435 -0.2598
-0.1921 -0.2466
