0.5368 0.3043
-0.4933 0.2913
0.0529 0.3266
-0.7297 -0.2216
1.2668 0.3194
-0.5219 0.5337
-0.5494 0.8204
-1.0175 -0.5486
-0.1713 0.6567
0.5557 -0.5031
0.3733 -0.1965
0.0745 -0.1491
-0.0029 -0.0917
-0.0704 0.2710
0.1845 -0.0612
-0.2226 -0.5520
-0.0136 0.1659
0.7994 0.5722
1.4055 0.2533
0.0502 -0.1934
0.4760 -0.8728
0.6057 -0.0732
-0.8343 0.3373
-0.1782 0.0955
0.3620 0.0096
0.3284 0.3402
0.3375 -0.1857
0.0319 -0.0143
0.3300 -0.6943
-0.0013 0.5579
0.0796 -0.0028
0.1044 -0.0271
0.1279 0.5299
0.1185 -0.0935
0.9174 0.0310
-0.8849 -0.0969
-0.6738 0.0086
0.0047 0.0142
0.0434 0.5778
0.0607 0.0549
0.4974 0.7904
-0.2629 -0.1955
-0.5454 0.1734
-0.5784 0.6774
0.0175 -0.3278
-0.1483 0.4697
0.5689 0.4637
-0.4459 -0.4691
0.0396 -0.1336
0.0320 -0.5308
-0.6509 0.2054
0.2344 0.1782
0.0051 0.0129
-0.1555 0.1931
0.0021 0.7107
0.1358 -0.6799
-2.8741 0.5852
1.5532 -2.8449
0.6307 0.0604
-0.2215 0.1657
0.1435 -0.3545
-0.2351 0.1835
-0.1374 0.4739
-0.0446 -0.3690
0.8697 -0.2484
-1.0117 0.6232
-0.4554 -0.2017
0.6968 0.5729
0.4644 0.4801
-0.9823 0.1167
0.5897 0.6135
0.9009 -0.3970
-0.0466 0.2014
0.8342 -0.3552
0.3282 -0.4815
0.1577 -0.1950
0.1345 -0.0639
0.3053 -0.1951
0.7776 0.4816
0.0455 0.8582
0.6112 -0.6513
-0.2788 -0.2757
0.6811 -0.2892
-0.0395 -0.0039
-0.7254 0.5055
-0.6949 -0.3563
0.0882 0.3497
-0.5000 0.6012
-0.5596 -0.0356
-0.9293 0.2900
-0.4733 -0.1249
0.4583 0.8002
-0.2750 0.1423
0.3056 -0.0102
-0.0242 -0.2072
-0.0758 0.6135
0.0889 0.0780
-0.0994 0.4867
-0.6113 0.1474
0.0731 -0.0689
6.4771 0.8707
2.5196 0.2673
3.6500 2.0677
5.3466 0.4410
4.4622 0.4556
5.4515 0.0927
4.8182 0.8126
5.1541 -0.7638
5.3982 -0.0326
6.6485 1.1651
2.7732 -0.7105
4.9460 -2.2497
5.1013 0.0539
5.8623 -0.2323
5.4539 0.7789
4.7131 0.0103
5.1244 -0.0316
5.8576 -0.2596
5.1293 1.2618
4.6299 -0.0401
5.0912 0.2613
5.2258 -0.0351
4.5728 0.3559
4.2183 0.3294
5.4453 0.2757
7.6080 -2.6665
4.6587 -0.3393
4.9073 -0.0930
4.8298 -0.0069
4.7814 0.2434
5.0924 0.8310
6.8422 1.8315
3.4555 -3.2855
4.6391 0.8058
4.6865 -0.1106
4.7952 -0.5403
5.5344 -0.5324
4.8211 -0.2352
5.2073 -0.0568
4.4272 -0.7337
5.7496 0.1603
5.1181 0.0530
4.9907 -0.1336
5.6364 0.2444
5.5331 -0.7245
4.3579 -0.1880
4.4622 -0.3314
4.4020 -0.1684
4.7543 4.1575
4.1427 -0.3590
5.5065 0.8439
4.8715 0.0057
4.4508 0.6031
4.5947 0.2803
4.0840 -0.2832
4.4113 0.5317
5.3607 0.3336
4.9989 0.0204
5.2295 -0.0563
5.1339 -0.6375
4.8907 0.0947
5.0099 0.0150
5.1422 0.5097
5.4604 -0.7172
5.0213 0.0456
3.9725 -1.2776
4.8865 -0.2253
5.2823 -0.6858
4.3905 0.4371
5.1212 0.0929
5.4841 -0.3373
5.2536 0.2399
5.0346 0.4342
4.7861 0.6037
4.9865 -0.1832
4.5706 0.4310
4.9702 0.1458
4.7337 0.0082
4.4325 -0.0151
4.6783 -0.0007
5.2236 -0.7056
5.7313 0.4562
4.8662 -0.1931
5.0030 0.0788
5.3773 0.7815
5.4281 -0.8074
3.4279 3.1005
5.1778 0.0863
5.3107 0.0832
5.1371 0.9618
5.3115 0.3821
5.5618 0.6365
4.9966 -0.3351
5.0421 -0.4618
5.6804 0.1891
5.0055 -0.1409
4.1495 0.0085
5.5605 -2.2721
4.2692 0.2313
5.2432 -0.3296
