-0.2125 -0.1743 0.2403
-0.0005 0.0002 -0.0006
-0.0083 0.0249 -0.1227
-0.1597 -0.2252 0.1960
-0.0816 0.0133 0.1449
-0.0712 0.1300 0.0173
0.0671 0.0607 -0.0051
0.0381 -0.3438 0.7035
-0.4051 -0.0236 -0.9081
0.0348 -0.0128 0.0053
-0.1430 0.2761 0.0468
-0.0515 -0.0482 0.9837
0.0435 -0.0962 0.2323
0.7767 0.2040 0.4950
-0.1163 -0.1468 -0.3312
0.0018 0.0824 0.0003
-0.0724 0.0229 -0.1705
0.6170 -0.9061 0.2730
0.0045 -0.0008 -0.1926
0.0967 -0.1998 -0.4532
0.0481 0.0142 -0.0070
0.0175 0.0033 -0.5156
-0.0308 0.0419 -0.9850
-0.0086 0.0055 -0.2330
0.0409 0.2205 -0.1098
0.0250 -0.2985 0.1088
-0.4361 -0.4350 -0.2185
-0.1963 -0.0411 -0.5254
-0.0791 -0.0735 -0.8583
0.0325 -0.0338 -0.2411
