-0.2175 0.8641
-0.4649 0.0900
0.5652 -0.2579
-0.1375 -0.3281
-0.3274 -0.2400
0.1173 -0.6616
-0.5955 0.2363
-0.1672 0.5995
-0.9481 -0.2827
0.2435 0.6520
0.0611 -0.3311
-0.0265 -0.0556
0.1329 0.7970
-0.3944 -0.2676
0.5288 0.7117
0.6596 0.4281
-0.2532 -0.0460
-0.1082 -0.2615
0.1971 0.4627
-0.1045 -0.6676
-0.5213 0.0279
0.1593 -0.1180
0.1870 0.2769
0.1939 1.4502
0.8148 0.4603
0.1563 -0.0244
0.1715 -0.5906
-0.0189 0.0103
-0.1523 -0.1874
0.9905 0.2635
-0.1117 -0.1721
-0.0901 -0.2075
-0.4835 0.5216
-0.0164 0.3524
-0.2471 0.5074
-0.2516 -0.2619
0.4345 0.6347
-0.8709 -0.3114
0.4769 0.3953
-0.1982 0.7240
