0.0037 -0.0239 0.0969
-0.0166 0.0817 -0.0397
-0.0338 0.5754 -0.1536
-0.0271 0.0907 -0.0354
-0.4079 2.6354 -0.8826
0.6903 0.4331 -0.2502
0.2227 0.4049 -0.2694
0.6579 -0.1872 -1.8679
-0.0459 -0.1700 -0.7259
0.0160 -0.3519 -0.1499
0.6393 -0.1928 -0.0165
-0.4408 -0.6204 -0.5147
1.3741 0.2570 0.3357
-0.4815 -0.6985 -2.7082
0.5216 -1.0968 1.0682
0.0599 0.1670 0.4953
-0.2980 -0.1528 -0.3701
-0.0462 -0.0044 -0.0756
0.2449 -0.1460 -0.4951
-0.0506 -0.0328 0.0058
-0.0591 -0.1665 0.5292
1.0725 1.7595 -1.8637
0.0165 -0.2224 0.5557
0.0098 0.0614 -0.0071
0.5969 -0.1303 0.0853
-0.0126 -0.0265 0.0631
-0.5713 0.4440 -0.3107
0.3830 0.1335 -0.2097
-0.0633 -0.0113 -0.0658
0.1251 0.3676 -0.4123
0.2251 0.2070 -0.7933
-0.3195 -0.5831 -2.5097
-0.0724 -0.2084 -0.5138
0.8554 0.0366 1.3044
0.4941 1.0959 -1.2592
-0.1719 -0.0460 0.0229
0.2379 -0.0753 0.0422
0.2309 0.1999 -1.5748
-0.0909 0.0325 0.1775
-0.2360 0.5032 0.4127
-0.1637 0.8183 -0.0717
-0.0089 0.0326 0.7257
0.0102 -0.1486 0.1600
0.0292 0.0433 0.8022
-0.0824 -0.0891 0.8313
1.3860 -0.2445 1.5039
-0.0505 0.0048 0.1907
0.1420 -0.1152 -0.9394
-0.3261 0.0355 -0.1332
0.2384 -0.2310 0.0787
-0.3377 0.2156 0.8783
0.8816 0.1744 0.2967
0.2982 -0.0032 -0.0035
0.0235 0.0590 0.2739
-0.1389 -0.1563 0.1666
1.1073 -0.6065 -2.5976
0.9314 -0.2058 -0.1762
0.0237 -0.0538 -0.0523
0.8126 -0.2088 0.4550
-0.0456 0.0351 -0.0433
0.1484 0.2692 -0.6780
0.2234 0.3761 -0.1269
0.0333 0.0527 0.2624
-0.3923 0.5502 0.0272
0.1935 0.0883 0.0134
0.1134 -0.1527 -0.0838
0.2182 -0.1586 -0.0521
-0.3700 -0.3311 0.3038
0.1436 -0.3092 -0.8008
0.2191 -0.0157 -0.2826
0.1047 0.2228 0.2315
2.3584 -1.1724 0.0820
-1.0052 -1.8477 -0.7653
-0.3125 -0.1110 -0.0440
-0.1100 -0.1075 0.0379
-0.3188 -0.5779 -1.3056
0.0107 0.0303 -0.8637
-0.0464 0.0968 -0.1988
0.8521 1.2289 -1.2748
0.1103 0.7733 0.2667
-0.1853 0.2760 0.6497
0.5571 -0.5078 0.5205
-0.2194 -2.6318 0.8331
-0.7827 -1.4097 1.9239
0.3159 0.0168 -0.6759
-0.0137 1.3396 -1.2056
0.4305 -0.2661 -0.0210
0.4033 0.3890 -0.0505
-0.0939 0.2892 0.8128
1.0686 0.4079 -0.3648
-0.2928 0.5605 -1.0718
-0.0718 -0.5971 0.1599
0.5353 -0.3361 0.7960
0.0378 0.1708 -0.2683
0.3084 -0.0045 -0.2869
-0.8621 -0.3887 0.0031
0.0764 0.5042 0.0817
0.2078 -0.5633 0.6099
0.1513 -0.0088 -0.9096
-0.4626 0.4423 -0.0271
-0.0220 0.6690 -1.8601
-0.3419 -0.0014 0.7458
0.5691 -0.4636 0.0358
0.0873 0.0147 2.0355
-0.1084 -0.1537 -0.5793
-0.0106 0.3167 -0.1935
-0.0198 -0.0081 0.0384
0.8670 -0.2627 -0.3950
-0.5982 0.0953 0.2345
-0.1494 0.1746 0.7234
0.0799 0.0278 0.1198
-0.1857 1.7810 -1.6508
-1.1001 0.0167 0.2822
-0.5876 -0.1841 -0.5861
-0.0279 0.1438 -0.0320
0.3768 0.0958 0.2942
-0.0086 0.0352 0.1521
0.0322 0.0032 -0.5359
-1.6773 1.1870 1.3304
0.0159 -0.0086 -2.0845
-0.3184 0.0271 0.9696
-0.8855 -0.1639 0.0399
0.0167 0.0265 -0.8011
0.0305 -0.1496 0.2236
-0.0856 -0.3266 0.4203
-0.8175 1.0273 0.1356
0.6519 0.4522 0.5755
-0.2230 -0.2417 0.4673
0.0005 -0.0002 0.0011
-0.4530 -0.6128 0.3470
0.0173 0.0241 0.4407
0.0254 -0.0341 0.4362
0.0278 -0.0376 -0.0763
0.0396 0.1052 -0.2169
-0.0854 0.0854 -0.9606
0.0286 0.5080 -0.1990
0.4395 0.3829 0.5421
0.0905 -0.1523 0.8998
-0.0550 -0.4282 0.3083
0.1060 -0.1274 0.3796
-0.4006 -0.1708 0.4749
-1.5555 1.0080 1.1978
-1.3926 -1.4230 -2.3576
-0.1602 0.0102 0.7832
-0.2164 0.1447 0.5562
-0.2304 0.3040 -0.1129
0.3552 -0.9305 -0.0347
0.0314 -0.0625 -0.0310
0.1903 -2.4453 1.4458
0.0878 0.1386 0.3645
0.1377 -0.0491 0.0761
-0.0427 -0.0526 0.2759
-0.3202 -0.2465 0.0224
0.0170 -0.3675 0.5794
0.0612 -0.0252 -0.0617
-0.0733 0.0281 -0.5975
0.1223 -0.3086 -0.1502
0.2485 -0.0307 -0.0449
-0.3128 -0.3256 0.2225
0.2126 0.2721 0.0721
0.0040 0.0137 0.3733
0.0449 0.0144 -0.0464
0.0088 -0.1228 0.1376
0.0827 -0.0018 0.7274
0.0696 -0.3236 0.8324
-0.6969 -0.6179 -2.2085
-0.4502 0.5563 -0.6478
0.2453 0.1422 -0.2191
-0.4592 0.1767 0.1751
0.9091 1.4951 -2.3588
-0.1403 -0.0132 -0.2808
0.1059 0.1589 0.4186
0.0456 0.0977 0.8804
-0.4983 -0.0274 0.3170
0.0109 0.5100 -0.1789
-0.1616 -0.4275 -0.6688
0.2725 0.3417 -0.0549
0.0804 -0.4104 -0.2663
0.7061 -0.1504 0.2033
-0.5628 -0.5808 0.0240
-0.4785 -0.1136 -0.3678
-0.0000 0.0926 0.1888
-0.4263 0.0512 0.6767
-0.7008 1.0531 -1.5333
-0.0536 0.0347 -0.0272
0.5559 -1.1588 2.3218
-0.0531 -0.1609 0.4283
0.2574 -0.8445 -0.0882
0.0573 0.1151 0.1349
0.2522 0.4517 0.8502
0.6650 -0.0194 0.4754
0.1250 -0.6256 0.5226
0.0173 -0.0165 0.8282
-0.0004 -0.0433 0.0296
-0.1650 0.0739 0.0330
0.0922 0.0659 -1.1240
-0.1702 0.0223 -0.6749
-0.0410 -0.1114 -0.0914
0.3489 -0.0468 -0.5794
0.0156 -0.0003 0.0546
0.1398 -0.2440 -0.7662
0.4355 0.3282 0.2686
0.4359 0.3521 -0.2343
-0.3466 -0.4292 -0.7120
-0.0593 0.2274 -0.7863
-0.5756 -0.0014 0.0818
0.0061 -0.0161 -0.0289
0.4396 0.3048 0.3033
0.4854 -0.0237 -2.4009
0.2479 -0.6550 0.3065
-0.1146 -0.1444 -0.7896
0.0126 0.0559 -0.2343
-0.2334 0.1213 -0.4292
0.4332 0.4421 -0.4594
0.5173 0.5584 0.2323
-0.0253 0.0083 -1.6035
-0.0400 -0.0678 0.7228
-0.1953 0.7105 0.0996
-0.0360 0.0414 -0.0834
-0.0023 0.0009 -0.0281
-0.0094 0.0002 -0.0048
0.0881 0.1365 0.5205
-0.2301 -0.2207 0.1479
-0.0494 0.1087 0.7498
-0.0668 0.7259 -0.5779
0.7197 -0.4878 -0.1620
-0.0079 -0.0057 -0.8769
0.0628 0.0266 0.3513
0.8008 -0.2434 -0.3133
0.1085 -0.0799 -2.8925
-0.4832 -0.1260 -0.1401
0.0240 -0.1202 0.8444
0.5753 0.7027 0.3535
-0.0524 -0.0794 0.0100
-0.3213 -0.0259 0.1168
1.9491 1.5997 -1.1203
-0.6443 0.2996 -0.0314
-0.4655 -0.1857 0.4492
-0.3520 -0.2337 0.5940
-0.0866 -0.2676 -0.3467
-0.0153 0.0092 0.4970
-0.0423 -0.4542 -0.3473
-0.3162 0.1987 0.6259
0.1500 -0.0994 -0.1284
-0.0307 -0.0406 -0.4659
0.1139 -0.7302 -0.6239
-0.4136 -0.3220 0.8199
0.2845 -0.0398 -0.9345
-0.2143 0.3610 0.0722
-0.1660 0.0620 -0.0961
4.9863 -0.0738 -0.5068
4.0388 0.0002 -0.0701
3.9637 -0.5129 -0.2260
3.0376 0.1888 0.1660
3.9720 0.0139 -0.0160
3.9064 -0.5454 -2.8000
4.0985 -0.1186 -0.0947
3.6489 -0.0515 0.5572
4.1850 0.0609 -0.6385
5.6488 -1.6497 -0.2212
3.3832 0.0670 0.4735
4.0641 0.0285 0.0309
2.8648 -0.5826 -0.3774
3.7124 0.1921 0.8220
1.5624 1.3007 0.2574
4.1725 -0.1125 -0.1157
4.3494 0.2748 0.5380
3.7743 -0.0798 -0.5716
3.7820 -0.5432 0.4555
3.8883 0.2423 0.6712
4.9450 -1.6156 0.2686
2.6825 0.6130 -2.0682
3.3783 -0.1181 -0.2004
4.2945 0.1095 0.1590
3.9724 0.0377 -0.0566
4.4584 0.3222 0.7149
3.1715 -0.0539 -0.7707
4.0039 0.1716 -0.9834
4.8619 0.1842 1.2622
3.6932 -0.0546 -0.3259
4.0008 -0.5813 -0.7665
3.3498 -0.0945 -0.4720
4.1886 0.6896 -0.5886
6.4085 -0.0195 1.3857
3.2551 -0.2509 0.2654
5.5580 -0.0119 -2.0075
4.5855 -0.1962 0.3258
4.0128 -0.0117 0.4937
3.9878 0.2067 -0.3046
4.2489 0.1640 0.5308
3.5302 0.0893 0.2294
4.3435 0.3208 -0.4935
4.0224 -0.0058 0.0257
4.6668 0.0933 -0.0404
2.0382 0.2180 -1.2110
4.0070 0.0021 -0.0089
3.7839 -0.1567 0.7231
5.4203 0.2839 0.2749
3.9779 0.1251 -0.4694
3.6404 0.0353 -0.5627
4.0110 -0.1079 0.3856
4.2916 -0.3518 0.1620
4.0145 0.0777 0.2864
3.8834 0.3743 0.0969
4.1594 -0.1525 0.4140
3.8475 0.5437 0.0640
4.4525 0.3658 0.1937
3.7308 0.4019 0.6683
4.1102 0.0228 0.1974
5.4329 -1.0408 -1.3994
4.0347 -0.0034 0.5447
4.5583 -0.2103 0.7077
4.0226 0.3210 -0.7641
3.9581 -0.1661 0.2550
4.1595 0.1129 -0.7236
4.0973 -0.2391 0.0674
4.7211 -2.8018 0.2573
4.0551 0.0666 0.4050
3.7630 -1.0202 -1.8242
4.0495 0.1328 -0.3656
3.7710 -0.3237 0.8277
3.8018 -0.6073 -0.4749
3.4188 0.3302 -0.7171
3.8509 -0.0172 -0.1541
3.9464 -0.1501 -0.3900
3.9791 -0.0144 -0.0577
3.7619 0.7637 0.3420
4.5155 0.4041 0.6533
4.0152 0.0121 0.1516
3.4515 -0.3090 0.2134
4.0673 -0.0612 -0.3557
3.9001 0.2590 0.5051
3.9970 -0.0003 0.1770
4.0762 0.1103 -0.7771
4.0198 -0.0055 0.3567
3.0571 -0.1832 -0.0215
4.0386 -0.0634 0.0869
3.9724 -1.1029 -0.5384
3.9028 -0.4136 0.7511
4.0922 0.4405 0.2122
4.6639 0.0207 -0.2955
4.1672 -0.0389 -0.2332
4.1679 0.1369 -0.2103
3.4709 0.6419 2.1071
3.5736 0.4191 -0.3325
3.9927 0.0068 -0.0206
3.8457 -0.7089 0.0769
4.3315 0.1108 -0.5015
4.0489 0.0078 -0.0068
4.0328 -0.3762 0.2702
3.9584 0.0095 -0.0272
3.6794 -0.0305 -0.4714
3.8047 0.5225 -0.4643
4.5738 -0.2316 -0.7518
3.8332 -0.1927 -0.0288
3.7704 0.0502 3.1481
4.0031 0.0584 -0.5875
3.9805 0.0911 0.0430
4.0471 -0.0461 -0.4971
3.7757 0.1909 -0.1291
3.9925 -0.0045 -0.0075
4.4776 0.3912 -0.2427
4.0565 -0.1174 0.1454
3.9379 0.0021 0.2509
4.0005 0.0003 0.8514
3.2920 -0.2167 -1.4228
3.7619 -0.1968 -0.6592
3.9126 0.0032 -0.4284
3.9921 0.0446 0.1816
4.0437 0.5397 0.4090
3.9328 -0.0494 -0.1456
4.0095 -0.0306 -0.0472
3.9901 -0.0015 0.0775
2.8288 -0.6560 -0.8577
4.1405 -0.0690 0.0688
4.0858 -0.5185 -0.2601
3.9975 0.0779 -0.1059
3.8021 0.0940 0.3754
3.1301 0.0854 -0.3586
3.9180 -0.0341 0.3953
3.9410 0.0873 -0.3517
4.0142 -0.0072 0.0676
3.9433 -0.0270 0.0428
4.1819 -0.0140 0.1479
3.6650 0.2974 0.2284
3.8865 -0.2391 -0.0468
3.8607 0.7834 -0.5760
3.9225 0.0404 -0.0096
3.7974 0.5957 0.7081
2.2515 0.4616 1.5493
4.3389 0.1134 0.8285
2.3528 0.7519 -1.2582
4.0303 0.0366 -0.1309
3.8893 0.1293 0.1034
4.0261 0.0145 0.0319
2.6908 1.3880 -1.5952
4.0913 0.0096 -0.3104
3.5946 0.2880 0.1164
4.3387 0.1012 -0.7302
3.7937 -0.2299 -0.1101
3.8746 -0.0680 0.0786
4.2987 -0.0253 0.7300
3.4327 -0.7568 1.5925
4.0196 -0.0124 0.1053
4.0253 0.0730 -0.0137
3.7880 -0.5097 -0.5064
4.0022 0.0006 -0.0024
3.9414 0.7010 0.0684
4.0296 0.0093 -0.0819
3.9972 -0.0070 0.1236
3.8811 0.1455 -0.1504
3.9549 -0.4230 -0.2658
3.8049 -0.2110 0.0070
3.9079 -0.2261 -0.5003
4.0196 -0.8586 0.4398
4.1970 0.0786 -0.1687
3.4932 0.4871 0.8743
4.3428 0.4144 -0.1890
3.5407 0.0094 -0.1618
3.4326 -0.1600 -0.3214
4.0002 -0.0001 -0.0320
3.9674 -0.0401 -0.4862
4.0809 -0.3780 0.6834
3.8130 -0.1801 -0.0211
4.0377 -0.3655 0.2651
3.8048 -0.2028 0.1117
3.9914 -0.0123 0.0232
4.3498 0.2788 0.4748
4.6181 -0.0401 0.3488
4.0093 0.3495 0.1013
3.9598 -0.0575 0.2243
3.9158 0.7209 -0.1183
3.8739 0.0742 -0.1229
3.9454 0.1494 -0.3519
3.6890 -0.2631 -0.0240
3.9894 -0.0055 -0.0033
4.1689 0.1933 -0.6572
3.5671 0.1778 0.2594
3.7024 -0.7940 0.1734
3.8754 0.5575 -0.4444
3.2993 0.0884 0.2082
3.9497 0.0992 0.1214
3.9063 0.0992 0.6629
3.2835 0.1069 0.1838
3.1919 0.0515 0.4690
3.5819 -1.0133 0.5444
3.8872 0.1595 -0.7367
3.6720 0.5600 0.3340
4.4272 0.2227 0.8306
4.0248 0.0949 -0.1302
5.1589 -0.4495 -2.8479
3.8980 -0.1718 0.0951
3.3884 0.5034 0.4782
4.1448 -0.1743 0.6041
3.8371 0.3279 0.2485
3.9475 -0.1033 3.1413
3.2546 0.5419 -0.2079
4.8469 -0.2554 0.0056
3.8010 0.0587 0.0464
3.5763 0.0618 -0.3695
4.2159 0.0370 -0.0191
3.6514 0.6133 -0.1076
3.9985 0.0080 0.0200
3.3964 0.5416 0.4301
3.3921 0.0707 0.7004
3.7775 0.0049 0.2896
3.9855 -0.0377 0.0611
3.4381 -0.2373 -0.3385
4.0160 0.0074 0.2736
3.6685 -0.0668 0.3604
5.6890 2.0265 0.8235
3.3236 -0.3690 -0.4298
3.8961 0.1192 0.3897
3.9049 -0.0879 0.1120
3.3388 0.6875 0.0709
4.0347 -0.0169 -0.1651
4.4436 -2.1557 0.8313
3.7426 0.6814 -0.1933
3.8423 -0.1154 0.2517
3.9364 0.0158 -1.6689
4.1153 0.3242 0.6845
4.0765 0.0195 0.0081
3.9813 -0.0837 -0.0994
3.6602 0.3367 -0.4939
3.9328 0.0902 0.0168
3.9652 0.1712 -0.2348
4.0604 0.5947 0.6696
3.9103 -0.0771 -0.8021
4.0042 -0.0008 0.6198
4.0073 0.0444 0.2440
3.7130 0.1567 -0.1629
3.8717 0.3546 0.6716
5.3069 1.4166 0.9561
3.8698 0.0111 -0.6197
3.9949 0.0024 0.2176
4.0649 -0.0262 -0.1388
3.9841 0.0463 -0.2030
3.8391 -0.2034 0.0700
4.0060 -0.0709 -0.5522
4.0037 -0.0055 0.0013
