-0.3698 0.4250
0.4698 0.2228
-0.6565 0.4618
0.3210 0.2039
-0.2415 0.6879
0.3317 0.0004
0.2195 -0.1295
0.8409 0.9561
0.3270 0.4970
0.5026 -0.6200
-0.0471 0.1008
0.0238 -0.2128
0.2355 -0.2098
-0.1628 0.3878
0.6762 0.3922
0.0264 -0.1392
-0.2475 -0.4638
0.0721 0.2675
-0.3309 0.0253
-0.4855 0.2075
-0.0346 0.0294
0.9578 0.1595
-0.2461 -0.6464
-0.6487 -0.2803
-0.2209 -0.9370
0.5649 0.2758
-0.1900 0.1232
-0.3221 -0.3708
0.2783 0.1879
-0.9206 -0.0927
0.0761 0.3512
1.1569 1.7277
-0.1213 -0.2590
0.2968 -0.0631
-0.0871 -0.0061
-0.1770 -0.3795
0.9633 -0.2473
0.0975 0.0467
-0.3476 -0.1532
-0.1654 -0.2093
