-0.5384 -0.2652
0.2097 0.0656
-0.5592 -0.0124
-0.0129 -0.0080
0.1103 0.2137
-0.0019 -0.2051
-0.0015 -0.2375
0.0643 -0.0761
-0.6347 -0.1866
0.4232 0.4824
0.0686 0.4716
0.2153 0.3745
-0.2288 -0.0300
-0.4432 0.0508
-0.2893 0.3999
0.1460 -0.1824
0.3694 -0.9055
0.1670 -0.0900
0.0396 0.0116
-0.1084 0.6324
0.2827 0.2261
0.3380 -0.4668
0.6636 0.3847
-0.0734 0.3935
-0.5798 0.5696
0.8881 0.0175
0.5314 0.3021
-0.5938 -0.1899
-0.0639 0.1486
0.1828 0.6291
0.0381 0.1190
-0.5475 0.0422
0.2606 0.0064
0.0731 0.4271
0.3316 0.3746
-0.0294 0.0484
0.6005 -0.5559
0.1444 0.1492
-0.8639 -0.4844
0.4018 -0.2785
0.9061 -0.2339
0.0863 0.0638
0.1937 0.3924
0.2936 -0.5841
-0.0415 0.0613
-0.1061 -0.0603
0.0143 -0.8502
0.0069 0.0065
-0.1229 -0.0172
-0.0242 0.1710
-0.3469 0.0031
-0.0245 0.0061
-0.7964 0.0703
0.2552 0.1163
0.0019 -0.1600
0.1736 -0.9463
-0.0542 -0.3388
-0.2329 0.3422
0.1055 0.1830
0.4299 -0.8150
-0.2779 0.1240
-0.2645 -0.7959
0.4702 -0.2002
0.1463 -0.9229
0.9402 -0.2272
-0.5412 0.2455
-0.7488 0.3907
-0.3648 -0.4902
-0.1520 0.2812
0.2231 -0.8112
-0.5119 -0.7693
-0.5838 -0.3555
-0.0581 0.0343
0.3919 -0.3773
0.5620 0.5591
-0.6279 -0.1385
0.0011 -0.0700
0.3986 0.1343
0.1344 0.2554
-0.5193 0.6219
-0.4355 0.7727
0.4899 0.5168
-0.4217 -0.2754
-0.1516 -0.3271
0.3732 -0.4348
0.8823 0.3679
-0.4137 -0.3449
-0.3783 0.2782
-0.7821 0.5385
0.2712 0.6634
-0.3154 0.0469
0.2461 -0.8217
0.3959 0.1166
-0.1852 0.5249
0.5853 -0.3481
-0.3684 0.3275
0.3014 0.2276
-0.7971 -0.2701
-0.0588 0.0468
-0.5184 -0.1042
-0.0109 0.0068
0.0428 0.6256
0.3265 -0.6749
-0.4410 0.3750
-0.0543 0.6636
0.5561 -0.0443
-0.5770 -0.0733
0.0384 -0.5973
0.7673 0.0427
-0.0861 0.6173
0.1398 -0.0289
-0.6598 -0.5263
0.4960 -0.1088
-0.1440 0.3058
0.6986 0.1849
0.2791 0.4724
-0.3218 0.7104
-0.1216 -0.0791
-0.0341 0.6665
-0.3520 0.0558
0.1153 0.1058
0.5271 -0.6800
-0.0620 -0.1951
0.1368 -0.4802
-0.0964 0.7806
-0.8926 -0.2194
0.7406 -0.4035
0.0642 -0.3365
-0.0653 -0.7280
-0.1307 -0.3259
0.6028 -0.4740
-0.4441 -0.1960
0.0169 -0.0044
-0.3646 -0.3300
0.4083 -0.0453
0.6064 -0.6797
0.2933 -0.1143
-0.4017 -0.3067
0.1577 0.2500
0.3300 0.1168
0.0353 -0.6387
0.1208 -0.4316
0.1332 0.7473
0.5659 0.4162
0.0224 0.2070
-0.0083 0.0623
-0.0215 -0.0235
-0.4328 0.2958
0.2170 0.2265
0.7803 -0.0243
0.0692 -0.1985
-0.3631 0.0623
-0.1075 0.5174
0.0739 -0.3481
-0.5952 0.3114
-0.1424 -0.3633
0.7094 -0.5521
-0.0540 -0.0096
0.5808 0.1758
-0.9257 0.1401
-0.4052 0.8102
-0.1498 -0.6387
0.3230 0.6670
0.0111 -0.2676
-0.0220 -0.0493
0.7498 -0.4296
0.3275 -0.0212
-0.6882 0.6191
0.2269 0.3483
-0.9515 0.0078
-0.9077 0.2445
-0.1456 -0.5754
0.5021 -0.3994
-0.2548 0.5562
0.8544 -0.2999
0.5489 0.3494
-0.1425 -0.5380
0.1970 0.8938
0.0739 -0.0318
0.3675 0.1785
0.1884 -0.8024
0.0877 0.1532
0.0095 -0.3111
0.3626 -0.6713
-0.3663 -0.3551
0.2563 0.4053
0.7520 0.5644
0.1000 -0.7245
0.4224 0.4120
0.0214 0.9855
-0.1149 -0.0375
-0.0178 0.0162
0.5615 0.1426
-0.0486 -0.0388
-0.0330 -0.0217
0.0702 -0.1321
0.1123 0.0409
-0.1904 0.1594
-0.1463 0.8730
0.0015 -0.0528
