-0.4879 -0.0423 -0.3713
0.1020 0.1468 -0.0569
-0.5422 -0.1116 0.1659
0.3481 -0.1864 0.0426
0.3073 0.6230 0.0488
0.0549 0.1495 -0.6674
0.4438 0.0050 -0.6579
-0.1013 -0.0292 -0.7120
-0.1247 -0.5851 0.3374
0.0498 0.0091 0.1240
0.0205 0.1087 0.3229
-0.0094 0.0187 -0.2683
0.0165 0.0242 -0.8903
0.2134 0.1852 -0.3716
-0.0644 -0.0055 0.5627
0.1288 0.4378 0.4829
0.2115 -0.1157 0.0156
0.0764 -0.3003 0.8908
0.3662 -0.8931 0.0914
-0.0067 -0.0073 0.0118
0.8119 0.0236 1.3040
-0.1791 0.0532 0.0237
0.0512 0.0472 0.0028
-0.5424 0.0249 -0.3969
-0.0594 -0.1637 0.5254
0.1447 0.4373 -0.1186
-0.0201 0.0540 0.4276
0.2357 -0.1454 0.1974
0.0158 -0.0070 -0.0641
-0.0939 -1.1219 -0.1382
-0.7884 0.0955 -0.5369
0.1092 0.0009 -0.0532
-0.2853 0.5633 -0.7451
0.0108 0.4652 -0.5089
-0.4422 0.3230 -0.4135
-0.2868 0.1994 0.1802
0.2427 0.0379 0.2610
-0.0595 0.2655 0.4703
-0.4304 -0.5866 0.5576
-0.2211 0.2075 -0.0746
