1.1784 0.4837 2.0371
-0.1818 0.0193 -0.6880
0.0039 0.0169 0.0618
-0.4134 -0.1786 -0.4982
0.0312 -0.0258 0.0446
-0.0310 0.0031 -0.0281
1.2419 -0.3391 -1.0377
-0.6842 0.1318 -0.0248
-0.0130 0.0102 -0.2139
-0.0861 0.0654 -0.0270
0.0093 0.0307 0.0188
-0.1277 -0.2150 0.2178
0.2516 -0.1942 -0.3201
0.2955 -0.9117 0.0512
-0.1735 0.2336 -0.2395
0.2633 -2.3186 0.4769
-0.0266 -0.0563 0.8809
-0.0148 -0.0166 0.0505
-0.1290 -0.0870 0.6317
-0.5875 0.2625 -0.2336
0.2632 0.6499 -0.6201
0.0096 -0.5107 0.5231
0.0686 -0.0094 -0.0266
0.0150 -0.4491 0.3721
-0.8607 0.0603 0.3023
0.4099 0.1302 0.3583
0.1358 0.2363 -0.5574
0.5037 -0.8110 -0.1417
-0.3923 -0.3474 -0.0025
-0.1946 -0.0418 -0.0104
-0.1049 -0.3810 0.5540
-0.1124 -0.3744 0.5158
-0.0999 0.1725 -0.1203
-0.0982 0.1167 0.0519
0.2336 0.2398 0.0940
0.0127 0.0104 -0.0076
1.2055 0.8951 -1.6956
0.5139 -1.9985 -1.6275
0.1706 -0.4581 0.5136
-0.0075 0.0068 -0.0145
0.2790 -0.2726 -0.0506
-0.1550 -0.1742 -0.7922
-0.0287 -0.0487 0.0386
0.0256 0.0015 -0.0335
0.1799 0.5609 -0.0062
0.2682 -0.0234 -0.0881
0.2810 -0.2885 0.3866
0.0197 -0.0148 0.8447
0.0914 -0.3908 -0.5331
0.0498 0.0025 -0.1920
