-0.4052 0.7188 0.1738
0.1786 0.1196 0.0671
-0.0600 0.3592 0.0230
-0.2786 -0.7900 0.4812
-0.5665 -0.0035 -0.4038
-0.2583 -0.5095 -0.3217
-0.1375 0.0919 -0.9608
0.2254 0.9380 -1.8393
-0.2060 0.1839 0.6850
-0.0720 -0.0689 2.1082
-0.1696 0.0939 -0.9403
-0.4499 0.1046 0.0635
0.9024 0.1245 0.2286
0.2407 -0.0012 0.0068
-0.7971 0.2772 -0.1423
-0.0508 -0.4594 0.7035
0.0099 -0.0025 -2.1820
0.0429 -0.1062 -0.4374
0.2038 -0.0351 -0.1366
-0.1689 0.1355 -0.0218
3.5265 -0.1214 -2.6409
3.5281 0.4873 -0.0834
3.1732 1.2090 -0.2756
3.5566 -0.0133 0.0202
3.5005 0.2047 0.0910
3.9610 0.2752 0.2945
3.4684 -0.3827 0.2584
3.4311 -0.0314 -0.0876
2.6496 0.3419 0.2073
3.5855 -0.3420 -0.7493
3.6058 -0.2721 0.1121
3.4905 0.0304 0.1509
1.6558 -1.3717 1.3409
3.5005 0.0006 -0.0129
3.5498 -0.0696 0.0339
3.5332 0.1084 0.3198
2.8205 -0.1254 -0.3414
3.2696 0.0761 0.2074
3.4680 -0.0815 0.2559
3.5861 0.0285 0.0543
