-6.374646157033057037e-01 -6.694168416276987665e-01
-3.034959681422200739e-01 3.718173037155690919e-01
4.917238105601040576e-01 -7.623475655267383244e-01
1.898863427536154336e-01 -2.537259311079070323e-01
2.745777320405078936e-01 -2.416173041458169191e-01
-2.698948579669654957e-02 -4.058895014334805151e-01
4.326793124981829775e-01 4.770739707000977159e-01
1.229071006294082530e-01 -8.117029974693289185e-02
-1.178152786992050088e-01 -2.177774555203058626e-01
2.752445137247427343e-01 -5.454766930950215587e-01
-5.202218265548121945e-01 8.457957098452497657e-01
-1.033730719965844386e-03 2.803478807036888579e-02
-1.330789358949018009e-01 -1.857488548270124495e-01
-4.568960633320174325e-01 -3.384678638119200667e-01
5.309888918331312491e-01 -1.492896896347327973e-01
-2.235578429980141502e-01 3.302903403172046115e-01
-8.822904179840496131e-02 -2.849225520402657447e-02
3.743765861938914696e-01 -2.177151716110767854e-01
2.177265178007236068e-01 2.343953929933026981e-01
-2.569767420176450462e-02 -1.313314888925308684e-02
1.457414129007072734e-01 -2.856242831029353613e-01
-2.608323225915790133e-02 -3.896030726413720474e-02
4.916509092696726979e-01 4.292226250761134454e-02
4.207650710454953757e-01 2.048468551636595247e-01
-7.959350435392045231e-01 -1.770835146100452340e-01
2.965874328437090868e-01 -2.806884737469452218e-01
-4.588443686018860157e-02 -1.102130659818573860e-01
-1.706101708506549408e-02 -2.493173907248170951e-02
-3.918073851370979660e-02 -7.513239791236455689e-01
7.632981279872992353e-01 -1.460178157055056491e-01
-9.838107925630961148e-01 -5.022563475004893085e-02
3.731771978052508126e-02 -2.496305022210325991e-02
8.523799727028029405e-02 -2.869246629126678827e-02
3.897673311787926143e-02 8.504470840471315407e-01
-2.509708722697463479e-01 5.933663878381432166e-01
-6.603380752877794357e-01 -2.225117171916501241e-02
-1.344866947475372720e-01 1.051070258993098971e-01
-2.940471148130622270e-01 -6.736388384532986384e-01
-2.115803925430870536e-01 -3.177099118860629567e-02
1.590187712751930027e-03 -1.616997159106877855e-03
9.387540175427071254e-02 -3.690277078578375614e-01
7.109014825872643495e-02 -2.616911909011840898e-01
-4.019855848574881985e-01 -4.711294315577405634e-01
-1.092839492857589495e-01 -5.149316147861663362e-01
9.575026738180249719e-04 2.588914711226989948e-03
-4.226848012219608930e-01 1.931193056958093943e-02
1.897778004047018519e-01 -6.437146450977483669e-02
-8.800009637690933695e-02 -1.334598259011980474e-02
-5.666078543738070072e-01 -3.909422867412477576e-01
8.191946984584739244e-01 2.173167640410804680e-01
1.126237889250273128e+00 -2.201555776911352236e-01
2.018228795452778890e+00 2.957768763358216701e-01
1.279336589472404917e+00 -1.898094664717084046e-01
1.126809546645662019e+00 -1.159856275200601278e-01
1.802202675524732456e+00 6.732061849640954554e-01
2.016653444361512726e+00 1.391831476661604117e-01
1.952494050178421370e+00 -2.318144521714777563e-03
1.941188231195380309e+00 -8.805265440264055110e-01
1.992484021861156585e+00 2.101876414901024479e-03
2.704975338708973887e+00 1.680551619334875457e-01
2.782750732702449881e+00 4.776264668239139644e-01
2.266225646588260645e+00 3.779530144954069970e-02
1.966531631097870214e+00 1.401009579174882225e-01
1.557305917806511397e+00 7.708269635223914673e-02
1.664635042285641520e+00 -9.115565176016020288e-02
1.423732866372489525e+00 -3.571664453331068745e-01
2.095004239890543740e+00 3.486763841540088671e-01
1.710634209448952614e+00 7.082449577240467198e-01
2.242800355628658870e+00 4.091171769172561312e-01
2.202243915362490423e+00 9.492565859012640217e-02
2.121633184260954597e+00 1.393623082644388500e-01
1.435046969224023083e+00 2.352243161302845220e-01
2.442921319701979233e+00 1.256702401664764601e-01
2.560301995120084939e+00 3.096522692407239763e-01
2.064134565059660087e+00 -1.873015766144619787e-01
2.188243410673476053e+00 -7.930301487672507255e-02
2.802806767101965413e+00 5.241726505575643458e-01
1.902438068506547619e+00 -3.406136621841605594e-01
1.606291697442955524e+00 -6.328773380647836344e-01
1.895246870551022589e+00 6.179283554235487363e-01
1.197462942390842944e+00 5.623572718648045532e-02
1.998035094489721386e+00 -8.331591783413199170e-01
1.573278464434850532e+00 -7.362828302119227564e-01
1.323569529194065009e+00 3.284628828795717048e-01
2.227944388222095284e+00 -5.254900282705384125e-03
1.299195628424190341e+00 3.055626708741944753e-01
2.786611666811325883e+00 1.926078291176161472e-01
1.970259620828351821e+00 1.646576732201154303e-01
1.966525646347759393e+00 1.560087129965706185e-02
1.925460644567138058e+00 -2.429462198953367402e-01
1.629660424144450115e+00 -5.415859429958025384e-01
2.027539177372319035e+00 1.501690000435398908e-01
2.091533319121634538e+00 -3.798376075714280375e-01
1.653673495181840813e+00 9.327747690233715305e-01
1.866347851831068549e+00 1.903887688720106997e-01
1.154798954709344017e+00 -3.839182931232313911e-01
2.164317521407663314e+00 -2.034723429051943921e-01
2.018774683057561248e+00 -2.531357126534345969e-01
2.004698303252067326e+00 -9.567052239841784822e-02
2.281699343805165814e+00 -3.663808916504411872e-01
