-0.0096 0.0349 0.0285
-0.3088 -0.1942 -0.5035
0.2486 0.3239 0.5243
-0.0066 -0.0025 0.6562
-0.4488 -0.0133 -0.2051
0.1341 0.0118 -0.0157
0.0387 -0.0170 0.2881
-0.0419 0.0392 -0.1512
0.6272 -0.0402 -0.2301
-0.0097 0.0091 -0.7510
-0.0738 0.3639 0.3281
-0.3497 0.4094 -0.6864
-0.0655 0.0999 -0.0307
0.2525 0.0962 -0.0417
0.2537 0.6212 0.4194
-0.0106 0.0095 -0.0246
-0.1205 -0.0203 -0.9526
0.0303 -0.0490 0.0296
0.3440 0.2380 0.2936
-0.0046 -0.0219 0.0695
0.2073 0.2352 0.1523
-0.0315 -0.0746 0.0198
0.1762 -0.2573 -0.3875
0.3406 0.1800 -0.3985
-0.0611 -0.0515 0.7429
0.4957 0.7303 0.1509
0.0596 -0.0146 -0.2156
-0.4171 0.2514 -0.0885
-0.0798 -0.0027 0.4825
-0.0528 0.0072 0.1370
-0.0680 -0.3557 0.2286
-0.1376 0.3549 0.7068
-0.0544 0.3175 -0.0411
0.3809 0.2158 0.5558
0.1431 -0.0244 0.3638
-0.0811 -0.5073 -0.1697
-0.0011 -0.0032 0.1445
0.0531 0.1383 0.0588
-0.0221 -0.0070 0.1255
-0.0206 -0.6050 0.0717
0.0528 0.2067 0.3797
0.0194 -0.0386 0.3902
0.1992 0.4385 -0.3008
0.1585 -0.0683 0.8545
-0.7119 0.1145 0.1682
0.1878 0.3204 0.5433
-0.0735 0.2161 -0.0162
0.0888 -0.1660 0.3278
-0.1967 0.1325 0.5437
0.0136 -0.0006 0.2722
