-0.0135 -0.1882 0.8094
-0.0966 -0.0893 -0.1187
-0.0202 0.0137 0.1309
-0.3622 0.6041 0.1725
-0.0599 0.8522 0.1692
0.0758 -0.0244 -0.0463
0.0323 -0.0079 -0.0354
-0.0046 -0.0101 0.2598
0.5200 0.1754 0.2459
1.3596 -0.0796 0.1967
0.3528 -0.3500 -0.0637
0.1899 0.3957 -0.3883
0.0247 0.0575 -0.0670
-0.0761 0.0514 0.9434
0.5236 -0.2672 -0.0390
-0.2498 -0.0239 0.4483
1.3740 -0.5690 0.4029
-1.6136 -0.6571 -0.4695
0.0841 0.0999 0.0071
0.0363 -0.8248 -0.1607
-0.0994 0.0317 0.1968
0.0297 -0.0048 0.0634
0.3125 0.4835 -0.9891
0.1082 0.1102 0.4198
0.1524 0.0828 0.1564
-0.0529 -0.0181 0.5016
0.5480 -0.3724 -0.1919
-0.1561 0.7127 -0.3563
-0.4023 0.2851 -1.2496
0.8419 -0.0102 0.0614
-0.4942 0.2613 0.6551
0.4467 0.5842 -0.3074
0.4766 0.1159 0.5900
0.1978 0.6630 -1.3796
-0.1599 0.2029 0.4310
0.2850 0.1361 -0.2130
-0.6712 1.1976 -1.5469
-0.0083 0.0008 0.3278
0.1529 0.3618 2.0558
1.5497 0.0376 -0.0661
-0.1175 0.1402 0.6088
0.4425 -0.0838 0.3716
-0.2075 -0.0563 0.7463
0.1215 0.4880 -0.4947
-0.1296 -0.8705 0.2956
-0.2386 0.4310 0.7182
-0.0186 0.5536 -0.2174
-0.0160 -0.1490 0.8846
-0.0140 0.0187 -0.6912
-0.1753 0.1117 0.9620
-0.5786 -0.0653 0.2621
-0.0157 -0.0094 -0.2669
-0.3349 -0.1521 0.5853
-0.5428 -0.3669 0.7402
0.2433 0.0652 -0.3323
0.5661 0.5988 0.4191
0.0858 0.0026 0.9434
0.1021 0.0825 0.4003
0.3580 0.0432 0.0036
0.2900 -0.4192 -1.8368
0.3977 0.5284 -0.2085
0.0124 -0.0049 0.0016
-0.1356 0.2076 -0.6436
0.5286 -0.2620 0.2768
-0.1069 -0.4122 0.6369
0.0244 0.0859 0.2723
0.2259 -0.0427 -0.1333
-0.2081 0.5785 -0.2178
0.4738 0.8728 0.0961
1.7862 -1.1301 0.2833
-0.1824 0.5579 0.0934
0.5739 -0.0767 0.8045
0.2373 -0.1879 0.8388
-0.5850 -0.1884 0.4808
0.0115 -0.0123 0.0510
0.4946 0.1766 0.0655
-0.3658 -0.0937 -0.4522
0.7560 -0.2869 -0.4112
-0.1508 -0.1283 0.0679
0.0024 0.0017 0.0062
-0.0139 -0.2568 0.0863
-0.3546 -0.1605 -1.6290
0.0116 0.0254 -0.0268
0.1438 -0.0038 0.2818
0.0087 0.0345 -0.4983
-0.0222 0.0407 -0.6988
0.1347 -0.1686 -0.5676
0.0071 0.0104 -0.0167
-0.0661 0.1284 0.8093
0.0942 0.0292 0.4938
-0.1867 0.1798 0.0740
0.4912 0.0535 -0.3131
0.1360 0.2865 0.0537
0.0600 -0.1129 2.1942
0.0164 -0.0556 0.0690
0.4091 0.3484 -0.6390
0.0086 -0.0098 -0.8897
-0.1160 -0.1397 0.4570
0.2501 -0.1642 0.1989
0.3469 0.0804 0.7125
-0.0192 0.0312 0.0918
0.0179 0.0560 0.9829
0.8228 -0.0017 -0.3725
-0.1555 -0.0861 -1.2525
0.1257 -0.1001 -0.0670
0.2512 -0.3799 0.2133
-0.5250 0.0139 0.3888
-0.0490 0.0214 0.3799
0.5643 -0.3718 0.5740
-0.2582 0.7155 -0.4991
0.0244 0.0233 0.1436
-0.0498 0.0195 -0.7226
0.0209 0.3204 -1.4245
0.2229 -0.1693 -1.6751
0.1349 0.2330 0.5856
0.1197 -0.2279 -0.7143
-0.1594 0.4724 -0.4598
0.0943 0.1091 0.0111
-0.6057 0.5196 0.5465
0.0012 0.5847 -1.1094
-0.5344 0.2070 -0.1378
-0.1210 0.2462 0.1964
-0.0354 -0.0337 0.0887
0.0107 -0.0506 -0.2361
-0.2144 0.6700 -0.3183
-0.0471 0.3290 -0.7661
0.3799 -1.3778 0.3084
0.2907 1.5896 1.4148
-0.0587 -0.1738 -1.1004
0.3550 0.4895 -0.3017
-0.2406 -0.2538 0.3229
-0.7938 0.1300 0.4261
0.2651 -0.0100 0.1838
0.0168 0.0188 -0.4978
-0.1799 0.0587 -0.2423
0.0409 1.2215 0.6155
0.0365 -0.0744 0.0094
0.3513 -0.1697 0.5243
0.0560 0.0723 0.5453
-0.0206 -0.0811 0.0440
-0.1823 0.0961 0.4983
0.6384 -0.4708 1.2524
-0.0282 0.0197 0.0304
-0.2466 0.1198 0.6615
0.1558 -0.0284 0.0281
0.4335 -0.0912 -0.1546
0.5470 -0.3736 0.2254
-0.2980 -0.0035 -1.3326
0.0732 0.1139 0.4257
0.2457 0.1614 -0.6682
-0.0357 0.2957 0.5367
-0.0313 0.0344 -0.0271
-0.2036 -0.0783 -0.1985
0.1063 0.0821 -0.3148
0.6062 -0.7178 0.1633
-0.0006 -0.0029 0.0966
0.5247 -1.1372 0.3477
-0.2374 -0.0992 -0.8876
-0.7030 0.1272 0.1156
0.6337 -0.1101 -0.1056
-0.0168 0.0242 0.0301
-0.2446 -0.1717 0.2183
1.0393 -0.1792 0.9969
0.1713 0.4141 0.1855
-0.0458 -0.8064 -1.1041
-0.0048 0.0372 -0.0089
0.4342 0.0684 -0.8293
0.0518 -0.1438 0.7923
-0.8643 0.2394 -1.2977
0.0584 -0.0810 -0.0397
0.6223 -0.0972 0.6535
0.2170 -0.1657 -1.9519
-0.1374 -0.0665 0.6957
0.1070 0.1400 0.6599
0.0014 0.0103 0.0327
0.0934 -0.1128 0.1523
-0.0361 0.2328 -0.3380
-0.3941 0.4201 0.1592
-0.2301 -0.0664 0.1500
-0.3474 -0.4251 -0.2109
0.3759 0.0852 0.1339
0.7735 0.1202 -0.0802
0.4022 0.8338 -0.1312
-0.1028 0.3076 0.5174
0.0734 -0.0671 -0.5910
-0.0345 -0.0114 -0.4999
-0.1229 -0.0089 -0.0212
-0.0701 -0.0459 0.5812
-0.0003 0.0163 0.2278
0.2470 -0.1040 0.0241
-0.0440 -0.0664 -0.6187
-0.7586 1.0574 0.4117
0.0440 -0.0306 0.8988
0.0003 -0.0004 0.0051
0.0753 0.0705 0.0678
0.1045 -0.2496 -0.1083
-0.3155 0.5677 0.0587
-0.1485 0.1413 0.0910
-0.0521 0.0051 -0.1893
-1.4541 -0.1000 1.6266
