0.1757 -0.1371
0.3952 0.3828
0.1346 0.5416
-0.3071 0.4139
0.3776 -0.0872
-0.5921 -0.3358
-0.2406 -0.8358
0.5778 -0.4609
0.5298 0.6020
1.9280 0.2010
0.9421 0.2919
-0.1903 -0.9616
0.1562 -0.1259
0.0558 -0.0208
-0.0926 0.3055
-0.1567 0.0092
-0.2138 0.0857
0.0239 0.6001
0.6172 -0.2773
-0.1847 -0.1593
-0.2050 0.5849
0.0411 0.1329
-0.4772 0.2444
-0.0216 0.2422
-0.5913 -0.0067
0.2871 0.6061
-0.1758 0.0108
-0.8310 -0.2901
0.4803 3.0325
0.0067 0.0373
0.1940 -0.2719
0.2752 -0.0390
0.1984 0.1958
0.7451 -0.3756
-0.6682 -0.7436
-1.5190 -0.5450
-0.8784 1.0642
-3.5413 0.9853
-0.0037 -0.7017
0.0255 0.0007
0.0015 -0.0591
-0.1795 -0.1685
0.4229 -1.0715
0.4898 0.1193
-2.8282 2.3740
0.1672 -0.3269
-0.0171 0.0262
0.0432 0.1594
-0.3506 -0.0054
0.2188 -0.9056
