0.8963 -0.0667
-0.3137 0.4790
1.5253 -0.0987
0.1986 -0.4917
-0.2161 1.0908
-0.1588 0.4276
0.3629 0.7220
-0.4284 0.6365
-0.3348 0.0318
-0.6403 0.0378
-0.0134 0.0016
0.1066 0.0167
0.0552 0.2931
0.0292 0.1191
0.9158 -0.4818
0.3315 0.5127
0.2126 0.0826
0.4622 -0.5468
-0.5938 0.4818
0.6414 -0.3221
-0.0490 -0.4070
-0.8014 -0.5967
-0.0164 0.0019
0.5981 -0.1409
-0.3703 0.6712
-0.0141 -0.1055
0.8025 0.1731
-0.5225 0.6334
0.2438 -0.7731
0.0970 0.0448
-0.0266 -0.6359
-0.2851 -0.9426
0.6232 -0.2476
0.9591 -0.0632
-0.3944 -0.6608
-0.2182 0.0720
0.4937 -0.1330
0.1009 -0.8376
0.7920 -0.2002
0.6902 -0.2588
0.1722 -0.1164
0.3387 0.5803
-0.1733 0.2361
-0.3707 -0.4411
-0.0339 -0.0021
0.0059 -0.2232
-0.2169 0.0812
-0.6145 0.0387
-0.3919 0.2414
-0.2074 0.4355
0.5934 0.0347
-0.6993 -0.4277
1.0450 -0.8847
-0.5179 0.2569
0.0437 0.0620
-0.0237 0.1153
0.0355 -0.0245
0.3987 0.1880
0.2020 2.1453
0.0529 -0.1170
-0.3776 0.2318
0.3008 0.7916
0.3234 -0.1686
-0.0946 0.3857
0.2793 -0.0948
-0.9066 -0.0206
-0.8557 -0.0605
-0.1376 -0.0652
-0.1039 0.7972
-0.1348 -0.1026
0.7349 0.2487
-0.2331 0.4223
-0.0757 0.0197
-0.0766 -0.0081
0.7053 -0.4556
0.0324 0.0783
0.8628 -0.3243
0.4006 0.4102
0.5309 -0.1109
0.0397 -0.7540
0.0923 -0.1784
0.3051 -0.1441
0.1754 0.1072
0.7944 0.1583
0.4693 -0.3192
-0.6185 0.0954
0.2882 0.0832
-0.1410 0.7688
0.0006 0.0002
-0.8656 -1.5426
0.7025 -0.4256
-0.0798 -0.1297
0.3458 0.3222
0.5137 0.3465
0.3598 -0.8096
-0.2559 0.0469
-0.2207 -0.0491
0.4157 0.7353
0.8096 0.1370
-0.1261 -0.3808
3.1886 0.3822
3.2474 0.3279
3.8838 -0.4650
2.8851 0.2238
2.9853 -0.0465
3.2500 -0.3213
3.3877 -0.6166
3.8921 0.2147
2.4496 -0.4179
4.1641 -1.2797
2.7491 -0.4506
3.7531 -0.1838
2.9018 0.0093
3.0546 -0.0056
3.5860 -0.2650
3.6802 -0.1946
2.7994 -0.0587
3.7640 -0.6102
3.5951 0.3644
2.1541 0.0753
3.0098 0.6154
2.6555 0.4099
3.3948 -0.4933
2.9513 -0.2213
1.4655 -0.2973
2.5543 -0.8492
3.5020 -0.2523
3.2214 -0.1373
3.0054 -0.7494
2.8846 -0.0647
2.6565 0.3776
2.7239 -0.0286
3.1394 0.1142
3.5762 -0.7382
2.6534 -0.3240
2.4185 -0.5089
2.3518 0.0239
3.1697 0.1557
2.8471 0.6353
3.1707 0.3547
3.0794 0.0769
3.0405 -0.2182
3.5619 -0.1441
3.1404 0.5586
2.8706 -0.2285
2.1050 0.0361
3.0785 0.2853
2.6804 0.3299
3.6008 0.0993
2.7973 0.1036
3.2730 0.8306
3.5071 -0.1335
3.1682 0.1140
2.0710 0.0743
3.3468 0.7575
2.1608 -0.0925
3.2825 -1.0566
3.4694 -0.8279
3.0733 0.4185
2.9722 0.0706
3.2099 -0.5174
3.0365 0.1237
2.8586 -0.0400
2.9348 -0.0693
2.8207 -0.6072
4.7925 -0.8949
3.3916 -0.0240
2.7916 -0.1126
3.0611 0.4490
3.2437 -0.2681
2.2293 0.1963
2.0439 0.0685
3.6788 0.6391
2.8802 0.0406
2.9726 0.6465
3.1651 0.0309
2.2693 -0.2030
3.5078 0.0744
2.7615 -0.9287
3.2935 0.2757
2.3685 -0.3172
2.7073 0.5528
2.8628 -0.2069
2.4846 0.3874
2.5926 0.7457
3.0487 0.0967
2.5922 0.0174
2.9029 -0.2133
2.5245 0.5138
3.2146 -0.2955
2.9998 -0.0052
3.3578 0.7475
2.3345 -0.4060
3.5371 -0.5373
3.1006 -0.2196
2.2613 0.1171
2.8373 0.6005
3.2315 0.4427
2.7708 -0.4105
3.2964 -0.0720
