-0.0639 -0.6543 -0.1731
-0.0648 0.3389 -0.6903
0.0326 0.3745 -0.5900
0.5505 0.2135 -0.3932
-0.0087 -0.0080 -0.0234
-0.3323 0.4066 0.4747
-0.0011 0.0754 -0.2195
0.2479 0.1073 -0.0046
-0.0724 -0.3612 -0.0389
0.0050 0.0050 -0.4173
-0.1532 -0.3869 -0.2629
-0.0192 0.0275 0.0237
-0.4344 0.2428 -0.5285
-0.0170 0.0086 -0.0215
0.1279 -0.1620 0.1852
0.5131 -0.1787 -0.0489
0.1294 -0.0103 -0.2815
0.0361 -0.2472 0.4629
-0.0809 -0.1614 0.3213
0.0024 0.0922 0.0237
0.4638 -0.2811 0.0111
0.0103 -0.0331 0.0091
-0.0800 0.2325 -0.8819
-0.0639 0.0008 0.0473
0.2100 0.1809 0.2227
-0.2848 0.1123 0.5128
-0.0614 0.2079 -0.9363
-0.0929 0.1561 0.1285
-0.3875 0.1681 -0.0694
-0.0274 0.0101 0.0746
0.2308 -0.1085 -0.6864
-0.0109 -0.0208 0.0022
-0.1355 -0.3111 -0.1657
0.3998 0.5531 -0.2718
0.3572 0.3784 0.1797
0.1509 0.3839 0.6735
-0.3905 0.0821 0.1158
0.0114 -0.0019 0.2673
0.0101 0.0659 0.5206
0.3181 0.6059 0.5630
-0.0134 0.0373 0.5575
0.0900 0.0618 -0.0469
0.0762 -0.4916 0.8586
0.0554 0.2357 -0.0434
0.0163 -0.0790 -0.0455
-0.5753 -0.2721 0.0148
-0.1996 0.1874 0.2352
-0.2253 0.0422 0.3730
0.0241 0.0331 0.3662
-0.0361 -0.0137 -0.0965
-0.0581 0.3777 -0.8613
0.5966 0.3005 0.1349
-0.2187 0.0715 0.0777
0.0639 0.1531 0.1902
0.0327 0.0525 -0.0662
0.2839 0.4212 -0.2135
-0.1181 -0.3781 -0.4370
0.3595 0.3261 -0.0903
0.0175 -0.1295 0.0014
0.2207 -0.1793 -0.5427
-0.0892 -0.0800 -0.5862
0.3454 0.1915 0.2376
-0.3584 -0.1770 0.1800
-0.4952 0.7906 -0.0511
0.1487 0.0264 0.1500
-0.4092 -0.2933 -0.7429
0.2907 -0.8047 0.3815
-0.0721 -0.0071 0.7411
0.0031 -0.0061 0.0659
0.2661 0.2029 -0.5348
-0.7594 -0.0713 0.5643
0.2138 -0.0298 0.4290
0.7175 0.0989 0.5532
-0.0085 0.0018 -0.0985
0.0631 -0.6270 0.6412
-0.3944 0.7227 0.4091
0.1029 -0.0370 -0.1680
0.5013 0.6429 0.3680
0.5276 -0.0126 -0.4768
-0.0280 0.0445 -0.4350
0.4138 -0.5792 0.6153
-0.0277 -0.0313 -0.7484
0.2980 -0.4563 -0.3104
0.2265 -0.2275 -0.6856
-0.5513 0.0078 0.6824
-0.4691 -0.5851 -0.0494
0.1368 0.0135 0.8423
0.2979 0.0554 0.7876
-0.1765 0.2292 0.9007
0.0922 0.0104 0.6749
0.0290 -0.0072 0.0186
0.0006 0.0727 -0.0348
-0.4134 0.2382 -0.5203
-0.2699 -0.2666 -0.1511
-0.7046 0.2387 0.3441
-0.3514 0.5972 -0.5840
0.2106 0.0776 -0.0587
-0.0024 0.0013 0.6268
-0.3117 -0.1583 0.6783
-0.6812 -0.1749 -0.2991
0.0122 0.0048 -0.0733
-0.0136 0.0096 -0.0378
-0.0715 -0.0750 -0.0369
-0.0006 0.0434 -0.5796
-0.7131 0.4918 -0.2420
0.0031 -0.0113 -0.0007
0.0536 0.0607 -0.2259
0.0541 -0.0079 0.0932
-0.0557 0.0882 0.1018
-0.1378 -0.0560 -0.3619
0.0071 0.0114 0.0128
-0.6557 0.3104 -0.0583
-0.0577 0.1065 -0.3623
0.0251 -0.0260 -0.0867
-0.0425 0.0410 0.0078
-0.6405 0.1711 -0.3509
0.1319 -0.3847 0.1800
0.5722 -0.0073 0.3226
0.0096 0.0063 0.1537
-0.3491 -0.0769 0.4370
-0.3806 0.0780 0.0871
-0.0001 0.0075 -0.0266
-0.0117 -0.0261 -0.0840
-0.6270 0.6411 0.1005
-0.0618 -0.8634 -0.2796
-0.3447 -0.1645 -0.1457
-0.0806 0.2043 0.1341
0.0699 -0.3616 0.7963
-0.0497 -0.0215 0.1258
-0.0196 -0.0273 0.3505
-0.0787 -0.6345 0.1866
0.3419 -0.5054 0.5938
0.3186 -0.5049 0.5949
-0.0467 -0.0330 -0.6558
-0.0414 -0.0092 -0.0976
0.0276 -0.0017 -0.9255
-0.4720 0.2797 -0.1427
-0.0919 0.3652 -0.0643
0.0004 -0.0072 -0.0751
-0.2997 0.1525 -0.9006
-0.0241 -0.0026 0.0253
-0.1976 0.5144 -0.6382
0.2861 0.0817 0.0348
-0.6893 0.3161 0.2766
-0.3581 0.0852 0.3595
0.4776 0.0494 0.8079
-0.0429 -0.0210 -0.2172
-0.0005 -0.0076 -0.0253
0.1726 0.2749 0.5451
0.1775 0.2643 -0.7474
0.1704 -0.0667 0.1780
0.0536 -0.0472 0.5006
0.2746 0.0100 0.1977
0.0021 -0.0020 0.1049
0.4704 -0.1388 0.2410
-0.1848 0.3171 -0.0568
0.2046 0.1922 0.3132
0.1026 0.0552 0.1118
0.2375 -0.1014 -0.8740
0.0661 -0.1461 -0.6497
-0.0103 -0.0280 0.2030
0.4781 0.3853 0.1306
-0.1374 -0.1669 0.6674
-0.3156 0.1345 -0.4538
0.0614 0.0342 -0.2585
0.0259 -0.0089 -0.3263
-0.3010 -0.1163 0.0970
-0.4801 0.5685 -0.6281
-0.1863 -0.1109 0.0100
-0.4792 0.2512 0.1094
-0.4534 0.0773 0.7801
-0.4422 0.3566 0.6552
-0.0295 -0.4813 -0.0482
0.6760 0.1120 -0.3737
-0.0502 0.0525 0.0934
-0.0164 -0.0401 0.2257
0.0566 -0.2259 -0.7448
-0.0666 0.0077 -0.0425
0.0937 0.0939 0.0481
-0.0488 -0.0761 0.4029
-0.2272 -0.0943 -0.2470
-0.1545 -0.2579 -0.5381
0.4349 0.1325 -0.7714
-0.1292 0.7556 -0.3650
-0.4592 -0.0884 0.1751
0.2456 -0.4717 -0.2017
0.2140 0.7786 -0.2182
0.2696 0.0232 0.3418
-0.0060 -0.0048 0.9438
-0.2088 0.1328 0.4575
-0.0645 -0.0474 -0.0081
0.0470 0.9171 0.2824
0.1951 0.1751 0.2335
0.0135 -0.0067 0.4567
0.0806 -0.0294 0.0105
0.0427 0.2468 0.4268
0.5252 0.1757 -0.4753
0.0862 -0.1044 0.2645
0.6671 0.2862 0.0363
0.5223 0.0853 0.1622
