0.3049 -0.4366
0.5496 0.0335
-0.0503 0.1358
0.0117 -0.0357
0.6394 0.0334
-0.5030 -0.7434
0.5362 0.6300
-0.6505 -0.1049
-0.7921 1.1140
0.6609 0.3834
-0.1244 -0.6849
2.1983 -0.2920
-0.3762 -0.5085
0.4049 0.2775
-0.8696 -0.2788
-0.3432 0.3948
0.8426 -0.2940
0.0002 -0.0014
0.4031 0.5244
-0.3555 -0.5614
0.7747 -0.0172
1.4346 0.8997
0.8944 -0.0283
0.3558 -0.9078
-0.3659 0.0035
0.3366 -0.1143
-0.3540 -0.2879
0.7542 -0.2743
0.0548 0.6008
0.4530 -0.1487
-0.0948 0.1377
0.1961 0.6767
0.0836 -0.0792
-0.5193 0.0434
-0.2654 -0.8707
0.0674 -0.1221
0.1783 -0.3900
-0.0793 0.0114
1.2724 -0.0427
0.2516 0.5262
0.1197 0.0543
-0.4402 -0.1073
-1.4174 0.0370
-0.0284 -0.0256
0.5172 -0.3304
-0.0546 -0.3104
0.1727 0.9229
-0.2095 -0.1022
-0.2704 0.0040
0.7079 -0.4631
3.1047 0.8606
3.5141 0.0209
2.0647 0.4056
4.0755 -0.4830
3.4895 0.0952
3.4597 0.9091
1.7371 1.0725
3.3378 -0.1459
2.9193 0.2185
3.7558 0.4970
3.1223 0.0618
3.9676 0.6597
3.7713 0.1936
3.6645 0.0737
3.4374 0.0226
3.5419 -0.4319
3.7208 0.7719
2.9257 0.5617
3.4373 -0.0343
4.1752 -0.2724
3.5471 -0.3896
3.8948 -0.2280
3.5000 -0.0002
3.0937 0.5477
3.5854 0.1159
3.6227 -0.1016
2.9675 0.0746
4.2352 -0.2979
3.1243 -0.8710
4.1543 0.4503
3.5147 0.0722
3.4484 -0.1267
3.3949 0.4194
3.5034 -0.1769
3.4132 0.4652
1.9100 0.6916
3.2621 -0.1972
3.4135 0.1349
3.4179 0.9993
3.1295 -0.5071
3.1742 0.7683
2.5195 0.1858
3.5035 0.5296
3.1822 -0.4064
3.0652 0.6575
3.2538 -0.1905
3.5512 -0.0105
4.0919 0.9479
3.3669 0.1989
3.7474 0.5049
