-0.0192 -0.0546 -0.0186
-0.3025 0.4312 0.6079
-0.1625 0.2967 -0.1022
0.0523 -0.0263 0.0499
-0.7883 0.2856 -0.4250
0.0008 -0.0088 0.1887
0.2983 -0.6886 -0.5897
-0.1114 -0.5717 -0.8447
-0.5270 0.3182 -0.9138
0.0361 -0.1865 -0.0694
-0.0336 0.0129 0.0480
-0.3697 0.0872 -0.1470
0.5445 -0.3752 0.0274
0.0005 -0.6886 -0.1260
-0.1518 0.1934 0.1705
-0.0124 -0.0659 -0.6830
-0.0275 0.8964 0.6468
0.3277 0.3713 -0.0737
0.3165 -0.4493 0.9038
0.7767 0.6270 0.2229
-0.0807 0.0608 0.8215
-0.4932 0.1106 0.3143
-0.0022 -0.0246 -0.7437
-0.3394 -0.5917 -0.8048
-0.0079 0.0118 -0.0413
2.0878 0.0574 0.4888
1.7961 0.0319 0.8608
2.0446 -0.0862 0.3164
1.9528 0.3754 0.7363
2.0051 -0.0065 -0.0020
1.9416 -0.0912 -0.7187
2.0848 -0.2340 -0.0550
2.0633 -0.0444 0.0165
1.9222 0.0380 -0.3324
2.1236 -0.0175 0.5237
2.6602 0.2433 -0.1381
2.0827 0.0514 0.1759
2.7984 -0.8595 -0.1890
2.1168 0.0125 0.6339
2.0974 0.6132 0.3722
1.9840 -0.0356 -0.0965
2.6068 -0.2164 0.3733
2.9020 0.2313 0.0143
2.0250 0.0159 0.3443
1.9249 0.9048 0.0073
1.8763 0.0394 0.6391
1.8961 -0.1589 0.3437
2.0557 0.0504 -0.0121
1.4965 -0.1365 0.6428
2.1275 -0.2444 0.6061
