-0.0788 -0.0079 0.0718
-0.6057 0.1716 2.9037
-0.8104 0.5058 -0.1930
-0.2645 -0.2864 -0.0591
0.1731 0.5545 -0.2106
0.0886 0.1840 -0.4631
0.0749 -0.4252 -0.5923
0.1096 0.0752 0.0739
0.1544 -0.7844 0.1443
0.0567 0.0166 0.1010
0.1101 0.0495 -0.4776
0.0138 -0.3571 -0.4100
0.1625 -0.2081 0.0397
0.1691 0.2377 0.2992
-0.1377 -0.1071 0.2660
0.1323 -0.1488 -0.0813
0.0017 0.0040 -0.5874
-0.3245 -0.0206 0.0452
-1.9869 1.3776 0.4007
-0.6836 0.3493 0.4450
-0.4705 -0.3518 1.1638
-0.0388 0.1123 0.1276
-0.4589 0.3819 -0.7425
0.1477 0.1140 -0.4724
0.0423 -0.2973 0.9061
-0.0419 -0.0095 -0.0019
-0.1522 -0.0528 -0.0653
0.0778 -0.0548 0.3242
0.6115 0.5652 -0.0574
-0.4520 2.1397 2.8695
0.3996 -0.0495 0.6068
-0.0088 0.1255 0.0515
-0.0776 0.3163 -0.3532
0.0471 -0.0124 0.5007
0.4011 0.3326 -0.0347
0.0746 -0.7400 0.6545
-1.4410 0.1486 2.7176
-0.3337 0.4984 3.4323
-0.0945 0.3876 -0.8057
-0.0314 0.0415 -0.0717
