-0.2241 0.1332 -0.7196
-0.0325 0.0032 0.1335
-0.1387 0.0406 -0.0412
-0.1236 -0.0471 0.6027
-0.1932 -0.0417 -0.1841
0.0209 -0.2308 0.2551
0.2042 0.0809 -0.0883
0.3334 0.2505 -0.7838
0.2063 -0.0660 -0.8794
-0.0062 -0.0347 0.0099
-0.4917 -0.8396 -0.1560
0.3238 0.6305 0.4476
0.0228 -0.0028 -0.0263
0.1701 0.9673 0.0855
-0.0494 0.0706 -0.0873
0.2658 -0.2808 -0.3296
-0.0516 -0.0209 -0.4312
0.4480 0.5197 -0.6344
0.6161 0.3177 0.3886
0.1650 -0.1081 0.1267
0.5418 -0.1094 0.1538
-0.4633 -0.2576 0.4258
-0.0013 -0.0004 -0.0438
-0.0043 -0.3765 0.4199
0.3204 0.2408 0.4832
-0.5671 -0.2109 -0.1613
0.3269 0.0845 -0.1913
0.3332 0.0392 -0.1611
-0.2303 -0.1703 0.0589
0.1116 0.0028 0.5351
0.0686 0.2771 -0.0201
0.5822 0.0639 0.4806
0.3061 -0.0585 0.2348
-0.0611 0.4667 -0.3848
-0.1537 0.0110 0.3502
0.0076 0.1702 -0.3556
0.0411 0.1520 -0.0128
0.0188 -0.0052 -0.0295
0.1947 -0.2085 -0.1053
-0.0290 0.0275 0.0510
0.0032 -0.0155 -0.0657
0.4233 -0.0455 0.3244
-0.7781 -0.3751 -0.1451
-0.0217 0.0006 -0.1554
-0.0866 0.0873 0.2869
0.6866 0.2061 0.1970
0.3412 -0.5407 -0.0160
-0.0272 0.0816 0.2144
0.2032 0.1826 -0.1140
0.0880 0.0919 0.3361
