0.3195 -0.9248 -0.1014
-0.0417 -0.6515 -0.1652
-0.3994 0.5799 -0.0629
-0.1322 -0.3855 -0.0176
-0.5415 -0.0958 -0.4063
-0.0474 0.0564 -0.7652
-0.0658 0.0021 0.1251
0.2659 0.3181 -0.5732
0.0001 -0.0015 0.4501
-0.1088 -0.0358 -0.7198
0.0281 0.0286 -0.0118
-0.1354 -0.1025 0.7099
-0.4905 0.4973 0.6602
0.0097 -0.0045 -0.1112
-0.0352 0.0225 -0.5187
0.0027 0.0249 -0.0218
0.2424 -0.0617 -0.0585
0.0487 -0.1769 0.3992
0.2212 -0.1085 0.5544
0.2046 0.1394 -0.7761
-0.5685 0.2385 -0.2812
-0.0952 0.0208 0.6367
-0.9630 -0.0197 0.0040
-0.0043 0.2295 0.1109
0.3015 -0.5021 0.4627
-0.3279 -0.0237 0.0818
-0.0235 -0.2617 0.1886
0.0916 0.0110 -0.0744
0.0065 -0.0039 -0.0502
0.1703 0.0299 0.2159
0.0332 -0.1438 0.8717
-0.4074 -0.2020 -0.3158
-0.3230 -0.2855 0.5512
0.2692 -0.6932 -0.1891
-0.1418 -0.2543 -0.1802
0.0858 -0.0335 -0.7291
-0.0753 -0.1194 -0.0253
0.1743 0.2696 -0.7201
-0.0816 0.0048 -0.0859
0.0521 0.1014 -0.7131
0.1262 -0.5325 0.7069
0.0412 -0.3298 0.4613
-0.0291 0.0170 -0.5903
-0.0151 -0.1046 -0.4676
-0.2139 0.3626 -0.1538
0.7853 0.0340 0.1003
0.7907 0.2301 -0.2563
-0.0111 0.0056 -0.5396
0.1675 0.0211 -0.5783
0.0678 0.3480 -0.5972
-0.4206 0.1823 0.3321
-0.2363 -0.2649 0.4426
-0.0920 -0.0746 -0.0892
-0.7713 0.0791 0.2958
0.3834 0.1946 0.2618
0.7221 0.0840 0.0116
0.0938 -0.0698 0.0675
-0.8690 -0.0821 0.3241
-0.0677 0.2782 0.0572
-0.0869 -0.0319 -0.1748
-0.0013 0.3634 0.0774
0.1370 0.2282 -0.2630
0.0175 0.0493 -0.4462
0.1520 -0.2398 -0.1704
0.1801 -0.6230 -0.3891
0.0276 0.4510 -0.5938
0.1196 0.6784 -0.3584
-0.0447 0.0633 0.0901
0.1148 -0.0498 -0.9144
0.4776 -0.0570 -0.3189
-0.4730 -0.5974 0.3266
-0.0229 -0.0604 -0.2423
-0.1352 0.9117 0.3468
0.1301 -0.5582 0.5450
0.7094 0.4635 -0.0491
0.0016 0.0046 -0.0654
0.1180 0.1149 -0.3022
-0.0895 0.3294 0.1003
-0.0679 0.3579 -0.8307
-0.1598 -0.1808 -0.4190
-0.1277 -0.1325 -0.6228
-0.0604 0.0137 -0.0352
-0.8454 -0.3854 -0.0809
0.1910 0.2422 0.0124
-0.5609 -0.1173 -0.0410
0.7591 -0.4171 0.1624
0.1021 -0.1428 -0.4141
0.1345 -0.0699 0.0805
0.6257 -0.4133 0.3186
0.0214 0.0209 -0.1254
0.0246 0.0226 -0.0548
-0.0953 0.2505 0.0623
-0.2233 0.1366 -0.4139
0.4874 0.0912 -0.1000
-0.0264 0.6890 0.4989
-0.0098 0.0040 0.4442
-0.3652 0.2904 0.0232
-0.4168 -0.7694 -0.1395
-0.0352 0.3017 -0.1669
-0.0080 -0.3735 0.7160
